CODE=201
POINTNUM=4
POINT1=1,28.49854217,113.43470207,255.087843,13
POINT2=2,28.49846853,113.43478152,255.087843,13
POINT3=3,28.49863561,113.43497985,255.087843,13
POINT4=4,28.49870946,113.43490003,255.087843,13
LINENUM=4
LINE1=1,2
LINE2=2,3
LINE3=3,4
LINE4=4,1
