CODE=30
POINTNUM=6
POINT1=1,28.58450997,113.48137499,223.426537,13
POINT2=2,28.58476735,113.48085715,223.426537,13
POINT3=3,28.58487421,113.48064215,223.426537,13
POINT4=4,28.58450997,113.48137499,228.459537,42
POINT5=5,28.58476735,113.48085715,228.459537,42
POINT6=6,28.58487421,113.48064215,228.459537,42
LINENUM=5
LINE1=1,4
LINE2=2,5
LINE3=3,6
LINE4=4,5
LINE5=5,6
