CODE=32
POINTNUM=6
POINT1=1,28.35771128,113.36070915,62.252895,13
POINT2=2,28.35745136,113.36051793,62.252895,13
POINT3=3,28.35726658,113.36038235,62.252895,13
POINT4=4,28.35771128,113.36070915,71.575895,42
POINT5=5,28.35745136,113.36051793,71.575895,42
POINT6=6,28.35726658,113.36038235,71.575895,42
LINENUM=5
LINE1=1,4
LINE2=2,5
LINE3=3,6
LINE4=4,5
LINE5=5,6
