CODE=31
POINTNUM=4
POINT1=1,28.67121596,113.45928681,104.889978,13
POINT2=2,28.67051831,113.45987959,104.889978,13
POINT3=3,28.67121596,113.45928681,111.510980,42
POINT4=4,28.67051831,113.45987959,111.510980,42
LINENUM=3
LINE1=1,3
LINE2=2,4
LINE3=3,4
