CODE=201
POINTNUM=4
POINT1=1,28.81311400,113.51804586,94.320440,13
POINT2=2,28.81314796,113.51809141,94.320440,13
POINT3=3,28.81317951,113.51806102,94.320440,13
POINT4=4,28.81314549,113.51801564,94.320440,13
LINENUM=4
LINE1=1,2
LINE2=2,3
LINE3=3,4
LINE4=4,1
