CODE=32
POINTNUM=6
POINT1=1,28.74683351,113.45634449,67.180356,13
POINT2=2,28.74696098,113.45676158,67.180356,13
POINT3=3,28.74715396,113.45739306,67.180356,13
POINT4=4,28.74683351,113.45634449,67.180356,42
POINT5=5,28.74696098,113.45676158,67.180356,42
POINT6=6,28.74715396,113.45739306,67.180356,42
LINENUM=5
LINE1=1,4
LINE2=2,5
LINE3=3,6
LINE4=4,5
LINE5=5,6
