CODE=191
POINTNUM=5
POINT1=1,28.32485065,113.37415526,66.591504,13
POINT2=2,28.32491126,113.37420535,66.591504,13
POINT3=3,28.32496298,113.37424497,66.591504,13
POINT4=4,28.32506963,113.37408883,66.591504,13
POINT5=5,28.32507060,113.37404475,66.591504,13
LINENUM=4
LINE1=1,2
LINE2=2,3
LINE3=3,4
LINE4=4,5
