CODE=201
POINTNUM=4
POINT1=1,28.81373596,113.51913376,95.831557,13
POINT2=2,28.81362133,113.51916008,95.831557,13
POINT3=3,28.81364290,113.51927993,95.831557,13
POINT4=4,28.81375746,113.51925333,95.831557,13
LINENUM=4
LINE1=1,2
LINE2=2,3
LINE3=3,4
LINE4=4,1
