CODE=30
POINTNUM=6
POINT1=1,28.61011711,113.46820474,130.819274,13
POINT2=2,28.61016770,113.46842152,130.819274,13
POINT3=3,28.61025050,113.46877634,130.819274,13
POINT4=4,28.61011711,113.46820474,135.803274,42
POINT5=5,28.61016770,113.46842152,135.803274,42
POINT6=6,28.61025050,113.46877634,135.803274,42
LINENUM=5
LINE1=1,4
LINE2=2,5
LINE3=3,6
LINE4=4,5
LINE5=5,6
