CODE=32
POINTNUM=4
POINT1=1,28.72887142,113.45219759,53.892921,13
POINT2=2,28.72784777,113.45266372,53.892921,13
POINT3=3,28.72887142,113.45219759,64.031940,42
POINT4=4,28.72784777,113.45266372,64.031940,42
LINENUM=3
LINE1=1,3
LINE2=2,4
LINE3=3,4
