CODE=33
POINTNUM=12
POINT1=1,28.70061454,113.45549082,130.924895,13
POINT2=2,28.70063602,113.45541774,130.924895,13
POINT3=3,28.70065622,113.45536212,130.924895,13
POINT4=4,28.70066452,113.45533590,130.924895,13
POINT5=5,28.70067450,113.45530439,130.924895,13
POINT6=6,28.70068828,113.45525334,130.924895,13
POINT7=7,28.70061454,113.45549082,148.625895,42
POINT8=8,28.70063602,113.45541774,148.625895,42
POINT9=9,28.70065622,113.45536212,148.625895,42
POINT10=10,28.70066452,113.45533590,148.625895,42
POINT11=11,28.70067450,113.45530439,148.625895,42
POINT12=12,28.70068828,113.45525334,148.625895,42
LINENUM=11
LINE1=1,7
LINE2=2,8
LINE3=3,9
LINE4=4,10
LINE5=5,11
LINE6=6,12
LINE7=7,8
LINE8=8,9
LINE9=9,10
LINE10=10,11
LINE11=11,12
