CODE=201
POINTNUM=4
POINT1=1,28.59206505,113.47824924,156.484106,13
POINT2=2,28.59206130,113.47830903,156.484106,13
POINT3=3,28.59211878,113.47831366,156.484106,13
POINT4=4,28.59212252,113.47825389,156.484106,13
LINENUM=4
LINE1=1,2
LINE2=2,3
LINE3=3,4
LINE4=4,1
