CODE=32
POINTNUM=6
POINT1=1,28.36767294,113.36429736,64.563505,13
POINT2=2,28.36804056,113.36398686,64.563505,13
POINT3=3,28.36819446,113.36385687,64.563505,13
POINT4=4,28.36767294,113.36429736,74.165505,42
POINT5=5,28.36804056,113.36398686,74.165505,42
POINT6=6,28.36819446,113.36385687,74.165505,42
LINENUM=5
LINE1=1,4
LINE2=2,5
LINE3=3,6
LINE4=4,5
LINE5=5,6
