CODE=201
POINTNUM=4
POINT1=1,28.70234350,113.45548436,93.126256,13
POINT2=2,28.70222501,113.45547673,93.126256,13
POINT3=3,28.70221807,113.45561583,93.126256,13
POINT4=4,28.70233655,113.45562346,93.126256,13
LINENUM=4
LINE1=1,2
LINE2=2,3
LINE3=3,4
LINE4=4,1
