CODE=35
POINTNUM=12
POINT1=1,28.70368142,113.45403670,99.268147,13
POINT2=2,28.70377601,113.45419930,99.268147,13
POINT3=3,28.70393584,113.45446610,99.268147,13
POINT4=4,28.70407214,113.45470006,99.268147,13
POINT5=5,28.70413406,113.45480477,99.268147,13
POINT6=6,28.70433277,113.45514077,99.268147,13
POINT7=7,28.70368142,113.45403670,139.573147,42
POINT8=8,28.70377601,113.45419930,139.573147,42
POINT9=9,28.70393584,113.45446610,139.573147,42
POINT10=10,28.70407214,113.45470006,139.573147,42
POINT11=11,28.70413406,113.45480477,139.573147,42
POINT12=12,28.70433277,113.45514077,139.573147,42
LINENUM=11
LINE1=1,7
LINE2=2,8
LINE3=3,9
LINE4=4,10
LINE5=5,11
LINE6=6,12
LINE7=7,8
LINE8=8,9
LINE9=9,10
LINE10=10,11
LINE11=11,12
