CODE=201
POINTNUM=4
POINT1=1,28.66278836,113.46058732,109.614820,13
POINT2=2,28.66281283,113.46053768,109.614820,13
POINT3=3,28.66278256,113.46051847,109.614820,13
POINT4=4,28.66275808,113.46056811,109.614820,13
LINENUM=4
LINE1=1,2
LINE2=2,3
LINE3=3,4
LINE4=4,1
