CODE=32
POINTNUM=6
POINT1=1,28.33608422,113.36451258,66.674178,13
POINT2=2,28.33626345,113.36407408,66.674178,13
POINT3=3,28.33635365,113.36385344,66.674178,13
POINT4=4,28.33608422,113.36451258,78.266178,42
POINT5=5,28.33626345,113.36407408,78.266178,42
POINT6=6,28.33635365,113.36385344,78.266178,42
LINENUM=5
LINE1=1,4
LINE2=2,5
LINE3=3,6
LINE4=4,5
LINE5=5,6
