CODE=191
POINTNUM=6
POINT1=1,28.32507060,113.37404475,66.597264,13
POINT2=2,28.32504829,113.37404075,66.597264,13
POINT3=3,28.32499316,113.37403583,66.597264,13
POINT4=4,28.32493825,113.37401026,66.597264,13
POINT5=5,28.32487799,113.37397011,66.597264,13
POINT6=6,28.32487616,113.37396977,66.597264,13
LINENUM=5
LINE1=1,2
LINE2=2,3
LINE3=3,4
LINE4=4,5
LINE5=5,6
