CODE=30
POINTNUM=6
POINT1=1,28.59243282,113.47801445,153.207309,13
POINT2=2,28.59241261,113.47775384,153.207309,13
POINT3=3,28.59238567,113.47740654,153.207309,13
POINT4=4,28.59243282,113.47801445,158.309309,42
POINT5=5,28.59241261,113.47775384,158.309309,42
POINT6=6,28.59238567,113.47740654,158.309309,42
LINENUM=5
LINE1=1,4
LINE2=2,5
LINE3=3,6
LINE4=4,5
LINE5=5,6
