CODE=201
POINTNUM=8
POINT1=1,28.81308304,113.51814766,95.092067,13
POINT2=2,28.81325392,113.51836123,95.092067,13
POINT3=3,28.81330896,113.51830439,95.092067,13
POINT4=4,28.81320812,113.51817874,95.092067,13
POINT5=5,28.81323786,113.51814806,95.092067,13
POINT6=6,28.81319188,113.51809084,95.092067,13
POINT7=7,28.81315593,113.51812811,95.092067,13
POINT8=8,28.81313133,113.51809754,95.092067,13
LINENUM=8
LINE1=1,2
LINE2=2,3
LINE3=3,4
LINE4=4,5
LINE5=5,6
LINE6=6,7
LINE7=7,8
LINE8=8,1
