CODE=201
POINTNUM=4
POINT1=1,28.35571504,113.36026017,68.271585,13
POINT2=2,28.35538819,113.36052048,68.271585,13
POINT3=3,28.35546649,113.36064542,68.271585,13
POINT4=4,28.35579128,113.36038341,68.271585,13
LINENUM=4
LINE1=1,2
LINE2=2,3
LINE3=3,4
LINE4=4,1
