CODE=201
POINTNUM=4
POINT1=1,28.35325229,113.36141934,83.245457,13
POINT2=2,28.35327689,113.36135053,83.245457,13
POINT3=3,28.35300553,113.36122693,83.245457,13
POINT4=4,28.35298079,113.36129666,83.245457,13
LINENUM=4
LINE1=1,2
LINE2=2,3
LINE3=3,4
LINE4=4,1
