CODE=201
POINTNUM=4
POINT1=1,28.78399673,113.48316220,73.672330,13
POINT2=2,28.78395064,113.48321876,73.672330,13
POINT3=3,28.78404364,113.48331616,73.672330,13
POINT4=4,28.78408975,113.48325932,73.672330,13
LINENUM=4
LINE1=1,2
LINE2=2,3
LINE3=3,4
LINE4=4,1
