CODE=191
POINTNUM=4
POINT1=1,28.32521204,113.37257143,64.218739,13
POINT2=2,28.32514490,113.37266614,64.218739,13
POINT3=3,28.32508256,113.37271178,64.218739,13
POINT4=4,28.32504928,113.37271084,64.218739,13
LINENUM=3
LINE1=1,2
LINE2=2,3
LINE3=3,4
