CODE=32
POINTNUM=4
POINT1=1,28.59835866,113.47440839,143.818902,13
POINT2=2,28.59872094,113.47477684,143.818902,13
POINT3=3,28.59835866,113.47440839,143.818902,42
POINT4=4,28.59872094,113.47477684,143.818902,42
LINENUM=3
LINE1=1,3
LINE2=2,4
LINE3=3,4
