CODE=201
POINTNUM=8
POINT1=1,28.68813695,113.45682220,110.778412,13
POINT2=2,28.68814745,113.45672683,110.778412,13
POINT3=3,28.68794581,113.45669847,110.778412,13
POINT4=4,28.68793537,113.45679418,110.778412,13
POINT5=5,28.68795848,113.45679739,110.778412,13
POINT6=6,28.68795309,113.45684423,110.778412,13
POINT7=7,28.68802916,113.45685523,110.778412,13
POINT8=8,28.68803433,113.45680734,110.778412,13
LINENUM=8
LINE1=1,2
LINE2=2,3
LINE3=3,4
LINE4=4,5
LINE5=5,6
LINE6=6,7
LINE7=7,8
LINE8=8,1
