CODE=191
POINTNUM=6
POINT1=1,28.35836580,113.36036454,62.667831,13
POINT2=2,28.35836221,113.36035427,62.667831,13
POINT3=3,28.35827655,113.36027337,62.667831,13
POINT4=4,28.35821477,113.36017654,62.667831,13
POINT5=5,28.35817504,113.36005862,62.667831,13
POINT6=6,28.35815878,113.36004956,62.667831,13
LINENUM=5
LINE1=1,2
LINE2=2,3
LINE3=3,4
LINE4=4,5
LINE5=5,6
