CODE=201
POINTNUM=4
POINT1=1,28.59272844,113.47818396,157.136366,13
POINT2=2,28.59270473,113.47814601,157.136366,13
POINT3=3,28.59261668,113.47821729,157.136366,13
POINT4=4,28.59264093,113.47825551,157.136366,13
LINENUM=4
LINE1=1,2
LINE2=2,3
LINE3=3,4
LINE4=4,1
