CODE=201
POINTNUM=4
POINT1=1,28.81271721,113.51630776,100.607955,13
POINT2=2,28.81276542,113.51622388,100.607955,13
POINT3=3,28.81259325,113.51609635,100.607955,13
POINT4=4,28.81254505,113.51618022,100.607955,13
LINENUM=4
LINE1=1,2
LINE2=2,3
LINE3=3,4
LINE4=4,1
