CODE=31
POINTNUM=6
POINT1=1,28.37804960,113.36411006,72.668004,13
POINT2=2,28.37827755,113.36374225,72.668004,13
POINT3=3,28.37849451,113.36339256,72.668004,13
POINT4=4,28.37804960,113.36411006,79.659004,42
POINT5=5,28.37827755,113.36374225,79.659004,42
POINT6=6,28.37849451,113.36339256,79.659004,42
LINENUM=5
LINE1=1,4
LINE2=2,5
LINE3=3,6
LINE4=4,5
LINE5=5,6
