CODE=30
POINTNUM=6
POINT1=1,28.64432579,113.46412969,98.618246,13
POINT2=2,28.64436302,113.46368643,98.618246,13
POINT3=3,28.64437807,113.46350739,98.618246,13
POINT4=4,28.64432579,113.46412969,104.630246,42
POINT5=5,28.64436302,113.46368643,104.630246,42
POINT6=6,28.64437807,113.46350739,104.630246,42
LINENUM=5
LINE1=1,4
LINE2=2,5
LINE3=3,6
LINE4=4,5
LINE5=5,6
