CODE=201
POINTNUM=4
POINT1=1,28.78373807,113.48325185,70.501953,13
POINT2=2,28.78378649,113.48327599,70.501953,13
POINT3=3,28.78384571,113.48312271,70.501953,13
POINT4=4,28.78379742,113.48309876,70.501953,13
LINENUM=4
LINE1=1,2
LINE2=2,3
LINE3=3,4
LINE4=4,1
