CODE=191
POINTNUM=23
POINT1=1,28.45102889,113.39228841,157.338122,13
POINT2=2,28.45106702,113.39234977,157.338122,13
POINT3=3,28.45109757,113.39243167,157.338122,13
POINT4=4,28.45116590,113.39253092,157.338122,13
POINT5=5,28.45123226,113.39263227,157.338122,13
POINT6=6,28.45124822,113.39271037,157.338122,13
POINT7=7,28.45124142,113.39275496,157.338122,13
POINT8=8,28.45118719,113.39287226,157.338122,13
POINT9=9,28.45117108,113.39294321,157.338122,13
POINT10=10,28.45116596,113.39300394,157.338122,13
POINT11=11,28.45117121,113.39307662,157.338122,13
POINT12=12,28.45117657,113.39313661,157.338122,13
POINT13=13,28.45119213,113.39316399,157.338122,13
POINT14=14,28.45124763,113.39317027,157.338122,13
POINT15=15,28.45128516,113.39314979,157.338122,13
POINT16=16,28.45131843,113.39311433,157.338122,13
POINT17=17,28.45138628,113.39300878,157.338122,13
POINT18=18,28.45141854,113.39293758,157.338122,13
POINT19=19,28.45142776,113.39288688,157.338122,13
POINT20=20,28.45143832,113.39282719,157.338122,13
POINT21=21,28.45146669,113.39278380,157.338122,13
POINT22=22,28.45154048,113.39267239,157.338122,13
POINT23=23,28.45157749,113.39261407,157.338122,13
LINENUM=22
LINE1=1,2
LINE2=2,3
LINE3=3,4
LINE4=4,5
LINE5=5,6
LINE6=6,7
LINE7=7,8
LINE8=8,9
LINE9=9,10
LINE10=10,11
LINE11=11,12
LINE12=12,13
LINE13=13,14
LINE14=14,15
LINE15=15,16
LINE16=16,17
LINE17=17,18
LINE18=18,19
LINE19=19,20
LINE20=20,21
LINE21=21,22
LINE22=22,23
