CODE=201
POINTNUM=4
POINT1=1,28.59259142,113.47727355,156.010239,13
POINT2=2,28.59266765,113.47717337,156.010239,13
POINT3=3,28.59256811,113.47707646,156.010239,13
POINT4=4,28.59249188,113.47717747,156.010239,13
LINENUM=4
LINE1=1,2
LINE2=2,3
LINE3=3,4
LINE4=4,1
