CODE=32
POINTNUM=4
POINT1=1,28.81430266,113.51885418,96.025533,13
POINT2=2,28.81390450,113.51969121,96.025533,13
POINT3=3,28.81430266,113.51885418,96.025533,42
POINT4=4,28.81390450,113.51969121,96.025533,42
LINENUM=3
LINE1=1,3
LINE2=2,4
LINE3=3,4
