CODE=201
POINTNUM=4
POINT1=1,28.63902620,113.46480081,88.668055,13
POINT2=2,28.63891509,113.46485452,88.668055,13
POINT3=3,28.63895518,113.46496115,88.668055,13
POINT4=4,28.63906629,113.46490744,88.668055,13
LINENUM=4
LINE1=1,2
LINE2=2,3
LINE3=3,4
LINE4=4,1
