CODE=201
POINTNUM=4
POINT1=1,28.59261225,113.47825171,157.643340,13
POINT2=2,28.59259244,113.47820325,157.643340,13
POINT3=3,28.59249050,113.47825690,157.643340,13
POINT4=4,28.59251079,113.47830600,157.643340,13
LINENUM=4
LINE1=1,2
LINE2=2,3
LINE3=3,4
LINE4=4,1
