CODE=201
POINTNUM=4
POINT1=1,28.81340517,113.51826182,94.749597,13
POINT2=2,28.81336866,113.51829636,94.749597,13
POINT3=3,28.81339333,113.51832990,94.749597,13
POINT4=4,28.81342984,113.51829523,94.749597,13
LINENUM=4
LINE1=1,2
LINE2=2,3
LINE3=3,4
LINE4=4,1
