CODE=201
POINTNUM=4
POINT1=1,28.57763683,113.48443192,202.665043,13
POINT2=2,28.57757818,113.48437649,202.665043,13
POINT3=3,28.57750225,113.48448007,202.665043,13
POINT4=4,28.57756131,113.48453549,202.665043,13
LINENUM=4
LINE1=1,2
LINE2=2,3
LINE3=3,4
LINE4=4,1
