CODE=201
POINTNUM=4
POINT1=1,28.57768872,113.48536825,197.325462,13
POINT2=2,28.57762145,113.48553438,197.325462,13
POINT3=3,28.57773322,113.48559237,197.325462,13
POINT4=4,28.57780027,113.48542663,197.325462,13
LINENUM=4
LINE1=1,2
LINE2=2,3
LINE3=3,4
LINE4=4,1
