CODE=35
POINTNUM=10
POINT1=1,28.70959841,113.45438535,144.701205,13
POINT2=2,28.70958793,113.45417364,144.701205,13
POINT3=3,28.70958779,113.45416798,144.701205,13
POINT4=4,28.70958432,113.45402682,144.701205,13
POINT5=5,28.70957257,113.45380644,144.701205,13
POINT6=6,28.70959841,113.45438535,155.369205,42
POINT7=7,28.70958793,113.45417364,155.369205,42
POINT8=8,28.70958779,113.45416798,155.369205,42
POINT9=9,28.70958432,113.45402682,155.369205,42
POINT10=10,28.70957257,113.45380644,155.369205,42
LINENUM=9
LINE1=1,6
LINE2=2,7
LINE3=3,8
LINE4=4,9
LINE5=5,10
LINE6=6,7
LINE7=7,8
LINE8=8,9
LINE9=9,10
