CODE=201
POINTNUM=4
POINT1=1,28.81378884,113.51923529,95.562350,13
POINT2=2,28.81374548,113.51924375,95.562350,13
POINT3=3,28.81375899,113.51933105,95.562350,13
POINT4=4,28.81380246,113.51932225,95.562350,13
LINENUM=4
LINE1=1,2
LINE2=2,3
LINE3=3,4
LINE4=4,1
