CODE=191
POINTNUM=11
POINT1=1,28.60834739,113.46937846,140.206505,13
POINT2=2,28.60844213,113.46944952,140.206505,13
POINT3=3,28.60850069,113.46949483,140.206505,13
POINT4=4,28.60858494,113.46944772,140.206505,13
POINT5=5,28.60865656,113.46941690,140.206505,13
POINT6=6,28.60868753,113.46942268,140.206505,13
POINT7=7,28.60870331,113.46944633,140.206505,13
POINT8=8,28.60872034,113.46948466,140.206505,13
POINT9=9,28.60873852,113.46953665,140.206505,13
POINT10=10,28.60877704,113.46956767,140.206505,13
POINT11=11,28.60884255,113.46957643,140.206505,13
LINENUM=10
LINE1=1,2
LINE2=2,3
LINE3=3,4
LINE4=4,5
LINE5=5,6
LINE6=6,7
LINE7=7,8
LINE8=8,9
LINE9=9,10
LINE10=10,11
