CODE=191
POINTNUM=12
POINT1=1,28.32610825,113.37021238,59.042448,13
POINT2=2,28.32591449,113.37002575,59.042448,13
POINT3=3,28.32585284,113.37011104,59.042448,13
POINT4=4,28.32571398,113.37028430,59.042448,13
POINT5=5,28.32559814,113.37031909,59.042448,13
POINT6=6,28.32536941,113.37033917,59.042448,13
POINT7=7,28.32529079,113.37037032,59.042448,13
POINT8=8,28.32522747,113.37057530,59.042448,13
POINT9=9,28.32525603,113.37062502,59.042448,13
POINT10=10,28.32537347,113.37066156,59.042448,13
POINT11=11,28.32550265,113.37070927,59.042448,13
POINT12=12,28.32553786,113.37073363,58.955865,13
LINENUM=11
LINE1=1,2
LINE2=2,3
LINE3=3,4
LINE4=4,5
LINE5=5,6
LINE6=6,7
LINE7=7,8
LINE8=8,9
LINE9=9,10
LINE10=10,11
LINE11=11,12
