CODE=201
POINTNUM=4
POINT1=1,28.78409132,113.48326015,74.526279,13
POINT2=2,28.78406271,113.48329215,74.526279,13
POINT3=3,28.78408100,113.48331322,74.526279,13
POINT4=4,28.78410962,113.48328115,74.526279,13
LINENUM=4
LINE1=1,2
LINE2=2,3
LINE3=3,4
LINE4=4,1
