CODE=191
POINTNUM=9
POINT1=1,28.44903927,113.39085466,206.099248,13
POINT2=2,28.44890609,113.39078645,206.099248,13
POINT3=3,28.44880376,113.39074534,206.099248,13
POINT4=4,28.44877151,113.39076726,206.099248,13
POINT5=5,28.44874519,113.39082948,206.099248,13
POINT6=6,28.44873839,113.39087835,206.099248,13
POINT7=7,28.44876898,113.39090770,206.099248,13
POINT8=8,28.44888089,113.39099647,206.099248,13
POINT9=9,28.44889499,113.39102170,206.144835,13
LINENUM=8
LINE1=1,2
LINE2=2,3
LINE3=3,4
LINE4=4,5
LINE5=5,6
LINE6=6,7
LINE7=7,8
LINE8=8,9
