CODE=191
POINTNUM=5
POINT1=1,28.60816338,113.46947520,140.206505,13
POINT2=2,28.60820397,113.46938216,140.206505,13
POINT3=3,28.60825893,113.46935134,140.206505,13
POINT4=4,28.60834247,113.46937477,140.206505,13
POINT5=5,28.60834739,113.46937846,140.206505,13
LINENUM=4
LINE1=1,2
LINE2=2,3
LINE3=3,4
LINE4=4,5
