CODE=81
POINTNUM=5
POINT1=1,28.44898692,113.39270077,197.531404,13
POINT2=2,28.44903257,113.39261000,197.531404,13
POINT3=3,28.44915506,113.39239126,197.531404,13
POINT4=4,28.44922896,113.39222998,197.531404,13
POINT5=5,28.44927241,113.39208190,197.531404,13
LINENUM=4
LINE1=1,2
LINE2=2,3
LINE3=3,4
LINE4=4,5
