CODE=30
POINTNUM=6
POINT1=1,28.71839951,113.45379434,100.874909,13
POINT2=2,28.71848167,113.45399015,100.874909,13
POINT3=3,28.71870911,113.45453215,100.874909,13
POINT4=4,28.71839951,113.45379434,106.393909,42
POINT5=5,28.71848167,113.45399015,106.393909,42
POINT6=6,28.71870911,113.45453215,106.393909,42
LINENUM=5
LINE1=1,4
LINE2=2,5
LINE3=3,6
LINE4=4,5
LINE5=5,6
