CODE=30
POINTNUM=4
POINT1=1,28.66271683,113.46063777,104.553731,13
POINT2=2,28.66236521,113.46110172,104.553731,13
POINT3=3,28.66271683,113.46063777,112.592146,42
POINT4=4,28.66236521,113.46110172,112.592146,42
LINENUM=3
LINE1=1,3
LINE2=2,4
LINE3=3,4
