CODE=31
POINTNUM=4
POINT1=1,28.79783651,113.50071798,134.626986,13
POINT2=2,28.79737626,113.50103687,134.626986,13
POINT3=3,28.79783651,113.50071798,141.521075,42
POINT4=4,28.79737626,113.50103687,141.521075,42
LINENUM=3
LINE1=1,3
LINE2=2,4
LINE3=3,4
