CODE=201
POINTNUM=4
POINT1=1,28.40100074,113.37084009,95.657254,13
POINT2=2,28.40100538,113.37091577,95.657254,13
POINT3=3,28.40111470,113.37090693,95.657254,13
POINT4=4,28.40110987,113.37083113,95.657254,13
LINENUM=4
LINE1=1,2
LINE2=2,3
LINE3=3,4
LINE4=4,1
