CODE=201
POINTNUM=4
POINT1=1,28.35674351,113.36087290,68.448772,13
POINT2=2,28.35679030,113.36082720,68.448772,13
POINT3=3,28.35670953,113.36072156,68.448772,13
POINT4=4,28.35666274,113.36076732,68.448772,13
LINENUM=4
LINE1=1,2
LINE2=2,3
LINE3=3,4
LINE4=4,1
