CODE=191
POINTNUM=27
POINT1=1,28.60872415,113.46978514,139.501170,13
POINT2=2,28.60858571,113.46972844,139.501170,13
POINT3=3,28.60849062,113.46967836,139.501170,13
POINT4=4,28.60839693,113.46964403,139.501170,13
POINT5=5,28.60829875,113.46969278,139.501170,13
POINT6=6,28.60824572,113.46979157,139.501170,13
POINT7=7,28.60817297,113.46987814,139.501170,13
POINT8=8,28.60810943,113.46991276,139.501170,13
POINT9=9,28.60807923,113.46986197,139.501170,13
POINT10=10,28.60804505,113.46975323,139.501170,13
POINT11=11,28.60798671,113.46969076,139.501170,13
POINT12=12,28.60787741,113.46962553,139.501170,13
POINT13=13,28.60787707,113.46962533,139.501170,13
POINT14=14,28.60773821,113.46959113,139.501170,13
POINT15=15,28.60764625,113.46960558,139.501170,13
POINT16=16,28.60760423,113.46954531,139.501170,13
POINT17=17,28.60756877,113.46941546,139.501170,13
POINT18=18,28.60758673,113.46938426,139.501170,13
POINT19=19,28.60765775,113.46939304,139.501170,13
POINT20=20,28.60774924,113.46941284,139.501170,13
POINT21=21,28.60787144,113.46947374,139.501170,13
POINT22=22,28.60796779,113.46954492,139.501170,13
POINT23=23,28.60799270,113.46956492,139.501170,13
POINT24=24,28.60804400,113.46960609,139.501170,13
POINT25=25,28.60810861,113.46960330,139.501170,13
POINT26=26,28.60814551,113.46951615,139.501170,13
POINT27=27,28.60816338,113.46947520,140.206505,13
LINENUM=26
LINE1=1,2
LINE2=2,3
LINE3=3,4
LINE4=4,5
LINE5=5,6
LINE6=6,7
LINE7=7,8
LINE8=8,9
LINE9=9,10
LINE10=10,11
LINE11=11,12
LINE12=12,13
LINE13=13,14
LINE14=14,15
LINE15=15,16
LINE16=16,17
LINE17=17,18
LINE18=18,19
LINE19=19,20
LINE20=20,21
LINE21=21,22
LINE22=22,23
LINE23=23,24
LINE24=24,25
LINE25=25,26
LINE26=26,27
