CODE=201
POINTNUM=4
POINT1=1,28.59178173,113.47822717,161.242427,13
POINT2=2,28.59178808,113.47817045,161.242427,13
POINT3=3,28.59174939,113.47816487,161.242427,13
POINT4=4,28.59174304,113.47822159,161.242427,13
LINENUM=4
LINE1=1,2
LINE2=2,3
LINE3=3,4
LINE4=4,1
