CODE=201
POINTNUM=4
POINT1=1,28.81379550,113.51926334,94.300187,13
POINT2=2,28.81380067,113.51930285,94.300187,13
POINT3=3,28.81385460,113.51929365,94.300187,13
POINT4=4,28.81384930,113.51925399,94.300187,13
LINENUM=4
LINE1=1,2
LINE2=2,3
LINE3=3,4
LINE4=4,1
