CODE=201
POINTNUM=4
POINT1=1,28.57762102,113.48439456,203.510540,13
POINT2=2,28.57766497,113.48433894,203.510540,13
POINT3=3,28.57760352,113.48427662,203.510540,13
POINT4=4,28.57755946,113.48433264,203.510540,13
LINENUM=4
LINE1=1,2
LINE2=2,3
LINE3=3,4
LINE4=4,1
