CODE=32
POINTNUM=6
POINT1=1,28.37112820,113.36654841,67.675529,13
POINT2=2,28.37099326,113.36621016,67.675529,13
POINT3=3,28.37083015,113.36580133,67.675529,13
POINT4=4,28.37112820,113.36654841,76.050529,42
POINT5=5,28.37099326,113.36621016,76.050529,42
POINT6=6,28.37083015,113.36580133,76.050529,42
LINENUM=5
LINE1=1,4
LINE2=2,5
LINE3=3,6
LINE4=4,5
LINE5=5,6
