CODE=32
POINTNUM=6
POINT1=1,28.75587515,113.46185645,89.273862,13
POINT2=2,28.75566114,113.46251663,89.273862,13
POINT3=3,28.75538362,113.46337216,89.273862,13
POINT4=4,28.75587515,113.46185645,89.273862,42
POINT5=5,28.75566114,113.46251663,89.273862,42
POINT6=6,28.75538362,113.46337216,89.273862,42
LINENUM=5
LINE1=1,4
LINE2=2,5
LINE3=3,6
LINE4=4,5
LINE5=5,6
