CODE=201
POINTNUM=4
POINT1=1,28.57742420,113.48470836,200.224130,13
POINT2=2,28.57739463,113.48461742,200.224130,13
POINT3=3,28.57726402,113.48467255,200.224130,13
POINT4=4,28.57729406,113.48476349,200.224130,13
LINENUM=4
LINE1=1,2
LINE2=2,3
LINE3=3,4
LINE4=4,1
