CODE=201
POINTNUM=4
POINT1=1,28.35663965,113.36099262,67.658994,13
POINT2=2,28.35673745,113.36090091,67.658994,13
POINT3=3,28.35666756,113.36080589,67.658994,13
POINT4=4,28.35656977,113.36089825,67.658994,13
LINENUM=4
LINE1=1,2
LINE2=2,3
LINE3=3,4
LINE4=4,1
