CODE=201
POINTNUM=4
POINT1=1,28.57745565,113.48451292,202.658049,13
POINT2=2,28.57743198,113.48442167,202.658049,13
POINT3=3,28.57731748,113.48446010,202.658049,13
POINT4=4,28.57734161,113.48455169,202.658049,13
LINENUM=4
LINE1=1,2
LINE2=2,3
LINE3=3,4
LINE4=4,1
