CODE=201
POINTNUM=4
POINT1=1,28.81337848,113.51822239,95.025668,13
POINT2=2,28.81330203,113.51813077,95.025668,13
POINT3=3,28.81323420,113.51820373,95.025668,13
POINT4=4,28.81331068,113.51829533,95.025668,13
LINENUM=4
LINE1=1,2
LINE2=2,3
LINE3=3,4
LINE4=4,1
