CODE=201
POINTNUM=4
POINT1=1,28.49855454,113.43452419,253.533714,13
POINT2=2,28.49847942,113.43460008,253.533714,13
POINT3=3,28.49867955,113.43485353,253.533714,13
POINT4=4,28.49875496,113.43477720,253.533714,13
LINENUM=4
LINE1=1,2
LINE2=2,3
LINE3=3,4
LINE4=4,1
