CODE=191
POINTNUM=4
POINT1=1,28.44908430,113.39113408,206.144835,13
POINT2=2,28.44908226,113.39110416,206.144835,13
POINT3=3,28.44908108,113.39102828,206.144835,13
POINT4=4,28.44903927,113.39085466,206.144835,13
LINENUM=3
LINE1=1,2
LINE2=2,3
LINE3=3,4
