CODE=201
POINTNUM=4
POINT1=1,28.81337291,113.51723668,97.450062,13
POINT2=2,28.81342578,113.51730956,97.450062,13
POINT3=3,28.81351497,113.51722601,97.450062,13
POINT4=4,28.81346190,113.51715307,97.450062,13
LINENUM=4
LINE1=1,2
LINE2=2,3
LINE3=3,4
LINE4=4,1
