CODE=30
POINTNUM=6
POINT1=1,28.66135654,113.46122138,101.996493,13
POINT2=2,28.66135488,113.46102416,101.996493,13
POINT3=3,28.66135294,113.46079213,101.996493,13
POINT4=4,28.66135654,113.46122138,107.900493,42
POINT5=5,28.66135488,113.46102416,107.900493,42
POINT6=6,28.66135294,113.46079213,107.900493,42
LINENUM=5
LINE1=1,4
LINE2=2,5
LINE3=3,6
LINE4=4,5
LINE5=5,6
