CODE=30
POINTNUM=6
POINT1=1,28.35735137,113.36023728,62.670482,13
POINT2=2,28.35786044,113.36044925,62.670482,13
POINT3=3,28.35842032,113.36068285,62.670482,13
POINT4=4,28.35735137,113.36023728,66.441482,42
POINT5=5,28.35786044,113.36044925,66.441482,42
POINT6=6,28.35842032,113.36068285,66.441482,42
LINENUM=5
LINE1=1,4
LINE2=2,5
LINE3=3,6
LINE4=4,5
LINE5=5,6
