CODE=36
POINTNUM=6
POINT1=1,28.70495387,113.45563564,131.855609,13
POINT2=2,28.70545041,113.45460325,131.855609,13
POINT3=3,28.70570796,113.45406774,131.855609,13
POINT4=4,28.70495387,113.45563564,176.555609,42
POINT5=5,28.70545041,113.45460325,176.555609,42
POINT6=6,28.70570796,113.45406774,176.555609,42
LINENUM=5
LINE1=1,4
LINE2=2,5
LINE3=3,6
LINE4=4,5
LINE5=5,6
