CODE=191
POINTNUM=22
POINT1=1,28.45157749,113.39261407,157.338122,13
POINT2=2,28.45161807,113.39255014,157.338122,13
POINT3=3,28.45163715,113.39253432,157.338122,13
POINT4=4,28.45168584,113.39250866,157.338122,13
POINT5=5,28.45174375,113.39243488,157.338122,13
POINT6=6,28.45173943,113.39239683,157.338122,13
POINT7=7,28.45171687,113.39235194,157.338122,13
POINT8=8,28.45168438,113.39232562,157.338122,13
POINT9=9,28.45166710,113.39233140,157.338122,13
POINT10=10,28.45154815,113.39240082,157.338122,13
POINT11=11,28.45146269,113.39245033,157.338122,13
POINT12=12,28.45139782,113.39244890,157.338122,13
POINT13=13,28.45131656,113.39242636,157.338122,13
POINT14=14,28.45123993,113.39238064,157.338122,13
POINT15=15,28.45120034,113.39233127,157.338122,13
POINT16=16,28.45117932,113.39229324,157.338122,13
POINT17=17,28.45117338,113.39223061,157.338122,13
POINT18=18,28.45114812,113.39218851,157.338122,13
POINT19=19,28.45111502,113.39216072,157.338122,13
POINT20=20,28.45109282,113.39214758,157.338122,13
POINT21=21,28.45107091,113.39214734,157.338122,13
POINT22=22,28.45099345,113.39223137,157.338122,13
LINENUM=21
LINE1=1,2
LINE2=2,3
LINE3=3,4
LINE4=4,5
LINE5=5,6
LINE6=6,7
LINE7=7,8
LINE8=8,9
LINE9=9,10
LINE10=10,11
LINE11=11,12
LINE12=12,13
LINE13=13,14
LINE14=14,15
LINE15=15,16
LINE16=16,17
LINE17=17,18
LINE18=18,19
LINE19=19,20
LINE20=20,21
LINE21=21,22
