CODE=201
POINTNUM=4
POINT1=1,28.81371104,113.51913387,95.508591,13
POINT2=2,28.81370329,113.51908399,95.508591,13
POINT3=3,28.81362370,113.51910004,95.508591,13
POINT4=4,28.81363156,113.51915005,95.508591,13
LINENUM=4
LINE1=1,2
LINE2=2,3
LINE3=3,4
LINE4=4,1
