CODE=30
POINTNUM=4
POINT1=1,28.69905473,113.45538918,94.396123,13
POINT2=2,28.69889926,113.45582360,94.396123,13
POINT3=3,28.69905473,113.45538918,100.286180,42
POINT4=4,28.69889926,113.45582360,100.286180,42
LINENUM=3
LINE1=1,3
LINE2=2,4
LINE3=3,4
