CODE=191
POINTNUM=17
POINT1=1,28.33808891,113.36375420,66.084444,13
POINT2=2,28.33808506,113.36373641,66.084444,13
POINT3=3,28.33793084,113.36356005,66.084444,13
POINT4=4,28.33781204,113.36344059,66.084444,13
POINT5=5,28.33776338,113.36341004,66.084444,13
POINT6=6,28.33766573,113.36337016,66.084444,13
POINT7=7,28.33752536,113.36327337,66.084444,13
POINT8=8,28.33744724,113.36325115,66.084444,13
POINT9=9,28.33732941,113.36323456,66.084444,13
POINT10=10,28.33729666,113.36331819,66.084444,13
POINT11=11,28.33727385,113.36340004,66.084444,13
POINT12=12,28.33729450,113.36343197,66.084444,13
POINT13=13,28.33737454,113.36345247,66.084444,13
POINT14=14,28.33755405,113.36357701,66.084444,13
POINT15=15,28.33762638,113.36370127,66.084444,13
POINT16=16,28.33773220,113.36380921,66.084444,13
POINT17=17,28.33774159,113.36382607,66.085667,13
LINENUM=16
LINE1=1,2
LINE2=2,3
LINE3=3,4
LINE4=4,5
LINE5=5,6
LINE6=6,7
LINE7=7,8
LINE8=8,9
LINE9=9,10
LINE10=10,11
LINE11=11,12
LINE12=12,13
LINE13=13,14
LINE14=14,15
LINE15=15,16
LINE16=16,17
