CODE=201
POINTNUM=4
POINT1=1,28.63883463,113.46497090,89.462846,13
POINT2=2,28.63880865,113.46488783,89.462846,13
POINT3=3,28.63866535,113.46494547,89.462846,13
POINT4=4,28.63869140,113.46502863,89.462846,13
LINENUM=4
LINE1=1,2
LINE2=2,3
LINE3=3,4
LINE4=4,1
