CODE=201
POINTNUM=4
POINT1=1,28.35650791,113.36087661,68.698654,13
POINT2=2,28.35644552,113.36086105,68.698654,13
POINT3=3,28.35641768,113.36100410,68.698654,13
POINT4=4,28.35648000,113.36101955,68.698654,13
LINENUM=4
LINE1=1,2
LINE2=2,3
LINE3=3,4
LINE4=4,1
