CODE=30
POINTNUM=6
POINT1=1,28.37638762,113.36454335,71.239912,13
POINT2=2,28.37665248,113.36429286,71.239912,13
POINT3=3,28.37692398,113.36403671,71.239912,13
POINT4=4,28.37638762,113.36454335,76.839912,42
POINT5=5,28.37665248,113.36429286,76.839912,42
POINT6=6,28.37692398,113.36403671,76.839912,42
LINENUM=5
LINE1=1,4
LINE2=2,5
LINE3=3,6
LINE4=4,5
LINE5=5,6
