CODE=201
POINTNUM=4
POINT1=1,28.78370011,113.48323252,70.763270,13
POINT2=2,28.78373782,113.48325177,70.763270,13
POINT3=3,28.78380223,113.48308890,70.763270,13
POINT4=4,28.78376466,113.48306980,70.763270,13
LINENUM=4
LINE1=1,2
LINE2=2,3
LINE3=3,4
LINE4=4,1
