CODE=201
POINTNUM=4
POINT1=1,28.70241259,113.45565796,92.190761,13
POINT2=2,28.70249472,113.45573052,92.190761,13
POINT3=3,28.70256432,113.45562891,92.190761,13
POINT4=4,28.70248227,113.45555670,92.190761,13
LINENUM=4
LINE1=1,2
LINE2=2,3
LINE3=3,4
LINE4=4,1
