CODE=30
POINTNUM=4
POINT1=1,28.68454302,113.45723250,115.987705,13
POINT2=2,28.68475084,113.45796860,115.987705,13
POINT3=3,28.68454302,113.45723250,119.422540,42
POINT4=4,28.68475084,113.45796860,119.422540,42
LINENUM=3
LINE1=1,3
LINE2=2,4
LINE3=3,4
