CODE=191
POINTNUM=2
POINT1=1,28.32509068,113.37240972,64.578376,13
POINT2=2,28.32521204,113.37257143,64.578376,13
LINENUM=1
LINE1=1,2
