CODE=191
POINTNUM=28
POINT1=1,28.33339594,113.36624750,63.245902,13
POINT2=2,28.33351825,113.36622393,63.245902,13
POINT3=3,28.33358196,113.36621077,63.245902,13
POINT4=4,28.33369460,113.36611557,63.245902,13
POINT5=5,28.33375376,113.36605626,63.245902,13
POINT6=6,28.33386009,113.36598735,63.245902,13
POINT7=7,28.33405812,113.36588721,63.245902,13
POINT8=8,28.33411971,113.36582669,63.245902,13
POINT9=9,28.33412957,113.36577149,63.245902,13
POINT10=10,28.33410227,113.36562023,63.245902,13
POINT11=11,28.33405539,113.36557224,63.245902,13
POINT12=12,28.33399126,113.36555977,63.245902,13
POINT13=13,28.33391513,113.36553425,63.245902,13
POINT14=14,28.33380994,113.36540895,63.245902,13
POINT15=15,28.33375181,113.36536637,63.245902,13
POINT16=16,28.33372311,113.36534456,63.245902,13
POINT17=17,28.33369241,113.36535913,63.245902,13
POINT18=18,28.33364567,113.36541433,63.245902,13
POINT19=19,28.33351593,113.36550026,63.245902,13
POINT20=20,28.33345888,113.36549167,63.245902,13
POINT21=21,28.33341895,113.36546520,63.245902,13
POINT22=22,28.33336359,113.36547831,63.245902,13
POINT23=23,28.33322583,113.36552436,63.245902,13
POINT24=24,28.33313318,113.36552312,63.245902,13
POINT25=25,28.33309634,113.36553630,63.245902,13
POINT26=26,28.33326754,113.36617657,63.245902,13
POINT27=27,28.33329972,113.36621141,63.245902,13
POINT28=28,28.33339594,113.36624750,63.245902,13
LINENUM=27
LINE1=1,2
LINE2=2,3
LINE3=3,4
LINE4=4,5
LINE5=5,6
LINE6=6,7
LINE7=7,8
LINE8=8,9
LINE9=9,10
LINE10=10,11
LINE11=11,12
LINE12=12,13
LINE13=13,14
LINE14=14,15
LINE15=15,16
LINE16=16,17
LINE17=17,18
LINE18=18,19
LINE19=19,20
LINE20=20,21
LINE21=21,22
LINE22=22,23
LINE23=23,24
LINE24=24,25
LINE25=25,26
LINE26=26,27
LINE27=27,28
