CODE=201
POINTNUM=4
POINT1=1,28.51186367,113.46609066,264.420120,13
POINT2=2,28.51187020,113.46611612,264.420120,13
POINT3=3,28.51190137,113.46610562,264.420120,13
POINT4=4,28.51189472,113.46608061,264.420120,13
LINENUM=4
LINE1=1,2
LINE2=2,3
LINE3=3,4
LINE4=4,1
