CODE=201
POINTNUM=4
POINT1=1,28.66256595,113.46038322,109.361113,13
POINT2=2,28.66259233,113.46031808,109.361113,13
POINT3=3,28.66252332,113.46028212,109.361113,13
POINT4=4,28.66249694,113.46034727,109.361113,13
LINENUM=4
LINE1=1,2
LINE2=2,3
LINE3=3,4
LINE4=4,1
