CODE=33
POINTNUM=12
POINT1=1,28.70014218,113.45548271,131.707324,13
POINT2=2,28.70017777,113.45541041,131.707324,13
POINT3=3,28.70018150,113.45540285,131.707324,13
POINT4=4,28.70021150,113.45534983,131.707324,13
POINT5=5,28.70025620,113.45526594,131.707324,13
POINT6=6,28.70030303,113.45517511,131.707324,13
POINT7=7,28.70014218,113.45548271,140.955324,42
POINT8=8,28.70017777,113.45541041,140.955324,42
POINT9=9,28.70018150,113.45540285,140.955324,42
POINT10=10,28.70021150,113.45534983,140.955324,42
POINT11=11,28.70025620,113.45526594,140.955324,42
POINT12=12,28.70030303,113.45517511,140.955324,42
LINENUM=11
LINE1=1,7
LINE2=2,8
LINE3=3,9
LINE4=4,10
LINE5=5,11
LINE6=6,12
LINE7=7,8
LINE8=8,9
LINE9=9,10
LINE10=10,11
LINE11=11,12
