CODE=191
POINTNUM=53
POINT1=1,28.72224581,113.45441757,87.519353,13
POINT2=2,28.72226475,113.45436088,87.519353,13
POINT3=3,28.72229677,113.45429866,87.519353,13
POINT4=4,28.72233253,113.45426485,87.519353,13
POINT5=5,28.72238344,113.45417423,87.519353,13
POINT6=6,28.72247540,113.45403081,87.519353,13
POINT7=7,28.72252768,113.45391570,87.519353,13
POINT8=8,28.72254153,113.45387838,87.519353,13
POINT9=9,28.72257141,113.45383879,87.519353,13
POINT10=10,28.72260473,113.45380580,87.519353,13
POINT11=11,28.72262356,113.45373510,87.519353,13
POINT12=12,28.72266823,113.45357088,87.519353,13
POINT13=13,28.72267880,113.45346539,87.519353,13
POINT14=14,28.72267593,113.45336122,87.519353,13
POINT15=15,28.72262762,113.45328549,87.519353,13
POINT16=16,28.72257979,113.45317786,87.519353,13
POINT17=17,28.72256415,113.45312565,87.519353,13
POINT18=18,28.72258433,113.45309121,87.519353,13
POINT19=19,28.72262280,113.45304597,87.519353,13
POINT20=20,28.72267866,113.45303059,87.519353,13
POINT21=21,28.72278688,113.45309233,87.519353,13
POINT22=22,28.72284576,113.45316213,87.519353,13
POINT23=23,28.72290761,113.45332331,87.519353,13
POINT24=24,28.72294549,113.45344323,87.519353,13
POINT25=25,28.72294958,113.45360035,87.519353,13
POINT26=26,28.72294545,113.45365631,87.519353,13
POINT27=27,28.72289478,113.45380276,87.519353,13
POINT28=28,28.72287657,113.45382651,87.519353,13
POINT29=29,28.72281425,113.45390544,87.519353,13
POINT30=30,28.72274860,113.45401515,87.519353,13
POINT31=31,28.72270631,113.45408898,87.519353,13
POINT32=32,28.72269317,113.45418505,87.519353,13
POINT33=33,28.72269273,113.45422112,87.519353,13
POINT34=34,28.72271579,113.45424386,87.519353,13
POINT35=35,28.72273073,113.45427826,87.519353,13
POINT36=36,28.72272355,113.45429622,87.519353,13
POINT37=37,28.72270628,113.45431256,87.519353,13
POINT38=38,28.72268586,113.45431613,87.519353,13
POINT39=39,28.72266760,113.45431252,87.519353,13
POINT40=40,28.72265156,113.45430999,87.519353,13
POINT41=41,28.72262063,113.45430575,87.519353,13
POINT42=42,28.72258284,113.45434063,87.519353,13
POINT43=43,28.72254725,113.45437785,87.519353,13
POINT44=44,28.72252184,113.45441059,87.519353,13
POINT45=45,28.72249881,113.45444369,87.519353,13
POINT46=46,28.72248594,113.45447361,87.519353,13
POINT47=47,28.72246711,113.45449782,87.519353,13
POINT48=48,28.72244286,113.45452662,87.519353,13
POINT49=49,28.72241498,113.45455550,87.519353,13
POINT50=50,28.72239812,113.45455486,87.519353,13
POINT51=51,28.72238019,113.45454448,87.519353,13
POINT52=52,28.72233742,113.45450702,87.519353,13
POINT53=53,28.72224581,113.45441757,87.519353,13
LINENUM=52
LINE1=1,2
LINE2=2,3
LINE3=3,4
LINE4=4,5
LINE5=5,6
LINE6=6,7
LINE7=7,8
LINE8=8,9
LINE9=9,10
LINE10=10,11
LINE11=11,12
LINE12=12,13
LINE13=13,14
LINE14=14,15
LINE15=15,16
LINE16=16,17
LINE17=17,18
LINE18=18,19
LINE19=19,20
LINE20=20,21
LINE21=21,22
LINE22=22,23
LINE23=23,24
LINE24=24,25
LINE25=25,26
LINE26=26,27
LINE27=27,28
LINE28=28,29
LINE29=29,30
LINE30=30,31
LINE31=31,32
LINE32=32,33
LINE33=33,34
LINE34=34,35
LINE35=35,36
LINE36=36,37
LINE37=37,38
LINE38=38,39
LINE39=39,40
LINE40=40,41
LINE41=41,42
LINE42=42,43
LINE43=43,44
LINE44=44,45
LINE45=45,46
LINE46=46,47
LINE47=47,48
LINE48=48,49
LINE49=49,50
LINE50=50,51
LINE51=51,52
LINE52=52,53
