CODE=191
POINTNUM=7
POINT1=1,28.33774159,113.36382607,66.085667,13
POINT2=2,28.33782944,113.36398388,66.085667,13
POINT3=3,28.33786080,113.36402379,66.085667,13
POINT4=4,28.33788838,113.36402472,66.085667,13
POINT5=5,28.33796905,113.36395204,66.085667,13
POINT6=6,28.33807799,113.36379469,66.085667,13
POINT7=7,28.33808507,113.36376843,65.786647,13
LINENUM=6
LINE1=1,2
LINE2=2,3
LINE3=3,4
LINE4=4,5
LINE5=5,6
LINE6=6,7
