CODE=30
POINTNUM=4
POINT1=1,28.78826146,113.48820891,89.739148,13
POINT2=2,28.78749439,113.48830103,89.739148,13
POINT3=3,28.78826146,113.48820891,96.951937,42
POINT4=4,28.78749439,113.48830103,96.951937,42
LINENUM=3
LINE1=1,3
LINE2=2,4
LINE3=3,4
