CODE=30
POINTNUM=6
POINT1=1,28.74722331,113.45669321,56.872814,13
POINT2=2,28.74721763,113.45682049,56.872814,13
POINT3=3,28.74718800,113.45748409,56.872814,13
POINT4=4,28.74722331,113.45669321,65.411814,42
POINT5=5,28.74721763,113.45682049,65.411814,42
POINT6=6,28.74718800,113.45748409,65.411814,42
LINENUM=5
LINE1=1,4
LINE2=2,5
LINE3=3,6
LINE4=4,5
LINE5=5,6
