CODE=32
POINTNUM=6
POINT1=1,28.41694658,113.37570313,147.669409,13
POINT2=2,28.41701348,113.37556458,147.669409,13
POINT3=3,28.41709472,113.37539633,147.669409,13
POINT4=4,28.41694658,113.37570313,156.704409,42
POINT5=5,28.41701348,113.37556458,156.704409,42
POINT6=6,28.41709472,113.37539633,156.704409,42
LINENUM=5
LINE1=1,4
LINE2=2,5
LINE3=3,6
LINE4=4,5
LINE5=5,6
