CODE=30
POINTNUM=6
POINT1=1,28.78730272,113.48826955,88.137649,13
POINT2=2,28.78756134,113.48800367,88.137649,13
POINT3=3,28.78763210,113.48793093,88.137649,13
POINT4=4,28.78730272,113.48826955,97.030649,42
POINT5=5,28.78756134,113.48800367,97.030649,42
POINT6=6,28.78763210,113.48793093,97.030649,42
LINENUM=5
LINE1=1,4
LINE2=2,5
LINE3=3,6
LINE4=4,5
LINE5=5,6
