CODE=33
POINTNUM=16
POINT1=1,28.73262578,113.45324626,106.068476,13
POINT2=2,28.73269909,113.45329655,106.068476,13
POINT3=3,28.73285005,113.45339945,106.068476,13
POINT4=4,28.73305073,113.45353572,106.068476,13
POINT5=5,28.73312110,113.45358501,106.068476,13
POINT6=6,28.73319471,113.45363658,106.068476,13
POINT7=7,28.73336490,113.45375253,106.068476,13
POINT8=8,28.73359780,113.45391286,106.068476,13
POINT9=9,28.73262578,113.45324626,149.097476,42
POINT10=10,28.73269909,113.45329655,149.097476,42
POINT11=11,28.73285005,113.45339945,149.097476,42
POINT12=12,28.73305073,113.45353572,149.097476,42
POINT13=13,28.73312110,113.45358501,149.097476,42
POINT14=14,28.73319471,113.45363658,149.097476,42
POINT15=15,28.73336490,113.45375253,149.097476,42
POINT16=16,28.73359780,113.45391286,149.097476,42
LINENUM=15
LINE1=1,9
LINE2=2,10
LINE3=3,11
LINE4=4,12
LINE5=5,13
LINE6=6,14
LINE7=7,15
LINE8=8,16
LINE9=9,10
LINE10=10,11
LINE11=11,12
LINE12=12,13
LINE13=13,14
LINE14=14,15
LINE15=15,16
