CODE=191
POINTNUM=15
POINT1=1,28.32504928,113.37271084,64.218739,13
POINT2=2,28.32503789,113.37271052,64.218739,13
POINT3=3,28.32496800,113.37269048,64.218739,13
POINT4=4,28.32487885,113.37264179,64.218739,13
POINT5=5,28.32482712,113.37257575,64.218739,13
POINT6=6,28.32485299,113.37246731,64.218739,13
POINT7=7,28.32484669,113.37240155,64.218739,13
POINT8=8,28.32482041,113.37231422,64.218739,13
POINT9=9,28.32479304,113.37225050,64.218739,13
POINT10=10,28.32479752,113.37220015,64.218739,13
POINT11=11,28.32482493,113.37215512,64.218739,13
POINT12=12,28.32484911,113.37213861,64.218739,13
POINT13=13,28.32489315,113.37215314,64.218739,13
POINT14=14,28.32497382,113.37225401,64.218739,13
POINT15=15,28.32509068,113.37240972,64.578376,13
LINENUM=14
LINE1=1,2
LINE2=2,3
LINE3=3,4
LINE4=4,5
LINE5=5,6
LINE6=6,7
LINE7=7,8
LINE8=8,9
LINE9=9,10
LINE10=10,11
LINE11=11,12
LINE12=12,13
LINE13=13,14
LINE14=14,15
