CODE=32
POINTNUM=4
POINT1=1,28.78330984,113.48312808,67.251939,13
POINT2=2,28.78298004,113.48401754,67.251939,13
POINT3=3,28.78330984,113.48312808,75.112503,42
POINT4=4,28.78298004,113.48401754,75.112503,42
LINENUM=3
LINE1=1,3
LINE2=2,4
LINE3=3,4
