CODE=201
POINTNUM=4
POINT1=1,28.63890619,113.46486658,89.021567,13
POINT2=2,28.63887170,113.46488386,89.021567,13
POINT3=3,28.63890277,113.46496325,89.021567,13
POINT4=4,28.63893704,113.46494597,89.021567,13
LINENUM=4
LINE1=1,2
LINE2=2,3
LINE3=3,4
LINE4=4,1
