CODE=201
POINTNUM=4
POINT1=1,28.49714991,113.43267254,278.220375,13
POINT2=2,28.49716531,113.43276674,278.220375,13
POINT3=3,28.49727841,113.43274269,278.220375,13
POINT4=4,28.49726258,113.43264807,278.220375,13
LINENUM=4
LINE1=1,2
LINE2=2,3
LINE3=3,4
LINE4=4,1
