CODE=32
POINTNUM=4
POINT1=1,28.45265189,113.39308679,174.886140,13
POINT2=2,28.45208961,113.39314805,174.886140,13
POINT3=3,28.45265189,113.39308679,182.054378,42
POINT4=4,28.45208961,113.39314805,182.054378,42
LINENUM=3
LINE1=1,3
LINE2=2,4
LINE3=3,4
