CODE=32
POINTNUM=6
POINT1=1,28.70282544,113.45484421,100.721583,13
POINT2=2,28.70277620,113.45501264,100.721583,13
POINT3=3,28.70268642,113.45531970,100.721583,13
POINT4=4,28.70282544,113.45484421,100.721583,42
POINT5=5,28.70277620,113.45501264,100.721583,42
POINT6=6,28.70268642,113.45531970,100.721583,42
LINENUM=5
LINE1=1,4
LINE2=2,5
LINE3=3,6
LINE4=4,5
LINE5=5,6
