CODE=31
POINTNUM=6
POINT1=1,28.63934773,113.46479458,85.977648,13
POINT2=2,28.63899463,113.46452732,85.977648,13
POINT3=3,28.63868472,113.46429291,85.977648,13
POINT4=4,28.63934773,113.46479458,94.351648,42
POINT5=5,28.63899463,113.46452732,94.351648,42
POINT6=6,28.63868472,113.46429291,94.351648,42
LINENUM=5
LINE1=1,4
LINE2=2,5
LINE3=3,6
LINE4=4,5
LINE5=5,6
