CODE=191
POINTNUM=13
POINT1=1,28.44889499,113.39102170,206.144835,13
POINT2=2,28.44894361,113.39110872,206.144835,13
POINT3=3,28.44901547,113.39135148,206.144835,13
POINT4=4,28.44905583,113.39145368,206.144835,13
POINT5=5,28.44910878,113.39156116,206.144835,13
POINT6=6,28.44914984,113.39160433,206.144835,13
POINT7=7,28.44920247,113.39157631,206.144835,13
POINT8=8,28.44924052,113.39155057,206.144835,13
POINT9=9,28.44925592,113.39147110,206.144835,13
POINT10=10,28.44922284,113.39136408,206.144835,13
POINT11=11,28.44916762,113.39126234,206.144835,13
POINT12=12,28.44908634,113.39116387,206.144835,13
POINT13=13,28.44908430,113.39113408,206.144835,13
LINENUM=12
LINE1=1,2
LINE2=2,3
LINE3=3,4
LINE4=4,5
LINE5=5,6
LINE6=6,7
LINE7=7,8
LINE8=8,9
LINE9=9,10
LINE10=10,11
LINE11=11,12
LINE12=12,13
