CODE=201
POINTNUM=4
POINT1=1,28.59275445,113.47718652,156.140145,13
POINT2=2,28.59269849,113.47718118,156.140145,13
POINT3=3,28.59269144,113.47727721,156.140145,13
POINT4=4,28.59274754,113.47728247,156.140145,13
LINENUM=4
LINE1=1,2
LINE2=2,3
LINE3=3,4
LINE4=4,1
