CODE=191
POINTNUM=2
POINT1=1,28.33808507,113.36376843,65.786647,13
POINT2=2,28.33808891,113.36375420,65.786647,13
LINENUM=1
LINE1=1,2
