CODE=191
POINTNUM=17
POINT1=1,28.35807083,113.36041406,63.170562,13
POINT2=2,28.35807056,113.36041728,63.170562,13
POINT3=3,28.35806422,113.36070624,63.170562,13
POINT4=4,28.35805835,113.36085225,63.170562,13
POINT5=5,28.35806249,113.36087904,63.170562,13
POINT6=6,28.35806785,113.36089449,63.170562,13
POINT7=7,28.35821488,113.36099836,63.170562,13
POINT8=8,28.35824488,113.36100784,63.170562,13
POINT9=9,28.35826384,113.36099593,63.170562,13
POINT10=10,28.35836075,113.36084810,63.170562,13
POINT11=11,28.35840642,113.36073426,63.170562,13
POINT12=12,28.35840361,113.36070438,63.170562,13
POINT13=13,28.35838933,113.36064073,63.170562,13
POINT14=14,28.35840012,113.36056991,63.170562,13
POINT15=15,28.35840023,113.36049600,63.170562,13
POINT16=16,28.35839699,113.36045374,63.170562,13
POINT17=17,28.35836580,113.36036454,62.667831,13
LINENUM=16
LINE1=1,2
LINE2=2,3
LINE3=3,4
LINE4=4,5
LINE5=5,6
LINE6=6,7
LINE7=7,8
LINE8=8,9
LINE9=9,10
LINE10=10,11
LINE11=11,12
LINE12=12,13
LINE13=13,14
LINE14=14,15
LINE15=15,16
LINE16=16,17
