CODE=30
POINTNUM=6
POINT1=1,28.71666993,113.45392329,108.628873,13
POINT2=2,28.71688074,113.45442793,108.628873,13
POINT3=3,28.71690161,113.45447790,108.628873,13
POINT4=4,28.71666993,113.45392329,114.842873,42
POINT5=5,28.71688074,113.45442793,114.842873,42
POINT6=6,28.71690161,113.45447790,114.842873,42
LINENUM=5
LINE1=1,4
LINE2=2,5
LINE3=3,6
LINE4=4,5
LINE5=5,6
