CODE=191
POINTNUM=4
POINT1=1,28.32553786,113.37073363,58.955865,13
POINT2=2,28.32561015,113.37078366,58.955865,13
POINT3=3,28.32565897,113.37087830,58.955865,13
POINT4=4,28.32572831,113.37107033,58.955865,13
LINENUM=3
LINE1=1,2
LINE2=2,3
LINE3=3,4
