CODE=201
POINTNUM=4
POINT1=1,28.68823723,113.45698813,111.180613,13
POINT2=2,28.68827817,113.45694608,111.180613,13
POINT3=3,28.68825108,113.45691218,111.180613,13
POINT4=4,28.68821016,113.45695431,111.180613,13
LINENUM=4
LINE1=1,2
LINE2=2,3
LINE3=3,4
LINE4=4,1
