CODE=32
POINTNUM=6
POINT1=1,28.37769677,113.36347012,72.614931,13
POINT2=2,28.37824084,113.36375469,72.614931,13
POINT3=3,28.37826426,113.36376707,72.614931,13
POINT4=4,28.37769677,113.36347012,80.552931,42
POINT5=5,28.37824084,113.36375469,80.552931,42
POINT6=6,28.37826426,113.36376707,80.552931,42
LINENUM=5
LINE1=1,4
LINE2=2,5
LINE3=3,6
LINE4=4,5
LINE5=5,6
