CODE=32
POINTNUM=6
POINT1=1,28.56246743,113.50140309,191.289780,13
POINT2=2,28.56225898,113.50119839,191.289780,13
POINT3=3,28.56218510,113.50112584,191.289780,13
POINT4=4,28.56246743,113.50140309,191.289780,42
POINT5=5,28.56225898,113.50119839,191.289780,42
POINT6=6,28.56218510,113.50112584,191.289780,42
LINENUM=5
LINE1=1,4
LINE2=2,5
LINE3=3,6
LINE4=4,5
LINE5=5,6
