CODE=201
POINTNUM=4
POINT1=1,28.70247078,113.45540973,92.560899,13
POINT2=2,28.70247772,113.45551159,92.560899,13
POINT3=3,28.70259926,113.45550095,92.560899,13
POINT4=4,28.70259232,113.45539910,92.560899,13
LINENUM=4
LINE1=1,2
LINE2=2,3
LINE3=3,4
LINE4=4,1
