CODE=30
POINTNUM=4
POINT1=1,28.66752150,113.45981716,106.527502,13
POINT2=2,28.66804821,113.46039838,106.527502,13
POINT3=3,28.66752150,113.45981716,115.959474,42
POINT4=4,28.66804821,113.46039838,115.959474,42
LINENUM=3
LINE1=1,3
LINE2=2,4
LINE3=3,4
