CODE=35
POINTNUM=8
POINT1=1,28.67965456,113.45872485,145.681303,13
POINT2=2,28.67967895,113.45842098,145.681303,13
POINT3=3,28.67968218,113.45838077,145.681303,13
POINT4=4,28.67970113,113.45814452,145.681303,13
POINT5=5,28.67965456,113.45872485,171.624303,42
POINT6=6,28.67967895,113.45842098,171.624303,42
POINT7=7,28.67968218,113.45838077,171.624303,42
POINT8=8,28.67970113,113.45814452,171.624303,42
LINENUM=7
LINE1=1,5
LINE2=2,6
LINE3=3,7
LINE4=4,8
LINE5=5,6
LINE6=6,7
LINE7=7,8
