CODE=30
POINTNUM=6
POINT1=1,28.63879225,113.46481547,86.009003,13
POINT2=2,28.63884032,113.46455148,86.009003,13
POINT3=3,28.63885628,113.46446408,86.009003,13
POINT4=4,28.63879225,113.46481547,91.761003,42
POINT5=5,28.63884032,113.46455148,91.761003,42
POINT6=6,28.63885628,113.46446408,91.761003,42
LINENUM=5
LINE1=1,4
LINE2=2,5
LINE3=3,6
LINE4=4,5
LINE5=5,6
