CODE=201
POINTNUM=6
POINT1=1,28.70240794,113.45558410,92.523436,13
POINT2=2,28.70239659,113.45557194,92.523436,13
POINT3=3,28.70234570,113.45563342,92.523436,13
POINT4=4,28.70239140,113.45568180,92.523436,13
POINT5=5,28.70247374,113.45558131,92.523436,13
POINT6=6,28.70243998,113.45554577,92.523436,13
LINENUM=6
LINE1=1,2
LINE2=2,3
LINE3=3,4
LINE4=4,5
LINE5=5,6
LINE6=6,1
