CODE=191
POINTNUM=20
POINT1=1,28.75003059,113.45933605,66.028945,13
POINT2=2,28.75002098,113.45923091,66.028945,13
POINT3=3,28.75002269,113.45914423,66.028945,13
POINT4=4,28.75002142,113.45906938,66.028945,13
POINT5=5,28.75000040,113.45900170,66.028945,13
POINT6=6,28.74999178,113.45890421,66.028945,13
POINT7=7,28.75000413,113.45884706,66.028945,13
POINT8=8,28.75003340,113.45876601,66.028945,13
POINT9=9,28.75004609,113.45861694,66.028945,13
POINT10=10,28.75005713,113.45858189,66.028945,13
POINT11=11,28.75030828,113.45854486,66.028945,13
POINT12=12,28.75029554,113.45865170,66.028945,13
POINT13=13,28.75024604,113.45878939,66.028945,13
POINT14=14,28.75024183,113.45882951,66.028945,13
POINT15=15,28.75023437,113.45887644,66.028945,13
POINT16=16,28.75025606,113.45898770,66.028945,13
POINT17=17,28.75030207,113.45908403,66.028945,13
POINT18=18,28.75032887,113.45917025,66.028945,13
POINT19=19,28.75032052,113.45922943,66.028945,13
POINT20=20,28.75029206,113.45936029,66.028945,13
LINENUM=19
LINE1=1,2
LINE2=2,3
LINE3=3,4
LINE4=4,5
LINE5=5,6
LINE6=6,7
LINE7=7,8
LINE8=8,9
LINE9=9,10
LINE10=10,11
LINE11=11,12
LINE12=12,13
LINE13=13,14
LINE14=14,15
LINE15=15,16
LINE16=16,17
LINE17=17,18
LINE18=18,19
LINE19=19,20
