CODE=201
POINTNUM=4
POINT1=1,28.40088235,113.37084052,95.862234,13
POINT2=2,28.40089052,113.37088763,95.862234,13
POINT3=3,28.40093419,113.37087748,95.862234,13
POINT4=4,28.40092550,113.37083037,95.862234,13
LINENUM=4
LINE1=1,2
LINE2=2,3
LINE3=3,4
LINE4=4,1
