CODE=201
POINTNUM=4
POINT1=1,28.33429180,113.36523502,67.159331,13
POINT2=2,28.33408675,113.36522681,67.159331,13
POINT3=3,28.33408138,113.36539966,67.159331,13
POINT4=4,28.33428644,113.36540788,67.159331,13
LINENUM=4
LINE1=1,2
LINE2=2,3
LINE3=3,4
LINE4=4,1
