CODE=201
POINTNUM=4
POINT1=1,28.51189259,113.46603247,265.214565,13
POINT2=2,28.51190841,113.46609057,265.214565,13
POINT3=3,28.51197525,113.46606722,265.214565,13
POINT4=4,28.51195941,113.46600919,265.214565,13
LINENUM=4
LINE1=1,2
LINE2=2,3
LINE3=3,4
LINE4=4,1
