CODE=191
POINTNUM=8
POINT1=1,28.32487616,113.37396977,66.597264,13
POINT2=2,28.32484898,113.37396469,66.597264,13
POINT3=3,28.32480643,113.37397297,66.597264,13
POINT4=4,28.32477138,113.37399154,66.597264,13
POINT5=5,28.32473106,113.37402915,66.597264,13
POINT6=6,28.32474149,113.37407005,66.597264,13
POINT7=7,28.32480342,113.37411623,66.597264,13
POINT8=8,28.32485065,113.37415526,66.591504,13
LINENUM=7
LINE1=1,2
LINE2=2,3
LINE3=3,4
LINE4=4,5
LINE5=5,6
LINE6=6,7
LINE7=7,8
