CODE=191
POINTNUM=15
POINT1=1,28.33236867,113.36658621,58.792807,13
POINT2=2,28.33234347,113.36662598,58.792807,13
POINT3=3,28.33228273,113.36668272,58.792807,13
POINT4=4,28.33223464,113.36671715,58.792807,13
POINT5=5,28.33220186,113.36673094,58.792807,13
POINT6=6,28.33216028,113.36672934,58.792807,13
POINT7=7,28.33208352,113.36671709,58.792807,13
POINT8=8,28.33202367,113.36672680,58.792807,13
POINT9=9,28.33200115,113.36671276,58.792807,13
POINT10=10,28.33180359,113.36637834,58.792807,13
POINT11=11,28.33180142,113.36636130,58.792807,13
POINT12=12,28.33208216,113.36622538,58.792807,13
POINT13=13,28.33210598,113.36622685,58.792807,13
POINT14=14,28.33226267,113.36641308,58.792807,13
POINT15=15,28.33236867,113.36658621,58.792807,13
LINENUM=14
LINE1=1,2
LINE2=2,3
LINE3=3,4
LINE4=4,5
LINE5=5,6
LINE6=6,7
LINE7=7,8
LINE8=8,9
LINE9=9,10
LINE10=10,11
LINE11=11,12
LINE12=12,13
LINE13=13,14
LINE14=14,15
