CODE=33
POINTNUM=14
POINT1=1,28.69953787,113.45569953,118.162181,13
POINT2=2,28.69956702,113.45564609,118.162181,13
POINT3=3,28.69962612,113.45552568,118.162181,13
POINT4=4,28.69964280,113.45549231,118.162181,13
POINT5=5,28.69968697,113.45540398,118.162181,13
POINT6=6,28.69972907,113.45531867,118.162181,13
POINT7=7,28.69977891,113.45521294,118.162181,13
POINT8=8,28.69953787,113.45569953,132.633181,42
POINT9=9,28.69956702,113.45564609,132.633181,42
POINT10=10,28.69962612,113.45552568,132.633181,42
POINT11=11,28.69964280,113.45549231,132.633181,42
POINT12=12,28.69968697,113.45540398,132.633181,42
POINT13=13,28.69972907,113.45531867,132.633181,42
POINT14=14,28.69977891,113.45521294,132.633181,42
LINENUM=13
LINE1=1,8
LINE2=2,9
LINE3=3,10
LINE4=4,11
LINE5=5,12
LINE6=6,13
LINE7=7,14
LINE8=8,9
LINE9=9,10
LINE10=10,11
LINE11=11,12
LINE12=12,13
LINE13=13,14
