CODE=32
POINTNUM=6
POINT1=1,28.63829372,113.46512896,86.639864,13
POINT2=2,28.63812950,113.46466282,86.639864,13
POINT3=3,28.63802682,113.46437147,86.639864,13
POINT4=4,28.63829372,113.46512896,102.072864,42
POINT5=5,28.63812950,113.46466282,102.072864,42
POINT6=6,28.63802682,113.46437147,102.072864,42
LINENUM=5
LINE1=1,4
LINE2=2,5
LINE3=3,6
LINE4=4,5
LINE5=5,6
