CODE=201
POINTNUM=4
POINT1=1,28.70236083,113.45543450,92.555837,13
POINT2=2,28.70237553,113.45551594,92.555837,13
POINT3=3,28.70247657,113.45549245,92.555837,13
POINT4=4,28.70246187,113.45541101,92.555837,13
LINENUM=4
LINE1=1,2
LINE2=2,3
LINE3=3,4
LINE4=4,1
