CODE=201
POINTNUM=4
POINT1=1,28.80075482,113.50410324,165.766990,13
POINT2=2,28.80068146,113.50416386,165.766990,13
POINT3=3,28.80073682,113.50425013,165.766990,13
POINT4=4,28.80081025,113.50418920,165.766990,13
LINENUM=4
LINE1=1,2
LINE2=2,3
LINE3=3,4
LINE4=4,1
