CODE=32
POINTNUM=6
POINT1=1,28.36683783,113.36199463,64.768966,13
POINT2=2,28.36708342,113.36269763,64.768966,13
POINT3=3,28.36730481,113.36333162,64.768966,13
POINT4=4,28.36683783,113.36199463,73.098966,42
POINT5=5,28.36708342,113.36269763,73.098966,42
POINT6=6,28.36730481,113.36333162,73.098966,42
LINENUM=5
LINE1=1,4
LINE2=2,5
LINE3=3,6
LINE4=4,5
LINE5=5,6
