CODE=201
POINTNUM=4
POINT1=1,28.59191234,113.47825785,160.251034,13
POINT2=2,28.59192694,113.47814723,160.251034,13
POINT3=3,28.59180500,113.47812659,160.251034,13
POINT4=4,28.59179047,113.47823733,160.251034,13
LINENUM=4
LINE1=1,2
LINE2=2,3
LINE3=3,4
LINE4=4,1
