CODE=201
POINTNUM=4
POINT1=1,28.59249967,113.47827547,157.740182,13
POINT2=2,28.59248564,113.47825236,157.740182,13
POINT3=3,28.59246660,113.47826745,157.740182,13
POINT4=4,28.59248104,113.47829057,157.740182,13
LINENUM=4
LINE1=1,2
LINE2=2,3
LINE3=3,4
LINE4=4,1
