CODE=201
POINTNUM=4
POINT1=1,28.81336311,113.51722176,97.424247,13
POINT2=2,28.81329767,113.51728461,97.424247,13
POINT3=3,28.81335426,113.51736035,97.424247,13
POINT4=4,28.81341966,113.51729722,97.424247,13
LINENUM=4
LINE1=1,2
LINE2=2,3
LINE3=3,4
LINE4=4,1
