CODE=201
POINTNUM=8
POINT1=1,28.66274232,113.46058859,108.860755,13
POINT2=2,28.66278596,113.46050249,108.860755,13
POINT3=3,28.66265656,113.46041827,108.860755,13
POINT4=4,28.66267040,113.46039105,108.860755,13
POINT5=5,28.66259261,113.46033997,108.860755,13
POINT6=6,28.66252569,113.46047129,108.860755,13
POINT7=7,28.66258092,113.46050734,108.860755,13
POINT8=8,28.66258933,113.46049043,108.860755,13
LINENUM=8
LINE1=1,2
LINE2=2,3
LINE3=3,4
LINE4=4,5
LINE5=5,6
LINE6=6,7
LINE7=7,8
LINE8=8,1
