CODE=201
POINTNUM=4
POINT1=1,28.81340409,113.51825782,95.168458,13
POINT2=2,28.81337757,113.51822711,95.168458,13
POINT3=3,28.81332156,113.51828959,95.168458,13
POINT4=4,28.81334817,113.51832030,95.168458,13
LINENUM=4
LINE1=1,2
LINE2=2,3
LINE3=3,4
LINE4=4,1
