CODE=35
POINTNUM=10
POINT1=1,28.76013040,113.46626535,92.369727,13
POINT2=2,28.76031870,113.46608701,92.369727,13
POINT3=3,28.76036002,113.46604798,92.369727,13
POINT4=4,28.76050343,113.46591303,92.369727,13
POINT5=5,28.76064005,113.46579127,92.369727,13
POINT6=6,28.76013040,113.46626535,137.572727,42
POINT7=7,28.76031870,113.46608701,137.572727,42
POINT8=8,28.76036002,113.46604798,137.572727,42
POINT9=9,28.76050343,113.46591303,137.572727,42
POINT10=10,28.76064005,113.46579127,137.572727,42
LINENUM=9
LINE1=1,6
LINE2=2,7
LINE3=3,8
LINE4=4,9
LINE5=5,10
LINE6=6,7
LINE7=7,8
LINE8=8,9
LINE9=9,10
