CODE=32
POINTNUM=6
POINT1=1,28.40175407,113.37047129,95.647827,13
POINT2=2,28.40156547,113.37065489,95.647827,13
POINT3=3,28.40146650,113.37075122,95.647827,13
POINT4=4,28.40175407,113.37047129,104.176827,42
POINT5=5,28.40156547,113.37065489,104.176827,42
POINT6=6,28.40146650,113.37075122,104.176827,42
LINENUM=5
LINE1=1,4
LINE2=2,5
LINE3=3,6
LINE4=4,5
LINE5=5,6
