CODE=201
POINTNUM=4
POINT1=1,28.81339021,113.51832478,94.722289,13
POINT2=2,28.81337686,113.51830490,94.722289,13
POINT3=3,28.81335730,113.51832191,94.722289,13
POINT4=4,28.81337077,113.51834180,94.722289,13
LINENUM=4
LINE1=1,2
LINE2=2,3
LINE3=3,4
LINE4=4,1
