CODE=201
POINTNUM=4
POINT1=1,28.63887691,113.46490945,89.673504,13
POINT2=2,28.63886797,113.46487361,89.673504,13
POINT3=3,28.63882059,113.46488899,89.673504,13
POINT4=4,28.63882972,113.46492488,89.673504,13
LINENUM=4
LINE1=1,2
LINE2=2,3
LINE3=3,4
LINE4=4,1
