CODE=191
POINTNUM=9
POINT1=1,28.32594389,113.37113187,59.116661,13
POINT2=2,28.32598153,113.37101651,59.116661,13
POINT3=3,28.32604022,113.37085442,59.116661,13
POINT4=4,28.32609073,113.37071436,59.116661,13
POINT5=5,28.32626013,113.37057832,59.116661,13
POINT6=6,28.32634934,113.37050482,59.116661,13
POINT7=7,28.32634662,113.37046935,59.116661,13
POINT8=8,28.32623874,113.37033807,59.116661,13
POINT9=9,28.32610825,113.37021238,59.042448,13
LINENUM=8
LINE1=1,2
LINE2=2,3
LINE3=3,4
LINE4=4,5
LINE5=5,6
LINE6=6,7
LINE7=7,8
LINE8=8,9
