SOLIDMODELS.NUM=1
SOLIDMODEL0=8d78a5ed-7f49-45ff-bb4c-70b1304792d8.mod
TRANSFORMMATRIX0=1.000000000,0.000000000,0.000000000,0.000000000,0.000000000,1.000000000,0.000000000,0.000000000,0.000000000,0.000000000,1.000000000,0.000000000,0.000000000,0.000000000,0.000000000,1.000000000
COLOR0=255,255,255
