SOLIDMODELS.NUM=1
SOLIDMODEL0=f6c404f2-32ef-4740-8b0c-3ab92f3cd6a6.mod
TRANSFORMMATRIX0=1.000000000,0.000000000,0.000000000,0.000000000,0.000000000,1.000000000,0.000000000,0.000000000,0.000000000,0.000000000,1.000000000,0.000000000,0.000000000,0.000000000,0.000000000,1.000000000
COLOR0=255,255,255
