SOLIDMODELS.NUM=1
SOLIDMODEL0=8a0dd25a-ac9b-4021-867b-481c55ea7490.mod
TRANSFORMMATRIX0=1.000000000,0.000000000,0.000000000,0.000000000,0.000000000,1.000000000,0.000000000,0.000000000,0.000000000,0.000000000,1.000000000,0.000000000,0.000000000,0.000000000,0.000000000,1.000000000
COLOR0=255,255,255
