SOLIDMODELS.NUM=1
SOLIDMODEL0=5943f4c3-ea68-476e-a374-d77f1365e813.mod
TRANSFORMMATRIX0=1.000000000,0.000000000,0.000000000,0.000000000,0.000000000,1.000000000,0.000000000,0.000000000,0.000000000,0.000000000,1.000000000,0.000000000,0.000000000,0.000000000,0.000000000,1.000000000
COLOR0=255,255,255
