SOLIDMODELS.NUM=1
SOLIDMODEL0=e56552ed-5c1e-44bb-86f0-6e7e2f8c9410.mod
TRANSFORMMATRIX0=1.000000000,0.000000000,0.000000000,0.000000000,0.000000000,1.000000000,0.000000000,0.000000000,0.000000000,0.000000000,1.000000000,0.000000000,0.000000000,0.000000000,0.000000000,1.000000000
COLOR0=255,255,255
