SOLIDMODELS.NUM=1
SOLIDMODEL0=dc1fb3e4-d04b-44d4-b1bd-c4d65f2846d5.stl
TRANSFORMMATRIX0=1.000000000,0.000000000,0.000000000,0.000000000,0.000000000,1.000000000,0.000000000,0.000000000,0.000000000,0.000000000,1.000000000,0.000000000,0.000000000,0.000000000,0.000000000,1.000000000
COLOR0=208,208,208
