SOLIDMODELS.NUM=1
SOLIDMODEL0=43ef2002-ee6f-4ac4-b1d4-fe4f8120f8fb.mod
TRANSFORMMATRIX0=1.000000000,0.000000000,0.000000000,0.000000000,0.000000000,1.000000000,0.000000000,0.000000000,0.000000000,0.000000000,1.000000000,0.000000000,0.000000000,0.000000000,0.000000000,1.000000000
COLOR0=255,255,255
