SOLIDMODELS.NUM=1
SOLIDMODEL0=e99ad9fc-63e0-418e-8348-c7e7d15b6493.mod
TRANSFORMMATRIX0=1.000000000,0.000000000,0.000000000,0.000000000,0.000000000,1.000000000,0.000000000,0.000000000,0.000000000,0.000000000,1.000000000,0.000000000,0.000000000,0.000000000,0.000000000,1.000000000
COLOR0=255,255,255
