SOLIDMODELS.NUM=1
SOLIDMODEL0=d0f520c3-c15f-4cc0-9a52-8ec5a99f0467.mod
TRANSFORMMATRIX0=1.000000000,0.000000000,0.000000000,0.000000000,0.000000000,1.000000000,0.000000000,0.000000000,0.000000000,0.000000000,1.000000000,0.000000000,0.000000000,0.000000000,0.000000000,1.000000000
COLOR0=255,255,255
