SOLIDMODELS.NUM=1
SOLIDMODEL0=aae20422-11e1-45f0-a2f7-3f5ed9c335c5.mod
TRANSFORMMATRIX0=1.000000000,0.000000000,0.000000000,0.000000000,0.000000000,1.000000000,0.000000000,0.000000000,0.000000000,0.000000000,1.000000000,0.000000000,0.000000000,0.000000000,0.000000000,1.000000000
COLOR0=255,255,255
