SOLIDMODELS.NUM=1
SOLIDMODEL0=416e2e25-001f-4df1-9bea-426786f358fc.stl
TRANSFORMMATRIX0=1.000000000,0.000000000,0.000000000,0.000000000,0.000000000,1.000000000,0.000000000,0.000000000,0.000000000,0.000000000,1.000000000,0.000000000,0.000000000,0.000000000,0.000000000,1.000000000
COLOR0=208,208,208
