SOLIDMODELS.NUM=1
SOLIDMODEL0=4b634888-e5d8-40e6-b8dd-8f50eb061cf7.mod
TRANSFORMMATRIX0=1.000000000,0.000000000,0.000000000,0.000000000,0.000000000,1.000000000,0.000000000,0.000000000,0.000000000,0.000000000,1.000000000,0.000000000,0.000000000,0.000000000,0.000000000,1.000000000
COLOR0=255,255,255
