SOLIDMODELS.NUM=1
SOLIDMODEL0=a1f1cb07-6b24-480f-81c1-151ed22eb954.mod
TRANSFORMMATRIX0=1.000000000,0.000000000,0.000000000,0.000000000,0.000000000,1.000000000,0.000000000,0.000000000,0.000000000,0.000000000,1.000000000,0.000000000,0.000000000,0.000000000,0.000000000,1.000000000
COLOR0=255,255,255
