SOLIDMODELS.NUM=1
SOLIDMODEL0=ab9fa8fa-76f9-4538-aed1-fdb1a5c82c82.stl
TRANSFORMMATRIX0=1.000000000,0.000000000,0.000000000,0.000000000,0.000000000,1.000000000,0.000000000,0.000000000,0.000000000,0.000000000,1.000000000,0.000000000,0.000000000,0.000000000,0.000000000,1.000000000
COLOR0=208,208,208
