SOLIDMODELS.NUM=1
SOLIDMODEL0=100909ca-8dda-4d47-b7e7-c45b9c02d62f.stl
TRANSFORMMATRIX0=1.000000000,0.000000000,0.000000000,0.000000000,0.000000000,1.000000000,0.000000000,0.000000000,0.000000000,0.000000000,1.000000000,0.000000000,0.000000000,0.000000000,0.000000000,1.000000000
COLOR0=183,128,108
