SOLIDMODELS.NUM=1
SOLIDMODEL0=6a97e48b-900c-4ff1-859e-eb4e348b86db.mod
TRANSFORMMATRIX0=1.000000000,0.000000000,0.000000000,0.000000000,0.000000000,1.000000000,0.000000000,0.000000000,0.000000000,0.000000000,1.000000000,0.000000000,0.000000000,0.000000000,0.000000000,1.000000000
COLOR0=255,255,255
