SOLIDMODELS.NUM=1
SOLIDMODEL0=e6434d73-1173-4267-90cd-02cc7e9f24b1.mod
TRANSFORMMATRIX0=1.000000000,0.000000000,0.000000000,0.000000000,0.000000000,1.000000000,0.000000000,0.000000000,0.000000000,0.000000000,1.000000000,0.000000000,0.000000000,0.000000000,0.000000000,1.000000000
COLOR0=255,255,255
