SOLIDMODELS.NUM=1
SOLIDMODEL0=b2055b53-f1b6-4777-9fbf-7f2368e68365.stl
TRANSFORMMATRIX0=1.000000000,0.000000000,0.000000000,0.000000000,0.000000000,1.000000000,0.000000000,0.000000000,0.000000000,0.000000000,1.000000000,0.000000000,0.000000000,0.000000000,0.000000000,1.000000000
COLOR0=208,208,208
