SOLIDMODELS.NUM=1
SOLIDMODEL0=372dbaba-2c41-440f-bc3a-9e4f90a1c068.mod
TRANSFORMMATRIX0=1.000000000,0.000000000,0.000000000,0.000000000,0.000000000,1.000000000,0.000000000,0.000000000,0.000000000,0.000000000,1.000000000,0.000000000,0.000000000,0.000000000,0.000000000,1.000000000
COLOR0=255,255,255
