SOLIDMODELS.NUM=1
SOLIDMODEL0=74d117d6-fd6b-4a93-8f2f-82584e91e8d8.mod
TRANSFORMMATRIX0=1.000000000,0.000000000,0.000000000,0.000000000,0.000000000,1.000000000,0.000000000,0.000000000,0.000000000,0.000000000,1.000000000,0.000000000,0.000000000,0.000000000,0.000000000,1.000000000
COLOR0=255,255,255
