SOLIDMODELS.NUM=1
SOLIDMODEL0=f324b073-c354-44cf-a0e4-0c0fa19b7236.mod
TRANSFORMMATRIX0=1.000000000,0.000000000,0.000000000,0.000000000,0.000000000,1.000000000,0.000000000,0.000000000,0.000000000,0.000000000,1.000000000,0.000000000,0.000000000,0.000000000,0.000000000,1.000000000
COLOR0=255,255,255
