SOLIDMODELS.NUM=1
SOLIDMODEL0=f5dbe6de-77f7-452f-993b-1f3f9cd0663c.mod
TRANSFORMMATRIX0=1.000000000,0.000000000,0.000000000,0.000000000,0.000000000,1.000000000,0.000000000,0.000000000,0.000000000,0.000000000,1.000000000,0.000000000,0.000000000,0.000000000,0.000000000,1.000000000
COLOR0=255,255,255
