SOLIDMODELS.NUM=1
SOLIDMODEL0=6d75f232-8c97-4bcb-934c-8899fb8017d9.stl
TRANSFORMMATRIX0=1.000000000,0.000000000,0.000000000,0.000000000,0.000000000,1.000000000,0.000000000,0.000000000,0.000000000,0.000000000,1.000000000,0.000000000,0.000000000,0.000000000,0.000000000,1.000000000
COLOR0=208,208,208
