SOLIDMODELS.NUM=1
SOLIDMODEL0=7d617036-6f37-4ffa-8060-5f67ad6b975a.stl
TRANSFORMMATRIX0=1.000000000,0.000000000,0.000000000,0.000000000,0.000000000,1.000000000,0.000000000,0.000000000,0.000000000,0.000000000,1.000000000,0.000000000,0.000000000,0.000000000,0.000000000,1.000000000
COLOR0=208,208,208
