SOLIDMODELS.NUM=1
SOLIDMODEL0=63afc8ff-34d8-43a1-8277-fdfccdbe2b0c.mod
TRANSFORMMATRIX0=1.000000000,0.000000000,0.000000000,0.000000000,0.000000000,1.000000000,0.000000000,0.000000000,0.000000000,0.000000000,1.000000000,0.000000000,0.000000000,0.000000000,0.000000000,1.000000000
COLOR0=255,255,255
