SOLIDMODELS.NUM=1
SOLIDMODEL0=d0ffc095-249e-4def-88da-feb6a1ac4b4b.stl
TRANSFORMMATRIX0=1.000000000,0.000000000,0.000000000,0.000000000,0.000000000,1.000000000,0.000000000,0.000000000,0.000000000,0.000000000,1.000000000,0.000000000,0.000000000,0.000000000,0.000000000,1.000000000
COLOR0=208,208,208
