SOLIDMODELS.NUM=1
SOLIDMODEL0=a1827cd2-f11b-4b25-bde1-15d01dbfff34.mod
TRANSFORMMATRIX0=1.000000000,0.000000000,0.000000000,0.000000000,0.000000000,1.000000000,0.000000000,0.000000000,0.000000000,0.000000000,1.000000000,0.000000000,0.000000000,0.000000000,0.000000000,1.000000000
COLOR0=255,255,255
