SOLIDMODELS.NUM=1
SOLIDMODEL0=c24cee7f-8053-4dc3-8ccd-763dead565dd.mod
TRANSFORMMATRIX0=1.000000000,0.000000000,0.000000000,0.000000000,0.000000000,1.000000000,0.000000000,0.000000000,0.000000000,0.000000000,1.000000000,0.000000000,0.000000000,0.000000000,0.000000000,1.000000000
COLOR0=255,255,255
