SOLIDMODELS.NUM=1
SOLIDMODEL0=d40ee5a6-d0ad-4979-93a7-66e845c7905f.stl
TRANSFORMMATRIX0=1.000000000,0.000000000,0.000000000,0.000000000,0.000000000,1.000000000,0.000000000,0.000000000,0.000000000,0.000000000,1.000000000,0.000000000,0.000000000,0.000000000,0.000000000,1.000000000
COLOR0=208,208,208
