SOLIDMODELS.NUM=1
SOLIDMODEL0=dd2cea6d-f0a6-433a-982f-d8dae5c88325.mod
TRANSFORMMATRIX0=1.000000000,0.000000000,0.000000000,0.000000000,0.000000000,1.000000000,0.000000000,0.000000000,0.000000000,0.000000000,1.000000000,0.000000000,0.000000000,0.000000000,0.000000000,1.000000000
COLOR0=255,255,255
