SOLIDMODELS.NUM=1
SOLIDMODEL0=5f9bbf06-d3ed-4c26-9011-744446b5c754.mod
TRANSFORMMATRIX0=1.000000000,0.000000000,0.000000000,0.000000000,0.000000000,1.000000000,0.000000000,0.000000000,0.000000000,0.000000000,1.000000000,0.000000000,0.000000000,0.000000000,0.000000000,1.000000000
COLOR0=255,255,255
