SOLIDMODELS.NUM=1
SOLIDMODEL0=5e0d02a5-dc36-42b9-a9c6-ec287fd0851d.mod
TRANSFORMMATRIX0=1.000000000,0.000000000,0.000000000,0.000000000,0.000000000,1.000000000,0.000000000,0.000000000,0.000000000,0.000000000,1.000000000,0.000000000,0.000000000,0.000000000,0.000000000,1.000000000
COLOR0=255,255,255
