SOLIDMODELS.NUM=1
SOLIDMODEL0=4052d818-f5e2-4f8b-8864-809e951ccb1f.mod
TRANSFORMMATRIX0=1.000000000,0.000000000,0.000000000,0.000000000,0.000000000,1.000000000,0.000000000,0.000000000,0.000000000,0.000000000,1.000000000,0.000000000,0.000000000,0.000000000,0.000000000,1.000000000
COLOR0=255,255,255
