SOLIDMODELS.NUM=1
SOLIDMODEL0=c9c5c632-7446-4c1d-bab1-2fcf67afb14e.stl
TRANSFORMMATRIX0=1.000000000,0.000000000,0.000000000,0.000000000,0.000000000,1.000000000,0.000000000,0.000000000,0.000000000,0.000000000,1.000000000,0.000000000,0.000000000,0.000000000,0.000000000,1.000000000
COLOR0=208,208,208
