SOLIDMODELS.NUM=2
SOLIDMODEL0=5fec3d77-a432-4fc2-a331-9b3b6641ef9a.mod
SOLIDMODEL1=c1c069c1-0940-470b-b08d-6369596d1966.mod
TRANSFORMMATRIX0=1.000000000,0.000000000,0.000000000,0.000000000,0.000000000,1.000000000,0.000000000,0.000000000,0.000000000,0.000000000,1.000000000,0.000000000,0.000000000,0.000000000,0.000000000,1.000000000
TRANSFORMMATRIX1=1.000000000,0.000000000,0.000000000,0.000000000,0.000000000,1.000000000,0.000000000,0.000000000,0.000000000,0.000000000,1.000000000,0.000000000,0.000000000,0.000000000,0.000000000,1.000000000
COLOR0=192,192,192
COLOR1=192,192,192
