SOLIDMODELS.NUM=1
SOLIDMODEL0=a1738d97-a899-4deb-88c5-9dbadf0b9d40.mod
TRANSFORMMATRIX0=1.000000000,0.000000000,0.000000000,0.000000000,0.000000000,1.000000000,0.000000000,0.000000000,0.000000000,0.000000000,1.000000000,0.000000000,0.000000000,0.000000000,0.000000000,1.000000000
COLOR0=255,255,255
