SOLIDMODELS.NUM=1
SOLIDMODEL0=bb55a6a9-7887-4bc4-8e6e-69e0da637bc2.stl
TRANSFORMMATRIX0=1.000000000,0.000000000,0.000000000,0.000000000,0.000000000,1.000000000,0.000000000,0.000000000,0.000000000,0.000000000,1.000000000,0.000000000,0.000000000,0.000000000,0.000000000,1.000000000
COLOR0=208,208,208
