SOLIDMODELS.NUM=1
SOLIDMODEL0=f0a3283d-6328-4e3b-b5db-1649e3e5f4e0.mod
TRANSFORMMATRIX0=1.000000000,0.000000000,0.000000000,0.000000000,0.000000000,1.000000000,0.000000000,0.000000000,0.000000000,0.000000000,1.000000000,0.000000000,0.000000000,0.000000000,0.000000000,1.000000000
COLOR0=255,255,255
