SOLIDMODELS.NUM=1
SOLIDMODEL0=88a5b2a3-673e-4aef-a2a1-a0ba29c6fc41.mod
TRANSFORMMATRIX0=1.000000000,0.000000000,0.000000000,0.000000000,0.000000000,1.000000000,0.000000000,0.000000000,0.000000000,0.000000000,1.000000000,0.000000000,0.000000000,0.000000000,0.000000000,1.000000000
COLOR0=255,255,255
