SOLIDMODELS.NUM=1
SOLIDMODEL0=a679c7d6-b7ce-44f9-8908-ba06b5c75b3a.mod
TRANSFORMMATRIX0=1.000000000,0.000000000,0.000000000,0.000000000,0.000000000,1.000000000,0.000000000,0.000000000,0.000000000,0.000000000,1.000000000,0.000000000,0.000000000,0.000000000,0.000000000,1.000000000
COLOR0=255,255,255
