SOLIDMODELS.NUM=1
SOLIDMODEL0=83f8a4a6-fd11-402d-8ea5-e96d0c44e8b8.stl
TRANSFORMMATRIX0=1.000000000,0.000000000,0.000000000,0.000000000,0.000000000,1.000000000,0.000000000,0.000000000,0.000000000,0.000000000,1.000000000,0.000000000,0.000000000,0.000000000,0.000000000,1.000000000
COLOR0=183,128,108
