SOLIDMODELS.NUM=1
SOLIDMODEL0=439ed712-1933-4ce0-92d3-b89ef57dfe88.mod
TRANSFORMMATRIX0=1.000000000,0.000000000,0.000000000,0.000000000,0.000000000,1.000000000,0.000000000,0.000000000,0.000000000,0.000000000,1.000000000,0.000000000,0.000000000,0.000000000,0.000000000,1.000000000
COLOR0=255,255,255
