SOLIDMODELS.NUM=1
SOLIDMODEL0=a8cdd180-fa59-4640-ac1e-fb4183b3d761.mod
TRANSFORMMATRIX0=1.000000000,0.000000000,0.000000000,0.000000000,0.000000000,1.000000000,0.000000000,0.000000000,0.000000000,0.000000000,1.000000000,0.000000000,0.000000000,0.000000000,0.000000000,1.000000000
COLOR0=255,255,255
