SOLIDMODELS.NUM=1
SOLIDMODEL0=eeb4067d-7729-4b63-90ac-eaa5249eaa6c.mod
TRANSFORMMATRIX0=1.000000000,0.000000000,0.000000000,0.000000000,0.000000000,1.000000000,0.000000000,0.000000000,0.000000000,0.000000000,1.000000000,0.000000000,0.000000000,0.000000000,0.000000000,1.000000000
COLOR0=255,255,255
