SOLIDMODELS.NUM=1
SOLIDMODEL0=9808ed6e-6323-4702-831c-a9d7b9f95e38.stl
TRANSFORMMATRIX0=1.000000000,0.000000000,0.000000000,0.000000000,0.000000000,1.000000000,0.000000000,0.000000000,0.000000000,0.000000000,1.000000000,0.000000000,0.000000000,0.000000000,0.000000000,1.000000000
COLOR0=208,208,208
