SOLIDMODELS.NUM=1
SOLIDMODEL0=6a8d5401-5ee4-4409-9285-94ad43d5f818.mod
TRANSFORMMATRIX0=1.000000000,0.000000000,0.000000000,0.000000000,0.000000000,1.000000000,0.000000000,0.000000000,0.000000000,0.000000000,1.000000000,0.000000000,0.000000000,0.000000000,0.000000000,1.000000000
COLOR0=255,255,255
