SOLIDMODELS.NUM=1
SOLIDMODEL0=7852803e-ef44-4ef9-93e2-35c832c23e3f.mod
TRANSFORMMATRIX0=1.000000000,0.000000000,0.000000000,0.000000000,0.000000000,1.000000000,0.000000000,0.000000000,0.000000000,0.000000000,1.000000000,0.000000000,0.000000000,0.000000000,0.000000000,1.000000000
COLOR0=255,255,255
