SOLIDMODELS.NUM=1
SOLIDMODEL0=7e56522e-5ba3-4389-9fe8-5fd59e120eb6.mod
TRANSFORMMATRIX0=1.000000000,0.000000000,0.000000000,0.000000000,0.000000000,1.000000000,0.000000000,0.000000000,0.000000000,0.000000000,1.000000000,0.000000000,0.000000000,0.000000000,0.000000000,1.000000000
COLOR0=255,255,255
