SOLIDMODELS.NUM=1
SOLIDMODEL0=c8eaaa9b-902a-4891-85ad-ff07d41e4cc6.mod
TRANSFORMMATRIX0=1.000000000,0.000000000,0.000000000,0.000000000,0.000000000,1.000000000,0.000000000,0.000000000,0.000000000,0.000000000,1.000000000,0.000000000,0.000000000,0.000000000,0.000000000,1.000000000
COLOR0=255,255,255
