SOLIDMODELS.NUM=1
SOLIDMODEL0=2f6671a1-ed9b-4e83-96d9-15457ee64cf4.stl
TRANSFORMMATRIX0=1.000000000,0.000000000,0.000000000,0.000000000,0.000000000,1.000000000,0.000000000,0.000000000,0.000000000,0.000000000,1.000000000,0.000000000,0.000000000,0.000000000,0.000000000,1.000000000
COLOR0=208,208,208
