SOLIDMODELS.NUM=1
SOLIDMODEL0=f400fc2e-36c4-4a0c-9301-abfcfcc4e2cc.mod
TRANSFORMMATRIX0=1.000000000,0.000000000,0.000000000,0.000000000,0.000000000,1.000000000,0.000000000,0.000000000,0.000000000,0.000000000,1.000000000,0.000000000,0.000000000,0.000000000,0.000000000,1.000000000
COLOR0=255,255,255
