SOLIDMODELS.NUM=1
SOLIDMODEL0=379d269d-3ff2-494d-9efd-fe23b4a8ad58.mod
TRANSFORMMATRIX0=1.000000000,0.000000000,0.000000000,0.000000000,0.000000000,1.000000000,0.000000000,0.000000000,0.000000000,0.000000000,1.000000000,0.000000000,0.000000000,0.000000000,0.000000000,1.000000000
COLOR0=255,255,255
