SOLIDMODELS.NUM=1
SOLIDMODEL0=0f6ca3e4-08e0-44ec-b66c-2c667ca82b9a.stl
TRANSFORMMATRIX0=1.000000000,0.000000000,0.000000000,0.000000000,0.000000000,1.000000000,0.000000000,0.000000000,0.000000000,0.000000000,1.000000000,0.000000000,0.000000000,0.000000000,0.000000000,1.000000000
COLOR0=208,208,208
