SOLIDMODELS.NUM=1
SOLIDMODEL0=79f06cf6-b358-4dd5-8bd3-e83c19f9acfd.stl
TRANSFORMMATRIX0=1.000000000,0.000000000,0.000000000,0.000000000,0.000000000,1.000000000,0.000000000,0.000000000,0.000000000,0.000000000,1.000000000,0.000000000,0.000000000,0.000000000,0.000000000,1.000000000
COLOR0=208,208,208
