SOLIDMODELS.NUM=1
SOLIDMODEL0=3349eba3-c017-4abf-8b76-d3486b20fc3b.mod
TRANSFORMMATRIX0=1.000000000,0.000000000,0.000000000,0.000000000,0.000000000,1.000000000,0.000000000,0.000000000,0.000000000,0.000000000,1.000000000,0.000000000,0.000000000,0.000000000,0.000000000,1.000000000
COLOR0=255,255,255
