SOLIDMODELS.NUM=1
SOLIDMODEL0=b590a8fc-791c-4d1c-8cdf-07764ae2f942.mod
TRANSFORMMATRIX0=1.000000000,0.000000000,0.000000000,0.000000000,0.000000000,1.000000000,0.000000000,0.000000000,0.000000000,0.000000000,1.000000000,0.000000000,0.000000000,0.000000000,0.000000000,1.000000000
COLOR0=255,255,255
