SOLIDMODELS.NUM=1
SOLIDMODEL0=03b5c966-e0d8-46ec-a0b2-52ee3f93898b.stl
TRANSFORMMATRIX0=1.000000000,0.000000000,0.000000000,0.000000000,0.000000000,1.000000000,0.000000000,0.000000000,0.000000000,0.000000000,1.000000000,0.000000000,0.000000000,0.000000000,0.000000000,1.000000000
COLOR0=208,208,208
