SOLIDMODELS.NUM=1
SOLIDMODEL0=72b5641f-0b26-4cef-aca8-4a4d4720f6a3.mod
TRANSFORMMATRIX0=1.000000000,0.000000000,0.000000000,0.000000000,0.000000000,1.000000000,0.000000000,0.000000000,0.000000000,0.000000000,1.000000000,0.000000000,0.000000000,0.000000000,0.000000000,1.000000000
COLOR0=255,255,255
