SOLIDMODELS.NUM=1
SOLIDMODEL0=3ef193cf-06e6-41bf-8a75-9fcc7074cb86.mod
TRANSFORMMATRIX0=1.000000000,0.000000000,0.000000000,0.000000000,0.000000000,1.000000000,0.000000000,0.000000000,0.000000000,0.000000000,1.000000000,0.000000000,0.000000000,0.000000000,0.000000000,1.000000000
COLOR0=255,255,255
