SOLIDMODELS.NUM=1
SOLIDMODEL0=d1be94a5-e730-4c73-ac35-994f5ffa87c2.mod
TRANSFORMMATRIX0=1.000000000,0.000000000,0.000000000,0.000000000,0.000000000,1.000000000,0.000000000,0.000000000,0.000000000,0.000000000,1.000000000,0.000000000,0.000000000,0.000000000,0.000000000,1.000000000
COLOR0=255,255,255
