SOLIDMODELS.NUM=1
SOLIDMODEL0=6b6d6429-5bd1-4bb0-9e6a-8506a0e85ab9.mod
TRANSFORMMATRIX0=1.000000000,0.000000000,0.000000000,0.000000000,0.000000000,1.000000000,0.000000000,0.000000000,0.000000000,0.000000000,1.000000000,0.000000000,0.000000000,0.000000000,0.000000000,1.000000000
COLOR0=255,255,255
