SOLIDMODELS.NUM=1
SOLIDMODEL0=79dd3b08-f537-4f1a-a76a-993d7d69f0cf.stl
TRANSFORMMATRIX0=1.000000000,0.000000000,0.000000000,0.000000000,0.000000000,1.000000000,0.000000000,0.000000000,0.000000000,0.000000000,1.000000000,0.000000000,0.000000000,0.000000000,0.000000000,1.000000000
COLOR0=208,208,208
