SOLIDMODELS.NUM=1
SOLIDMODEL0=731b45ae-dc87-4100-9a25-32d2fb80f87b.mod
TRANSFORMMATRIX0=1.000000000,0.000000000,0.000000000,0.000000000,0.000000000,1.000000000,0.000000000,0.000000000,0.000000000,0.000000000,1.000000000,0.000000000,0.000000000,0.000000000,0.000000000,1.000000000
COLOR0=255,255,255
