SOLIDMODELS.NUM=1
SOLIDMODEL0=e05df056-0db0-4b1b-b883-42501ed0cd8d.mod
TRANSFORMMATRIX0=1.000000000,0.000000000,0.000000000,0.000000000,0.000000000,1.000000000,0.000000000,0.000000000,0.000000000,0.000000000,1.000000000,0.000000000,0.000000000,0.000000000,0.000000000,1.000000000
COLOR0=255,255,255
