SOLIDMODELS.NUM=1
SOLIDMODEL0=1b907225-5f8d-4702-8d65-f63db88952f2.mod
TRANSFORMMATRIX0=1.000000000,0.000000000,0.000000000,0.000000000,0.000000000,1.000000000,0.000000000,0.000000000,0.000000000,0.000000000,1.000000000,0.000000000,0.000000000,0.000000000,0.000000000,1.000000000
COLOR0=255,255,255
