SOLIDMODELS.NUM=1
SOLIDMODEL0=fc9543f4-a3ad-4748-b8aa-d63ae0b447ad.mod
TRANSFORMMATRIX0=1.000000000,0.000000000,0.000000000,0.000000000,0.000000000,1.000000000,0.000000000,0.000000000,0.000000000,0.000000000,1.000000000,0.000000000,0.000000000,0.000000000,0.000000000,1.000000000
COLOR0=255,255,255
