SOLIDMODELS.NUM=1
SOLIDMODEL0=e7e7fa61-3bae-409b-9f0c-3c23bed3609e.mod
TRANSFORMMATRIX0=1.000000000,0.000000000,0.000000000,0.000000000,0.000000000,1.000000000,0.000000000,0.000000000,0.000000000,0.000000000,1.000000000,0.000000000,0.000000000,0.000000000,0.000000000,1.000000000
COLOR0=255,255,255
