SOLIDMODELS.NUM=1
SOLIDMODEL0=7080e462-7c9e-46e7-8a69-3b115f0a7d4f.mod
TRANSFORMMATRIX0=1.000000000,0.000000000,0.000000000,0.000000000,0.000000000,1.000000000,0.000000000,0.000000000,0.000000000,0.000000000,1.000000000,0.000000000,0.000000000,0.000000000,0.000000000,1.000000000
COLOR0=255,255,255
