SOLIDMODELS.NUM=1
SOLIDMODEL0=96caa907-bcf9-4e3c-b8a6-a0043527c837.stl
TRANSFORMMATRIX0=1.000000000,0.000000000,0.000000000,0.000000000,0.000000000,1.000000000,0.000000000,0.000000000,0.000000000,0.000000000,1.000000000,0.000000000,0.000000000,0.000000000,0.000000000,1.000000000
COLOR0=208,208,208
