SOLIDMODELS.NUM=2
SOLIDMODEL0=9c87e2fb-6679-448a-8ba0-441c7ef74cc2.mod
SOLIDMODEL1=22e23025-145d-44ef-b57c-f378cb97aba2.mod
TRANSFORMMATRIX0=1.000000000,0.000000000,0.000000000,0.000000000,0.000000000,1.000000000,0.000000000,0.000000000,0.000000000,0.000000000,1.000000000,0.000000000,0.000000000,0.000000000,0.000000000,1.000000000
TRANSFORMMATRIX1=1.000000000,0.000000000,0.000000000,0.000000000,0.000000000,1.000000000,0.000000000,0.000000000,0.000000000,0.000000000,1.000000000,0.000000000,0.000000000,0.000000000,0.000000000,1.000000000
COLOR0=192,192,192
COLOR1=192,192,192
