SOLIDMODELS.NUM=1
SOLIDMODEL0=f0d60dd7-6cb0-4e42-a0c1-250227b14584.mod
TRANSFORMMATRIX0=1.000000000,0.000000000,0.000000000,0.000000000,0.000000000,1.000000000,0.000000000,0.000000000,0.000000000,0.000000000,1.000000000,0.000000000,0.000000000,0.000000000,0.000000000,1.000000000
COLOR0=255,255,255
