SOLIDMODELS.NUM=1
SOLIDMODEL0=fee00847-2a2c-4be6-9b8f-8bc7c33709e9.mod
TRANSFORMMATRIX0=1.000000000,0.000000000,0.000000000,0.000000000,0.000000000,1.000000000,0.000000000,0.000000000,0.000000000,0.000000000,1.000000000,0.000000000,0.000000000,0.000000000,0.000000000,1.000000000
COLOR0=255,255,255
