SOLIDMODELS.NUM=1
SOLIDMODEL0=40ffb9cb-2610-462e-9d37-11f6808b16ba.stl
TRANSFORMMATRIX0=1.000000000,0.000000000,0.000000000,0.000000000,0.000000000,1.000000000,0.000000000,0.000000000,0.000000000,0.000000000,1.000000000,0.000000000,0.000000000,0.000000000,0.000000000,1.000000000
COLOR0=183,128,108
