SOLIDMODELS.NUM=1
SOLIDMODEL0=a25c68f8-4ecc-41e2-aa6a-5284e39c9b72.mod
TRANSFORMMATRIX0=1.000000000,0.000000000,0.000000000,0.000000000,0.000000000,1.000000000,0.000000000,0.000000000,0.000000000,0.000000000,1.000000000,0.000000000,0.000000000,0.000000000,0.000000000,1.000000000
COLOR0=255,255,255
