SOLIDMODELS.NUM=1
SOLIDMODEL0=4b59219e-a883-49ce-bebf-b6a5fcff60cb.mod
TRANSFORMMATRIX0=1.000000000,0.000000000,0.000000000,0.000000000,0.000000000,1.000000000,0.000000000,0.000000000,0.000000000,0.000000000,1.000000000,0.000000000,0.000000000,0.000000000,0.000000000,1.000000000
COLOR0=255,255,255
