SOLIDMODELS.NUM=1
SOLIDMODEL0=0aa99cd2-dccc-4bcb-846e-d1f29f764fcc.stl
TRANSFORMMATRIX0=1.000000000,0.000000000,0.000000000,0.000000000,0.000000000,1.000000000,0.000000000,0.000000000,0.000000000,0.000000000,1.000000000,0.000000000,0.000000000,0.000000000,0.000000000,1.000000000
COLOR0=208,208,208
