SOLIDMODELS.NUM=1
SOLIDMODEL0=918cefd8-ef2c-4ae8-9378-23ea1647f6b4.stl
TRANSFORMMATRIX0=1.000000000,0.000000000,0.000000000,0.000000000,0.000000000,1.000000000,0.000000000,0.000000000,0.000000000,0.000000000,1.000000000,0.000000000,0.000000000,0.000000000,0.000000000,1.000000000
COLOR0=208,208,208
