SOLIDMODELS.NUM=1
SOLIDMODEL0=dea3cc3c-cc8a-492a-adf8-02323d49294c.mod
TRANSFORMMATRIX0=1.000000000,0.000000000,0.000000000,0.000000000,0.000000000,1.000000000,0.000000000,0.000000000,0.000000000,0.000000000,1.000000000,0.000000000,0.000000000,0.000000000,0.000000000,1.000000000
COLOR0=255,255,255
