SOLIDMODELS.NUM=1
SOLIDMODEL0=80dc4b76-9ec5-4190-abce-c6ec03f13d2e.stl
TRANSFORMMATRIX0=1.000000000,0.000000000,0.000000000,0.000000000,0.000000000,1.000000000,0.000000000,0.000000000,0.000000000,0.000000000,1.000000000,0.000000000,0.000000000,0.000000000,0.000000000,1.000000000
COLOR0=208,208,208
