SOLIDMODELS.NUM=2
SOLIDMODEL0=f6c644d9-7f65-490e-9625-638cc41b68a5.mod
SOLIDMODEL1=ee8d7f50-d78f-4f9e-8f15-51676f1c2d78.mod
TRANSFORMMATRIX0=1.000000000,0.000000000,0.000000000,0.000000000,0.000000000,1.000000000,0.000000000,0.000000000,0.000000000,0.000000000,1.000000000,0.000000000,0.000000000,0.000000000,0.000000000,1.000000000
TRANSFORMMATRIX1=1.000000000,0.000000000,0.000000000,0.000000000,0.000000000,1.000000000,0.000000000,0.000000000,0.000000000,0.000000000,1.000000000,0.000000000,0.000000000,0.000000000,0.000000000,1.000000000
COLOR0=192,192,192
COLOR1=192,192,192
