SOLIDMODELS.NUM=1
SOLIDMODEL0=cfd8d48d-4c16-4648-94a9-39588e4dda2a.mod
TRANSFORMMATRIX0=1.000000000,0.000000000,0.000000000,0.000000000,0.000000000,1.000000000,0.000000000,0.000000000,0.000000000,0.000000000,1.000000000,0.000000000,0.000000000,0.000000000,0.000000000,1.000000000
COLOR0=255,255,255
