SOLIDMODELS.NUM=1
SOLIDMODEL0=000be54e-3008-4d47-9a2a-f0b457ef8bc0.mod
TRANSFORMMATRIX0=1.000000000,0.000000000,0.000000000,0.000000000,0.000000000,1.000000000,0.000000000,0.000000000,0.000000000,0.000000000,1.000000000,0.000000000,0.000000000,0.000000000,0.000000000,1.000000000
COLOR0=255,255,255
