SOLIDMODELS.NUM=1
SOLIDMODEL0=43a80ccb-e44e-4730-b3dc-d581fa429c6e.mod
TRANSFORMMATRIX0=1.000000000,0.000000000,0.000000000,0.000000000,0.000000000,1.000000000,0.000000000,0.000000000,0.000000000,0.000000000,1.000000000,0.000000000,0.000000000,0.000000000,0.000000000,1.000000000
COLOR0=255,255,255
