SOLIDMODELS.NUM=1
SOLIDMODEL0=fc7108cb-6dd6-4418-9a52-3b3f8663639c.mod
TRANSFORMMATRIX0=1.000000000,0.000000000,0.000000000,0.000000000,0.000000000,1.000000000,0.000000000,0.000000000,0.000000000,0.000000000,1.000000000,0.000000000,0.000000000,0.000000000,0.000000000,1.000000000
COLOR0=255,255,255
