SOLIDMODELS.NUM=2
SOLIDMODEL0=7fab469f-4e8c-4298-92fc-21a9fb0b042d.mod
SOLIDMODEL1=e22261ca-3fbc-406b-98a6-d19fa5a89912.mod
TRANSFORMMATRIX0=1.000000000,0.000000000,0.000000000,0.000000000,0.000000000,1.000000000,0.000000000,0.000000000,0.000000000,0.000000000,1.000000000,0.000000000,0.000000000,0.000000000,0.000000000,1.000000000
TRANSFORMMATRIX1=1.000000000,0.000000000,0.000000000,0.000000000,0.000000000,1.000000000,0.000000000,0.000000000,0.000000000,0.000000000,1.000000000,0.000000000,0.000000000,0.000000000,0.000000000,1.000000000
COLOR0=192,192,192
COLOR1=192,192,192
