SOLIDMODELS.NUM=1
SOLIDMODEL0=c11b39d7-bf81-4731-99a2-4e46c4a87f52.mod
TRANSFORMMATRIX0=1.000000000,0.000000000,0.000000000,0.000000000,0.000000000,1.000000000,0.000000000,0.000000000,0.000000000,0.000000000,1.000000000,0.000000000,0.000000000,0.000000000,0.000000000,1.000000000
COLOR0=255,255,255
