SOLIDMODELS.NUM=1
SOLIDMODEL0=49f494d7-0aec-4f4b-ba55-a954df03dc45.stl
TRANSFORMMATRIX0=1.000000000,0.000000000,0.000000000,0.000000000,0.000000000,1.000000000,0.000000000,0.000000000,0.000000000,0.000000000,1.000000000,0.000000000,0.000000000,0.000000000,0.000000000,1.000000000
COLOR0=208,208,208
