SOLIDMODELS.NUM=1
SOLIDMODEL0=069c29c2-7c22-4669-8af1-c446e6f5aac1.mod
TRANSFORMMATRIX0=1.000000000,0.000000000,0.000000000,0.000000000,0.000000000,1.000000000,0.000000000,0.000000000,0.000000000,0.000000000,1.000000000,0.000000000,0.000000000,0.000000000,0.000000000,1.000000000
COLOR0=255,255,255
