SOLIDMODELS.NUM=1
SOLIDMODEL0=b3c351d5-bdf0-4767-8324-1e7c6ce5ca2a.mod
TRANSFORMMATRIX0=1.000000000,0.000000000,0.000000000,0.000000000,0.000000000,1.000000000,0.000000000,0.000000000,0.000000000,0.000000000,1.000000000,0.000000000,0.000000000,0.000000000,0.000000000,1.000000000
COLOR0=255,255,255
