SOLIDMODELS.NUM=1
SOLIDMODEL0=2f71a439-a634-433e-8e14-9d03ec2f84fa.stl
TRANSFORMMATRIX0=1.000000000,0.000000000,0.000000000,0.000000000,0.000000000,1.000000000,0.000000000,0.000000000,0.000000000,0.000000000,1.000000000,0.000000000,0.000000000,0.000000000,0.000000000,1.000000000
COLOR0=208,208,208
