SOLIDMODELS.NUM=1
SOLIDMODEL0=b0181530-dda3-42b4-9dfd-a6188dc807c8.mod
TRANSFORMMATRIX0=1.000000000,0.000000000,0.000000000,0.000000000,0.000000000,1.000000000,0.000000000,0.000000000,0.000000000,0.000000000,1.000000000,0.000000000,0.000000000,0.000000000,0.000000000,1.000000000
COLOR0=255,255,255
