SOLIDMODELS.NUM=1
SOLIDMODEL0=26e20abb-644c-4f5b-8917-1911e5bf9cb6.mod
TRANSFORMMATRIX0=1.000000000,0.000000000,0.000000000,0.000000000,0.000000000,1.000000000,0.000000000,0.000000000,0.000000000,0.000000000,1.000000000,0.000000000,0.000000000,0.000000000,0.000000000,1.000000000
COLOR0=255,255,255
