SOLIDMODELS.NUM=1
SOLIDMODEL0=943e4dd2-7739-48a1-90bb-37ef6f4ab791.mod
TRANSFORMMATRIX0=1.000000000,0.000000000,0.000000000,0.000000000,0.000000000,1.000000000,0.000000000,0.000000000,0.000000000,0.000000000,1.000000000,0.000000000,0.000000000,0.000000000,0.000000000,1.000000000
COLOR0=255,255,255
