SOLIDMODELS.NUM=1
SOLIDMODEL0=7d06a559-380a-4aad-ac51-cce94fa0bcd9.mod
TRANSFORMMATRIX0=1.000000000,0.000000000,0.000000000,0.000000000,0.000000000,1.000000000,0.000000000,0.000000000,0.000000000,0.000000000,1.000000000,0.000000000,0.000000000,0.000000000,0.000000000,1.000000000
COLOR0=255,255,255
