SOLIDMODELS.NUM=1
SOLIDMODEL0=1f7754d5-baf4-4ad3-aec3-9db40bed72b7.mod
TRANSFORMMATRIX0=1.000000000,0.000000000,0.000000000,0.000000000,0.000000000,1.000000000,0.000000000,0.000000000,0.000000000,0.000000000,1.000000000,0.000000000,0.000000000,0.000000000,0.000000000,1.000000000
COLOR0=255,255,255
