SOLIDMODELS.NUM=1
SOLIDMODEL0=8b7770ff-dc8d-4683-ba1a-630b6ac96850.stl
TRANSFORMMATRIX0=1.000000000,0.000000000,0.000000000,0.000000000,0.000000000,1.000000000,0.000000000,0.000000000,0.000000000,0.000000000,1.000000000,0.000000000,0.000000000,0.000000000,0.000000000,1.000000000
COLOR0=208,208,208
