SOLIDMODELS.NUM=1
SOLIDMODEL0=3f733011-bfd8-4fde-9228-d60a16e3f6ff.mod
TRANSFORMMATRIX0=1.000000000,0.000000000,0.000000000,0.000000000,0.000000000,1.000000000,0.000000000,0.000000000,0.000000000,0.000000000,1.000000000,0.000000000,0.000000000,0.000000000,0.000000000,1.000000000
COLOR0=255,255,255
