SOLIDMODELS.NUM=1
SOLIDMODEL0=908b5e3c-1fea-4f4a-a990-9de3fd6ef0d0.mod
TRANSFORMMATRIX0=1.000000000,0.000000000,0.000000000,0.000000000,0.000000000,1.000000000,0.000000000,0.000000000,0.000000000,0.000000000,1.000000000,0.000000000,0.000000000,0.000000000,0.000000000,1.000000000
COLOR0=255,255,255
