SOLIDMODELS.NUM=1
SOLIDMODEL0=05a5b69e-84e2-4601-909e-317fc9cdcdfb.mod
TRANSFORMMATRIX0=1.000000000,0.000000000,0.000000000,0.000000000,0.000000000,1.000000000,0.000000000,0.000000000,0.000000000,0.000000000,1.000000000,0.000000000,0.000000000,0.000000000,0.000000000,1.000000000
COLOR0=255,255,255
