SOLIDMODELS.NUM=1
SOLIDMODEL0=eea6d8c2-a2b1-4756-a304-2ce5f1794496.mod
TRANSFORMMATRIX0=1.000000000,0.000000000,0.000000000,0.000000000,0.000000000,1.000000000,0.000000000,0.000000000,0.000000000,0.000000000,1.000000000,0.000000000,0.000000000,0.000000000,0.000000000,1.000000000
COLOR0=255,255,255
