SOLIDMODELS.NUM=1
SOLIDMODEL0=5f55a418-1e1d-4436-8ab4-9ab3f1ff0fe9.mod
TRANSFORMMATRIX0=1.000000000,0.000000000,0.000000000,0.000000000,0.000000000,1.000000000,0.000000000,0.000000000,0.000000000,0.000000000,1.000000000,0.000000000,0.000000000,0.000000000,0.000000000,1.000000000
COLOR0=255,255,255
