SOLIDMODELS.NUM=1
SOLIDMODEL0=f6ee46c0-e213-45d2-876e-64c3f167e90e.mod
TRANSFORMMATRIX0=1.000000000,0.000000000,0.000000000,0.000000000,0.000000000,1.000000000,0.000000000,0.000000000,0.000000000,0.000000000,1.000000000,0.000000000,0.000000000,0.000000000,0.000000000,1.000000000
COLOR0=255,255,255
