SOLIDMODELS.NUM=1
SOLIDMODEL0=bc91a0e5-46d8-496e-bf4c-f40464868d50.mod
TRANSFORMMATRIX0=1.000000000,0.000000000,0.000000000,0.000000000,0.000000000,1.000000000,0.000000000,0.000000000,0.000000000,0.000000000,1.000000000,0.000000000,0.000000000,0.000000000,0.000000000,1.000000000
COLOR0=255,255,255
