SOLIDMODELS.NUM=1
SOLIDMODEL0=ff13e8ba-7bbd-414b-8fb9-9a23fddb0001.mod
TRANSFORMMATRIX0=1.000000000,0.000000000,0.000000000,0.000000000,0.000000000,1.000000000,0.000000000,0.000000000,0.000000000,0.000000000,1.000000000,0.000000000,0.000000000,0.000000000,0.000000000,1.000000000
COLOR0=255,255,255
