SOLIDMODELS.NUM=2
SOLIDMODEL0=f803ff35-6911-4eb9-bf49-c120c3366612.mod
SOLIDMODEL1=3b37d964-19e4-4d1f-8637-e6d272e2342a.mod
TRANSFORMMATRIX0=1.000000000,0.000000000,0.000000000,0.000000000,0.000000000,1.000000000,0.000000000,0.000000000,0.000000000,0.000000000,1.000000000,0.000000000,0.000000000,0.000000000,0.000000000,1.000000000
TRANSFORMMATRIX1=1.000000000,0.000000000,0.000000000,0.000000000,0.000000000,1.000000000,0.000000000,0.000000000,0.000000000,0.000000000,1.000000000,0.000000000,0.000000000,0.000000000,0.000000000,1.000000000
COLOR0=192,192,192
COLOR1=192,192,192
