SOLIDMODELS.NUM=1
SOLIDMODEL0=6c6140e5-cf2d-4e42-ad21-a105f128f1ed.mod
TRANSFORMMATRIX0=1.000000000,0.000000000,0.000000000,0.000000000,0.000000000,1.000000000,0.000000000,0.000000000,0.000000000,0.000000000,1.000000000,0.000000000,0.000000000,0.000000000,0.000000000,1.000000000
COLOR0=255,255,255
