SOLIDMODELS.NUM=1
SOLIDMODEL0=aa1f7138-2f4c-46d6-a13d-4fc1e2a13e9d.mod
TRANSFORMMATRIX0=1.000000000,0.000000000,0.000000000,0.000000000,0.000000000,1.000000000,0.000000000,0.000000000,0.000000000,0.000000000,1.000000000,0.000000000,0.000000000,0.000000000,0.000000000,1.000000000
COLOR0=255,255,255
