SOLIDMODELS.NUM=1
SOLIDMODEL0=8406cc0e-978a-4d06-ae42-fab2d4893a5f.stl
TRANSFORMMATRIX0=1.000000000,0.000000000,0.000000000,0.000000000,0.000000000,1.000000000,0.000000000,0.000000000,0.000000000,0.000000000,1.000000000,0.000000000,0.000000000,0.000000000,0.000000000,1.000000000
COLOR0=208,208,208
