SOLIDMODELS.NUM=1
SOLIDMODEL0=5a7a2a98-ec4a-45f3-ab03-154488a49726.mod
TRANSFORMMATRIX0=1.000000000,0.000000000,0.000000000,0.000000000,0.000000000,1.000000000,0.000000000,0.000000000,0.000000000,0.000000000,1.000000000,0.000000000,0.000000000,0.000000000,0.000000000,1.000000000
COLOR0=255,255,255
