SOLIDMODELS.NUM=1
SOLIDMODEL0=3a0027c8-77c4-4b49-87c1-c48ed9073715.mod
TRANSFORMMATRIX0=1.000000000,0.000000000,0.000000000,0.000000000,0.000000000,1.000000000,0.000000000,0.000000000,0.000000000,0.000000000,1.000000000,0.000000000,0.000000000,0.000000000,0.000000000,1.000000000
COLOR0=255,255,255
