SOLIDMODELS.NUM=1
SOLIDMODEL0=596dff14-41ad-44e7-bb99-9ef7f5ab2b76.mod
TRANSFORMMATRIX0=1.000000000,0.000000000,0.000000000,0.000000000,0.000000000,1.000000000,0.000000000,0.000000000,0.000000000,0.000000000,1.000000000,0.000000000,0.000000000,0.000000000,0.000000000,1.000000000
COLOR0=255,255,255
