SOLIDMODELS.NUM=1
SOLIDMODEL0=146f30fd-64ae-498b-9fb5-4ba21e696c97.stl
TRANSFORMMATRIX0=1.000000000,0.000000000,0.000000000,0.000000000,0.000000000,1.000000000,0.000000000,0.000000000,0.000000000,0.000000000,1.000000000,0.000000000,0.000000000,0.000000000,0.000000000,1.000000000
COLOR0=208,208,208
