SOLIDMODELS.NUM=1
SOLIDMODEL0=de498a7f-5dc2-45fe-ba05-b85da46bc698.stl
TRANSFORMMATRIX0=1.000000000,0.000000000,0.000000000,0.000000000,0.000000000,1.000000000,0.000000000,0.000000000,0.000000000,0.000000000,1.000000000,0.000000000,0.000000000,0.000000000,0.000000000,1.000000000
COLOR0=208,208,208
