SOLIDMODELS.NUM=1
SOLIDMODEL0=46ced26b-62de-44b7-9db2-4bfe63b479e0.stl
TRANSFORMMATRIX0=1.000000000,0.000000000,0.000000000,0.000000000,0.000000000,1.000000000,0.000000000,0.000000000,0.000000000,0.000000000,1.000000000,0.000000000,0.000000000,0.000000000,0.000000000,1.000000000
COLOR0=208,208,208
