SOLIDMODELS.NUM=1
SOLIDMODEL0=c3ffe00d-a1fa-4f64-91e4-8870e60f5d44.mod
TRANSFORMMATRIX0=1.000000000,0.000000000,0.000000000,0.000000000,0.000000000,1.000000000,0.000000000,0.000000000,0.000000000,0.000000000,1.000000000,0.000000000,0.000000000,0.000000000,0.000000000,1.000000000
COLOR0=255,255,255
