SOLIDMODELS.NUM=1
SOLIDMODEL0=80f88def-8a5e-4703-9bd6-91af396950fd.mod
TRANSFORMMATRIX0=1.000000000,0.000000000,0.000000000,0.000000000,0.000000000,1.000000000,0.000000000,0.000000000,0.000000000,0.000000000,1.000000000,0.000000000,0.000000000,0.000000000,0.000000000,1.000000000
COLOR0=255,255,255
