SOLIDMODELS.NUM=1
SOLIDMODEL0=a077f0a2-2d04-481b-bfb3-65ae96841dbc.stl
TRANSFORMMATRIX0=1.000000000,0.000000000,0.000000000,0.000000000,0.000000000,1.000000000,0.000000000,0.000000000,0.000000000,0.000000000,1.000000000,0.000000000,0.000000000,0.000000000,0.000000000,1.000000000
COLOR0=208,208,208
