SOLIDMODELS.NUM=1
SOLIDMODEL0=9ea5726c-9dcf-4250-b61a-bf7fba785ecf.mod
TRANSFORMMATRIX0=1.000000000,0.000000000,0.000000000,0.000000000,0.000000000,1.000000000,0.000000000,0.000000000,0.000000000,0.000000000,1.000000000,0.000000000,0.000000000,0.000000000,0.000000000,1.000000000
COLOR0=255,255,255
