SOLIDMODELS.NUM=1
SOLIDMODEL0=4492e513-404e-4fb8-bb6c-c97c5ec7999e.stl
TRANSFORMMATRIX0=1.000000000,0.000000000,0.000000000,0.000000000,0.000000000,1.000000000,0.000000000,0.000000000,0.000000000,0.000000000,1.000000000,0.000000000,0.000000000,0.000000000,0.000000000,1.000000000
COLOR0=208,208,208
