SOLIDMODELS.NUM=1
SOLIDMODEL0=037acba5-f1f3-4c53-b977-aca08eeb7e5e.mod
TRANSFORMMATRIX0=1.000000000,0.000000000,0.000000000,0.000000000,0.000000000,1.000000000,0.000000000,0.000000000,0.000000000,0.000000000,1.000000000,0.000000000,0.000000000,0.000000000,0.000000000,1.000000000
COLOR0=255,255,255
