OBJECTMODELPOINTER=33777c94-e4b9-4947-906f-f84480f3cb99.dev
BASEFAMILY=001cdea1-6f4b-44d0-ad66-7803620e552b.fam
BLHA=28.56928949,113.49371034,236.536103,312.996987
TRANSFORMMATRIX=0.000020052,-0.999999998,0.000052483,0.000000000,1.000000000,0.000020052,0.000002177,0.000000000,-0.000002178,0.000052483,0.999999999,0.000000000,-14.732044132,334.122007445,32.732972626,1.000000000
ENTITYNAME=Wire_Device
