OBJECTMODELPOINTER=33777c94-e4b9-4947-906f-f84480f3cb99.dev
BASEFAMILY=002859ce-07a9-42a7-97bd-9871d9444a07.fam
BLHA=28.31502906,113.40300484,68.016258,0.896163
TRANSFORMMATRIX=0.001277090,-0.999999184,0.000025189,0.000000000,0.999999185,0.001277090,0.000001186,0.000000000,-0.000001219,0.000025188,1.000000000,0.000000000,-7.724313263,160.774775855,58.356705155,1.000000000
ENTITYNAME=Wire_Device
