OBJECTMODELPOINTER=33777c94-e4b9-4947-906f-f84480f3cb99.dev
BASEFAMILY=0029ab44-cf40-40ee-8c59-e93f0d21ee8f.fam
BLHA=28.35569166,113.36081333,82.535643,278.143009
TRANSFORMMATRIX=-0.003430997,-0.999994113,0.000038668,0.000000000,0.999994114,-0.003430997,0.000002264,0.000000000,-0.000002131,0.000038675,0.999999999,0.000000000,-13.780277753,245.623916578,57.947603594,1.000000000
ENTITYNAME=Wire_Device
