OBJECTMODELPOINTER=33777c94-e4b9-4947-906f-f84480f3cb99.dev
BASEFAMILY=0034e0b7-62bd-462e-8fb4-0f2b92dd39d4.fam
BLHA=28.42958283,113.37956045,205.551749,428.016547
TRANSFORMMATRIX=-0.045258478,0.998975310,0.000000757,0.000000000,-0.998975310,-0.045258478,0.000001225,0.000000000,0.000001258,-0.000000701,1.000000000,0.000000000,8.015906422,-4.440923426,22.369027151,1.000000000
ENTITYNAME=Wire_Device
