OBJECTMODELPOINTER=33777c94-e4b9-4947-906f-f84480f3cb99.dev
BASEFAMILY=003951e9-342d-4d09-a200-a9d873d02a58.fam
BLHA=28.27407839,113.47004129,94.944746,312.669055
TRANSFORMMATRIX=0.001805524,-0.999998369,0.000042347,0.000000000,0.999998370,0.001805524,0.000001249,0.000000000,-0.000001325,0.000042346,0.999999999,0.000000000,-9.137237421,269.553190281,12.022774525,1.000000000
ENTITYNAME=Wire_Device
