OBJECTMODELPOINTER=952afb63-ea5f-4f19-811b-f19b10a98504.dev
BASEFAMILY=005ac88e-527c-42e6-a224-4c1233a87e05.fam
TRANSFORMMATRIX=-0.999987302,0.005039059,-0.000000005,0.000000000,-0.005039061,-0.999987305,-0.000000003,0.000000000,0.000000000,-0.000000000,1.000000000,0.000000000,9.870000000,-0.310000000,52.000000000,1.000000000
ENTITYNAME=Tower_Device
