ENTITYNAME=WIRE
BASEFAMILY=0068c780-7741-4dd4-8637-56ed6345d631.fam
OBJECTMODELPOINTER=81b82497-164d-48c0-b1cb-18fa700dacdf.dev
KVALUE=0.000369
SPLIT=4
POINT0.BLHA=28.76565082,113.47002463,165.078,236.227775
POINT0.MATRIX0=-0.831254041,-0.555892723,0.000000000,0.000000000,0.555892723,-0.831254041,-0.000000000,0.000000000,0.000000000,-0.000000000,1.000000000,0.000000000,0.184611244,0.121008531,45.111621778,1.000000000
POINT0.MATRIX1=-0.831254041,-0.555892723,0.000000000,0.000000000,0.555892723,-0.831254041,-0.000000000,0.000000000,0.000000000,-0.000000000,1.000000000,0.000000000,0.214474141,0.119832528,45.560680549,1.000000000
POINT0.MATRIX2=-0.831254041,-0.555892723,0.000000000,0.000000000,0.555892723,-0.831254041,-0.000000000,0.000000000,0.000000000,-0.000000000,1.000000000,0.000000000,-0.234595762,0.120271994,45.589763801,1.000000000
POINT0.MATRIX3=-0.831254041,-0.555892723,0.000000000,0.000000000,0.555892723,-0.831254041,-0.000000000,0.000000000,0.000000000,-0.000000000,1.000000000,0.000000000,-0.263372931,0.119824455,45.140705031,1.000000000
POINT1.BLHA=28.76435807,113.46905293,179.070,236.227775
POINT1.MATRIX0=-0.831254041,-0.555892723,0.000000000,0.000000000,0.555892723,-0.831254041,0.000000000,0.000000000,0.000000000,-0.000000000,1.000000000,0.000000000,0.181028943,-0.120971963,28.762683375,1.000000000
POINT1.MATRIX1=-0.831254041,-0.555892723,0.000000000,0.000000000,0.555892723,-0.831254041,0.000000000,0.000000000,0.000000000,-0.000000000,1.000000000,0.000000000,0.217659968,-0.119971462,29.211139186,1.000000000
POINT1.MATRIX2=-0.831254041,-0.555892723,0.000000000,0.000000000,0.555892723,-0.831254041,0.000000000,0.000000000,0.000000000,-0.000000000,1.000000000,0.000000000,-0.230121264,-0.121019822,29.248408778,1.000000000
POINT1.MATRIX3=-0.831254041,-0.555892723,0.000000000,0.000000000,0.555892723,-0.831254041,0.000000000,0.000000000,0.000000000,-0.000000000,1.000000000,0.000000000,-0.267838018,-0.120396780,28.799952968,1.000000000
