OBJECTMODELPOINTER=33777c94-e4b9-4947-906f-f84480f3cb99.dev
BASEFAMILY=009992ea-2a84-4fa8-b9c6-a0982a5055db.fam
BLHA=28.59065738,113.47867622,222.763908,291.241310
TRANSFORMMATRIX=-0.053458439,-0.998570075,0.000020620,0.000000000,0.998570075,-0.053458439,-0.000000148,0.000000000,0.000001250,0.000020583,1.000000000,0.000000000,7.742427593,130.783003535,71.692379453,1.000000000
ENTITYNAME=Wire_Device
