OBJECTMODELPOINTER=33777c94-e4b9-4947-906f-f84480f3cb99.dev
BASEFAMILY=00a3a02e-475b-494a-b398-11fe792fd697.fam
BLHA=28.36295604,113.35959378,63.083646,458.145379
TRANSFORMMATRIX=-0.158488519,0.987360820,0.000000511,0.000000000,-0.987360820,-0.158488519,-0.000001546,0.000000000,-0.000001445,-0.000000750,1.000000000,0.000000000,-9.219630758,-4.754781063,25.961506396,1.000000000
ENTITYNAME=Wire_Device
