OBJECTMODELPOINTER=33777c94-e4b9-4947-906f-f84480f3cb99.dev
BASEFAMILY=00ae2959-17fe-4307-a61e-32bbf8674066.fam
BLHA=28.37348418,113.36536629,69.677902,286.379084
TRANSFORMMATRIX=-0.001025152,-0.999999473,0.000047570,0.000000000,0.999999475,-0.001025152,0.000000182,0.000000000,-0.000000133,0.000047571,0.999999999,0.000000000,-1.278611137,302.192629935,24.914366058,1.000000000
ENTITYNAME=Wire_Device
