OBJECTMODELPOINTER=33777c94-e4b9-4947-906f-f84480f3cb99.dev
BASEFAMILY=00b6195c-9266-4f75-a60b-95e31e3b9e15.fam
BLHA=28.56928949,113.49371034,236.536103,312.996987
TRANSFORMMATRIX=0.000023961,-0.999999998,0.000065631,0.000000000,1.000000000,0.000023961,-0.000001986,0.000000000,0.000001984,0.000065631,0.999999998,0.000000000,11.555073626,417.752280222,39.231874301,1.000000000
ENTITYNAME=Wire_Device
