OBJECTMODELPOINTER=33777c94-e4b9-4947-906f-f84480f3cb99.dev
BASEFAMILY=00d7ff6b-0aa9-46af-ab32-5703a6dedcca.fam
BLHA=28.26851271,113.48351910,83.112496,355.334735
TRANSFORMMATRIX=-0.000992478,-0.999999506,0.000046922,0.000000000,0.999999507,-0.000992478,0.000001315,0.000000000,-0.000001268,0.000046923,0.999999999,0.000000000,-8.183345271,299.509527598,68.729238346,1.000000000
ENTITYNAME=Wire_Device
