OBJECTMODELPOINTER=33777c94-e4b9-4947-906f-f84480f3cb99.dev
BASEFAMILY=00e22ec6-3c99-4d7e-ad52-79a3853d7c90.fam
BLHA=28.71568525,113.45475484,179.580025,274.089521
TRANSFORMMATRIX=-0.173935299,-0.984757083,0.000017684,0.000000000,0.984757083,-0.173935299,-0.000001041,0.000000000,0.000004101,0.000017233,1.000000000,0.000000000,26.138540151,109.430851995,29.261340810,1.000000000
ENTITYNAME=Wire_Device
