OBJECTMODELPOINTER=0e12733c-2326-407e-8801-dbc7df2e224d.dev
BASEFAMILY=00e99161-0c0c-483c-97d0-69280d7899fb.fam
TRANSFORMMATRIX=-0.001308803,-0.164880734,-0.986312386,0.000000000,0.999968718,-0.007941629,-0.000000587,0.000000000,-0.007833531,-0.986281318,0.164887224,0.000000000,9.725000000,1.051265264,30.000000000,1.000000000
ENTITYNAME=Tower_Device
