OBJECTMODELPOINTER=33777c94-e4b9-4947-906f-f84480f3cb99.dev
BASEFAMILY=00f0de1a-efda-4030-a4a4-e0c28abe441d.fam
BLHA=28.61307891,113.46689101,233.448700,464.034761
TRANSFORMMATRIX=-0.173086262,0.984906668,0.000017619,0.000000000,-0.984906669,-0.173086262,-0.000001217,0.000000000,0.000001851,-0.000017564,1.000000000,0.000000000,11.948613264,-111.583944331,10.670161862,1.000000000
ENTITYNAME=Wire_Device
