OBJECTMODELPOINTER=33777c94-e4b9-4947-906f-f84480f3cb99.dev
BASEFAMILY=00f39a6c-0cfe-47a4-b971-d3c67b7a2334.fam
BLHA=28.29509828,113.44289412,61.743516,287.794387
TRANSFORMMATRIX=0.000009335,-0.999999999,0.000048510,0.000000000,1.000000000,0.000009336,0.000001634,0.000000000,-0.000001634,0.000048510,0.999999999,0.000000000,-10.894346151,308.197485977,23.485404568,1.000000000
ENTITYNAME=Wire_Device
