OBJECTMODELPOINTER=5cffe5e8-095d-4edb-b93b-f197e089da44.dev
BASEFAMILY=00fe384e-6149-410a-a482-13aaf2ed1fa1.fam
TRANSFORMMATRIX=-0.004798890,-0.999988069,0.000001235,0.000000000,0.999988902,-0.004798889,-0.000001078,0.000000000,0.000000000,-0.000000000,1.000000000,0.000000000,-11.870000000,0.600000000,39.000000000,1.000000000
ENTITYNAME=Tower_Device
