OBJECTMODELPOINTER=33777c94-e4b9-4947-906f-f84480f3cb99.dev
BASEFAMILY=010056b7-70a0-4dbc-95ae-c122000ffcab.fam
BLHA=28.60573334,113.47075261,228.044876,294.633001
TRANSFORMMATRIX=0.000005928,-1.000000000,0.000026546,0.000000000,1.000000000,0.000005928,0.000000065,0.000000000,-0.000000065,0.000026546,1.000000000,0.000000000,-0.746211880,168.725844653,13.852067928,1.000000000
ENTITYNAME=Wire_Device
