OBJECTMODELPOINTER=33777c94-e4b9-4947-906f-f84480f3cb99.dev
BASEFAMILY=0118e07d-ff9a-4321-a1a4-726090e1e5c5.fam
BLHA=28.65418328,113.46214797,157.582490,277.610658
TRANSFORMMATRIX=0.000003085,-1.000000000,0.000024978,0.000000000,1.000000000,0.000003086,0.000001955,0.000000000,-0.000001955,0.000024978,1.000000000,0.000000000,-12.584216160,158.639405752,33.170672147,1.000000000
ENTITYNAME=Wire_Device
