OBJECTMODELPOINTER=9ddaa2f7-09b6-4653-9433-83a6f45be803.dev
BASEFAMILY=01200609-bcaa-4427-ab46-bfe2cc99faae.fam
TRANSFORMMATRIX=-0.022343218,0.129722209,-0.991298795,0.000000000,-0.985487789,-0.169745238,0.000001040,0.000000000,-0.168269262,0.976912707,0.131632136,0.000000000,5.500000000,-0.900000000,43.999999999,1.000000000
ENTITYNAME=Tower_Device
