OBJECTMODELPOINTER=33777c94-e4b9-4947-906f-f84480f3cb99.dev
BASEFAMILY=01377cfa-f30b-4a8d-9a72-03444967a975.fam
BLHA=28.31502906,113.40300484,68.016258,0.896163
TRANSFORMMATRIX=-0.001695126,-0.999998563,0.000014414,0.000000000,0.999998563,-0.001695126,-0.000001378,0.000000000,0.000001402,0.000014412,1.000000000,0.000000000,8.910356900,91.992725773,45.728341882,1.000000000
ENTITYNAME=Wire_Device
