OBJECTMODELPOINTER=33777c94-e4b9-4947-906f-f84480f3cb99.dev
BASEFAMILY=0138fe05-f780-4b43-b375-1cffdc68fd7f.fam
BLHA=28.31775016,113.38284517,61.633463,329.270898
TRANSFORMMATRIX=-0.001039820,-0.999999459,0.000035829,0.000000000,0.999999459,-0.001039820,0.000001235,0.000000000,-0.000001197,0.000035831,0.999999999,0.000000000,-8.135658294,228.414848792,56.451988480,1.000000000
ENTITYNAME=Wire_Device
