OBJECTMODELPOINTER=33777c94-e4b9-4947-906f-f84480f3cb99.dev
BASEFAMILY=016ea588-fcc9-4689-862a-d358c74644a0.fam
BLHA=28.31470596,113.39701913,83.588909,4.996372
TRANSFORMMATRIX=0.002639028,-0.999996518,0.000005061,0.000000000,0.999996518,0.002639028,0.000001625,0.000000000,-0.000001639,0.000005056,1.000000000,0.000000000,-10.389853797,32.269307045,66.102106400,1.000000000
ENTITYNAME=Wire_Device
