OBJECTMODELPOINTER=33777c94-e4b9-4947-906f-f84480f3cb99.dev
BASEFAMILY=017cdded-63f7-4b6e-83e1-c9af91331aa3.fam
BLHA=28.48504373,113.41833342,235.006355,407.385386
TRANSFORMMATRIX=0.008668592,0.999962427,0.000000698,0.000000000,-0.999962427,0.008668592,0.000001229,0.000000000,0.000001222,-0.000000709,1.000000000,0.000000000,7.772496267,-4.490557348,25.651795719,1.000000000
ENTITYNAME=Wire_Device
