OBJECTMODELPOINTER=33777c94-e4b9-4947-906f-f84480f3cb99.dev
BASEFAMILY=018c598d-edd1-4db3-8c9b-a8e472108200.fam
BLHA=28.36995278,113.36656265,67.148041,253.042546
TRANSFORMMATRIX=0.000080236,-0.999999997,-0.000000032,0.000000000,0.999999997,0.000080236,0.000001802,0.000000000,-0.000001802,-0.000000033,1.000000000,0.000000000,-11.498169519,-0.223889185,25.203433844,1.000000000
ENTITYNAME=Wire_Device
