OBJECTMODELPOINTER=33777c94-e4b9-4947-906f-f84480f3cb99.dev
BASEFAMILY=01983c9b-1f96-4618-b63c-f02426c79846.fam
BLHA=28.71568525,113.45475484,179.580025,274.089521
TRANSFORMMATRIX=-0.000003568,-1.000000000,-0.000000045,0.000000000,1.000000000,-0.000003568,-0.000001175,0.000000000,0.000001175,-0.000000044,1.000000000,0.000000000,7.501375448,-0.285500024,37.422390397,1.000000000
ENTITYNAME=Wire_Device
