OBJECTMODELPOINTER=33777c94-e4b9-4947-906f-f84480f3cb99.dev
BASEFAMILY=019b0e07-0e99-4caa-9d65-55c1c24449fa.fam
BLHA=28.59065738,113.47867622,222.763908,291.241310
TRANSFORMMATRIX=-0.686806712,-0.726840107,-0.000000261,0.000000000,0.726840107,-0.686806712,-0.000001287,0.000000000,0.000000756,-0.000001074,1.000000000,0.000000000,4.836323786,-6.829559058,35.376391727,1.000000000
ENTITYNAME=Wire_Device
