OBJECTMODELPOINTER=33777c94-e4b9-4947-906f-f84480f3cb99.dev
BASEFAMILY=019f96c6-41c8-4e1d-8f2c-41d587a3b74c.fam
BLHA=28.54296028,113.51100370,560.594660,255.750198
TRANSFORMMATRIX=-0.000001448,-1.000000000,0.000005844,0.000000000,1.000000000,-0.000001448,0.000002026,0.000000000,-0.000002026,0.000005845,1.000000000,0.000000000,-12.882094867,37.108111944,18.443182204,1.000000000
ENTITYNAME=Wire_Device
