OBJECTMODELPOINTER=33777c94-e4b9-4947-906f-f84480f3cb99.dev
BASEFAMILY=01a5ed7e-3351-4104-9fad-407165229dca.fam
BLHA=28.80183094,113.50568524,205.477677,227.348291
TRANSFORMMATRIX=-0.012931350,-0.999916386,0.000036900,0.000000000,0.999916387,-0.012931350,0.000002113,0.000000000,-0.000001635,0.000036924,0.999999999,0.000000000,-9.812036109,235.018107136,29.771322488,1.000000000
ENTITYNAME=Wire_Device
