OBJECTMODELPOINTER=33777c94-e4b9-4947-906f-f84480f3cb99.dev
BASEFAMILY=01aab8fb-6656-4e31-9c12-3c54671c0337.fam
BLHA=28.79669223,113.49966037,193.055862,221.400685
TRANSFORMMATRIX=-0.000011671,-1.000000000,0.000028651,0.000000000,1.000000000,-0.000011672,-0.000001806,0.000000000,0.000001806,0.000028651,1.000000000,0.000000000,11.962449973,182.507639676,19.438384790,1.000000000
ENTITYNAME=Wire_Device
