OBJECTMODELPOINTER=9e7269cb-efe5-435f-9b11-f524730a0ee2.dev
BASEFAMILY=01b949b7-a862-4b92-a18d-b9cf748fbf37.fam
TRANSFORMMATRIX=-0.002833887,0.097868649,-0.995195293,0.000000000,0.999581355,0.028933392,0.000000813,0.000000000,0.028795493,-0.994778586,-0.097910083,0.000000000,-7.500000000,0.953000000,30.000000000,1.000000000
ENTITYNAME=Tower_Device
