OBJECTMODELPOINTER=33777c94-e4b9-4947-906f-f84480f3cb99.dev
BASEFAMILY=01bb6082-b9e5-44ed-bad1-88ec29c90439.fam
BLHA=28.39632770,113.36872548,122.542167,249.667673
TRANSFORMMATRIX=-0.000001361,-1.000000000,0.000005202,0.000000000,1.000000000,-0.000001361,-0.000002052,0.000000000,0.000002053,0.000005202,1.000000000,0.000000000,13.146696602,33.073146363,53.797587309,1.000000000
ENTITYNAME=Wire_Device
