OBJECTMODELPOINTER=9f79c38f-9355-47d7-922d-bc7451a7306f.dev
BASEFAMILY=01cd20ce-eb54-4575-87d7-1e4893f304dc.fam
TRANSFORMMATRIX=0.003736216,0.999992632,-0.000001302,0.000000000,-0.999993408,0.003736536,-0.000001004,0.000000000,0.000000000,-0.000000000,1.000000000,0.000000000,11.870000001,-0.000000000,33.000000000,1.000000000
ENTITYNAME=Tower_Device
