OBJECTMODELPOINTER=33777c94-e4b9-4947-906f-f84480f3cb99.dev
BASEFAMILY=01d25776-1acc-44be-8daa-6158775fe1a5.fam
BLHA=28.51284150,113.46842369,376.044241,210.734491
TRANSFORMMATRIX=-0.022368833,-0.999749786,0.000029680,0.000000000,0.999749786,-0.022368833,0.000002200,0.000000000,-0.000001536,0.000029722,1.000000000,0.000000000,-9.335704244,189.442039870,-50.186186940,1.000000000
ENTITYNAME=Wire_Device
