ENTITYNAME=WIRE
BASEFAMILY=01d96c84-c1ef-426e-ac6b-75c26905d350.fam
OBJECTMODELPOINTER=81b82497-164d-48c0-b1cb-18fa700dacdf.dev
KVALUE=0.000369
SPLIT=4
POINT0.BLHA=28.78468964,113.48433856,117.864,408.814230
POINT0.MATRIX0=0.752578474,0.658502575,-0.000000000,0.000000000,-0.658502575,0.752578474,-0.000000000,0.000000000,0.000000000,-0.000000000,1.000000000,0.000000000,2.448913853,-10.681930910,36.115137222,1.000000000
POINT0.MATRIX1=0.752578474,0.658502575,-0.000000000,0.000000000,-0.658502575,0.752578474,-0.000000000,0.000000000,0.000000000,-0.000000000,1.000000000,0.000000000,2.153470601,-9.980201952,36.561090590,1.000000000
POINT0.MATRIX2=0.752578474,0.658502575,-0.000000000,0.000000000,-0.658502575,0.752578474,-0.000000000,0.000000000,0.000000000,-0.000000000,1.000000000,0.000000000,2.596454703,-9.937760469,36.788705947,1.000000000
POINT0.MATRIX3=0.752578474,0.658502575,-0.000000000,0.000000000,-0.658502575,0.752578474,-0.000000000,0.000000000,0.000000000,-0.000000000,1.000000000,0.000000000,2.891897955,-10.639489427,36.342752578,1.000000000
POINT1.BLHA=28.78112316,113.48165670,163.745,236.227775
POINT1.MATRIX0=-0.831254041,-0.555892723,-0.000000000,0.000000000,0.555892723,-0.831254041,-0.000000000,0.000000000,-0.000000000,-0.000000000,1.000000000,0.000000000,0.181187558,-0.121016566,43.762686674,1.000000000
POINT1.MATRIX1=-0.831254041,-0.555892723,-0.000000000,0.000000000,0.555892723,-0.831254041,-0.000000000,0.000000000,-0.000000000,-0.000000000,1.000000000,0.000000000,0.217615641,-0.120151780,44.211142485,1.000000000
POINT1.MATRIX2=-0.831254041,-0.555892723,-0.000000000,0.000000000,0.555892723,-0.831254041,-0.000000000,0.000000000,-0.000000000,-0.000000000,1.000000000,0.000000000,-0.229962648,-0.121064425,44.248412076,1.000000000
POINT1.MATRIX3=-0.831254041,-0.555892723,-0.000000000,0.000000000,0.555892723,-0.831254041,-0.000000000,0.000000000,-0.000000000,-0.000000000,1.000000000,0.000000000,-0.267476459,-0.120305667,43.799956266,1.000000000
