OBJECTMODELPOINTER=8f2c945f-6ea0-4016-b794-5285477282dd.dev
BASEFAMILY=01d99c5d-abd5-4e26-bd66-0198ade4c208.fam
TRANSFORMMATRIX=-0.012967907,-0.057900257,-0.998238322,0.000000000,0.975820366,-0.218573239,-0.000001091,0.000000000,-0.218188113,-0.974101342,0.059333997,0.000000000,12.500000000,0.400000000,67.300000000,1.000000000
ENTITYNAME=Tower_Device
