OBJECTMODELPOINTER=33777c94-e4b9-4947-906f-f84480f3cb99.dev
BASEFAMILY=01da7f66-695e-4f50-b539-958d03d767d2.fam
BLHA=28.52807252,113.49714509,416.575795,210.734491
TRANSFORMMATRIX=-0.003534823,-0.999993751,0.000049267,0.000000000,0.999993753,-0.003534823,-0.000001546,0.000000000,0.000001720,0.000049262,0.999999999,0.000000000,11.656307441,314.052605232,-0.299696384,1.000000000
ENTITYNAME=Wire_Device
