OBJECTMODELPOINTER=0e312739-8609-4a3d-966c-75d05d59356d.dev
BASEFAMILY=01ddd0e0-69c0-4628-9041-17301fbb8200.fam
TRANSFORMMATRIX=1.000000000,-0.000000000,-0.000000000,0.000000000,-0.000000000,1.000000000,0.000000000,0.000000000,0.000000000,0.000000000,1.000000000,0.000000000,-5.397649883,-5.396289438,-0.000001556,1.000000000
ENTITYNAME=Tower_Device
