OBJECTMODELPOINTER=33777c94-e4b9-4947-906f-f84480f3cb99.dev
BASEFAMILY=01e58b13-6342-4f47-81af-991ac9c70aca.fam
BLHA=28.31498130,113.40038482,72.539572,2.946268
TRANSFORMMATRIX=-0.041848968,-0.999123948,0.000026296,0.000000000,0.999123948,-0.041848968,0.000001556,0.000000000,-0.000000455,0.000026339,1.000000000,0.000000000,-2.838118114,168.113357075,30.178100425,1.000000000
ENTITYNAME=Wire_Device
