OBJECTMODELPOINTER=13a78437-ad2c-452a-8fd1-0733d19ccb25.dev
BASEFAMILY=01e85d70-a214-4df8-91cf-a6c7b980e255.fam
TRANSFORMMATRIX=-1.000000000,-0.000000000,-0.000000000,0.000000000,0.000000000,-1.000000000,0.000000000,0.000000000,-0.000000000,0.000000000,1.000000000,0.000000000,5.397229475,5.396449167,0.000007000,1.000000000
ENTITYNAME=Tower_Device
