OBJECTMODELPOINTER=33777c94-e4b9-4947-906f-f84480f3cb99.dev
BASEFAMILY=01eeb17c-3a8d-4b26-85c8-b12f4f9d14ee.fam
BLHA=28.49713910,113.43191399,298.003064,224.957371
TRANSFORMMATRIX=-0.000007550,-1.000000000,0.000017950,0.000000000,1.000000000,-0.000007551,-0.000001733,0.000000000,0.000001733,0.000017950,1.000000000,0.000000000,11.329577254,114.313541308,51.061595851,1.000000000
ENTITYNAME=Wire_Device
