OBJECTMODELPOINTER=33777c94-e4b9-4947-906f-f84480f3cb99.dev
BASEFAMILY=01f5fb1d-9b75-45d8-8cf8-2f27f231b6ad.fam
BLHA=28.63586389,113.46501767,148.649697,277.610658
TRANSFORMMATRIX=-0.015693351,-0.999876852,0.000015152,0.000000000,0.999876852,-0.015693351,0.000001918,0.000000000,-0.000001680,0.000015181,1.000000000,0.000000000,-10.789917930,96.414538454,34.995167924,1.000000000
ENTITYNAME=Wire_Device
