OBJECTMODELPOINTER=33777c94-e4b9-4947-906f-f84480f3cb99.dev
BASEFAMILY=01fbade8-5a0a-4a38-8008-45feb0cbd403.fam
BLHA=28.46166988,113.39860583,270.672858,242.026912
TRANSFORMMATRIX=-0.001531263,-0.999998827,0.000035525,0.000000000,0.999998828,-0.001531263,-0.000001742,0.000000000,0.000001797,0.000035522,0.999999999,0.000000000,11.942801581,225.857614768,13.574731010,1.000000000
ENTITYNAME=Wire_Device
