OBJECTMODELPOINTER=33777c94-e4b9-4947-906f-f84480f3cb99.dev
BASEFAMILY=01fff466-f8d8-4fd6-9f40-43c80343daaf.fam
BLHA=28.36557656,113.36066804,62.497212,414.735470
TRANSFORMMATRIX=-0.260797432,0.965393546,0.000030958,0.000000000,-0.965393546,-0.260797432,-0.000001034,0.000000000,0.000007076,-0.000030156,0.999999999,0.000000000,44.615170513,-191.712400631,23.091221300,1.000000000
ENTITYNAME=Wire_Device
