OBJECTMODELPOINTER=3d0f3583-c0b1-4b85-bc47-1c18f5d4d874.dev
BASEFAMILY=0204f464-0e7a-41c9-b431-a0fa734b4d82.fam
TRANSFORMMATRIX=-0.012575367,0.182879734,-0.983055117,0.000000000,-0.997643576,-0.068606085,0.000001086,0.000000000,-0.067444310,0.980738577,0.183311506,0.000000000,7.500000000,-0.953000000,29.999999999,1.000000000
ENTITYNAME=Tower_Device
