OBJECTMODELPOINTER=33777c94-e4b9-4947-906f-f84480f3cb99.dev
BASEFAMILY=020f9fb3-ef99-4371-a5fb-83981f99396d.fam
BLHA=28.47508033,113.40890253,351.780005,229.813402
TRANSFORMMATRIX=-0.000008757,-1.000000000,0.000026947,0.000000000,1.000000000,-0.000008757,0.000002293,0.000000000,-0.000002293,0.000026947,1.000000000,0.000000000,-14.163669952,171.458966310,38.553149154,1.000000000
ENTITYNAME=Wire_Device
