OBJECTMODELPOINTER=3c6dd4e4-f9da-4c91-8b74-3a3fd25b51d8.dev
BASEFAMILY=02133ce4-662f-4d74-85ea-cfd9fe1d407e.fam
TRANSFORMMATRIX=-0.004044560,0.999991602,-0.000001545,0.000000000,-0.999992042,-0.004043856,-0.000000548,0.000000000,0.000000000,-0.000000000,1.000000000,0.000000000,-13.320000000,-0.000000000,57.000000001,1.000000000
ENTITYNAME=Tower_Device
