OBJECTMODELPOINTER=7d99c538-70ca-48dd-84dc-45e71dc3b339.dev
BASEFAMILY=0232d2b3-3ca0-4d7b-9476-375bc2ef8523.fam
TRANSFORMMATRIX=-0.999998339,0.001823009,-0.000000002,0.000000000,-0.001823010,-0.999998338,0.000000000,0.000000000,0.000000000,0.000000000,1.000000000,0.000000000,-11.320000000,-0.320000000,69.999999999,1.000000000
ENTITYNAME=Tower_Device
