ENTITYNAME=WIRE
BASEFAMILY=02337810-eabd-4bcd-9d9e-90767181117d.fam
OBJECTMODELPOINTER=31970f28-780e-4bf1-8adb-439f78c329a3.dev
KVALUE=0.000226
SPLIT=1
POINT0.BLHA=28.36995278,113.36656265,67.148,253.042546
POINT0.MATRIX0=-0.956521597,-0.291661508,0.000000000,0.000000000,0.291661508,-0.956521597,-0.000000000,0.000000000,0.000000000,0.000000000,1.000000000,0.000000000,5.374416476,1.447360883,43.950827300,1.000000000
POINT1.BLHA=28.36788990,113.36378392,64.429,219.706007
POINT1.MATRIX0=-0.638848483,-0.769332578,0.000000000,0.000000000,0.769332578,-0.638848483,0.000000000,0.000000000,0.000000000,0.000000000,1.000000000,0.000000000,9.876138980,-0.620122018,48.558009707,1.000000000
