OBJECTMODELPOINTER=33777c94-e4b9-4947-906f-f84480f3cb99.dev
BASEFAMILY=0240643a-b6f8-4c53-bfa3-c3ea5b254d11.fam
BLHA=28.44721846,113.39002654,265.559825,242.026912
TRANSFORMMATRIX=0.002817286,-0.999996029,0.000064539,0.000000000,0.999996031,0.002817286,-0.000001624,0.000000000,0.000001442,0.000064543,0.999999998,0.000000000,10.078847522,410.353101629,27.827321889,1.000000000
ENTITYNAME=Wire_Device
