OBJECTMODELPOINTER=4536a34c-d6ec-4f75-a012-e3dda0464d8b.dev
BASEFAMILY=02456432-0dd1-48ba-a3e9-ae3c55dc3f2a.fam
TRANSFORMMATRIX=1.000000000,0.000000000,-0.000000000,0.000000000,-0.000000000,1.000000000,0.000000000,0.000000000,-0.000000000,-0.000000000,1.000000000,0.000000000,-0.000000000,-0.000000000,0.000000000,1.000000000
ENTITYNAME=Tower_Device
