OBJECTMODELPOINTER=33777c94-e4b9-4947-906f-f84480f3cb99.dev
BASEFAMILY=0251aafe-e9ac-4f04-8475-66861c34fd66.fam
BLHA=28.46166988,113.39860583,270.672858,242.026912
TRANSFORMMATRIX=0.001518460,-0.999998847,0.000014760,0.000000000,0.999998847,0.001518460,0.000002102,0.000000000,-0.000002124,0.000014757,1.000000000,0.000000000,-13.341111979,93.789067798,18.047097679,1.000000000
ENTITYNAME=Wire_Device
