OBJECTMODELPOINTER=33777c94-e4b9-4947-906f-f84480f3cb99.dev
BASEFAMILY=02580f39-33c5-468d-9f52-bce7c0fe3c6a.fam
BLHA=28.43802035,113.38456732,303.277751,242.026912
TRANSFORMMATRIX=-0.000014269,-0.999999998,0.000060927,0.000000000,1.000000000,-0.000014269,0.000000447,0.000000000,-0.000000446,0.000060927,0.999999998,0.000000000,-2.006829661,387.334771536,-0.101663370,1.000000000
ENTITYNAME=Wire_Device
