OBJECTMODELPOINTER=33777c94-e4b9-4947-906f-f84480f3cb99.dev
BASEFAMILY=025c9612-49d2-4e5b-a270-138a86fda421.fam
BLHA=28.59065738,113.47867622,222.763908,291.241310
TRANSFORMMATRIX=-0.040583480,-0.999176151,0.000008525,0.000000000,0.999176151,-0.040583480,0.000001204,0.000000000,-0.000000858,0.000008567,1.000000000,0.000000000,-5.562674967,54.451332907,44.288476633,1.000000000
ENTITYNAME=Wire_Device
