OBJECTMODELPOINTER=33777c94-e4b9-4947-906f-f84480f3cb99.dev
BASEFAMILY=026638c3-d3d4-4350-8e1d-898d706e6d15.fam
BLHA=28.57262295,113.49015944,261.228990,312.996987
TRANSFORMMATRIX=0.000013885,-0.999999999,0.000039849,0.000000000,1.000000000,0.000013885,-0.000002026,0.000000000,0.000002026,0.000039850,0.999999999,0.000000000,12.241020839,253.632954321,22.114806174,1.000000000
ENTITYNAME=Wire_Device
