OBJECTMODELPOINTER=33777c94-e4b9-4947-906f-f84480f3cb99.dev
BASEFAMILY=0267e48e-4b7e-4930-b204-a95e90e74225.fam
BLHA=28.47949059,113.41307678,290.814083,229.813402
TRANSFORMMATRIX=-0.000931116,-0.999999566,0.000006114,0.000000000,0.999999567,-0.000931116,-0.000001953,0.000000000,0.000001959,0.000006112,1.000000000,0.000000000,12.575581615,38.927874490,36.875378876,1.000000000
ENTITYNAME=Wire_Device
