OBJECTMODELPOINTER=33777c94-e4b9-4947-906f-f84480f3cb99.dev
BASEFAMILY=026d573a-d019-4886-a5ed-35bc5b4af884.fam
BLHA=28.55326393,113.50869198,332.868298,304.990571
TRANSFORMMATRIX=-0.001092289,-0.999999402,0.000050678,0.000000000,0.999999403,-0.001092289,0.000000083,0.000000000,-0.000000029,0.000050679,0.999999999,0.000000000,-0.964036963,322.378403521,63.600094311,1.000000000
ENTITYNAME=Wire_Device
