OBJECTMODELPOINTER=33777c94-e4b9-4947-906f-f84480f3cb99.dev
BASEFAMILY=027477a2-6960-46a1-9806-f37ffb540267.fam
BLHA=28.28368001,113.45281448,67.001736,340.232800
TRANSFORMMATRIX=0.000026803,-0.999999998,0.000050287,0.000000000,1.000000000,0.000026803,0.000001635,0.000000000,-0.000001636,0.000050287,0.999999999,0.000000000,-10.925676416,320.813967508,52.384136477,1.000000000
ENTITYNAME=Wire_Device
