OBJECTMODELPOINTER=80148db7-3757-4a69-970a-1d91ece1f7b1.dev
BASEFAMILY=027952e9-e539-4813-a75b-39572c3d7d6a.fam
TRANSFORMMATRIX=-0.000000001,1.000000402,-0.000001355,0.000000000,-0.999999598,0.000000196,0.000000931,0.000000000,-0.000000000,0.000000000,1.000000000,0.000000000,8.002000000,-0.000000000,51.000000001,1.000000000
ENTITYNAME=Tower_Device
