OBJECTMODELPOINTER=0e312739-8609-4a3d-966c-75d05d59356d.dev
BASEFAMILY=027bbec8-2616-4d50-9919-e416115bfc4a.fam
TRANSFORMMATRIX=0.000000000,-1.000000000,-0.000000000,0.000000000,1.000000000,0.000000000,-0.000000000,0.000000000,0.000000000,0.000000000,1.000000000,0.000000000,-5.397988048,5.398239512,-0.000001555,1.000000000
ENTITYNAME=Tower_Device
