OBJECTMODELPOINTER=33777c94-e4b9-4947-906f-f84480f3cb99.dev
BASEFAMILY=0286ec16-f081-4207-be9b-c71b7d48e9df.fam
BLHA=28.30786495,113.43629033,62.969533,307.005893
TRANSFORMMATRIX=0.000006197,-1.000000000,0.000016887,0.000000000,1.000000000,0.000006197,-0.000000978,0.000000000,0.000000978,0.000016887,1.000000000,0.000000000,5.962124714,107.415239767,54.839571003,1.000000000
ENTITYNAME=Wire_Device
