ENTITYNAME=WIRE
BASEFAMILY=029ba9db-551e-439a-beb6-8286255449bd.fam
OBJECTMODELPOINTER=81b82497-164d-48c0-b1cb-18fa700dacdf.dev
KVALUE=0.000000
SPLIT=4
POINT0.BLHA=28.50118026,113.44100017,250.748,200.251669
POINT0.MATRIX0=-0.346144382,-0.938181255,0.000000000,0.000000000,0.938181255,-0.346144382,-0.000000000,0.000000000,0.000000000,-0.000000000,1.000000000,0.000000000,0.180465265,-0.120006431,40.762687045,1.000000000
POINT0.MATRIX1=-0.346144382,-0.938181255,0.000000000,0.000000000,0.938181255,-0.346144382,-0.000000000,0.000000000,0.000000000,-0.000000000,1.000000000,0.000000000,0.217916555,-0.120064648,41.211140948,1.000000000
POINT0.MATRIX2=-0.346144382,-0.938181255,0.000000000,0.000000000,0.938181255,-0.346144382,-0.000000000,0.000000000,0.000000000,-0.000000000,1.000000000,0.000000000,-0.230693652,-0.120004700,41.248408633,1.000000000
POINT0.MATRIX3=-0.346144382,-0.938181255,0.000000000,0.000000000,0.938181255,-0.346144382,-0.000000000,0.000000000,0.000000000,-0.000000000,1.000000000,0.000000000,-0.268144942,-0.119946483,40.799954730,1.000000000
POINT1.BLHA=28.50118026,113.44100017,250.748,200.251669
POINT1.MATRIX0=-0.346144382,-0.938181255,0.000000000,0.000000000,0.938181255,-0.346144382,-0.000000000,0.000000000,0.000000000,-0.000000000,1.000000000,0.000000000,0.180463576,-0.000008371,40.762687045,1.000000000
POINT1.MATRIX1=-0.346144382,-0.938181255,0.000000000,0.000000000,0.938181255,-0.346144382,-0.000000000,0.000000000,0.000000000,-0.000000000,1.000000000,0.000000000,0.217914867,-0.000066589,41.211140948,1.000000000
POINT1.MATRIX2=-0.346144382,-0.938181255,0.000000000,0.000000000,0.938181255,-0.346144382,-0.000000000,0.000000000,0.000000000,-0.000000000,1.000000000,0.000000000,-0.230695341,-0.000006641,41.248408633,1.000000000
POINT1.MATRIX3=-0.346144382,-0.938181255,0.000000000,0.000000000,0.938181255,-0.346144382,-0.000000000,0.000000000,0.000000000,-0.000000000,1.000000000,0.000000000,-0.268146631,0.000051577,40.799954730,1.000000000
