OBJECTMODELPOINTER=33777c94-e4b9-4947-906f-f84480f3cb99.dev
BASEFAMILY=029d26f8-8a76-4aae-a8d8-e6b14a80bd1c.fam
BLHA=28.48305469,113.41645050,246.976349,229.813402
TRANSFORMMATRIX=0.000000001,-1.000000000,0.000004872,0.000000000,1.000000000,0.000000001,0.000000040,0.000000000,-0.000000041,0.000004872,1.000000000,0.000000000,-0.175657266,31.002917385,38.141664623,1.000000000
ENTITYNAME=Wire_Device
