OBJECTMODELPOINTER=33777c94-e4b9-4947-906f-f84480f3cb99.dev
BASEFAMILY=02a7f166-f4fc-4353-9e82-7f2ee6020fe0.fam
BLHA=28.54843684,113.51255198,454.586266,280.370385
TRANSFORMMATRIX=-0.435831104,-0.900028470,0.000040419,0.000000000,0.900028471,-0.435831104,-0.000000701,0.000000000,0.000018247,0.000036073,0.999999999,0.000000000,116.248883803,229.013421670,59.231394611,1.000000000
ENTITYNAME=Wire_Device
