OBJECTMODELPOINTER=33777c94-e4b9-4947-906f-f84480f3cb99.dev
BASEFAMILY=02bae636-7a00-4f76-aaf6-a614cd3fd1c4.fam
BLHA=28.27407839,113.47004129,94.944746,312.669055
TRANSFORMMATRIX=0.001290753,-0.999999167,0.000005894,0.000000000,0.999999167,0.001290753,0.000001067,0.000000000,-0.000001074,0.000005893,1.000000000,0.000000000,-6.939961231,37.524947805,54.966411369,1.000000000
ENTITYNAME=Wire_Device
