OBJECTMODELPOINTER=13a78437-ad2c-452a-8fd1-0733d19ccb25.dev
BASEFAMILY=02bd6144-cd72-42d2-9a57-757de97aa515.fam
TRANSFORMMATRIX=0.000000000,-1.000000000,-0.000000000,0.000000000,1.000000000,0.000000000,-0.000000000,0.000000000,0.000000000,0.000000000,1.000000000,0.000000000,-5.397032952,5.396888459,-0.000000775,1.000000000
ENTITYNAME=Tower_Device
