OBJECTMODELPOINTER=244919a6-4446-47d5-9e18-c8ec7670258f.dev
BASEFAMILY=02c48b9e-bb3c-4170-b926-491b4b90dbae.fam
TRANSFORMMATRIX=1.000000000,-0.000000000,-0.000000000,0.000000000,0.000000000,1.000000000,0.000000000,0.000000000,-0.000000000,0.000000000,1.000000000,0.000000000,-0.000000000,0.000000000,0.000000000,1.000000000
ENTITYNAME=Tower_Device
