OBJECTMODELPOINTER=8f66682d-f9fc-45be-a535-6bdac41862ca.dev
BASEFAMILY=02d0f1c5-24ff-4397-8368-c95fbd37eac9.fam
TRANSFORMMATRIX=-0.999998430,-0.001772033,-0.000000000,0.000000000,0.001772032,-0.999998430,-0.000000002,0.000000000,-0.000000000,-0.000000000,1.000000000,0.000000000,-11.500000000,0.000000000,85.100000000,1.000000000
ENTITYNAME=Tower_Device
