ENTITYNAME=WIRE
BASEFAMILY=02d2c1b7-ba16-49df-b92d-dd7fe1ce74ac.fam
OBJECTMODELPOINTER=81b82497-164d-48c0-b1cb-18fa700dacdf.dev
KVALUE=0.000000
SPLIT=4
POINT0.BLHA=28.69273331,113.45654991,185.538,277.425083
POINT0.MATRIX0=-0.991614682,0.129229724,-0.000000000,0.000000000,-0.129229724,-0.991614682,-0.000000000,0.000000000,-0.000000000,0.000000000,1.000000000,0.000000000,0.224940108,-0.110757663,31.000006719,1.000000000
POINT0.MATRIX1=-0.991614682,0.129229724,-0.000000000,0.000000000,-0.129229724,-0.991614682,-0.000000000,0.000000000,-0.000000000,0.000000000,1.000000000,0.000000000,0.224940108,-0.110757663,31.450003667,1.000000000
POINT0.MATRIX2=-0.991614682,0.129229724,-0.000000000,0.000000000,-0.129229724,-0.991614682,-0.000000000,0.000000000,-0.000000000,0.000000000,1.000000000,0.000000000,-0.225178733,-0.111186274,31.450003666,1.000000000
POINT0.MATRIX3=-0.991614682,0.129229724,-0.000000000,0.000000000,-0.129229724,-0.991614682,-0.000000000,0.000000000,-0.000000000,0.000000000,1.000000000,0.000000000,-0.225178733,-0.111186274,31.000006718,1.000000000
POINT1.BLHA=28.69273331,113.45654991,185.538,277.425083
POINT1.MATRIX0=-0.991614682,0.129229724,-0.000000000,0.000000000,-0.129229724,-0.991614682,-0.000000000,0.000000000,-0.000000000,0.000000000,1.000000000,0.000000000,0.224940875,-0.000750232,31.000006718,1.000000000
POINT1.MATRIX1=-0.991614682,0.129229724,-0.000000000,0.000000000,-0.129229724,-0.991614682,-0.000000000,0.000000000,-0.000000000,0.000000000,1.000000000,0.000000000,0.224940875,-0.000750232,31.450003666,1.000000000
POINT1.MATRIX2=-0.991614682,0.129229724,-0.000000000,0.000000000,-0.129229724,-0.991614682,-0.000000000,0.000000000,-0.000000000,0.000000000,1.000000000,0.000000000,-0.225177966,-0.001178842,31.450003667,1.000000000
POINT1.MATRIX3=-0.991614682,0.129229724,-0.000000000,0.000000000,-0.129229724,-0.991614682,-0.000000000,0.000000000,-0.000000000,0.000000000,1.000000000,0.000000000,-0.225177966,-0.001178843,31.000006719,1.000000000
