OBJECTMODELPOINTER=3b94bc34-9815-470d-a112-dc514cef3c1f.dev
BASEFAMILY=02d75a59-1e6e-417a-bae3-8a6c238d26cb.fam
TRANSFORMMATRIX=-0.020646934,0.105175044,-0.994239027,0.000000000,-0.981270790,-0.192635165,-0.000000153,0.000000000,-0.191524278,0.975617803,0.107183739,0.000000000,7.500000000,-0.946500000,30.000000001,1.000000000
ENTITYNAME=Tower_Device
