OBJECTMODELPOINTER=33777c94-e4b9-4947-906f-f84480f3cb99.dev
BASEFAMILY=02e759dd-e77d-49e1-a2ad-692e66f78402.fam
BLHA=28.30961923,113.43478171,54.752520,501.227736
TRANSFORMMATRIX=0.027538911,0.999620732,-0.000000727,0.000000000,-0.999620732,0.027538911,-0.000001886,0.000000000,-0.000001866,0.000000779,1.000000000,0.000000000,-11.884124462,4.989354116,31.370010703,1.000000000
ENTITYNAME=Wire_Device
