OBJECTMODELPOINTER=74318a5d-f0d9-48c9-8098-caeab2747f56.dev
BASEFAMILY=02e7bf2f-63f7-498e-a261-8953615eec75.fam
TRANSFORMMATRIX=0.000000338,0.999999583,0.000001161,0.000000000,-1.000000417,0.000000450,0.000001159,0.000000000,0.000000000,-0.000000000,1.000000000,0.000000000,7.500000001,-4.000000000,43.000000000,1.000000000
ENTITYNAME=Tower_Device
