ENTITYNAME=WIRE
BASEFAMILY=02e9627c-6a9a-4382-b9e6-efc95a5eca8a.fam
OBJECTMODELPOINTER=81b82497-164d-48c0-b1cb-18fa700dacdf.dev
KVALUE=0.096710
SPLIT=4
POINT0.BLHA=28.26907527,113.47529619,67.191,514.001895
POINT0.MATRIX0=0.438341419,-0.898808545,-0.000000000,0.000000000,0.898808545,0.438341419,0.000000000,0.000000000,-0.000000000,0.000000000,1.000000000,0.000000000,10.815754082,0.000346202,42.789999255,1.000000000
POINT0.MATRIX1=0.438341419,-0.898808545,-0.000000000,0.000000000,0.898808545,0.438341419,0.000000000,0.000000000,-0.000000000,0.000000000,1.000000000,0.000000000,10.815754082,0.000346202,43.239999258,1.000000000
POINT0.MATRIX2=0.438341419,-0.898808545,-0.000000000,0.000000000,0.898808545,0.438341419,0.000000000,0.000000000,-0.000000000,0.000000000,1.000000000,0.000000000,11.265754149,0.000346161,43.239999258,1.000000000
POINT0.MATRIX3=0.438341419,-0.898808545,-0.000000000,0.000000000,0.898808545,0.438341419,0.000000000,0.000000000,-0.000000000,0.000000000,1.000000000,0.000000000,11.265754149,0.000346161,42.789999255,1.000000000
POINT1.BLHA=28.26907527,113.47529619,67.191,514.001895
POINT1.MATRIX0=0.438341419,-0.898808545,-0.000000000,0.000000000,0.898808545,0.438341419,0.000000000,0.000000000,-0.000000000,0.000000000,1.000000000,0.000000000,13.182060261,-8.597783226,46.716689550,1.000000000
POINT1.MATRIX1=0.438341419,-0.898808545,-0.000000000,0.000000000,0.898808545,0.438341419,0.000000000,0.000000000,-0.000000000,0.000000000,1.000000000,0.000000000,13.414010161,-9.295415534,47.243221724,1.000000000
POINT1.MATRIX2=0.438341419,-0.898808545,-0.000000000,0.000000000,0.898808545,0.438341419,0.000000000,0.000000000,-0.000000000,0.000000000,1.000000000,0.000000000,13.884690218,-9.110958877,47.243206466,1.000000000
POINT1.MATRIX3=0.438341419,-0.898808545,-0.000000000,0.000000000,0.898808545,0.438341419,0.000000000,0.000000000,-0.000000000,0.000000000,1.000000000,0.000000000,13.649229400,-8.415038813,46.716704810,1.000000000
