OBJECTMODELPOINTER=33777c94-e4b9-4947-906f-f84480f3cb99.dev
BASEFAMILY=02f8364c-76b5-44b6-aeca-326e536cd04b.fam
BLHA=28.35569166,113.36081333,82.535643,278.143009
TRANSFORMMATRIX=-0.003433559,-0.999994105,0.000005414,0.000000000,0.999994105,-0.003433559,0.000002112,0.000000000,-0.000002094,0.000005421,1.000000000,0.000000000,-13.386767037,34.438490537,51.003308087,1.000000000
ENTITYNAME=Wire_Device
