ENTITYNAME=WIRE
BASEFAMILY=02ffeb8c-401b-401c-a456-98310571739c.fam
OBJECTMODELPOINTER=81b82497-164d-48c0-b1cb-18fa700dacdf.dev
KVALUE=0.000000
SPLIT=4
POINT0.BLHA=28.54536406,113.51168326,478.790,255.750198
POINT0.MATRIX0=-0.969231762,-0.246149938,0.000000000,0.000000000,0.246149938,-0.969231762,-0.000000000,0.000000000,0.000000000,-0.000000000,1.000000000,0.000000000,-13.095564161,-0.111161707,58.000000809,1.000000000
POINT0.MATRIX1=-0.969231762,-0.246149938,0.000000000,0.000000000,0.246149938,-0.969231762,-0.000000000,0.000000000,0.000000000,-0.000000000,1.000000000,0.000000000,-13.095564161,-0.111161708,58.450013015,1.000000000
POINT0.MATRIX2=-0.969231762,-0.246149938,0.000000000,0.000000000,0.246149938,-0.969231762,-0.000000000,0.000000000,0.000000000,-0.000000000,1.000000000,0.000000000,-13.545534103,-0.108812388,58.450013015,1.000000000
POINT0.MATRIX3=-0.969231762,-0.246149938,0.000000000,0.000000000,0.246149938,-0.969231762,-0.000000000,0.000000000,0.000000000,-0.000000000,1.000000000,0.000000000,-13.545534103,-0.108812387,58.000000809,1.000000000
POINT1.BLHA=28.54536406,113.51168326,478.790,255.750198
POINT1.MATRIX0=-0.969231762,-0.246149938,0.000000000,0.000000000,0.246149938,-0.969231762,-0.000000000,0.000000000,0.000000000,-0.000000000,1.000000000,0.000000000,-13.094997147,-0.001161804,58.000000809,1.000000000
POINT1.MATRIX1=-0.969231762,-0.246149938,0.000000000,0.000000000,0.246149938,-0.969231762,-0.000000000,0.000000000,0.000000000,-0.000000000,1.000000000,0.000000000,-13.094997147,-0.001161804,58.450013015,1.000000000
POINT1.MATRIX2=-0.969231762,-0.246149938,0.000000000,0.000000000,0.246149938,-0.969231762,-0.000000000,0.000000000,0.000000000,-0.000000000,1.000000000,0.000000000,-13.544967090,0.001187516,58.450013015,1.000000000
POINT1.MATRIX3=-0.969231762,-0.246149938,0.000000000,0.000000000,0.246149938,-0.969231762,-0.000000000,0.000000000,0.000000000,-0.000000000,1.000000000,0.000000000,-13.544967089,0.001187516,58.000000808,1.000000000
