OBJECTMODELPOINTER=33777c94-e4b9-4947-906f-f84480f3cb99.dev
BASEFAMILY=02ffc399-6cd5-4722-a8a8-597651adc69a.fam
BLHA=28.40635362,113.37217651,164.659139,254.006183
TRANSFORMMATRIX=0.000068151,-0.999999997,0.000048792,0.000000000,0.999999998,0.000068151,0.000000321,0.000000000,-0.000000324,0.000048792,0.999999999,0.000000000,-1.638752318,309.953267604,16.572293185,1.000000000
ENTITYNAME=Wire_Device
