OBJECTMODELPOINTER=33777c94-e4b9-4947-906f-f84480f3cb99.dev
BASEFAMILY=0312e7f1-9e8d-449c-bccd-97b27ae022bf.fam
BLHA=28.70103226,113.45527961,136.730850,277.425083
TRANSFORMMATRIX=0.000000154,-1.000000000,0.000005658,0.000000000,1.000000000,0.000000154,0.000000022,0.000000000,-0.000000022,0.000005657,1.000000000,0.000000000,-0.164035603,35.931615640,38.728302564,1.000000000
ENTITYNAME=Wire_Device
