ENTITYNAME=WIRE
BASEFAMILY=03138a56-3e65-4aad-ae74-ed0c61e17e86.fam
OBJECTMODELPOINTER=31970f28-780e-4bf1-8adb-439f78c329a3.dev
KVALUE=0.000244
SPLIT=1
POINT0.BLHA=28.79669223,113.49966037,193.056,221.400685
POINT0.MATRIX0=-0.661320829,-0.750103167,-0.000000000,0.000000000,0.750103167,-0.661320829,-0.000000000,0.000000000,-0.000000000,0.000000000,1.000000000,0.000000000,-10.607674456,0.309363272,54.558007597,1.000000000
POINT1.BLHA=28.79327466,113.49529712,200.216,221.400685
POINT1.MATRIX0=-0.661320829,-0.750103167,-0.000000000,0.000000000,0.750103167,-0.661320829,0.000000000,0.000000000,-0.000000000,0.000000000,1.000000000,0.000000000,-10.610030471,-0.309804740,54.558001575,1.000000000
