OBJECTMODELPOINTER=33777c94-e4b9-4947-906f-f84480f3cb99.dev
BASEFAMILY=0318405f-494b-4c13-b0a9-52b1aa39ad2f.fam
BLHA=28.49379582,113.42815973,297.068153,224.957371
TRANSFORMMATRIX=0.002713963,-0.999996317,0.000015187,0.000000000,0.999996317,0.002713963,-0.000001981,0.000000000,0.000001939,0.000015192,1.000000000,0.000000000,12.598764051,96.758316587,31.915192788,1.000000000
ENTITYNAME=Wire_Device
