ENTITYNAME=WIRE
BASEFAMILY=031eb9f6-c1b2-4ff9-8302-db8a2643b486.fam
OBJECTMODELPOINTER=81b82497-164d-48c0-b1cb-18fa700dacdf.dev
KVALUE=0.000000
SPLIT=4
POINT0.BLHA=28.49713910,113.43191399,298.003,224.957371
POINT0.MATRIX0=-0.706580481,-0.707632690,-0.000000000,0.000000000,0.707632690,-0.706580481,-0.000000000,0.000000000,-0.000000000,-0.000000000,1.000000000,0.000000000,-11.644962370,-0.604245360,37.741100874,1.000000000
POINT0.MATRIX1=-0.706580481,-0.707632690,-0.000000000,0.000000000,0.707632690,-0.706580481,-0.000000000,0.000000000,-0.000000000,-0.000000000,1.000000000,0.000000000,-11.644962370,-0.604245360,38.191101636,1.000000000
POINT0.MATRIX2=-0.706580481,-0.707632690,-0.000000000,0.000000000,0.707632690,-0.706580481,-0.000000000,0.000000000,-0.000000000,-0.000000000,1.000000000,0.000000000,-12.094851546,-0.595948411,38.191101637,1.000000000
POINT0.MATRIX3=-0.706580481,-0.707632690,-0.000000000,0.000000000,0.707632690,-0.706580481,-0.000000000,0.000000000,-0.000000000,-0.000000000,1.000000000,0.000000000,-12.094851546,-0.595948411,37.741100874,1.000000000
POINT1.BLHA=28.49713910,113.43191399,298.003,224.957371
POINT1.MATRIX0=-0.706580481,-0.707632690,-0.000000000,0.000000000,0.707632690,-0.706580481,-0.000000000,0.000000000,-0.000000000,-0.000000000,1.000000000,0.000000000,-11.642734192,-0.484266048,37.741100873,1.000000000
POINT1.MATRIX1=-0.706580481,-0.707632690,-0.000000000,0.000000000,0.707632690,-0.706580481,-0.000000000,0.000000000,-0.000000000,-0.000000000,1.000000000,0.000000000,-11.642734192,-0.484266048,38.191101636,1.000000000
POINT1.MATRIX2=-0.706580481,-0.707632690,-0.000000000,0.000000000,0.707632690,-0.706580481,-0.000000000,0.000000000,-0.000000000,-0.000000000,1.000000000,0.000000000,-12.092623369,-0.475969099,38.191101636,1.000000000
POINT1.MATRIX3=-0.706580481,-0.707632690,-0.000000000,0.000000000,0.707632690,-0.706580481,-0.000000000,0.000000000,-0.000000000,-0.000000000,1.000000000,0.000000000,-12.092623369,-0.475969099,37.741100874,1.000000000
