OBJECTMODELPOINTER=85bcfa78-704e-4253-96f5-53b7b1aec623.dev
BASEFAMILY=03203ab3-072a-4533-ae26-6271ea642386.fam
TRANSFORMMATRIX=0.000000565,1.000000263,-0.000000653,0.000000000,-0.999999737,-0.000000073,0.000001509,0.000000000,0.000000000,0.000000000,1.000000000,0.000000000,-10.002000000,0.000000000,62.600000000,1.000000000
ENTITYNAME=Tower_Device
