OBJECTMODELPOINTER=33777c94-e4b9-4947-906f-f84480f3cb99.dev
BASEFAMILY=033283e5-546a-4d2a-86ed-60cdf31a86cc.fam
BLHA=28.39632770,113.36872548,122.542167,249.667673
TRANSFORMMATRIX=-0.000007677,-0.999999999,0.000047527,0.000000000,1.000000000,-0.000007677,0.000002417,0.000000000,-0.000002416,0.000047528,0.999999999,0.000000000,-14.901996420,301.964527698,40.852474987,1.000000000
ENTITYNAME=Wire_Device
