ENTITYNAME=WIRE
BASEFAMILY=033db452-0f73-4388-9bb4-89773d8bef3e.fam
OBJECTMODELPOINTER=81b82497-164d-48c0-b1cb-18fa700dacdf.dev
KVALUE=0.077511
SPLIT=4
POINT0.BLHA=28.81479133,113.52057006,101.431,372.952022
POINT0.MATRIX0=0.224135070,0.974558090,0.000000000,0.000000000,-0.974558090,0.224135070,-0.000000000,0.000000000,-0.000000000,0.000000000,1.000000000,0.000000000,-7.541336904,9.655101100,27.974753934,1.000000000
POINT0.MATRIX1=0.224135070,0.974558090,0.000000000,0.000000000,-0.974558090,0.224135070,-0.000000000,0.000000000,-0.000000000,0.000000000,1.000000000,0.000000000,-7.298974174,10.449132980,28.330674725,1.000000000
POINT0.MATRIX2=0.224135070,0.974558090,0.000000000,0.000000000,-0.974558090,0.224135070,-0.000000000,0.000000000,-0.000000000,0.000000000,1.000000000,0.000000000,-6.814212329,10.326120714,28.330689984,1.000000000
POINT0.MATRIX3=0.224135070,0.974558090,0.000000000,0.000000000,-0.974558090,0.224135070,-0.000000000,0.000000000,-0.000000000,0.000000000,1.000000000,0.000000000,-7.056684442,9.531612962,27.974662381,1.000000000
POINT1.BLHA=28.81479133,113.52057006,101.431,372.952022
POINT1.MATRIX0=0.224135070,0.974558090,0.000000000,0.000000000,-0.974558090,0.224135070,-0.000000000,0.000000000,-0.000000000,0.000000000,1.000000000,0.000000000,-11.725653161,0.001224955,25.789998667,1.000000000
POINT1.MATRIX1=0.224135070,0.974558090,0.000000000,0.000000000,-0.974558090,0.224135070,-0.000000000,0.000000000,-0.000000000,0.000000000,1.000000000,0.000000000,-11.725653161,0.001224954,26.239998655,1.000000000
POINT1.MATRIX2=0.224135070,0.974558090,0.000000000,0.000000000,-0.974558090,0.224135070,-0.000000000,0.000000000,-0.000000000,0.000000000,1.000000000,0.000000000,-11.275653157,0.001224763,26.239998656,1.000000000
POINT1.MATRIX3=0.224135070,0.974558090,0.000000000,0.000000000,-0.974558090,0.224135070,-0.000000000,0.000000000,-0.000000000,0.000000000,1.000000000,0.000000000,-11.275653157,0.001224763,25.789998668,1.000000000
