OBJECTMODELPOINTER=33777c94-e4b9-4947-906f-f84480f3cb99.dev
BASEFAMILY=0341492d-04b3-4d8d-b813-ceb2aff82ee3.fam
BLHA=28.78468964,113.48433856,117.864116,408.814230
TRANSFORMMATRIX=-0.126568073,0.991957924,0.000027891,0.000000000,-0.991957924,-0.126568073,0.000000375,0.000000000,0.000003903,-0.000027619,1.000000000,0.000000000,24.404628957,-175.721143139,37.286045357,1.000000000
ENTITYNAME=Wire_Device
