OBJECTMODELPOINTER=33777c94-e4b9-4947-906f-f84480f3cb99.dev
BASEFAMILY=035104db-ed5d-44c3-a9b2-3b0bb1fa8ff3.fam
BLHA=28.41408598,113.37463405,174.728080,254.006183
TRANSFORMMATRIX=-0.000008081,-0.999999998,0.000057638,0.000000000,1.000000000,-0.000008081,0.000000378,0.000000000,-0.000000378,0.000057638,0.999999998,0.000000000,-1.901660878,366.148497230,41.948445251,1.000000000
ENTITYNAME=Wire_Device
