OBJECTMODELPOINTER=33777c94-e4b9-4947-906f-f84480f3cb99.dev
BASEFAMILY=035728b2-f30e-4c65-97ef-2ebc5b5c0b45.fam
BLHA=28.79022096,113.49139881,176.212376,221.400685
TRANSFORMMATRIX=-0.001059057,-0.999999436,0.000084934,0.000000000,0.999999439,-0.001059057,-0.000001416,0.000000000,0.000001507,0.000084932,0.999999996,0.000000000,10.971977941,540.947859278,-8.226672620,1.000000000
ENTITYNAME=Wire_Device
