OBJECTMODELPOINTER=33777c94-e4b9-4947-906f-f84480f3cb99.dev
BASEFAMILY=0369be96-acb9-4819-a59f-6e0ec02d38a4.fam
BLHA=28.67276970,113.45923535,192.994115,456.641966
TRANSFORMMATRIX=-0.004944122,0.999987777,0.000049547,0.000000000,-0.999987778,-0.004944122,-0.000000983,0.000000000,-0.000000738,-0.000049551,0.999999999,0.000000000,-4.524743851,-314.683606893,-2.421474322,1.000000000
ENTITYNAME=Wire_Device
