OBJECTMODELPOINTER=33777c94-e4b9-4947-906f-f84480f3cb99.dev
BASEFAMILY=036a3b64-162d-482c-9374-ef243d17c526.fam
BLHA=28.61307891,113.46689101,233.448700,464.034761
TRANSFORMMATRIX=-0.619186474,0.785243982,-0.000000336,0.000000000,-0.785243982,-0.619186474,0.000001314,0.000000000,0.000000823,0.000001079,1.000000000,0.000000000,5.247956554,6.842316195,35.670348503,1.000000000
ENTITYNAME=Wire_Device
