OBJECTMODELPOINTER=33777c94-e4b9-4947-906f-f84480f3cb99.dev
BASEFAMILY=036add8f-1d3a-4e95-8f71-badf37b96ead.fam
BLHA=28.79327466,113.49529712,200.216421,221.400685
TRANSFORMMATRIX=-0.000004792,-1.000000000,0.000004817,0.000000000,1.000000000,-0.000004792,-0.000001967,0.000000000,0.000001968,0.000004816,1.000000000,0.000000000,12.599639039,30.710997424,36.362910664,1.000000000
ENTITYNAME=Wire_Device
