OBJECTMODELPOINTER=33777c94-e4b9-4947-906f-f84480f3cb99.dev
BASEFAMILY=036f3342-5d32-4d2b-b348-b98e383a35cd.fam
BLHA=28.30070252,113.44082959,73.741833,287.794387
TRANSFORMMATRIX=-0.001847222,-0.999998294,0.000017718,0.000000000,0.999998294,-0.001847222,-0.000001389,0.000000000,0.000001421,0.000017715,1.000000000,0.000000000,8.897078045,112.530024113,43.531432581,1.000000000
ENTITYNAME=Wire_Device
