OBJECTMODELPOINTER=0ceb4d19-4a5d-4b37-a72e-d4ad2aabf43a.dev
BASEFAMILY=0373519a-6511-46ed-a39b-6d0bbf9db72b.fam
TRANSFORMMATRIX=-0.152927212,0.339791160,-0.927984846,0.000000000,-0.911898931,-0.410414059,0.000001156,0.000000000,-0.380858418,0.846228124,0.372618876,0.000000000,-9.500000000,-2.039000000,30.000000000,1.000000000
ENTITYNAME=Tower_Device
