OBJECTMODELPOINTER=9adbd974-576d-498f-921b-753ff82b4b6f.dev
BASEFAMILY=0386b8b3-48f7-492c-a99f-4334902303ec.fam
TRANSFORMMATRIX=-0.002229089,-0.999997759,-0.000000399,0.000000000,0.999997271,-0.002229767,-0.000001591,0.000000000,0.000000000,0.000000000,1.000000000,0.000000000,-11.870000000,0.600000000,48.000000000,1.000000000
ENTITYNAME=Tower_Device
