ENTITYNAME=WIRE
BASEFAMILY=039682bb-dd78-4f4c-98d8-bbc33c22de9d.fam
OBJECTMODELPOINTER=31970f28-780e-4bf1-8adb-439f78c329a3.dev
KVALUE=0.000239
SPLIT=1
POINT0.BLHA=28.76435807,113.46905293,179.070,236.227775
POINT0.MATRIX0=-0.831254041,-0.555892723,0.000000000,0.000000000,0.555892723,-0.831254041,0.000000000,0.000000000,0.000000000,-0.000000000,1.000000000,0.000000000,-9.870285390,0.308836675,39.558001264,1.000000000
POINT1.BLHA=28.76146332,113.46687719,133.774,236.227775
POINT1.MATRIX0=-0.831254041,-0.555892723,0.000000000,0.000000000,0.555892723,-0.831254041,0.000000000,0.000000000,-0.000000000,0.000000000,1.000000000,0.000000000,-9.870718659,-0.309133514,54.558003272,1.000000000
