OBJECTMODELPOINTER=6f8a0549-52dc-45af-9002-9bc99a5f5687.dev
BASEFAMILY=0398daa8-fb47-4e6b-8749-d6e8f8bbeafe.fam
TRANSFORMMATRIX=-1.000000000,0.000000000,0.000000000,0.000000000,-0.000000000,-1.000000000,-0.000000000,0.000000000,0.000000000,0.000000000,1.000000000,0.000000000,7.082035356,7.081834470,-0.000005067,1.000000000
ENTITYNAME=Tower_Device
