OBJECTMODELPOINTER=33777c94-e4b9-4947-906f-f84480f3cb99.dev
BASEFAMILY=039bc588-2b43-44bf-b43f-7336fee26b85.fam
BLHA=28.45855791,113.39675815,237.532667,242.026912
TRANSFORMMATRIX=0.004349448,-0.999990540,0.000037811,0.000000000,0.999990541,0.004349448,-0.000001819,0.000000000,0.000001654,0.000037818,0.999999999,0.000000000,11.069327132,240.452824239,48.831905276,1.000000000
ENTITYNAME=Wire_Device
