OBJECTMODELPOINTER=33777c94-e4b9-4947-906f-f84480f3cb99.dev
BASEFAMILY=03a96a52-092a-4e48-9f49-d0fb475db39b.fam
BLHA=28.63586389,113.46501767,148.649697,277.610658
TRANSFORMMATRIX=-0.004833912,-0.999988316,0.000015148,0.000000000,0.999988317,-0.004833912,0.000000058,0.000000000,0.000000016,0.000015149,1.000000000,0.000000000,0.034046246,96.203295230,37.461169492,1.000000000
ENTITYNAME=Wire_Device
