OBJECTMODELPOINTER=33777c94-e4b9-4947-906f-f84480f3cb99.dev
BASEFAMILY=03d49360-1ab0-4c5e-9cb4-921794f8bae4.fam
BLHA=28.55326393,113.50869198,332.868298,304.990571
TRANSFORMMATRIX=-0.001099250,-0.999999395,0.000028387,0.000000000,0.999999396,-0.001099250,0.000000047,0.000000000,-0.000000016,0.000028388,1.000000000,0.000000000,-0.540051369,180.579834609,47.900403612,1.000000000
ENTITYNAME=Wire_Device
