OBJECTMODELPOINTER=33777c94-e4b9-4947-906f-f84480f3cb99.dev
BASEFAMILY=03e80d17-3063-4fae-b01c-44f1d5d5221b.fam
BLHA=28.50306305,113.44669559,173.869453,200.251669
TRANSFORMMATRIX=-0.000012197,-1.000000000,0.000024111,0.000000000,1.000000000,-0.000012197,0.000000157,0.000000000,-0.000000156,0.000024111,1.000000000,0.000000000,-0.734519432,153.808214835,57.474429374,1.000000000
ENTITYNAME=Wire_Device
