OBJECTMODELPOINTER=840de4d0-84fd-4053-b6cb-07de52799241.dev
BASEFAMILY=03e8decc-fe18-4e37-aca4-0fd2d96795fe.fam
TRANSFORMMATRIX=0.000000346,0.999999730,-0.000000468,0.000000000,-1.000000270,-0.000000287,-0.000001574,0.000000000,-0.000000000,0.000000000,1.000000000,0.000000000,7.500000000,-0.000000000,43.000000000,1.000000000
ENTITYNAME=Tower_Device
