OBJECTMODELPOINTER=33777c94-e4b9-4947-906f-f84480f3cb99.dev
BASEFAMILY=03f71536-0449-495c-af9d-243a22903f7a.fam
BLHA=28.32474464,113.37442409,71.722945,330.514691
TRANSFORMMATRIX=-0.324340210,-0.945940499,0.000036792,0.000000000,0.945940499,-0.324340210,-0.000001182,0.000000000,0.000013051,0.000034419,0.999999999,0.000000000,82.488252390,219.237600670,34.148007646,1.000000000
ENTITYNAME=Wire_Device
