OBJECTMODELPOINTER=33777c94-e4b9-4947-906f-f84480f3cb99.dev
BASEFAMILY=03fa64f8-d753-4ddc-a879-fbbf81891477.fam
BLHA=28.58865070,113.47941927,287.208654,287.849619
TRANSFORMMATRIX=-0.002234953,-0.999997502,0.000006257,0.000000000,0.999997502,-0.002234953,-0.000001842,0.000000000,0.000001857,0.000006254,1.000000000,0.000000000,11.784370667,39.712232446,35.379950100,1.000000000
ENTITYNAME=Wire_Device
