OBJECTMODELPOINTER=33777c94-e4b9-4947-906f-f84480f3cb99.dev
BASEFAMILY=03ffb2ad-4830-45ff-898c-95f0f7e579d7.fam
BLHA=28.29768818,113.44194006,79.179744,287.794387
TRANSFORMMATRIX=0.002157462,-0.999997673,0.000017118,0.000000000,0.999997673,0.002157462,-0.000001179,0.000000000,0.000001142,0.000017120,1.000000000,0.000000000,7.123688530,108.754692227,29.180839947,1.000000000
ENTITYNAME=Wire_Device
