OBJECTMODELPOINTER=15011f8d-47a3-4c75-8dc9-7aa32b1ca2d3.dev
BASEFAMILY=040e2e0a-7e2a-4544-90ea-57283c1c3254.fam
TRANSFORMMATRIX=-0.000000367,1.000000110,-0.000001638,0.000000000,-0.999999890,0.000000440,0.000000111,0.000000000,-0.000000000,-0.000000000,1.000000000,0.000000000,0.000000000,-0.000000000,42.000000000,1.000000000
ENTITYNAME=Tower_Device
