OBJECTMODELPOINTER=33777c94-e4b9-4947-906f-f84480f3cb99.dev
BASEFAMILY=04102893-2291-4bb9-93ac-ea7424e4c78e.fam
BLHA=28.71973492,113.45364743,163.020408,283.291091
TRANSFORMMATRIX=-0.009352562,-0.999956264,0.000017177,0.000000000,0.999956264,-0.009352562,0.000001920,0.000000000,-0.000001760,0.000017195,1.000000000,0.000000000,-11.355597638,109.234133982,25.155472649,1.000000000
ENTITYNAME=Wire_Device
