OBJECTMODELPOINTER=33777c94-e4b9-4947-906f-f84480f3cb99.dev
BASEFAMILY=041fda4a-5a54-4a38-8152-c3069188ade2.fam
BLHA=28.80841146,113.51251091,171.150662,227.348291
TRANSFORMMATRIX=-0.000004866,-1.000000000,0.000024411,0.000000000,1.000000000,-0.000004866,0.000002027,0.000000000,-0.000002027,0.000024412,1.000000000,0.000000000,-12.507136176,155.359070270,48.213018997,1.000000000
ENTITYNAME=Wire_Device
