OBJECTMODELPOINTER=33777c94-e4b9-4947-906f-f84480f3cb99.dev
BASEFAMILY=04209bac-5d9a-4de4-9306-ca39c2224769.fam
BLHA=28.31502906,113.40300484,68.016258,0.896163
TRANSFORMMATRIX=-0.001690024,-0.999998572,0.000014412,0.000000000,0.999998572,-0.001690024,-0.000001063,0.000000000,0.000001088,0.000014411,1.000000000,0.000000000,6.911657182,91.982692258,34.166365900,1.000000000
ENTITYNAME=Wire_Device
