OBJECTMODELPOINTER=33777c94-e4b9-4947-906f-f84480f3cb99.dev
BASEFAMILY=042bf70f-e275-4b88-8cc6-2fa3c9c4b629.fam
BLHA=28.68698006,113.45743042,187.111712,277.425083
TRANSFORMMATRIX=-0.010538640,-0.999944467,0.000026736,0.000000000,0.999944467,-0.010538640,0.000001965,0.000000000,-0.000001683,0.000026755,1.000000000,0.000000000,-10.852752758,169.925035596,13.063771994,1.000000000
ENTITYNAME=Wire_Device
