OBJECTMODELPOINTER=33777c94-e4b9-4947-906f-f84480f3cb99.dev
BASEFAMILY=0439ec9c-fc15-4f01-b7a3-031f53974d3b.fam
BLHA=28.79327466,113.49529712,200.216421,221.400685
TRANSFORMMATRIX=-0.000003546,-1.000000000,0.000004815,0.000000000,1.000000000,-0.000003546,0.000000037,0.000000000,-0.000000037,0.000004815,1.000000000,0.000000000,-0.155687086,30.665722363,37.857506384,1.000000000
ENTITYNAME=Wire_Device
