OBJECTMODELPOINTER=33777c94-e4b9-4947-906f-f84480f3cb99.dev
BASEFAMILY=0458d46c-6516-4df9-b470-4973332281d8.fam
BLHA=28.81363020,113.51792493,127.559863,396.804576
TRANSFORMMATRIX=-0.192631990,0.981271072,0.000006175,0.000000000,-0.981271072,-0.192631990,0.000001168,0.000000000,0.000002336,-0.000005835,1.000000000,0.000000000,14.769585977,-37.138889512,26.421521175,1.000000000
ENTITYNAME=Wire_Device
