OBJECTMODELPOINTER=146d895a-fdff-4646-a5ce-e15abbf3f3eb.dev
BASEFAMILY=0464557a-1768-4208-9ff8-c6168a62f98a.fam
TRANSFORMMATRIX=0.000000000,1.000000000,-0.000000000,0.000000000,-1.000000000,0.000000000,0.000000000,0.000000000,-0.000000000,-0.000000000,1.000000000,0.000000000,7.175159546,-7.174083205,0.000002880,1.000000000
ENTITYNAME=Tower_Device
