ENTITYNAME=WIRE
BASEFAMILY=0466827d-a7dd-4c93-b36a-f9dfeb413973.fam
OBJECTMODELPOINTER=81b82497-164d-48c0-b1cb-18fa700dacdf.dev
KVALUE=0.000326
SPLIT=4
POINT0.BLHA=28.32529000,113.37096013,66.626,509.137564
POINT0.MATRIX0=0.512978582,-0.858401406,0.000000000,0.000000000,0.858401406,0.512978582,0.000000000,0.000000000,0.000000000,-0.000000000,1.000000000,0.000000000,-5.321488853,-8.911399129,28.943162954,1.000000000
POINT0.MATRIX1=0.512978582,-0.858401406,0.000000000,0.000000000,0.858401406,0.512978582,0.000000000,0.000000000,0.000000000,-0.000000000,1.000000000,0.000000000,-5.000217696,-9.643182095,29.317781484,1.000000000
POINT0.MATRIX2=0.512978582,-0.858401406,0.000000000,0.000000000,0.858401406,0.512978582,0.000000000,0.000000000,0.000000000,-0.000000000,1.000000000,0.000000000,-4.540806095,-9.444861562,29.317689931,1.000000000
POINT0.MATRIX3=0.512978582,-0.858401406,0.000000000,0.000000000,0.858401406,0.512978582,0.000000000,0.000000000,0.000000000,-0.000000000,1.000000000,0.000000000,-4.860651165,-8.711657543,28.943132437,1.000000000
POINT1.BLHA=28.32474464,113.37442409,71.723,330.514691
POINT1.MATRIX0=-0.492200384,0.870481925,0.000000000,0.000000000,-0.870481925,-0.492200384,0.000000000,0.000000000,0.000000000,0.000000000,1.000000000,0.000000000,-6.557650748,-8.990886115,28.695735120,1.000000000
POINT1.MATRIX1=-0.492200384,0.870481925,0.000000000,0.000000000,-0.870481925,-0.492200384,0.000000000,0.000000000,0.000000000,0.000000000,1.000000000,0.000000000,-6.252653061,-9.740602309,29.047083997,1.000000000
POINT1.MATRIX2=-0.492200384,0.870481925,0.000000000,0.000000000,-0.870481925,-0.492200384,0.000000000,0.000000000,0.000000000,0.000000000,1.000000000,0.000000000,-6.714517397,-9.927713234,29.047083997,1.000000000
POINT1.MATRIX3=-0.492200384,0.870481925,0.000000000,0.000000000,-0.870481925,-0.492200384,0.000000000,0.000000000,0.000000000,0.000000000,1.000000000,0.000000000,-7.018055256,-9.176610671,28.695765637,1.000000000
