ENTITYNAME=WIRE
BASEFAMILY=0489d3d7-6b4e-4378-9a27-bd90dfee7723.fam
OBJECTMODELPOINTER=81b82497-164d-48c0-b1cb-18fa700dacdf.dev
KVALUE=0.000319
SPLIT=4
POINT0.BLHA=28.36557656,113.36066804,62.497,414.735470
POINT0.MATRIX0=0.816495163,0.577352274,0.000000000,0.000000000,-0.577352274,0.816495163,-0.000000000,0.000000000,-0.000000000,-0.000000000,1.000000000,0.000000000,9.458189772,-9.299321791,28.986619335,1.000000000
POINT0.MATRIX1=0.816495163,0.577352274,0.000000000,0.000000000,-0.577352274,0.816495163,-0.000000000,0.000000000,-0.000000000,-0.000000000,1.000000000,0.000000000,9.663558109,-10.072663939,29.365022045,1.000000000
POINT0.MATRIX2=0.816495163,0.577352274,0.000000000,0.000000000,-0.577352274,0.816495163,-0.000000000,0.000000000,-0.000000000,-0.000000000,1.000000000,0.000000000,10.146650280,-9.943959883,29.365144115,1.000000000
POINT0.MATRIX3=0.816495163,0.577352274,0.000000000,0.000000000,-0.577352274,0.816495163,-0.000000000,0.000000000,-0.000000000,-0.000000000,1.000000000,0.000000000,9.940951660,-9.168459198,28.986802440,1.000000000
POINT1.BLHA=28.36295604,113.35959378,63.084,458.145379
POINT1.MATRIX0=0.989911752,-0.141685295,0.000000000,0.000000000,0.141685295,0.989911752,-0.000000000,0.000000000,0.000000000,0.000000000,1.000000000,0.000000000,11.376194839,8.598898328,28.953033674,1.000000000
POINT1.MATRIX1=0.989911752,-0.141685295,0.000000000,0.000000000,0.141685295,0.989911752,-0.000000000,0.000000000,0.000000000,0.000000000,1.000000000,0.000000000,11.757901256,9.297962221,29.328720319,1.000000000
POINT1.MATRIX2=0.989911752,-0.141685295,0.000000000,0.000000000,0.141685295,0.989911752,-0.000000000,0.000000000,0.000000000,0.000000000,1.000000000,0.000000000,12.196810145,9.059541917,29.328842390,1.000000000
POINT1.MATRIX3=0.989911752,-0.141685295,0.000000000,0.000000000,0.141685295,0.989911752,-0.000000000,0.000000000,0.000000000,0.000000000,1.000000000,0.000000000,11.816830524,8.362203898,28.952972639,1.000000000
