OBJECTMODELPOINTER=33777c94-e4b9-4947-906f-f84480f3cb99.dev
BASEFAMILY=048db39f-cc0c-4027-8783-f1348859afee.fam
BLHA=28.26851271,113.48351910,83.112496,355.334735
TRANSFORMMATRIX=-0.001014831,-0.999999485,0.000005226,0.000000000,0.999999485,-0.001014831,0.000001156,0.000000000,-0.000001150,0.000005227,1.000000000,0.000000000,-7.318061530,33.366897621,67.797996106,1.000000000
ENTITYNAME=Wire_Device
