OBJECTMODELPOINTER=33777c94-e4b9-4947-906f-f84480f3cb99.dev
BASEFAMILY=049367a2-c7aa-43ef-bafc-d5a628cfec9f.fam
BLHA=28.26885822,113.47846971,85.176990,355.334735
TRANSFORMMATRIX=0.000018783,-0.999999999,0.000038933,0.000000000,1.000000000,0.000018783,-0.000001401,0.000000000,0.000001401,0.000038933,0.999999999,0.000000000,8.789005549,248.498942515,37.361093363,1.000000000
ENTITYNAME=Wire_Device
