OBJECTMODELPOINTER=33777c94-e4b9-4947-906f-f84480f3cb99.dev
BASEFAMILY=04972749-8071-4894-bf7e-18415b0c8001.fam
BLHA=28.78112316,113.48165670,163.744709,236.227775
TRANSFORMMATRIX=-0.000009216,-1.000000000,0.000023968,0.000000000,1.000000000,-0.000009216,-0.000001701,0.000000000,0.000001701,0.000023968,1.000000000,0.000000000,11.205631702,152.473532040,50.106422217,1.000000000
ENTITYNAME=Wire_Device
