OBJECTMODELPOINTER=33777c94-e4b9-4947-906f-f84480f3cb99.dev
BASEFAMILY=049d1a6f-327f-4aae-804c-c8bb207dcee7.fam
BLHA=28.80679371,113.51083278,186.898436,227.348291
TRANSFORMMATRIX=-0.000015361,-0.999999999,0.000046782,0.000000000,1.000000000,-0.000015361,-0.000001550,0.000000000,0.000001552,0.000046782,0.999999999,0.000000000,10.644701241,297.821724714,42.656837584,1.000000000
ENTITYNAME=Wire_Device
