OBJECTMODELPOINTER=4d252e9e-bcbf-4176-9f4f-0282e58d66c1.dev
BASEFAMILY=04a3ed7b-bb77-45d2-8a4f-686e53d6932f.fam
TRANSFORMMATRIX=0.000478929,0.031500909,-0.999503526,0.000000000,-0.999884732,0.015188390,0.000000514,0.000000000,0.015179457,0.999388358,0.031503864,0.000000000,-4.768181817,-1.040000000,44.800000000,1.000000000
ENTITYNAME=Tower_Device
