OBJECTMODELPOINTER=33777c94-e4b9-4947-906f-f84480f3cb99.dev
BASEFAMILY=04b564b3-5672-4ad0-893c-80c5d5b5ad34.fam
BLHA=28.30070252,113.44082959,73.741833,287.794387
TRANSFORMMATRIX=-0.001847113,-0.999998294,0.000027663,0.000000000,0.999998294,-0.001847113,-0.000001044,0.000000000,0.000001095,0.000027662,1.000000000,0.000000000,6.721850064,175.722274486,33.170421411,1.000000000
ENTITYNAME=Wire_Device
