OBJECTMODELPOINTER=33777c94-e4b9-4947-906f-f84480f3cb99.dev
BASEFAMILY=04c8c922-f880-48d7-9903-a8c28e8460d9.fam
BLHA=28.30399811,113.43961542,62.139238,477.400140
TRANSFORMMATRIX=0.366943824,0.930243103,0.000000123,0.000000000,-0.930243103,0.366943824,0.000001604,0.000000000,0.000001447,-0.000000702,1.000000000,0.000000000,9.234031967,-4.486224559,31.282074313,1.000000000
ENTITYNAME=Wire_Device
