OBJECTMODELPOINTER=15957061-b62e-4ae8-9c0e-0ea6035c63c3.dev
BASEFAMILY=04dcb247-1f2e-4839-bb4f-0933433b8114.fam
TRANSFORMMATRIX=0.012317726,0.050416801,-0.998652491,0.000000000,-0.971421964,0.237358360,-0.000001151,0.000000000,0.237038607,0.970112928,0.051899954,0.000000000,-10.000000000,-1.171500000,36.000000000,1.000000000
ENTITYNAME=Tower_Device
