OBJECTMODELPOINTER=33777c94-e4b9-4947-906f-f84480f3cb99.dev
BASEFAMILY=04ee42aa-3090-46cc-b596-e0cc77530859.fam
BLHA=28.38255325,113.36304670,117.224132,441.473487
TRANSFORMMATRIX=-0.316783425,0.948497898,0.000000224,0.000000000,-0.948497898,-0.316783425,-0.000001708,0.000000000,-0.000001549,-0.000000754,1.000000000,0.000000000,-9.891444451,-4.791925023,18.979607060,1.000000000
ENTITYNAME=Wire_Device
