OBJECTMODELPOINTER=33777c94-e4b9-4947-906f-f84480f3cb99.dev
BASEFAMILY=0504e917-17c2-46b5-9c25-d27a9262add7.fam
BLHA=28.31510010,113.40690744,78.265120,0.896163
TRANSFORMMATRIX=0.002071445,-0.999997854,0.000044874,0.000000000,0.999997855,0.002071445,-0.000001013,0.000000000,0.000000920,0.000044876,0.999999999,0.000000000,5.867436567,286.445686317,27.879721764,1.000000000
ENTITYNAME=Wire_Device
