OBJECTMODELPOINTER=379a87fd-147c-4eb8-a051-c0d91e09f247.dev
BASEFAMILY=050c5aff-d852-46d7-83e4-a95641ca09f6.fam
TRANSFORMMATRIX=-0.016924616,0.059419499,-0.998089775,0.000000000,-0.961752178,-0.273920481,-0.000001055,0.000000000,-0.273397360,0.959915031,0.061782011,0.000000000,12.500000000,-0.400000000,67.300000000,1.000000000
ENTITYNAME=Tower_Device
