OBJECTMODELPOINTER=41d321e7-3397-4727-9e40-748fc0d98201.dev
BASEFAMILY=0516a997-39ac-42a3-91f0-8250a5991b50.fam
TRANSFORMMATRIX=0.000000386,-0.999999730,0.000000668,0.000000000,1.000000270,-0.000000243,-0.000001501,0.000000000,-0.000000000,0.000000000,1.000000000,0.000000000,13.320000000,0.600000000,63.000000000,1.000000000
ENTITYNAME=Tower_Device
