OBJECTMODELPOINTER=33777c94-e4b9-4947-906f-f84480f3cb99.dev
BASEFAMILY=051af739-f1fe-429e-a9a3-5f1cb088da20.fam
BLHA=28.32854622,113.36798434,68.151851,482.460958
TRANSFORMMATRIX=-0.107184837,0.994239110,0.000054541,0.000000000,-0.994239111,-0.107184837,0.000000339,0.000000000,0.000006182,-0.000054191,0.999999999,0.000000000,40.218780092,-344.712954354,22.260497109,1.000000000
ENTITYNAME=Wire_Device
