OBJECTMODELPOINTER=33777c94-e4b9-4947-906f-f84480f3cb99.dev
BASEFAMILY=0525da8a-2299-493f-a7e1-8fae798fef04.fam
BLHA=28.36995278,113.36656265,67.148041,253.042546
TRANSFORMMATRIX=-0.542997648,-0.839734215,0.000050243,0.000000000,0.839734216,-0.542997649,0.000001822,0.000000000,0.000025752,0.000043180,0.999999999,0.000000000,164.702699343,274.548004835,30.487319616,1.000000000
ENTITYNAME=Wire_Device
