OBJECTMODELPOINTER=33777c94-e4b9-4947-906f-f84480f3cb99.dev
BASEFAMILY=0526ae4e-a830-47de-90f4-be0b6e792ca8.fam
BLHA=28.57262295,113.49015944,261.228990,312.996987
TRANSFORMMATRIX=0.000005589,-1.000000000,0.000017551,0.000000000,1.000000000,0.000005589,-0.000002063,0.000000000,0.000002063,0.000017551,1.000000000,0.000000000,12.845063065,111.692062442,36.441299651,1.000000000
ENTITYNAME=Wire_Device
