OBJECTMODELPOINTER=33777c94-e4b9-4947-906f-f84480f3cb99.dev
BASEFAMILY=05291a1d-8c11-4ab0-949f-dbb102095643.fam
BLHA=28.70103226,113.45527961,136.730850,277.425083
TRANSFORMMATRIX=0.000003118,-1.000000000,0.000029620,0.000000000,1.000000000,0.000003118,0.000001975,0.000000000,-0.000001974,0.000029620,1.000000000,0.000000000,-12.728999618,188.119888822,30.261451626,1.000000000
ENTITYNAME=Wire_Device
