OBJECTMODELPOINTER=33777c94-e4b9-4947-906f-f84480f3cb99.dev
BASEFAMILY=0539fb94-b6a0-4b8b-a202-272a7a48929c.fam
BLHA=28.31925198,113.37995663,64.126344,500.343289
TRANSFORMMATRIX=0.105950075,0.994371451,0.000000523,0.000000000,-0.994371451,0.105950075,0.000001485,0.000000000,0.000001422,-0.000000677,1.000000000,0.000000000,9.055483511,-4.339456816,54.566259372,1.000000000
ENTITYNAME=Wire_Device
