OBJECTMODELPOINTER=126dac34-3d7d-4138-bff7-fd30eeeb14a7.dev
BASEFAMILY=05427eab-dae5-4083-8ad0-e1c4dfd01bae.fam
TRANSFORMMATRIX=-0.009168326,0.183426026,-0.982991013,0.000000000,-0.998752669,-0.049926036,0.000001149,0.000000000,-0.049077607,0.981764867,0.183654933,0.000000000,-7.500000000,-0.953000000,29.999999999,1.000000000
ENTITYNAME=Tower_Device
