OBJECTMODELPOINTER=33777c94-e4b9-4947-906f-f84480f3cb99.dev
BASEFAMILY=05628a96-2634-4891-a860-8005f815496c.fam
BLHA=28.28708442,113.44692142,57.763329,308.127846
TRANSFORMMATRIX=0.000954267,-0.999999544,0.000039605,0.000000000,0.999999545,0.000954267,0.000001673,0.000000000,-0.000001710,0.000039604,0.999999999,0.000000000,-11.533881738,252.007518252,45.671086486,1.000000000
ENTITYNAME=Wire_Device
