ENTITYNAME=WIRE
BASEFAMILY=05678978-2d3e-41b0-8e8e-abb3800c48b2.fam
OBJECTMODELPOINTER=81b82497-164d-48c0-b1cb-18fa700dacdf.dev
KVALUE=0.000000
SPLIT=4
POINT0.BLHA=28.39175425,113.36683981,143.500,249.667673
POINT0.MATRIX0=-0.937693038,-0.347464771,-0.000000000,0.000000000,0.347464771,-0.937693038,-0.000000000,0.000000000,0.000000000,0.000000000,1.000000000,0.000000000,-13.094846662,0.600221135,52.741103175,1.000000000
POINT0.MATRIX1=-0.937693038,-0.347464771,-0.000000000,0.000000000,0.347464771,-0.937693038,-0.000000000,0.000000000,0.000000000,0.000000000,1.000000000,0.000000000,-13.094846662,0.600221135,53.191100123,1.000000000
POINT0.MATRIX2=-0.937693038,-0.347464771,-0.000000000,0.000000000,0.347464771,-0.937693038,-0.000000000,0.000000000,0.000000000,0.000000000,1.000000000,0.000000000,-13.545642998,0.599809651,53.191100123,1.000000000
POINT0.MATRIX3=-0.937693038,-0.347464771,-0.000000000,0.000000000,0.347464771,-0.937693038,-0.000000000,0.000000000,0.000000000,0.000000000,1.000000000,0.000000000,-13.545642998,0.599809651,52.741103175,1.000000000
POINT1.BLHA=28.39175425,113.36683981,143.500,249.667673
POINT1.MATRIX0=-0.937693038,-0.347464771,-0.000000000,0.000000000,0.347464771,-0.937693038,-0.000000000,0.000000000,0.000000000,0.000000000,1.000000000,0.000000000,-13.095167458,0.720227268,52.741103175,1.000000000
POINT1.MATRIX1=-0.937693038,-0.347464771,-0.000000000,0.000000000,0.347464771,-0.937693038,-0.000000000,0.000000000,0.000000000,0.000000000,1.000000000,0.000000000,-13.095167458,0.720227268,53.191100123,1.000000000
POINT1.MATRIX2=-0.937693038,-0.347464771,-0.000000000,0.000000000,0.347464771,-0.937693038,-0.000000000,0.000000000,0.000000000,0.000000000,1.000000000,0.000000000,-13.545963795,0.719815784,53.191100123,1.000000000
POINT1.MATRIX3=-0.937693038,-0.347464771,-0.000000000,0.000000000,0.347464771,-0.937693038,-0.000000000,0.000000000,0.000000000,0.000000000,1.000000000,0.000000000,-13.545963795,0.719815784,52.741103175,1.000000000
