OBJECTMODELPOINTER=9b0f2d7c-7326-4e74-b843-e663203f216e.dev
BASEFAMILY=056a55b7-5a6a-45c4-a929-aba2d2840a34.fam
TRANSFORMMATRIX=-1.000000000,0.000000002,0.000000000,0.000000000,-0.000000002,-1.000000000,0.000000000,0.000000000,0.000000000,-0.000000000,1.000000000,0.000000000,11.500000000,0.000000000,79.100000000,1.000000000
ENTITYNAME=Tower_Device
