OBJECTMODELPOINTER=33777c94-e4b9-4947-906f-f84480f3cb99.dev
BASEFAMILY=057a27a3-2c88-45e8-89a5-260419af7642.fam
BLHA=28.52615363,113.49352553,361.372655,210.734491
TRANSFORMMATRIX=0.000060369,-0.999999998,0.000027743,0.000000000,0.999999998,0.000060369,0.000000181,0.000000000,-0.000000183,0.000027743,1.000000000,0.000000000,-0.759404736,176.854233548,47.736269401,1.000000000
ENTITYNAME=Wire_Device
