OBJECTMODELPOINTER=33777c94-e4b9-4947-906f-f84480f3cb99.dev
BASEFAMILY=057c299e-d056-4efc-9584-da14e7d3125c.fam
BLHA=28.30070252,113.44082959,73.741833,287.794387
TRANSFORMMATRIX=0.001379796,-0.999999047,0.000039808,0.000000000,0.999999048,0.001379796,0.000001177,0.000000000,-0.000001231,0.000039807,0.999999999,0.000000000,-8.244298643,252.900749320,63.271279692,1.000000000
ENTITYNAME=Wire_Device
