OBJECTMODELPOINTER=33777c94-e4b9-4947-906f-f84480f3cb99.dev
BASEFAMILY=0588118f-a582-476d-91f2-912bcf2de944.fam
BLHA=28.50469488,113.45163258,174.515783,200.251669
TRANSFORMMATRIX=0.011278868,-0.999936389,0.000074403,0.000000000,0.999936392,0.011278869,0.000001651,0.000000000,-0.000002490,0.000074379,0.999999997,0.000000000,-15.026450021,474.458214890,43.278826386,1.000000000
ENTITYNAME=Wire_Device
