OBJECTMODELPOINTER=33777c94-e4b9-4947-906f-f84480f3cb99.dev
BASEFAMILY=05908827-d12f-4e8a-bdad-8549c1c2d6b0.fam
BLHA=28.44311633,113.38759173,262.560023,242.026912
TRANSFORMMATRIX=-0.000010676,-0.999999999,0.000037819,0.000000000,1.000000000,-0.000010676,-0.000001588,0.000000000,0.000001589,0.000037819,0.999999999,0.000000000,10.646150735,240.452374671,57.936492120,1.000000000
ENTITYNAME=Wire_Device
