OBJECTMODELPOINTER=33777c94-e4b9-4947-906f-f84480f3cb99.dev
BASEFAMILY=0590cd9e-240f-4723-98b1-948fe696aec8.fam
BLHA=28.47949059,113.41307678,290.814083,229.813402
TRANSFORMMATRIX=0.000896312,-0.999999594,0.000094018,0.000000000,0.999999598,0.000896312,0.000002701,0.000000000,-0.000002785,0.000094015,0.999999995,0.000000000,-16.207314679,598.274757416,100.924426484,1.000000000
ENTITYNAME=Wire_Device
