OBJECTMODELPOINTER=33777c94-e4b9-4947-906f-f84480f3cb99.dev
BASEFAMILY=059a1474-d2be-4f61-aafb-3cc365f31a41.fam
BLHA=28.52337409,113.48828309,330.016596,210.734491
TRANSFORMMATRIX=-0.041952498,-0.999119606,-0.000000650,0.000000000,0.999119606,-0.041952498,-0.000001229,0.000000000,0.000001201,-0.000000701,1.000000000,0.000000000,7.620647018,-4.453548644,26.145523225,1.000000000
ENTITYNAME=Wire_Device
