OBJECTMODELPOINTER=2ebccf86-67e2-4fd5-94c3-40ce9daef961.dev
BASEFAMILY=059c6d3d-30e2-4474-ba4a-51e306017806.fam
TRANSFORMMATRIX=-0.999992532,-0.003864787,0.000000000,0.000000000,0.003864783,-0.999992532,-0.000000004,0.000000000,-0.000000000,0.000000000,1.000000000,0.000000000,11.500000000,0.000000000,79.100000001,1.000000000
ENTITYNAME=Tower_Device
