OBJECTMODELPOINTER=33777c94-e4b9-4947-906f-f84480f3cb99.dev
BASEFAMILY=05a4b1d6-11d1-48c9-bb31-d836e3844517.fam
BLHA=28.31470596,113.39701913,83.588909,4.996372
TRANSFORMMATRIX=-0.003324402,-0.999994473,0.000036255,0.000000000,0.999994474,-0.003324402,-0.000001356,0.000000000,0.000001476,0.000036251,0.999999999,0.000000000,9.477841539,231.385363555,38.538483364,1.000000000
ENTITYNAME=Wire_Device
