OBJECTMODELPOINTER=33777c94-e4b9-4947-906f-f84480f3cb99.dev
BASEFAMILY=05a77bb2-07b0-4607-8f98-1ddf6f02042b.fam
BLHA=28.73821142,113.45475326,97.655295,258.301958
TRANSFORMMATRIX=0.008224377,-0.999966177,0.000060644,0.000000000,0.999966179,0.008224377,-0.000001751,0.000000000,0.000001252,0.000060658,0.999999998,0.000000000,8.387201932,385.280634125,65.670380905,1.000000000
ENTITYNAME=Wire_Device
