OBJECTMODELPOINTER=33777c94-e4b9-4947-906f-f84480f3cb99.dev
BASEFAMILY=05b53b93-faf4-4c2e-8af2-6f026bd18b75.fam
BLHA=28.31502906,113.40300484,68.016258,0.896163
TRANSFORMMATRIX=-0.001684213,-0.999998581,0.000025201,0.000000000,0.999998582,-0.001684213,-0.000001009,0.000000000,0.000001051,0.000025199,1.000000000,0.000000000,6.688257857,160.845466863,33.814911961,1.000000000
ENTITYNAME=Wire_Device
