OBJECTMODELPOINTER=38f17a0e-94f0-4b7d-aec4-d73600d0c076.dev
BASEFAMILY=05b9cecc-17cb-4ea1-8f15-553eea622434.fam
TRANSFORMMATRIX=-0.999999394,-0.001100224,0.000000001,0.000000000,0.001100224,-0.999999395,-0.000000001,0.000000000,-0.000000000,-0.000000000,1.000000000,0.000000000,-10.610000000,0.000000000,40.000000000,1.000000000
ENTITYNAME=Tower_Device
