OBJECTMODELPOINTER=762bd850-642a-4c7a-9089-80368d13a52c.dev
BASEFAMILY=05e3cc9d-bff5-4619-ae80-e385c1a1c6e4.fam
TRANSFORMMATRIX=0.001059077,0.999999755,-0.000001536,0.000000000,-0.999999122,0.001059623,0.000000585,0.000000000,0.000000000,-0.000000000,1.000000000,0.000000000,-13.320000000,-0.000000000,59.999999999,1.000000000
ENTITYNAME=Tower_Device
