OBJECTMODELPOINTER=7e2c7fa5-a7df-4da4-a05c-1bb7b61b1983.dev
BASEFAMILY=05e5f2f6-f16b-4366-a05b-80ef2bd23656.fam
TRANSFORMMATRIX=-0.003781161,-0.186420714,-0.982462395,0.000000000,0.999794648,-0.020281158,-0.000000544,0.000000000,-0.019926181,-0.982260390,0.186460383,0.000000000,-7.500000000,0.953000000,30.000000000,1.000000000
ENTITYNAME=Tower_Device
