OBJECTMODELPOINTER=33777c94-e4b9-4947-906f-f84480f3cb99.dev
BASEFAMILY=06109fd1-5384-4313-9d6f-e8a1898828e7.fam
BLHA=28.80841146,113.51251091,171.150662,227.348291
TRANSFORMMATRIX=-0.000007149,-1.000000000,0.000013741,0.000000000,1.000000000,-0.000007149,0.000000096,0.000000000,-0.000000096,0.000013741,1.000000000,0.000000000,-0.383927170,87.467468515,44.592044774,1.000000000
ENTITYNAME=Wire_Device
