OBJECTMODELPOINTER=33777c94-e4b9-4947-906f-f84480f3cb99.dev
BASEFAMILY=0623fd17-f8fd-463d-ab24-2c3906766b5e.fam
BLHA=28.31515909,113.41015274,70.673124,0.896163
TRANSFORMMATRIX=0.000005926,-1.000000000,0.000015022,0.000000000,1.000000000,0.000005926,0.000001252,0.000000000,-0.000001252,0.000015022,1.000000000,0.000000000,-7.942559525,95.886421800,20.025831808,1.000000000
ENTITYNAME=Wire_Device
