OBJECTMODELPOINTER=33777c94-e4b9-4947-906f-f84480f3cb99.dev
BASEFAMILY=06442eda-569d-49d7-a981-ff8d49086077.fam
BLHA=28.44721846,113.39002654,265.559825,242.026912
TRANSFORMMATRIX=-0.002842495,-0.999995959,0.000040366,0.000000000,0.999995960,-0.002842495,0.000002381,0.000000000,-0.000002267,0.000040372,0.999999999,0.000000000,-13.896923795,256.638380094,22.707144455,1.000000000
ENTITYNAME=Wire_Device
