OBJECTMODELPOINTER=33777c94-e4b9-4947-906f-f84480f3cb99.dev
BASEFAMILY=064948c9-7f9f-46f5-b81a-9ba65a645452.fam
BLHA=28.33513056,113.36426418,74.466119,467.201749
TRANSFORMMATRIX=-0.147021926,0.989133233,0.000027820,0.000000000,-0.989133233,-0.147021926,-0.000001096,0.000000000,0.000003006,-0.000027679,1.000000000,0.000000000,19.440279010,-175.865636005,14.450470792,1.000000000
ENTITYNAME=Wire_Device
