OBJECTMODELPOINTER=33777c94-e4b9-4947-906f-f84480f3cb99.dev
BASEFAMILY=0654ea4f-f0f2-4578-9dea-32ed04221b35.fam
BLHA=28.31925198,113.37995663,64.126344,500.343289
TRANSFORMMATRIX=-0.157028868,0.987594012,0.000046511,0.000000000,-0.987594013,-0.157028869,-0.000001052,0.000000000,0.000006265,-0.000046099,0.999999999,0.000000000,40.613990103,-293.734992459,69.785460720,1.000000000
ENTITYNAME=Wire_Device
