OBJECTMODELPOINTER=33777c94-e4b9-4947-906f-f84480f3cb99.dev
BASEFAMILY=065f9547-8b9f-44f3-8e07-10ec313b589a.fam
BLHA=28.45391595,113.39400228,204.515406,242.026912
TRANSFORMMATRIX=0.002607629,-0.999996600,0.000031673,0.000000000,0.999996600,0.002607629,0.000000009,0.000000000,-0.000000092,0.000031673,0.999999999,0.000000000,-0.151876008,201.357688648,24.536559500,1.000000000
ENTITYNAME=Wire_Device
