OBJECTMODELPOINTER=0e312739-8609-4a3d-966c-75d05d59356d.dev
BASEFAMILY=06809a4e-b03e-4136-8057-853d14b2bb24.fam
TRANSFORMMATRIX=-0.000000000,1.000000000,0.000000000,0.000000000,-1.000000000,-0.000000000,0.000000000,0.000000000,-0.000000000,-0.000000000,1.000000000,0.000000000,5.397108985,-5.397061812,0.000002071,1.000000000
ENTITYNAME=Tower_Device
