OBJECTMODELPOINTER=33777c94-e4b9-4947-906f-f84480f3cb99.dev
BASEFAMILY=0685d16c-ae05-4807-9cad-66d16740468a.fam
BLHA=28.31523299,113.41422428,48.000024,0.896163
TRANSFORMMATRIX=0.000012084,-1.000000000,0.000025968,0.000000000,1.000000000,0.000012084,0.000001188,0.000000000,-0.000001188,0.000025968,1.000000000,0.000000000,-7.530996736,165.755923653,46.409933627,1.000000000
ENTITYNAME=Wire_Device
