ENTITYNAME=WIRE
BASEFAMILY=0686e34d-2b53-434e-ba7e-be4ee6de84a2.fam
OBJECTMODELPOINTER=81b82497-164d-48c0-b1cb-18fa700dacdf.dev
KVALUE=0.100152
SPLIT=4
POINT0.BLHA=28.71568525,113.45475484,179.580,274.089521
POINT0.MATRIX0=-0.997453842,0.071315024,0.000000000,0.000000000,-0.071315024,-0.997453842,0.000000000,0.000000000,0.000000000,0.000000000,1.000000000,0.000000000,7.724988745,-3.999718811,38.790000326,1.000000000
POINT0.MATRIX1=-0.997453842,0.071315024,0.000000000,0.000000000,-0.071315024,-0.997453842,0.000000000,0.000000000,0.000000000,0.000000000,1.000000000,0.000000000,7.724988745,-3.999718811,39.240000373,1.000000000
POINT0.MATRIX2=-0.997453842,0.071315024,0.000000000,0.000000000,-0.071315024,-0.997453842,0.000000000,0.000000000,0.000000000,0.000000000,1.000000000,0.000000000,7.274988743,-3.999718667,39.240000373,1.000000000
POINT0.MATRIX3=-0.997453842,0.071315024,0.000000000,0.000000000,-0.071315024,-0.997453842,0.000000000,0.000000000,0.000000000,0.000000000,1.000000000,0.000000000,7.274988743,-3.999718667,38.790000326,1.000000000
POINT1.BLHA=28.71568525,113.45475484,179.580,274.089521
POINT1.MATRIX0=-0.997453842,0.071315024,0.000000000,0.000000000,-0.071315024,-0.997453842,0.000000000,0.000000000,0.000000000,0.000000000,1.000000000,0.000000000,7.725012119,4.000119580,38.790000326,1.000000000
POINT1.MATRIX1=-0.997453842,0.071315024,0.000000000,0.000000000,-0.071315024,-0.997453842,0.000000000,0.000000000,0.000000000,0.000000000,1.000000000,0.000000000,7.725012119,4.000119580,39.240000374,1.000000000
POINT1.MATRIX2=-0.997453842,0.071315024,0.000000000,0.000000000,-0.071315024,-0.997453842,0.000000000,0.000000000,0.000000000,0.000000000,1.000000000,0.000000000,7.275012150,4.000119721,39.240000373,1.000000000
POINT1.MATRIX3=-0.997453842,0.071315024,0.000000000,0.000000000,-0.071315024,-0.997453842,0.000000000,0.000000000,0.000000000,0.000000000,1.000000000,0.000000000,7.275012150,4.000119721,38.790000325,1.000000000
