OBJECTMODELPOINTER=33777c94-e4b9-4947-906f-f84480f3cb99.dev
BASEFAMILY=0691536b-8b49-46be-aa6d-262e167a0108.fam
BLHA=28.31925198,113.37995663,64.126344,500.343289
TRANSFORMMATRIX=-0.158860334,0.987301065,0.000046513,0.000000000,-0.987301066,-0.158860334,-0.000001295,0.000000000,0.000006110,-0.000046127,0.999999999,0.000000000,39.636579786,-293.912573850,45.346855213,1.000000000
ENTITYNAME=Wire_Device
