ENTITYNAME=WIRE
BASEFAMILY=069e122e-dd28-4b61-befd-225c6d3a113f.fam
OBJECTMODELPOINTER=31970f28-780e-4bf1-8adb-439f78c329a3.dev
KVALUE=0.000235
SPLIT=1
POINT0.BLHA=28.70103226,113.45527961,136.731,277.425083
POINT0.MATRIX0=-0.991614682,0.129229724,0.000000000,0.000000000,-0.129229724,-0.991614682,0.000000000,0.000000000,0.000000000,-0.000000000,1.000000000,0.000000000,9.870596648,0.310540399,54.558006912,1.000000000
POINT1.BLHA=28.69702652,113.45589279,149.051,277.425083
POINT1.MATRIX0=-0.991614682,0.129229724,-0.000000000,0.000000000,-0.129229724,-0.991614682,0.000000000,0.000000000,-0.000000000,-0.000000000,1.000000000,0.000000000,9.870025949,-0.310453127,54.558001673,1.000000000
