OBJECTMODELPOINTER=33777c94-e4b9-4947-906f-f84480f3cb99.dev
BASEFAMILY=06a48d60-ccb7-4a56-8f13-634c137362ad.fam
BLHA=28.73433869,113.45386444,142.659000,258.301958
TRANSFORMMATRIX=0.007943902,-0.999968446,0.000042096,0.000000000,0.999968447,0.007943903,0.000001756,0.000000000,-0.000002090,0.000042081,0.999999999,0.000000000,-13.064143006,267.268721606,11.076422965,1.000000000
ENTITYNAME=Wire_Device
