OBJECTMODELPOINTER=33777c94-e4b9-4947-906f-f84480f3cb99.dev
BASEFAMILY=06bc05e7-533f-4c13-b036-8d862ebc2480.fam
BLHA=28.49972812,113.43660808,222.066271,200.251669
TRANSFORMMATRIX=-0.021091478,-0.999777550,0.000005423,0.000000000,0.999777550,-0.021091478,0.000002133,0.000000000,-0.000002018,0.000005467,1.000000000,0.000000000,-12.764798871,34.852383166,56.798152670,1.000000000
ENTITYNAME=Wire_Device
