OBJECTMODELPOINTER=33777c94-e4b9-4947-906f-f84480f3cb99.dev
BASEFAMILY=06cc042e-3aac-4cb1-9803-b79c6189ec8f.fam
BLHA=28.30399811,113.43961542,62.139238,477.400140
TRANSFORMMATRIX=0.164761516,0.986333432,0.000054580,0.000000000,-0.986333434,0.164761516,-0.000000973,0.000000000,-0.000009951,-0.000053674,0.999999998,0.000000000,-62.726888238,-341.067504110,67.060654129,1.000000000
ENTITYNAME=Wire_Device
