OBJECTMODELPOINTER=33777c94-e4b9-4947-906f-f84480f3cb99.dev
BASEFAMILY=06db8f4e-2e54-4fb7-a670-168e576df45a.fam
BLHA=28.58865070,113.47941927,287.208654,287.849619
TRANSFORMMATRIX=0.000016781,-0.999999995,0.000096217,0.000000000,1.000000000,0.000016781,0.000000274,0.000000000,-0.000000275,0.000096218,0.999999995,0.000000000,-2.683172625,611.314266427,39.100387442,1.000000000
ENTITYNAME=Wire_Device
