OBJECTMODELPOINTER=04aded09-0317-425e-a627-c45fcf4dd882.dev
BASEFAMILY=06ec4b28-6f61-4c9f-9d54-9f70998a6acf.fam
TRANSFORMMATRIX=-0.999991943,0.004013804,0.000000003,0.000000000,-0.004013804,-0.999991946,0.000000003,0.000000000,0.000000000,-0.000000000,1.000000000,0.000000000,-10.800000000,-0.000000000,63.999999999,1.000000000
ENTITYNAME=Tower_Device
