OBJECTMODELPOINTER=33777c94-e4b9-4947-906f-f84480f3cb99.dev
BASEFAMILY=06f4006e-fb5c-4989-b863-40a0b92f4872.fam
BLHA=28.31925198,113.37995663,64.126344,500.343289
TRANSFORMMATRIX=-0.153517042,0.988145999,0.000046540,0.000000000,-0.988146000,-0.153517043,0.000001501,0.000000000,0.000008628,-0.000045757,0.999999999,0.000000000,55.647510729,-291.596773275,45.408183165,1.000000000
ENTITYNAME=Wire_Device
