OBJECTMODELPOINTER=33777c94-e4b9-4947-906f-f84480f3cb99.dev
BASEFAMILY=0702aba0-1638-4297-8ef8-9898d3558ef2.fam
BLHA=28.53408910,113.50849608,458.182485,233.242345
TRANSFORMMATRIX=-0.390582318,-0.920568003,0.000067801,0.000000000,0.920568005,-0.390582319,-0.000000522,0.000000000,0.000026963,0.000062211,0.999999998,0.000000000,172.782480489,396.231984870,-12.153696085,1.000000000
ENTITYNAME=Wire_Device
