OBJECTMODELPOINTER=33777c94-e4b9-4947-906f-f84480f3cb99.dev
BASEFAMILY=0703cc8c-e3b3-4902-b896-ca2a1bfa5c3d.fam
BLHA=28.50595381,113.45544189,275.037773,205.493080
TRANSFORMMATRIX=-0.000016702,-1.000000000,-0.000000047,0.000000000,1.000000000,-0.000016703,-0.000001180,0.000000000,0.000001181,-0.000000048,1.000000000,0.000000000,7.501424796,-0.285469104,37.422558628,1.000000000
ENTITYNAME=Wire_Device
