OBJECTMODELPOINTER=33777c94-e4b9-4947-906f-f84480f3cb99.dev
BASEFAMILY=0708a212-3522-4d0d-9c6b-b07d0f1e2bd2.fam
BLHA=28.48305469,113.41645050,246.976349,229.813402
TRANSFORMMATRIX=0.001666760,-0.999998611,0.000029162,0.000000000,0.999998611,0.001666760,0.000002080,0.000000000,-0.000002128,0.000029158,1.000000000,0.000000000,-13.080760956,185.526399773,34.207085930,1.000000000
ENTITYNAME=Wire_Device
