OBJECTMODELPOINTER=33777c94-e4b9-4947-906f-f84480f3cb99.dev
BASEFAMILY=070afa33-5733-48ae-bf7b-89e4296983b4.fam
BLHA=28.75355465,113.46093365,124.778931,236.227775
TRANSFORMMATRIX=-0.004196013,-0.999991196,0.000039230,0.000000000,0.999991197,-0.004196013,0.000002361,0.000000000,-0.000002197,0.000039240,0.999999999,0.000000000,-13.404919421,249.550496201,28.858016253,1.000000000
ENTITYNAME=Wire_Device
