OBJECTMODELPOINTER=33777c94-e4b9-4947-906f-f84480f3cb99.dev
BASEFAMILY=070f82e7-6c71-460a-b376-65b59cb1af62.fam
BLHA=28.36075913,113.35996262,84.531423,278.143009
TRANSFORMMATRIX=0.000005648,-0.999999999,0.000039339,0.000000000,1.000000000,0.000005648,0.000000183,0.000000000,-0.000000183,0.000039339,0.999999999,0.000000000,-1.350965474,249.830575954,20.265983938,1.000000000
ENTITYNAME=Wire_Device
