OBJECTMODELPOINTER=33777c94-e4b9-4947-906f-f84480f3cb99.dev
BASEFAMILY=0712408a-5593-43d1-8066-5af374423c43.fam
BLHA=28.28492071,113.44885804,59.682173,504.180323
TRANSFORMMATRIX=-0.275905681,0.961184713,0.000058252,0.000000000,-0.961184714,-0.275905681,0.000001270,0.000000000,0.000017292,-0.000055640,0.999999998,0.000000000,110.879310072,-354.797359690,65.228375213,1.000000000
ENTITYNAME=Wire_Device
