OBJECTMODELPOINTER=33777c94-e4b9-4947-906f-f84480f3cb99.dev
BASEFAMILY=072fa769-e3ce-4ddf-b159-8cb6ecf3dfac.fam
BLHA=28.78468964,113.48433856,117.864116,408.814230
TRANSFORMMATRIX=-0.119994076,0.992774607,0.000048221,0.000000000,-0.992774608,-0.119994076,-0.000000861,0.000000000,0.000004931,-0.000047977,0.999999999,0.000000000,30.625368395,-305.269321366,49.036373183,1.000000000
ENTITYNAME=Wire_Device
