OBJECTMODELPOINTER=4536a34c-d6ec-4f75-a012-e3dda0464d8b.dev
BASEFAMILY=073d51eb-c2c7-4588-9d81-772beb8384de.fam
TRANSFORMMATRIX=1.000000000,0.000000000,-0.000000000,0.000000000,-0.000000000,1.000000000,-0.000000000,0.000000000,-0.000000000,0.000000000,1.000000000,0.000000000,-0.000000000,0.000000000,-0.000000000,1.000000000
ENTITYNAME=Tower_Device
