OBJECTMODELPOINTER=33777c94-e4b9-4947-906f-f84480f3cb99.dev
BASEFAMILY=0749788b-53fc-4a72-9db7-d9bf30a50ce7.fam
BLHA=28.31502906,113.40300484,68.016258,0.896163
TRANSFORMMATRIX=0.001266113,-0.999999198,0.000004811,0.000000000,0.999999198,0.001266113,0.000001084,0.000000000,-0.000001090,0.000004810,1.000000000,0.000000000,-6.917146556,30.702097775,61.984747969,1.000000000
ENTITYNAME=Wire_Device
