OBJECTMODELPOINTER=69e431aa-e989-443e-8ff6-3c05568c2ac8.dev
BASEFAMILY=0759da9e-a327-4d9a-8e34-643379b06181.fam
TRANSFORMMATRIX=-0.005532226,0.999984310,-0.000001300,0.000000000,-0.999985086,-0.005531905,-0.000000993,0.000000000,-0.000000000,-0.000000000,1.000000000,0.000000000,11.870000000,-0.000000000,48.000000000,1.000000000
ENTITYNAME=Tower_Device
