OBJECTMODELPOINTER=236a62a9-2fc6-47e0-b579-23269a51b6fa.dev
BASEFAMILY=0759262a-7bfd-44df-ae61-372788911035.fam
TRANSFORMMATRIX=0.001435922,0.999999076,-0.000001639,0.000000000,-0.999998861,0.001436732,0.000000104,0.000000000,0.000000000,-0.000000000,1.000000000,0.000000000,11.870000000,0.000000000,48.000000000,1.000000000
ENTITYNAME=Tower_Device
