OBJECTMODELPOINTER=513a37ce-6a79-4808-bc02-b5e118fd4c28.dev
BASEFAMILY=075d235a-5855-4533-b81f-9faa3278a328.fam
TRANSFORMMATRIX=-0.999996557,-0.002623784,0.000000003,0.000000000,0.002623785,-0.999996559,-0.000000001,0.000000000,-0.000000000,0.000000000,1.000000000,0.000000000,-9.870000000,-0.309999999,55.000000000,1.000000000
ENTITYNAME=Tower_Device
