OBJECTMODELPOINTER=33777c94-e4b9-4947-906f-f84480f3cb99.dev
BASEFAMILY=0766b4d0-5599-446a-ae33-1cad1c9ae0bc.fam
BLHA=28.71568525,113.45475484,179.580025,274.089521
TRANSFORMMATRIX=-0.146876971,-0.989154767,0.000037453,0.000000000,0.989154768,-0.146876971,0.000001369,0.000000000,0.000004146,0.000037248,0.999999999,0.000000000,26.381309499,236.536384925,39.430692737,1.000000000
ENTITYNAME=Wire_Device
