OBJECTMODELPOINTER=33777c94-e4b9-4947-906f-f84480f3cb99.dev
BASEFAMILY=07839466-3eb2-4cce-8c08-2d4080b63c13.fam
BLHA=28.55326393,113.50869198,332.868298,304.990571
TRANSFORMMATRIX=-0.006773114,-0.999977060,0.000073398,0.000000000,0.999977062,-0.006773113,0.000002310,0.000000000,-0.000001814,0.000073413,0.999999997,0.000000000,-12.691154636,467.026332685,88.892200994,1.000000000
ENTITYNAME=Wire_Device
