OBJECTMODELPOINTER=33777c94-e4b9-4947-906f-f84480f3cb99.dev
BASEFAMILY=078b3d3e-75f8-421d-8a10-19ca0fa07281.fam
BLHA=28.30070252,113.44082959,73.741833,287.794387
TRANSFORMMATRIX=0.001376108,-0.999999053,0.000017701,0.000000000,0.999999053,0.001376108,0.000001109,0.000000000,-0.000001134,0.000017699,1.000000000,0.000000000,-7.401698423,112.454833131,56.497307773,1.000000000
ENTITYNAME=Wire_Device
