OBJECTMODELPOINTER=33777c94-e4b9-4947-906f-f84480f3cb99.dev
BASEFAMILY=079e27a2-9bc7-4a1c-a0bc-19cf25b0c1b4.fam
BLHA=28.31498130,113.40038482,72.539572,2.946268
TRANSFORMMATRIX=-0.028898263,-0.999582358,0.000006234,0.000000000,0.999582358,-0.028898263,-0.000001696,0.000000000,0.000001875,0.000006183,1.000000000,0.000000000,11.922707727,39.466331586,43.863907974,1.000000000
ENTITYNAME=Wire_Device
