OBJECTMODELPOINTER=54570958-2653-450c-a153-bac4547a67d5.dev
BASEFAMILY=07aaf965-84a5-4216-b2e4-dd2137889290.fam
TRANSFORMMATRIX=0.011197825,0.023124323,-0.999669802,0.000000000,0.900036224,-0.435815277,-0.000000480,0.000000000,-0.435672000,-0.899738770,-0.025691503,0.000000000,7.500000000,2.039000000,30.000000000,1.000000000
ENTITYNAME=Tower_Device
