OBJECTMODELPOINTER=33777c94-e4b9-4947-906f-f84480f3cb99.dev
BASEFAMILY=07ab342e-8d34-4119-986a-64a5087d20f8.fam
BLHA=28.79959310,113.50336431,218.110050,224.374488
TRANSFORMMATRIX=-0.049134388,-0.998792175,0.000049195,0.000000000,0.998792177,-0.049134388,0.000000126,0.000000000,0.000002291,0.000049142,0.999999999,0.000000000,15.394463795,312.938005421,4.065976737,1.000000000
ENTITYNAME=Wire_Device
