OBJECTMODELPOINTER=33777c94-e4b9-4947-906f-f84480f3cb99.dev
BASEFAMILY=07af7f86-14b7-4609-8cdb-809341091925.fam
BLHA=28.30961923,113.43478171,54.752520,501.227736
TRANSFORMMATRIX=0.239223345,0.970964567,0.000033270,0.000000000,-0.970964567,0.239223345,-0.000001198,0.000000000,-0.000009122,-0.000032017,0.999999999,0.000000000,-57.521895332,-203.803307160,65.849267362,1.000000000
ENTITYNAME=Wire_Device
