OBJECTMODELPOINTER=33777c94-e4b9-4947-906f-f84480f3cb99.dev
BASEFAMILY=07b03df9-7657-4c6a-9a11-0d2cf46ce1e7.fam
BLHA=28.28708442,113.44692142,57.763329,308.127846
TRANSFORMMATRIX=0.000950889,-0.999999547,0.000029477,0.000000000,0.999999548,0.000950889,0.000001652,0.000000000,-0.000001680,0.000029475,1.000000000,0.000000000,-11.178487658,187.561783938,44.321356441,1.000000000
ENTITYNAME=Wire_Device
