OBJECTMODELPOINTER=49a9507f-9f55-4181-8c59-a607cb545e8f.dev
BASEFAMILY=07bd7cba-041c-4b5f-920e-db258f4fb086.fam
TRANSFORMMATRIX=-0.088935286,0.100964355,-0.990906956,0.000000000,-0.750388563,-0.660997067,0.000000843,0.000000000,-0.654985767,0.743565904,0.134548839,0.000000000,-10.000000000,-1.171500000,36.000000001,1.000000000
ENTITYNAME=Tower_Device
