OBJECTMODELPOINTER=92c72cef-47f2-441c-b315-7916a03b943d.dev
BASEFAMILY=07e40bc8-cff5-4f4d-8381-4612a95a56d2.fam
TRANSFORMMATRIX=-0.021218865,0.150355384,-0.988403939,0.000000000,-0.990188750,-0.139738724,-0.000000476,0.000000000,-0.138117446,0.978706379,0.151846615,0.000000000,5.500000000,-0.900000000,44.000000000,1.000000000
ENTITYNAME=Tower_Device
