OBJECTMODELPOINTER=33777c94-e4b9-4947-906f-f84480f3cb99.dev
BASEFAMILY=07e5bb29-9bb9-4fae-82e3-e313b49b8cc3.fam
BLHA=28.54296028,113.51100370,560.594660,255.750198
TRANSFORMMATRIX=-0.000004694,-0.999999999,0.000042010,0.000000000,1.000000000,-0.000004694,0.000000223,0.000000000,-0.000000223,0.000042011,0.999999999,0.000000000,-1.088480366,266.868525182,-19.146201305,1.000000000
ENTITYNAME=Wire_Device
