OBJECTMODELPOINTER=33777c94-e4b9-4947-906f-f84480f3cb99.dev
BASEFAMILY=07e80d01-a029-4ee6-b358-0fe5663b11f1.fam
BLHA=28.27757020,113.46637333,93.774105,312.669055
TRANSFORMMATRIX=0.001248176,-0.999999220,0.000053135,0.000000000,0.999999221,0.001248176,-0.000001139,0.000000000,0.000001072,0.000053137,0.999999999,0.000000000,5.952045406,338.203594149,19.667844245,1.000000000
ENTITYNAME=Wire_Device
