OBJECTMODELPOINTER=33777c94-e4b9-4947-906f-f84480f3cb99.dev
BASEFAMILY=07ebf699-31e2-4ede-b33a-8f9bb9639e7d.fam
BLHA=28.28240757,113.45687165,86.867380,340.232800
TRANSFORMMATRIX=-0.002132990,-0.999997724,0.000040730,0.000000000,0.999997725,-0.002132990,-0.000001020,0.000000000,0.000001107,0.000040727,0.999999999,0.000000000,6.602341582,259.800597170,48.975360738,1.000000000
ENTITYNAME=Wire_Device
