OBJECTMODELPOINTER=33777c94-e4b9-4947-906f-f84480f3cb99.dev
BASEFAMILY=07f4969b-41ad-4530-b30a-a4fab96a09c6.fam
BLHA=28.61647630,113.46664258,210.970212,273.436520
TRANSFORMMATRIX=0.012419338,-0.999922877,0.000005811,0.000000000,0.999922877,0.012419338,-0.000001971,0.000000000,0.000001898,0.000005835,1.000000000,0.000000000,12.107322250,37.050142695,39.498277866,1.000000000
ENTITYNAME=Wire_Device
