OBJECTMODELPOINTER=33777c94-e4b9-4947-906f-f84480f3cb99.dev
BASEFAMILY=0804eec5-3278-42a0-8154-2af9cd2ee4cc.fam
BLHA=28.31135450,113.43043530,49.303319,335.449580
TRANSFORMMATRIX=0.003289220,-0.999994590,0.000025967,0.000000000,0.999994590,0.003289220,0.000001247,0.000000000,-0.000001333,0.000025963,1.000000000,0.000000000,-8.796051224,165.590642649,21.915014381,1.000000000
ENTITYNAME=Wire_Device
