OBJECTMODELPOINTER=33777c94-e4b9-4947-906f-f84480f3cb99.dev
BASEFAMILY=081c8882-9275-4d20-a36e-7084bfc9ef4e.fam
BLHA=28.31566161,113.38686189,71.437616,329.270898
TRANSFORMMATRIX=-0.005455228,-0.999985119,0.000046704,0.000000000,0.999985120,-0.005455228,-0.000000887,0.000000000,0.000001142,0.000046699,0.999999999,0.000000000,6.581038901,297.660063178,45.931872099,1.000000000
ENTITYNAME=Wire_Device
