OBJECTMODELPOINTER=33777c94-e4b9-4947-906f-f84480f3cb99.dev
BASEFAMILY=0825940c-8e0e-4e7e-af16-eda80125a370.fam
BLHA=28.31294059,113.42646212,52.368358,335.449580
TRANSFORMMATRIX=0.000009152,-1.000000000,0.000016091,0.000000000,1.000000000,0.000009152,0.000001221,0.000000000,-0.000001221,0.000016091,1.000000000,0.000000000,-7.960101412,102.629869912,27.032193324,1.000000000
ENTITYNAME=Wire_Device
