OBJECTMODELPOINTER=33777c94-e4b9-4947-906f-f84480f3cb99.dev
BASEFAMILY=08267b57-06a3-45d5-9a64-0568035c04b6.fam
BLHA=28.61307891,113.46689101,233.448700,464.034761
TRANSFORMMATRIX=0.032017631,0.999487304,-0.000000166,0.000000000,-0.999487304,0.032017631,0.000001432,0.000000000,0.000001436,0.000000120,1.000000000,0.000000000,9.165512500,0.750178324,24.801356677,1.000000000
ENTITYNAME=Wire_Device
