OBJECTMODELPOINTER=33777c94-e4b9-4947-906f-f84480f3cb99.dev
BASEFAMILY=0826196b-67c2-4af5-b57d-9adcc34ae5f5.fam
BLHA=28.35569166,113.36081333,82.535643,278.143009
TRANSFORMMATRIX=-0.000000359,-1.000000000,0.000028031,0.000000000,1.000000000,-0.000000359,0.000000131,0.000000000,-0.000000132,0.000028031,1.000000000,0.000000000,-0.968836178,178.015665308,52.482875482,1.000000000
ENTITYNAME=Wire_Device
