OBJECTMODELPOINTER=33777c94-e4b9-4947-906f-f84480f3cb99.dev
BASEFAMILY=08292544-9a35-4e98-a07c-a0b2d174e39f.fam
BLHA=28.67734470,113.45869625,172.236825,275.673275
TRANSFORMMATRIX=0.003800196,-0.999992779,0.000014532,0.000000000,0.999992779,0.003800196,0.000001917,0.000000000,-0.000001972,0.000014524,1.000000000,0.000000000,-12.635697565,92.247507832,37.998798543,1.000000000
ENTITYNAME=Wire_Device
