OBJECTMODELPOINTER=190de3f1-caba-46d6-b702-4c41c3a78d5c.dev
BASEFAMILY=082ebc84-687c-4999-837d-4205caca3018.fam
TRANSFORMMATRIX=-1.000000000,0.000000162,-0.000000000,0.000000000,-0.000000162,-1.000000000,-0.000000000,0.000000000,-0.000000000,-0.000000000,1.000000000,0.000000000,9.870000000,-0.310000001,52.000000000,1.000000000
ENTITYNAME=Tower_Device
