OBJECTMODELPOINTER=39fa6a8e-3654-4b08-9015-0363d9a85abe.dev
BASEFAMILY=082f38df-3498-4420-aa32-0310d0918316.fam
TRANSFORMMATRIX=0.000000585,1.000000067,-0.000000238,0.000000000,-0.999999933,-0.000000231,0.000001627,0.000000000,0.000000000,-0.000000000,1.000000000,0.000000000,10.002000000,-0.000000000,68.600000000,1.000000000
ENTITYNAME=Tower_Device
