OBJECTMODELPOINTER=33777c94-e4b9-4947-906f-f84480f3cb99.dev
BASEFAMILY=08308584-c4d2-44d5-bdfa-c0362c6cbcda.fam
BLHA=28.57663112,113.48588937,251.356728,312.996987
TRANSFORMMATRIX=0.000008782,-1.000000000,0.000017240,0.000000000,1.000000000,0.000008782,0.000002121,0.000000000,-0.000002121,0.000017240,1.000000000,0.000000000,-13.790846832,109.781366090,39.692284356,1.000000000
ENTITYNAME=Wire_Device
