OBJECTMODELPOINTER=5d8d42d3-b4ed-4ca2-8b30-19dad219e65e.dev
BASEFAMILY=0844ea63-96e2-4349-a2ac-e73eb584eb72.fam
TRANSFORMMATRIX=-0.000000338,1.000000116,-0.000001639,0.000000000,-0.999999884,0.000000457,0.000000128,0.000000000,0.000000000,-0.000000000,1.000000000,0.000000000,-0.000000000,-0.000000000,57.000000000,1.000000000
ENTITYNAME=Tower_Device
