OBJECTMODELPOINTER=33777c94-e4b9-4947-906f-f84480f3cb99.dev
BASEFAMILY=08580693-bd10-4514-9b86-1059ce63b129.fam
BLHA=28.31411764,113.38983103,66.771612,527.133635
TRANSFORMMATRIX=-0.313207060,0.949684862,0.000006944,0.000000000,-0.949684862,-0.313207060,-0.000001813,0.000000000,0.000000453,-0.000007163,1.000000000,0.000000000,2.926275487,-45.712952883,47.138372858,1.000000000
ENTITYNAME=Wire_Device
