OBJECTMODELPOINTER=33777c94-e4b9-4947-906f-f84480f3cb99.dev
BASEFAMILY=086c9e04-809b-4d9a-8217-2a751401f544.fam
BLHA=28.50118026,113.44100017,250.748283,200.251669
TRANSFORMMATRIX=0.003152203,-0.999995031,0.000035989,0.000000000,0.999995032,0.003152203,0.000002098,0.000000000,-0.000002211,0.000035981,0.999999999,0.000000000,-13.663634622,229.514920133,16.101213896,1.000000000
ENTITYNAME=Wire_Device
