OBJECTMODELPOINTER=0e312739-8609-4a3d-966c-75d05d59356d.dev
BASEFAMILY=0875342e-4ff5-47c2-9a30-b43748363c30.fam
TRANSFORMMATRIX=-1.000000000,0.000000000,-0.000000000,0.000000000,-0.000000000,-1.000000000,-0.000000000,0.000000000,0.000000000,-0.000000000,1.000000000,0.000000000,4.406708196,4.407268907,0.000000865,1.000000000
ENTITYNAME=Tower_Device
