ENTITYNAME=WIRE
BASEFAMILY=0878f36f-9c8b-4d05-965c-c049ab7c63b7.fam
OBJECTMODELPOINTER=31970f28-780e-4bf1-8adb-439f78c329a3.dev
KVALUE=0.000233
SPLIT=1
POINT0.BLHA=28.49713910,113.43191399,298.003,224.957371
POINT0.MATRIX0=-0.706580481,-0.707632690,-0.000000000,0.000000000,0.707632690,-0.706580481,-0.000000000,0.000000000,-0.000000000,-0.000000000,1.000000000,0.000000000,-9.869948862,0.620000497,48.557999697,1.000000000
POINT1.BLHA=28.49573132,113.43033310,334.786,224.957371
POINT1.MATRIX0=-0.706580481,-0.707632690,-0.000000000,0.000000000,0.707632690,-0.706580481,-0.000000000,0.000000000,0.000000000,-0.000000000,1.000000000,0.000000000,-9.870143134,-0.619857494,45.558001430,1.000000000
