OBJECTMODELPOINTER=33777c94-e4b9-4947-906f-f84480f3cb99.dev
BASEFAMILY=0882d872-b09f-4f4d-ab8b-e6ab788b0701.fam
BLHA=28.49878841,113.43376617,260.859889,392.604520
TRANSFORMMATRIX=-0.199286157,0.979941339,0.000016147,0.000000000,-0.979941339,-0.199286157,-0.000001143,0.000000000,0.000002098,-0.000016051,1.000000000,0.000000000,13.100492012,-102.270047749,42.077517327,1.000000000
ENTITYNAME=Wire_Device
