OBJECTMODELPOINTER=740e8886-5fa8-46ca-8443-678534cb46f6.dev
BASEFAMILY=088fd9ac-1476-4403-aa80-6eff833e13df.fam
TRANSFORMMATRIX=-0.999999691,-0.000786047,0.000000000,0.000000000,0.000786046,-0.999999691,-0.000000001,0.000000000,-0.000000000,0.000000000,1.000000000,0.000000000,-11.320000000,0.000000001,64.000000001,1.000000000
ENTITYNAME=Tower_Device
