OBJECTMODELPOINTER=33777c94-e4b9-4947-906f-f84480f3cb99.dev
BASEFAMILY=088fd9d5-8f22-4e65-b7e8-6d04c08b4a5f.fam
BLHA=28.32292443,113.37625760,67.775568,311.415680
TRANSFORMMATRIX=-0.003200753,-0.999994875,0.000069148,0.000000000,0.999994878,-0.003200753,-0.000000972,0.000000000,0.000001194,0.000069145,0.999999998,0.000000000,6.463225360,440.045108907,17.066911113,1.000000000
ENTITYNAME=Wire_Device
