ENTITYNAME=WIRE
BASEFAMILY=08928920-1e30-48fd-88f3-06ca7c31ab11.fam
OBJECTMODELPOINTER=81b82497-164d-48c0-b1cb-18fa700dacdf.dev
KVALUE=0.000000
SPLIT=4
POINT0.BLHA=28.31135450,113.43043530,49.303,335.449580
POINT0.MATRIX0=-0.415493846,0.909595989,-0.000000000,0.000000000,-0.909595989,-0.415493846,-0.000000000,0.000000000,-0.000000000,-0.000000000,1.000000000,0.000000000,-7.334797644,-0.129695649,39.866769698,1.000000000
POINT0.MATRIX1=-0.415493846,0.909595989,-0.000000000,0.000000000,-0.909595989,-0.415493846,-0.000000000,0.000000000,-0.000000000,-0.000000000,1.000000000,0.000000000,-7.148030529,-0.129601168,40.330621627,1.000000000
POINT0.MATRIX2=-0.415493846,0.909595989,-0.000000000,0.000000000,-0.909595989,-0.415493846,-0.000000000,0.000000000,-0.000000000,-0.000000000,1.000000000,0.000000000,-7.611801651,-0.129674931,40.517282393,1.000000000
POINT0.MATRIX3=-0.415493846,0.909595989,-0.000000000,0.000000000,-0.909595989,-0.415493846,-0.000000000,0.000000000,-0.000000000,-0.000000000,1.000000000,0.000000000,-7.798619485,-0.129658376,40.053430465,1.000000000
POINT1.BLHA=28.31135450,113.43043530,49.303,335.449580
POINT1.MATRIX0=-0.415493846,0.909595989,-0.000000000,0.000000000,-0.909595989,-0.415493846,-0.000000000,0.000000000,-0.000000000,-0.000000000,1.000000000,0.000000000,-7.334792944,0.000298668,39.866769699,1.000000000
POINT1.MATRIX1=-0.415493846,0.909595989,-0.000000000,0.000000000,-0.909595989,-0.415493846,-0.000000000,0.000000000,-0.000000000,-0.000000000,1.000000000,0.000000000,-7.148025829,0.000393149,40.330621627,1.000000000
POINT1.MATRIX2=-0.415493846,0.909595989,-0.000000000,0.000000000,-0.909595989,-0.415493846,-0.000000000,0.000000000,-0.000000000,-0.000000000,1.000000000,0.000000000,-7.611796951,0.000319386,40.517282394,1.000000000
POINT1.MATRIX3=-0.415493846,0.909595989,-0.000000000,0.000000000,-0.909595989,-0.415493846,-0.000000000,0.000000000,-0.000000000,-0.000000000,1.000000000,0.000000000,-7.798614786,0.000335941,40.053430465,1.000000000
