OBJECTMODELPOINTER=33777c94-e4b9-4947-906f-f84480f3cb99.dev
BASEFAMILY=08986849-a356-45ea-ab19-69c2d684cfb9.fam
BLHA=28.31498130,113.40038482,72.539572,2.946268
TRANSFORMMATRIX=-0.031801850,-0.999494193,0.000034831,0.000000000,0.999494193,-0.031801850,-0.000001001,0.000000000,0.000002108,0.000034781,0.999999999,0.000000000,13.446006114,222.011324086,57.121922314,1.000000000
ENTITYNAME=Wire_Device
