OBJECTMODELPOINTER=33777c94-e4b9-4947-906f-f84480f3cb99.dev
BASEFAMILY=08aca880-7e51-41e0-a609-3b6eae892925.fam
BLHA=28.35569166,113.36081333,82.535643,278.143009
TRANSFORMMATRIX=0.003434515,-0.999994102,0.000005439,0.000000000,0.999994102,0.003434515,-0.000002063,0.000000000,0.000002044,0.000005446,1.000000000,0.000000000,13.020984615,34.578462985,51.003269335,1.000000000
ENTITYNAME=Wire_Device
