OBJECTMODELPOINTER=75265eda-e5fd-4e29-811e-c37ba910844c.dev
BASEFAMILY=08b4c364-28bd-429e-b86b-acc976f06508.fam
TRANSFORMMATRIX=-0.999994148,0.003421384,-0.000000003,0.000000000,-0.003421384,-0.999994146,0.000000003,0.000000000,-0.000000000,-0.000000000,1.000000000,0.000000000,9.870000000,-0.310000000,55.000000000,1.000000000
ENTITYNAME=Tower_Device
