ENTITYNAME=WIRE
BASEFAMILY=08bcb57f-f6e9-4745-972f-01827941038b.fam
OBJECTMODELPOINTER=81b82497-164d-48c0-b1cb-18fa700dacdf.dev
KVALUE=0.088683
SPLIT=4
POINT0.BLHA=28.71568525,113.45475484,179.580,274.089521
POINT0.MATRIX0=-0.997453842,0.071315024,0.000000000,0.000000000,-0.071315024,-0.997453842,0.000000000,0.000000000,0.000000000,0.000000000,1.000000000,0.000000000,-9.274987569,0.000162990,25.790000371,1.000000000
POINT0.MATRIX1=-0.997453842,0.071315024,0.000000000,0.000000000,-0.071315024,-0.997453842,0.000000000,0.000000000,0.000000000,0.000000000,1.000000000,0.000000000,-9.274987569,0.000162990,26.240000374,1.000000000
POINT0.MATRIX2=-0.997453842,0.071315024,0.000000000,0.000000000,-0.071315024,-0.997453842,0.000000000,0.000000000,0.000000000,0.000000000,1.000000000,0.000000000,-9.724987538,0.000163131,26.240000374,1.000000000
POINT0.MATRIX3=-0.997453842,0.071315024,0.000000000,0.000000000,-0.071315024,-0.997453842,0.000000000,0.000000000,0.000000000,0.000000000,1.000000000,0.000000000,-9.724987538,0.000163131,25.790000371,1.000000000
POINT1.BLHA=28.71568525,113.45475484,179.580,274.089521
POINT1.MATRIX0=-0.997453842,0.071315024,0.000000000,0.000000000,-0.071315024,-0.997453842,0.000000000,0.000000000,0.000000000,0.000000000,1.000000000,0.000000000,-5.802593791,8.878660839,29.324694520,1.000000000
POINT1.MATRIX1=-0.997453842,0.071315024,0.000000000,0.000000000,-0.071315024,-0.997453842,0.000000000,0.000000000,0.000000000,0.000000000,1.000000000,0.000000000,-5.656763488,9.623403965,29.815116531,1.000000000
POINT1.MATRIX2=-0.997453842,0.071315024,0.000000000,0.000000000,-0.071315024,-0.997453842,0.000000000,0.000000000,0.000000000,0.000000000,1.000000000,0.000000000,-6.151382838,9.695971901,29.815055496,1.000000000
POINT1.MATRIX3=-0.997453842,0.071315024,0.000000000,0.000000000,-0.071315024,-0.997453842,0.000000000,0.000000000,0.000000000,0.000000000,1.000000000,0.000000000,-6.296812808,8.955116372,29.324664002,1.000000000
