OBJECTMODELPOINTER=0e312739-8609-4a3d-966c-75d05d59356d.dev
BASEFAMILY=08bf49d7-f718-4d84-8b93-a3b09a27efa5.fam
TRANSFORMMATRIX=0.000000000,1.000000000,-0.000000000,0.000000000,-1.000000000,0.000000000,-0.000000000,0.000000000,-0.000000000,0.000000000,1.000000000,0.000000000,7.174727318,-7.173799131,-0.000005789,1.000000000
ENTITYNAME=Tower_Device
