OBJECTMODELPOINTER=54840ece-e72e-4062-80e9-a9ce9b7d9300.dev
BASEFAMILY=08c3e9c7-066d-4fcb-a364-1ce75da4dc5c.fam
TRANSFORMMATRIX=0.877348338,-0.169512951,-0.448916237,0.000000000,0.453762030,-0.011212941,0.891052050,0.000000000,-0.156078906,-0.985464101,0.067081150,0.000000000,1.384939759,1.384939759,37.000000000,1.000000000
ENTITYNAME=Tower_Device
