OBJECTMODELPOINTER=33777c94-e4b9-4947-906f-f84480f3cb99.dev
BASEFAMILY=08d5cdcb-80e2-46da-a0ef-64b327732a49.fam
BLHA=28.32854622,113.36798434,68.151851,482.460958
TRANSFORMMATRIX=-0.107180632,0.994239564,0.000042011,0.000000000,-0.994239565,-0.107180632,0.000000305,0.000000000,0.000004806,-0.000041736,0.999999999,0.000000000,31.260056212,-265.491825145,18.439321870,1.000000000
ENTITYNAME=Wire_Device
