OBJECTMODELPOINTER=33777c94-e4b9-4947-906f-f84480f3cb99.dev
BASEFAMILY=08e03c6b-15cc-4c13-bf6a-b2bf0b411ee4.fam
BLHA=28.71568525,113.45475484,179.580025,274.089521
TRANSFORMMATRIX=-0.146877318,-0.989154716,0.000046470,0.000000000,0.989154717,-0.146877319,0.000001414,0.000000000,0.000005427,0.000046174,0.999999999,0.000000000,34.532429553,293.213550379,48.026320679,1.000000000
ENTITYNAME=Wire_Device
