OBJECTMODELPOINTER=33777c94-e4b9-4947-906f-f84480f3cb99.dev
BASEFAMILY=08e31703-2c22-4bcc-af87-77758f096e94.fam
BLHA=28.74846038,113.45710577,102.803547,427.264866
TRANSFORMMATRIX=-0.189802787,0.981822235,0.000042031,0.000000000,-0.981822235,-0.189802788,0.000000409,0.000000000,0.000008379,-0.000041189,0.999999999,0.000000000,52.959844291,-261.672470856,-3.305495345,1.000000000
ENTITYNAME=Wire_Device
