ENTITYNAME=WIRE
BASEFAMILY=08e8d9fa-1d8b-455b-b72d-4c7df73fcdd2.fam
OBJECTMODELPOINTER=81b82497-164d-48c0-b1cb-18fa700dacdf.dev
KVALUE=0.000000
SPLIT=4
POINT0.BLHA=28.80183094,113.50568524,205.478,227.348291
POINT0.MATRIX0=-0.735485915,-0.677540012,-0.000000000,0.000000000,0.677540012,-0.735485915,0.000000000,0.000000000,-0.000000000,0.000000000,1.000000000,0.000000000,-11.644015291,0.000730861,42.999996460,1.000000000
POINT0.MATRIX1=-0.735485915,-0.677540012,-0.000000000,0.000000000,0.677540012,-0.735485915,0.000000000,0.000000000,-0.000000000,0.000000000,1.000000000,0.000000000,-11.644015291,0.000730861,43.450001038,1.000000000
POINT0.MATRIX2=-0.735485915,-0.677540012,-0.000000000,0.000000000,0.677540012,-0.735485915,0.000000000,0.000000000,-0.000000000,0.000000000,1.000000000,0.000000000,-12.095375820,-0.000801892,43.450001038,1.000000000
POINT0.MATRIX3=-0.735485915,-0.677540012,-0.000000000,0.000000000,0.677540012,-0.735485915,0.000000000,0.000000000,-0.000000000,0.000000000,1.000000000,0.000000000,-12.095375820,-0.000801893,42.999996459,1.000000000
POINT1.BLHA=28.80183094,113.50568524,205.478,227.348291
POINT1.MATRIX0=-0.735485915,-0.677540012,-0.000000000,0.000000000,0.677540012,-0.735485915,0.000000000,0.000000000,-0.000000000,0.000000000,1.000000000,0.000000000,-11.644704072,0.110727278,42.999996459,1.000000000
POINT1.MATRIX1=-0.735485915,-0.677540012,-0.000000000,0.000000000,0.677540012,-0.735485915,0.000000000,0.000000000,-0.000000000,0.000000000,1.000000000,0.000000000,-11.644704072,0.110727278,43.450001037,1.000000000
POINT1.MATRIX2=-0.735485915,-0.677540012,-0.000000000,0.000000000,0.677540012,-0.735485915,0.000000000,0.000000000,-0.000000000,0.000000000,1.000000000,0.000000000,-12.096064600,0.109194526,43.450001038,1.000000000
POINT1.MATRIX3=-0.735485915,-0.677540012,-0.000000000,0.000000000,0.677540012,-0.735485915,0.000000000,0.000000000,-0.000000000,0.000000000,1.000000000,0.000000000,-12.096064600,0.109194525,42.999996460,1.000000000
