OBJECTMODELPOINTER=33777c94-e4b9-4947-906f-f84480f3cb99.dev
BASEFAMILY=08e99f57-0eab-4702-a017-6da7e1503ce6.fam
BLHA=28.36788990,113.36378392,64.428624,219.706007
TRANSFORMMATRIX=0.009751001,-0.999952458,0.000025837,0.000000000,0.999952458,0.009751001,-0.000001663,0.000000000,0.000001411,0.000025852,1.000000000,0.000000000,9.401643249,164.686790822,19.442320366,1.000000000
ENTITYNAME=Wire_Device
