OBJECTMODELPOINTER=12ee5f78-73e3-44f2-b255-a89e95a8792a.dev
BASEFAMILY=08ee0422-456a-4e13-a65d-3c524b6f9edc.fam
TRANSFORMMATRIX=1.000000000,0.000000000,-0.000000000,0.000000000,-0.000000000,1.000000000,-0.000000000,0.000000000,0.000000000,-0.000000000,1.000000000,0.000000000,16.963026948,0.000287062,0.000001366,1.000000000
ENTITYNAME=Tower_Device
