OBJECTMODELPOINTER=33777c94-e4b9-4947-906f-f84480f3cb99.dev
BASEFAMILY=08f900d7-e843-4dbe-a3d7-e054b967046c.fam
BLHA=28.26851271,113.48351910,83.112496,355.334735
TRANSFORMMATRIX=0.005383361,-0.999985509,0.000025252,0.000000000,0.999985510,0.005383361,-0.000000993,0.000000000,0.000000857,0.000025257,1.000000000,0.000000000,5.372212761,161.206838747,62.337989327,1.000000000
ENTITYNAME=Wire_Device
