OBJECTMODELPOINTER=37668c21-d2de-41fd-bc9d-46eda7bd95fe.dev
BASEFAMILY=090721c6-25ff-466c-bb93-42971388321f.fam
TRANSFORMMATRIX=0.000000225,1.000000338,0.000001505,0.000000000,-0.999999662,0.000000702,-0.000000663,0.000000000,0.000000000,0.000000000,1.000000000,0.000000000,-9.500000000,0.494000000,58.999999999,1.000000000
ENTITYNAME=Tower_Device
