OBJECTMODELPOINTER=33777c94-e4b9-4947-906f-f84480f3cb99.dev
BASEFAMILY=09135f47-1e4a-4d46-a228-9575ce381cff.fam
BLHA=28.55813742,113.50479443,276.608256,304.990571
TRANSFORMMATRIX=-0.000951995,-0.999999547,0.000006268,0.000000000,0.999999547,-0.000951995,-0.000002080,0.000000000,0.000002086,0.000006266,1.000000000,0.000000000,13.193276021,39.825707951,51.996721423,1.000000000
ENTITYNAME=Wire_Device
