OBJECTMODELPOINTER=33777c94-e4b9-4947-906f-f84480f3cb99.dev
BASEFAMILY=0917fb3c-04eb-484b-a233-ab6a5a73e751.fam
BLHA=28.76435807,113.46905293,179.070265,236.227775
TRANSFORMMATRIX=-0.000016631,-0.999999998,0.000054442,0.000000000,1.000000000,-0.000016631,-0.000001489,0.000000000,0.000001490,0.000054442,0.999999998,0.000000000,10.325928967,346.303726150,-3.977788524,1.000000000
ENTITYNAME=Wire_Device
