OBJECTMODELPOINTER=33777c94-e4b9-4947-906f-f84480f3cb99.dev
BASEFAMILY=09198990-9010-4f04-b0fd-83ecd85a6142.fam
BLHA=28.47949059,113.41307678,290.814083,229.813402
TRANSFORMMATRIX=-0.000950547,-0.999999546,0.000062058,0.000000000,0.999999548,-0.000950547,-0.000001535,0.000000000,0.000001594,0.000062056,0.999999998,0.000000000,11.167016277,394.955443832,50.581860796,1.000000000
ENTITYNAME=Wire_Device
