OBJECTMODELPOINTER=33777c94-e4b9-4947-906f-f84480f3cb99.dev
BASEFAMILY=091f153d-4b32-4dca-979a-6a53199f4034.fam
BLHA=28.50885387,113.46090739,244.701846,210.734491
TRANSFORMMATRIX=-0.000024001,-0.999999998,0.000053446,0.000000000,1.000000000,-0.000024001,0.000002231,0.000000000,-0.000002230,0.000053447,0.999999999,0.000000000,-13.400142754,340.669044204,47.485593434,1.000000000
ENTITYNAME=Wire_Device
