OBJECTMODELPOINTER=33777c94-e4b9-4947-906f-f84480f3cb99.dev
BASEFAMILY=092b3622-90b0-4f79-a8af-460703c03a1b.fam
BLHA=28.59065738,113.47867622,222.763908,291.241310
TRANSFORMMATRIX=0.694017509,-0.719958122,0.000000214,0.000000000,0.719958122,0.694017509,-0.000001286,0.000000000,0.000000777,0.000001047,1.000000000,0.000000000,4.946541515,6.641603827,37.247435797,1.000000000
ENTITYNAME=Wire_Device
