OBJECTMODELPOINTER=33777c94-e4b9-4947-906f-f84480f3cb99.dev
BASEFAMILY=0937349b-4dab-4854-9b19-27460ed83111.fam
BLHA=28.49379582,113.42815973,297.068153,224.957371
TRANSFORMMATRIX=-0.000022071,-0.999999998,0.000057096,0.000000000,1.000000000,-0.000022071,0.000000425,0.000000000,-0.000000424,0.000057096,0.999999998,0.000000000,-1.756209188,363.510302383,-6.426047875,1.000000000
ENTITYNAME=Wire_Device
