OBJECTMODELPOINTER=33777c94-e4b9-4947-906f-f84480f3cb99.dev
BASEFAMILY=09460981-4e3d-4b6a-95a5-18ee6671fb6e.fam
BLHA=28.39175425,113.36683981,143.500019,249.667673
TRANSFORMMATRIX=-0.002632174,-0.999996536,0.000005305,0.000000000,0.999996536,-0.002632174,0.000002125,0.000000000,-0.000002110,0.000005311,1.000000000,0.000000000,-13.410657454,33.722579899,45.247953179,1.000000000
ENTITYNAME=Wire_Device
