ENTITYNAME=WIRE
BASEFAMILY=0952cc80-76fc-44b6-9791-0a51c8d386d5.fam
OBJECTMODELPOINTER=81b82497-164d-48c0-b1cb-18fa700dacdf.dev
KVALUE=0.000370
SPLIT=4
POINT0.BLHA=28.64674167,113.46331381,165.941,277.610658
POINT0.MATRIX0=-0.991190922,0.132440763,0.000000000,0.000000000,-0.132440763,-0.991190922,0.000000000,0.000000000,0.000000000,-0.000000000,1.000000000,0.000000000,-11.644972183,0.110474632,37.000001443,1.000000000
POINT0.MATRIX1=-0.991190922,0.132440763,0.000000000,0.000000000,-0.132440763,-0.991190922,0.000000000,0.000000000,0.000000000,-0.000000000,1.000000000,0.000000000,-11.644972183,0.110474632,37.449998392,1.000000000
POINT0.MATRIX2=-0.991190922,0.132440763,0.000000000,0.000000000,-0.132440763,-0.991190922,0.000000000,0.000000000,0.000000000,-0.000000000,1.000000000,0.000000000,-12.094864744,0.109503315,37.449998392,1.000000000
POINT0.MATRIX3=-0.991190922,0.132440763,0.000000000,0.000000000,-0.132440763,-0.991190922,0.000000000,0.000000000,0.000000000,-0.000000000,1.000000000,0.000000000,-12.094864744,0.109503315,37.000001443,1.000000000
POINT1.BLHA=28.64279778,113.46393161,145.776,277.610658
POINT1.MATRIX0=-0.991190922,0.132440763,-0.000000000,0.000000000,-0.132440763,-0.991190922,0.000000000,0.000000000,-0.000000000,-0.000000000,1.000000000,0.000000000,-11.645092889,-0.110517049,36.999989780,1.000000000
POINT1.MATRIX1=-0.991190922,0.132440763,-0.000000000,0.000000000,-0.132440763,-0.991190922,0.000000000,0.000000000,-0.000000000,-0.000000000,1.000000000,0.000000000,-11.645092889,-0.110517049,37.450001988,1.000000000
POINT1.MATRIX2=-0.991190922,0.132440763,-0.000000000,0.000000000,-0.132440763,-0.991190922,0.000000000,0.000000000,-0.000000000,-0.000000000,1.000000000,0.000000000,-12.095210757,-0.109487778,37.450001987,1.000000000
POINT1.MATRIX3=-0.991190922,0.132440763,-0.000000000,0.000000000,-0.132440763,-0.991190922,0.000000000,0.000000000,-0.000000000,-0.000000000,1.000000000,0.000000000,-12.095210758,-0.109487778,36.999989780,1.000000000
