OBJECTMODELPOINTER=0957f30e-c76e-4724-9ed8-e371bd1fd45a.dev
BASEFAMILY=09576d94-4e81-40e4-8364-681e086e6a53.fam
TRANSFORMMATRIX=-0.999992822,-0.003788601,0.000000003,0.000000000,0.003788600,-0.999992825,-0.000000003,0.000000000,0.000000000,-0.000000000,1.000000000,0.000000000,9.870000000,0.309999999,51.999999999,1.000000000
ENTITYNAME=Tower_Device
