OBJECTMODELPOINTER=33777c94-e4b9-4947-906f-f84480f3cb99.dev
BASEFAMILY=0974f09f-2455-4599-b504-844a0ad25d1b.fam
BLHA=28.31135450,113.43043530,49.303319,335.449580
TRANSFORMMATRIX=0.001560802,-0.999998781,0.000036062,0.000000000,0.999998782,0.001560803,0.000001157,0.000000000,-0.000001214,0.000036061,0.999999999,0.000000000,-8.164958972,229.985332390,44.235260854,1.000000000
ENTITYNAME=Wire_Device
