OBJECTMODELPOINTER=0e312739-8609-4a3d-966c-75d05d59356d.dev
BASEFAMILY=097e6030-1b3a-435f-a918-7265ff877387.fam
TRANSFORMMATRIX=-0.000000000,-1.000000000,0.000000000,0.000000000,1.000000000,0.000000000,0.000000000,0.000000000,-0.000000000,-0.000000000,1.000000000,0.000000000,-5.397059140,5.396978826,-0.000003384,1.000000000
ENTITYNAME=Tower_Device
