OBJECTMODELPOINTER=6f8a0549-52dc-45af-9002-9bc99a5f5687.dev
BASEFAMILY=09831df3-48f2-4876-a789-ce89f3f2bf68.fam
TRANSFORMMATRIX=0.000000000,1.000000000,-0.000000000,0.000000000,-1.000000000,0.000000000,0.000000000,0.000000000,0.000000000,0.000000000,1.000000000,0.000000000,7.081983737,-7.082867328,-0.000005067,1.000000000
ENTITYNAME=Tower_Device
