OBJECTMODELPOINTER=33777c94-e4b9-4947-906f-f84480f3cb99.dev
BASEFAMILY=0986c93f-9c0f-458a-bd1a-17a024a8661f.fam
BLHA=28.31470596,113.39701913,83.588909,4.996372
TRANSFORMMATRIX=0.002660667,-0.999996459,0.000045407,0.000000000,0.999996460,0.002660667,0.000001845,0.000000000,-0.000001966,0.000045402,0.999999999,0.000000000,-12.354147085,289.786317637,36.101587197,1.000000000
ENTITYNAME=Wire_Device
