OBJECTMODELPOINTER=33777c94-e4b9-4947-906f-f84480f3cb99.dev
BASEFAMILY=0991643c-b44c-4bda-a656-cc7cd6a41fad.fam
BLHA=28.31523299,113.41422428,48.000024,0.896163
TRANSFORMMATRIX=0.000007046,-1.000000000,0.000016623,0.000000000,1.000000000,0.000007046,0.000001574,0.000000000,-0.000001574,0.000016623,1.000000000,0.000000000,-9.988233074,106.105358746,35.495915432,1.000000000
ENTITYNAME=Wire_Device
