OBJECTMODELPOINTER=33777c94-e4b9-4947-906f-f84480f3cb99.dev
BASEFAMILY=09914e59-16a1-419f-b54c-20145c4ca537.fam
BLHA=28.44721846,113.39002654,265.559825,242.026912
TRANSFORMMATRIX=-0.002851018,-0.999995933,0.000074189,0.000000000,0.999995936,-0.002851018,0.000002626,0.000000000,-0.000002414,0.000074195,0.999999997,0.000000000,-14.378100423,471.667245432,34.761819517,1.000000000
ENTITYNAME=Wire_Device
