ENTITYNAME=WIRE
BASEFAMILY=09980684-6548-4dd4-b3fd-72db1ee19652.fam
OBJECTMODELPOINTER=81b82497-164d-48c0-b1cb-18fa700dacdf.dev
KVALUE=0.000372
SPLIT=4
POINT0.BLHA=28.31135450,113.43043530,49.303,335.449580
POINT0.MATRIX0=-0.415493846,0.909595989,-0.000000000,0.000000000,-0.909595989,-0.415493846,-0.000000000,0.000000000,-0.000000000,-0.000000000,1.000000000,0.000000000,-6.587624685,0.130462715,64.366739180,1.000000000
POINT0.MATRIX1=-0.415493846,0.909595989,-0.000000000,0.000000000,-0.909595989,-0.415493846,-0.000000000,0.000000000,-0.000000000,-0.000000000,1.000000000,0.000000000,-6.400857569,0.130557195,64.830591109,1.000000000
POINT0.MATRIX2=-0.415493846,0.909595989,-0.000000000,0.000000000,-0.909595989,-0.415493846,-0.000000000,0.000000000,-0.000000000,-0.000000000,1.000000000,0.000000000,-6.864628691,0.130483433,65.017251875,1.000000000
POINT0.MATRIX3=-0.415493846,0.909595989,-0.000000000,0.000000000,-0.909595989,-0.415493846,-0.000000000,0.000000000,-0.000000000,-0.000000000,1.000000000,0.000000000,-7.051446526,0.130499987,64.553399946,1.000000000
POINT1.BLHA=28.30961923,113.43478171,54.753,501.227736
POINT1.MATRIX0=0.626226468,-0.779641207,-0.000000000,0.000000000,0.779641207,0.626226468,0.000000000,0.000000000,-0.000000000,0.000000000,1.000000000,0.000000000,5.162125442,8.882913149,57.604650988,1.000000000
POINT1.MATRIX1=0.626226468,-0.779641207,-0.000000000,0.000000000,0.779641207,0.626226468,0.000000000,0.000000000,-0.000000000,0.000000000,1.000000000,0.000000000,4.958017196,9.682828357,57.918615831,1.000000000
POINT1.MATRIX2=0.626226468,-0.779641207,-0.000000000,0.000000000,0.779641207,0.626226468,0.000000000,0.000000000,-0.000000000,0.000000000,1.000000000,0.000000000,5.442425081,9.806447815,57.918493761,1.000000000
POINT1.MATRIX3=0.626226468,-0.779641207,-0.000000000,0.000000000,0.779641207,0.626226468,0.000000000,0.000000000,-0.000000000,0.000000000,1.000000000,0.000000000,5.646495107,9.006580194,57.604773057,1.000000000
