OBJECTMODELPOINTER=33777c94-e4b9-4947-906f-f84480f3cb99.dev
BASEFAMILY=09a55a01-a14e-40db-9b6e-037f1f50a600.fam
BLHA=28.40635362,113.37217651,164.659139,254.006183
TRANSFORMMATRIX=-0.010512225,-0.999944744,0.000048809,0.000000000,0.999944745,-0.010512225,-0.000001199,0.000000000,0.000001713,0.000048793,0.999999999,0.000000000,11.353544552,309.977635483,15.051830982,1.000000000
ENTITYNAME=Wire_Device
