ENTITYNAME=WIRE
BASEFAMILY=09a701dd-4727-4f5e-b269-6f1af1d16520.fam
OBJECTMODELPOINTER=81b82497-164d-48c0-b1cb-18fa700dacdf.dev
KVALUE=0.103958
SPLIT=4
POINT0.BLHA=28.39913011,113.36988101,173.073,251.836928
POINT0.MATRIX0=-0.950173157,-0.311722587,0.000000000,0.000000000,0.311722587,-0.950173157,0.000000000,0.000000000,0.000000000,-0.000000000,1.000000000,0.000000000,1.801047588,-9.945463186,34.779384401,1.000000000
POINT0.MATRIX1=-0.950173157,-0.311722587,0.000000000,0.000000000,0.311722587,-0.950173157,0.000000000,0.000000000,0.000000000,-0.000000000,1.000000000,0.000000000,2.278865638,-9.962399450,34.924777788,1.000000000
POINT0.MATRIX2=-0.950173157,-0.311722587,0.000000000,0.000000000,0.311722587,-0.950173157,0.000000000,0.000000000,0.000000000,-0.000000000,1.000000000,0.000000000,2.067340884,-9.365596324,35.570592819,1.000000000
POINT0.MATRIX3=-0.950173157,-0.311722587,0.000000000,0.000000000,0.311722587,-0.950173157,0.000000000,0.000000000,0.000000000,-0.000000000,1.000000000,0.000000000,1.589522834,-9.348660059,35.425199448,1.000000000
POINT1.BLHA=28.39913011,113.36988101,173.073,251.836928
POINT1.MATRIX0=-0.950173157,-0.311722587,0.000000000,0.000000000,0.311722587,-0.950173157,0.000000000,0.000000000,0.000000000,-0.000000000,1.000000000,0.000000000,7.724945128,-3.999879349,38.789995430,1.000000000
POINT1.MATRIX1=-0.950173157,-0.311722587,0.000000000,0.000000000,0.311722587,-0.950173157,0.000000000,0.000000000,0.000000000,-0.000000000,1.000000000,0.000000000,7.724945128,-3.999879349,39.239995477,1.000000000
POINT1.MATRIX2=-0.950173157,-0.311722587,0.000000000,0.000000000,0.311722587,-0.950173157,0.000000000,0.000000000,0.000000000,-0.000000000,1.000000000,0.000000000,7.274945018,-3.999879181,39.239995477,1.000000000
POINT1.MATRIX3=-0.950173157,-0.311722587,0.000000000,0.000000000,0.311722587,-0.950173157,0.000000000,0.000000000,0.000000000,-0.000000000,1.000000000,0.000000000,7.274945018,-3.999879181,38.789995429,1.000000000
