OBJECTMODELPOINTER=33777c94-e4b9-4947-906f-f84480f3cb99.dev
BASEFAMILY=09c4dd08-ba8f-4a76-8cd6-32f56ed1c7c1.fam
BLHA=28.72353047,113.45260943,123.369332,283.291091
TRANSFORMMATRIX=0.000004466,-1.000000000,0.000016325,0.000000000,1.000000000,0.000004466,0.000001916,0.000000000,-0.000001915,0.000016326,1.000000000,0.000000000,-12.345591544,103.712010157,38.615149021,1.000000000
ENTITYNAME=Wire_Device
