OBJECTMODELPOINTER=33777c94-e4b9-4947-906f-f84480f3cb99.dev
BASEFAMILY=09c8fdcf-c8f1-41e3-940b-dd79543c7b45.fam
BLHA=28.66573943,113.46033717,166.408962,277.610658
TRANSFORMMATRIX=0.000006657,-0.999999996,0.000091458,0.000000000,1.000000000,0.000006657,0.000000349,0.000000000,-0.000000350,0.000091458,0.999999996,0.000000000,-2.624217455,580.844142205,36.476080251,1.000000000
ENTITYNAME=Wire_Device
