OBJECTMODELPOINTER=33777c94-e4b9-4947-906f-f84480f3cb99.dev
BASEFAMILY=09d74004-917e-49d0-a25f-54cc3031b69b.fam
BLHA=28.28368001,113.45281448,67.001736,340.232800
TRANSFORMMATRIX=0.000009367,-1.000000000,0.000015888,0.000000000,1.000000000,0.000009367,0.000001537,0.000000000,-0.000001538,0.000015888,1.000000000,0.000000000,-9.932473493,101.369147432,43.647509785,1.000000000
ENTITYNAME=Wire_Device
