OBJECTMODELPOINTER=0c3402db-a6cb-4576-8765-5522f8d9aa89.dev
BASEFAMILY=09d84f00-4f40-40ca-9bf6-bd1a1e988cad.fam
TRANSFORMMATRIX=-0.017520920,0.162248143,-0.986594436,0.000000000,-0.994220327,-0.107358825,-0.000001177,0.000000000,-0.105919428,0.980892141,0.163192163,0.000000000,-9.500000000,-2.039000000,21.000000000,1.000000000
ENTITYNAME=Tower_Device
