OBJECTMODELPOINTER=33777c94-e4b9-4947-906f-f84480f3cb99.dev
BASEFAMILY=09dfb887-596b-4b00-ad22-12afcf88168c.fam
BLHA=28.81044857,113.51462416,146.504318,227.348291
TRANSFORMMATRIX=-0.000013846,-0.999999999,0.000034589,0.000000000,1.000000000,-0.000013846,-0.000001633,0.000000000,0.000001634,0.000034589,0.999999999,0.000000000,10.971157731,220.201801375,53.885922721,1.000000000
ENTITYNAME=Wire_Device
