OBJECTMODELPOINTER=7b70e5a7-281f-4700-bfca-c108c931c890.dev
BASEFAMILY=09e23950-f390-4c41-afd8-939d42c1bdb7.fam
TRANSFORMMATRIX=-0.022434651,-0.078385818,-0.996670853,0.000000000,0.961401973,-0.275146883,0.000001163,0.000000000,-0.274230557,-0.958201421,0.081533054,0.000000000,11.100000000,0.847500000,47.000000000,1.000000000
ENTITYNAME=Tower_Device
