OBJECTMODELPOINTER=33777c94-e4b9-4947-906f-f84480f3cb99.dev
BASEFAMILY=09ef71b3-e6ff-4cff-a158-a210cef3c1e6.fam
BLHA=28.65134658,113.46259240,159.100648,277.610658
TRANSFORMMATRIX=0.000002325,-1.000000000,0.000029210,0.000000000,1.000000000,0.000002325,0.000000111,0.000000000,-0.000000112,0.000029210,1.000000000,0.000000000,-0.834188085,185.510794603,20.854087072,1.000000000
ENTITYNAME=Wire_Device
