OBJECTMODELPOINTER=33777c94-e4b9-4947-906f-f84480f3cb99.dev
BASEFAMILY=09f33d4e-9d53-49cf-ab01-3a44ed65329a.fam
BLHA=28.50209029,113.44375287,199.020645,200.251669
TRANSFORMMATRIX=-0.005086811,-0.999987061,0.000038695,0.000000000,0.999987062,-0.005086811,0.000002342,0.000000000,-0.000002145,0.000038706,0.999999999,0.000000000,-13.216678219,246.898493450,83.404735251,1.000000000
ENTITYNAME=Wire_Device
