OBJECTMODELPOINTER=13a78437-ad2c-452a-8fd1-0733d19ccb25.dev
BASEFAMILY=09f7973f-1921-49a7-8802-f9a691465ebc.fam
TRANSFORMMATRIX=0.000000000,1.000000000,-0.000000000,0.000000000,-1.000000000,0.000000000,0.000000000,0.000000000,-0.000000000,0.000000000,1.000000000,0.000000000,8.801024651,-8.799806832,-0.000000875,1.000000000
ENTITYNAME=Tower_Device
