OBJECTMODELPOINTER=4a3b8031-174a-4733-90c2-535539c9a01e.dev
BASEFAMILY=0a087568-ca1b-4be9-97db-702ceea6d79a.fam
TRANSFORMMATRIX=-1.000000000,-0.000000088,0.000000000,0.000000000,0.000000088,-1.000000000,0.000000000,0.000000000,-0.000000000,0.000000000,1.000000000,0.000000000,-9.870000000,-0.000000000,55.000000000,1.000000000
ENTITYNAME=Tower_Device
