OBJECTMODELPOINTER=33777c94-e4b9-4947-906f-f84480f3cb99.dev
BASEFAMILY=0a1199e4-ad40-44b9-984e-0bb0d7e98133.fam
BLHA=28.33513056,113.36426418,74.466119,467.201749
TRANSFORMMATRIX=0.350467708,0.936574816,-0.000000281,0.000000000,-0.936574816,0.350467708,-0.000001396,0.000000000,-0.000001209,0.000000752,1.000000000,0.000000000,-7.716943159,4.792742183,25.607273644,1.000000000
ENTITYNAME=Wire_Device
