OBJECTMODELPOINTER=33777c94-e4b9-4947-906f-f84480f3cb99.dev
BASEFAMILY=0a14b6a8-363d-46bf-bc20-5ca690c9852e.fam
BLHA=28.47949059,113.41307678,290.814083,229.813402
TRANSFORMMATRIX=-0.000009734,-1.000000000,0.000028044,0.000000000,1.000000000,-0.000009734,0.000000213,0.000000000,-0.000000213,0.000028044,1.000000000,0.000000000,-0.897645440,178.468547386,31.724616063,1.000000000
ENTITYNAME=Wire_Device
