OBJECTMODELPOINTER=33777c94-e4b9-4947-906f-f84480f3cb99.dev
BASEFAMILY=0a158679-43e7-4542-a06c-e3653d3538f7.fam
BLHA=28.32292443,113.37625760,67.775568,311.415680
TRANSFORMMATRIX=0.001248336,-0.999999221,0.000015124,0.000000000,0.999999221,0.001248336,0.000001078,0.000000000,-0.000001097,0.000015123,1.000000000,0.000000000,-7.235535051,96.262346507,48.806345513,1.000000000
ENTITYNAME=Wire_Device
