OBJECTMODELPOINTER=33777c94-e4b9-4947-906f-f84480f3cb99.dev
BASEFAMILY=0a3dfa49-a8db-46b0-98b5-753fe35dac03.fam
BLHA=28.73433869,113.45386444,142.659000,258.301958
TRANSFORMMATRIX=0.007945063,-0.999968437,0.000030926,0.000000000,0.999968438,0.007945063,0.000001694,0.000000000,-0.000001939,0.000030911,0.999999999,0.000000000,-12.175172465,196.323919394,11.001919233,1.000000000
ENTITYNAME=Wire_Device
