OBJECTMODELPOINTER=33777c94-e4b9-4947-906f-f84480f3cb99.dev
BASEFAMILY=0a416e43-9e4b-4bfa-bf52-af3fb38011fd.fam
BLHA=28.36295604,113.35959378,63.083646,458.145379
TRANSFORMMATRIX=0.603948507,0.797023338,0.000000108,0.000000000,-0.797023338,0.603948507,-0.000001249,0.000000000,-0.000001061,0.000000668,1.000000000,0.000000000,-6.774241601,4.251610003,25.385632016,1.000000000
ENTITYNAME=Wire_Device
