ENTITYNAME=WIRE
BASEFAMILY=0a4a51c0-f1b9-49a5-a7d2-4cd1ac3ea2d3.fam
OBJECTMODELPOINTER=81b82497-164d-48c0-b1cb-18fa700dacdf.dev
KVALUE=0.089980
SPLIT=4
POINT0.BLHA=28.48504373,113.41833342,235.006,407.385386
POINT0.MATRIX0=0.735924420,0.677063695,-0.000000000,0.000000000,-0.677063695,0.735924420,0.000000000,0.000000000,-0.000000000,0.000000000,1.000000000,0.000000000,-7.259610380,9.014951446,29.062763191,1.000000000
POINT0.MATRIX1=0.735924420,0.677063695,-0.000000000,0.000000000,-0.677063695,0.735924420,0.000000000,0.000000000,-0.000000000,0.000000000,1.000000000,0.000000000,-7.201972786,9.787928097,29.528348422,1.000000000
POINT0.MATRIX2=0.735924420,0.677063695,-0.000000000,0.000000000,-0.677063695,0.735924420,0.000000000,0.000000000,-0.000000000,0.000000000,1.000000000,0.000000000,-6.702861939,9.774048008,29.528348422,1.000000000
POINT0.MATRIX3=0.735924420,0.677063695,-0.000000000,0.000000000,-0.677063695,0.735924420,0.000000000,0.000000000,-0.000000000,0.000000000,1.000000000,0.000000000,-6.759630104,9.001207754,29.062725043,1.000000000
POINT1.BLHA=28.48504373,113.41833342,235.006,407.385386
POINT1.MATRIX0=0.735924420,0.677063695,-0.000000000,0.000000000,-0.677063695,0.735924420,0.000000000,0.000000000,-0.000000000,0.000000000,1.000000000,0.000000000,-9.724825999,0.000857166,25.790000937,1.000000000
POINT1.MATRIX1=0.735924420,0.677063695,-0.000000000,0.000000000,-0.677063695,0.735924420,0.000000000,0.000000000,-0.000000000,0.000000000,1.000000000,0.000000000,-9.724825999,0.000857166,26.240000940,1.000000000
POINT1.MATRIX2=0.735924420,0.677063695,-0.000000000,0.000000000,-0.677063695,0.735924420,0.000000000,0.000000000,-0.000000000,0.000000000,1.000000000,0.000000000,-9.274825959,0.000857181,26.240000940,1.000000000
POINT1.MATRIX3=0.735924420,0.677063695,-0.000000000,0.000000000,-0.677063695,0.735924420,0.000000000,0.000000000,-0.000000000,0.000000000,1.000000000,0.000000000,-9.274825959,0.000857181,25.790000937,1.000000000
