OBJECTMODELPOINTER=33777c94-e4b9-4947-906f-f84480f3cb99.dev
BASEFAMILY=0a50925a-7a76-46d7-9fa1-0a60e8370ecb.fam
BLHA=28.67276970,113.45923535,192.994115,456.641966
TRANSFORMMATRIX=-0.004943407,0.999987781,0.000039045,0.000000000,-0.999987781,-0.004943407,-0.000001024,0.000000000,-0.000000831,-0.000039049,0.999999999,0.000000000,-5.156336003,-247.988871945,-1.647817145,1.000000000
ENTITYNAME=Wire_Device
