OBJECTMODELPOINTER=33777c94-e4b9-4947-906f-f84480f3cb99.dev
BASEFAMILY=0a5190c3-7537-4f42-95d7-47429653bca2.fam
BLHA=28.50885387,113.46090739,244.701846,210.734491
TRANSFORMMATRIX=-0.000014125,-1.000000000,0.000029745,0.000000000,1.000000000,-0.000014125,0.000000206,0.000000000,-0.000000206,0.000029745,1.000000000,0.000000000,-0.876666382,189.609790855,35.357396215,1.000000000
ENTITYNAME=Wire_Device
