OBJECTMODELPOINTER=33777c94-e4b9-4947-906f-f84480f3cb99.dev
BASEFAMILY=0a53506f-5cd9-4988-a4fc-f4cbfdeffa6a.fam
BLHA=28.37691435,113.36420413,70.521818,286.379084
TRANSFORMMATRIX=0.000009037,-0.999999998,0.000056207,0.000000000,1.000000000,0.000009037,0.000002076,0.000000000,-0.000002076,0.000056207,0.999999998,0.000000000,-13.752555637,357.077552450,36.944063727,1.000000000
ENTITYNAME=Wire_Device
