OBJECTMODELPOINTER=33777c94-e4b9-4947-906f-f84480f3cb99.dev
BASEFAMILY=0a53c7ee-8a9b-4315-a788-442b02554e48.fam
BLHA=28.35569166,113.36081333,82.535643,278.143009
TRANSFORMMATRIX=-0.000002148,-1.000000000,0.000005355,0.000000000,1.000000000,-0.000002148,0.000000028,0.000000000,-0.000000028,0.000005354,1.000000000,0.000000000,-0.206167539,34.004328943,51.671854758,1.000000000
ENTITYNAME=Wire_Device
