OBJECTMODELPOINTER=33777c94-e4b9-4947-906f-f84480f3cb99.dev
BASEFAMILY=0a5e37d5-5828-4877-8f6c-420f67b5ac13.fam
BLHA=28.29768818,113.44194006,79.179744,287.794387
TRANSFORMMATRIX=0.002161431,-0.999997663,0.000040857,0.000000000,0.999997664,0.002161431,-0.000001107,0.000000000,0.000001019,0.000040860,0.999999999,0.000000000,6.102287360,259.570908248,19.431058364,1.000000000
ENTITYNAME=Wire_Device
