OBJECTMODELPOINTER=33777c94-e4b9-4947-906f-f84480f3cb99.dev
BASEFAMILY=0a6c5be5-0566-411e-9b7a-e0aaaec2f08b.fam
BLHA=28.36788990,113.36378392,64.428624,219.706007
TRANSFORMMATRIX=0.009759528,-0.999952375,0.000005002,0.000000000,0.999952375,0.009759528,-0.000001827,0.000000000,0.000001778,0.000005020,1.000000000,0.000000000,11.397146248,32.002420801,32.877888789,1.000000000
ENTITYNAME=Wire_Device
