OBJECTMODELPOINTER=33777c94-e4b9-4947-906f-f84480f3cb99.dev
BASEFAMILY=0a765403-9a5d-4df1-a582-1882298b6e88.fam
BLHA=28.47322316,113.40714488,338.739938,229.813402
TRANSFORMMATRIX=-0.000005378,-1.000000000,0.000015344,0.000000000,1.000000000,-0.000005378,0.000000119,0.000000000,-0.000000120,0.000015344,1.000000000,0.000000000,-0.507481951,97.647227846,27.571185771,1.000000000
ENTITYNAME=Wire_Device
