OBJECTMODELPOINTER=33777c94-e4b9-4947-906f-f84480f3cb99.dev
BASEFAMILY=0a7c3ed1-457c-4e6c-94df-30d0a746781e.fam
BLHA=28.49037109,113.42431436,249.696550,224.957371
TRANSFORMMATRIX=-0.000012087,-0.999999999,0.000029927,0.000000000,1.000000000,-0.000012087,-0.000001643,0.000000000,0.000001643,0.000029927,1.000000000,0.000000000,10.956940508,190.563327071,13.604771227,1.000000000
ENTITYNAME=Wire_Device
