OBJECTMODELPOINTER=33777c94-e4b9-4947-906f-f84480f3cb99.dev
BASEFAMILY=0a929e60-b592-430e-9930-ec095d8b208b.fam
BLHA=28.68060600,113.45831192,164.595225,275.673275
TRANSFORMMATRIX=0.000000053,-1.000000000,0.000028612,0.000000000,1.000000000,0.000000053,0.000000119,0.000000000,-0.000000119,0.000028611,1.000000000,0.000000000,-0.849909437,181.702127959,34.241229579,1.000000000
ENTITYNAME=Wire_Device
