OBJECTMODELPOINTER=33777c94-e4b9-4947-906f-f84480f3cb99.dev
BASEFAMILY=0a92edc4-88ea-42c0-a3f0-d6a47edcc16e.fam
BLHA=28.75094621,113.45897359,113.766966,236.227775
TRANSFORMMATRIX=0.011591799,-0.999932813,0.000005062,0.000000000,0.999932813,0.011591799,-0.000001828,0.000000000,0.000001769,0.000005083,1.000000000,0.000000000,11.350429513,32.354960056,37.296640830,1.000000000
ENTITYNAME=Wire_Device
