OBJECTMODELPOINTER=0e312739-8609-4a3d-966c-75d05d59356d.dev
BASEFAMILY=0a972609-929a-4e09-aa49-69d2b100dd53.fam
TRANSFORMMATRIX=0.000000000,1.000000000,0.000000000,0.000000000,-1.000000000,0.000000000,0.000000000,0.000000000,0.000000000,0.000000000,1.000000000,0.000000000,6.700829571,-6.699465603,-0.000003673,1.000000000
ENTITYNAME=Tower_Device
