ENTITYNAME=WIRE
BASEFAMILY=0a992f5b-ba17-4991-9d3f-c9f6459043d0.fam
OBJECTMODELPOINTER=81b82497-164d-48c0-b1cb-18fa700dacdf.dev
KVALUE=0.000000
SPLIT=4
POINT0.BLHA=28.31925198,113.37995663,64.126,500.343289
POINT0.MATRIX0=0.638186328,-0.769881946,-0.000000000,0.000000000,0.769881946,0.638186328,0.000000000,0.000000000,0.000000000,0.000000000,1.000000000,0.000000000,9.275727297,0.001594115,54.789999440,1.000000000
POINT0.MATRIX1=0.638186328,-0.769881946,-0.000000000,0.000000000,0.769881946,0.638186328,0.000000000,0.000000000,0.000000000,0.000000000,1.000000000,0.000000000,9.275727297,0.001594115,55.239999428,1.000000000
POINT0.MATRIX2=0.638186328,-0.769881946,-0.000000000,0.000000000,0.769881946,0.638186328,0.000000000,0.000000000,0.000000000,0.000000000,1.000000000,0.000000000,9.725727451,0.001593735,55.239999429,1.000000000
POINT0.MATRIX3=0.638186328,-0.769881946,-0.000000000,0.000000000,0.769881946,0.638186328,0.000000000,0.000000000,0.000000000,0.000000000,1.000000000,0.000000000,9.725727451,0.001593735,54.789999441,1.000000000
POINT1.BLHA=28.31925198,113.37995663,64.126,500.343289
POINT1.MATRIX0=0.638186328,-0.769881946,-0.000000000,0.000000000,0.769881946,0.638186328,0.000000000,0.000000000,0.000000000,0.000000000,1.000000000,0.000000000,9.275727504,-0.000405950,54.789999440,1.000000000
POINT1.MATRIX1=0.638186328,-0.769881946,-0.000000000,0.000000000,0.769881946,0.638186328,0.000000000,0.000000000,0.000000000,0.000000000,1.000000000,0.000000000,9.275727504,-0.000405950,55.239999429,1.000000000
POINT1.MATRIX2=0.638186328,-0.769881946,-0.000000000,0.000000000,0.769881946,0.638186328,0.000000000,0.000000000,0.000000000,0.000000000,1.000000000,0.000000000,9.725727323,-0.000406298,55.239999428,1.000000000
POINT1.MATRIX3=0.638186328,-0.769881946,-0.000000000,0.000000000,0.769881946,0.638186328,0.000000000,0.000000000,0.000000000,0.000000000,1.000000000,0.000000000,9.725727323,-0.000406298,54.789999440,1.000000000
