OBJECTMODELPOINTER=33777c94-e4b9-4947-906f-f84480f3cb99.dev
BASEFAMILY=0a9f2b90-eb65-41d4-aedf-218297293cd2.fam
BLHA=28.57663112,113.48588937,251.356728,312.996987
TRANSFORMMATRIX=0.000004557,-1.000000000,0.000017269,0.000000000,1.000000000,0.000004557,-0.000002062,0.000000000,0.000002062,0.000017270,1.000000000,0.000000000,12.848168057,109.895922180,39.692275252,1.000000000
ENTITYNAME=Wire_Device
