OBJECTMODELPOINTER=33777c94-e4b9-4947-906f-f84480f3cb99.dev
BASEFAMILY=0ab04f39-12ed-46c0-a2c6-112ca0478acb.fam
BLHA=28.61307891,113.46689101,233.448700,464.034761
TRANSFORMMATRIX=-0.181611098,0.983370433,0.000017858,0.000000000,-0.983370433,-0.181611098,0.000000221,0.000000000,0.000003461,-0.000017520,1.000000000,0.000000000,22.219658656,-111.323052553,16.149671368,1.000000000
ENTITYNAME=Wire_Device
