ENTITYNAME=WIRE
BASEFAMILY=0ac65d34-c396-46d4-883f-7f83d262c513.fam
OBJECTMODELPOINTER=81b82497-164d-48c0-b1cb-18fa700dacdf.dev
KVALUE=0.000000
SPLIT=4
POINT0.BLHA=28.80418340,113.50812520,199.973,227.348291
POINT0.MATRIX0=-0.735485915,-0.677540012,-0.000000000,0.000000000,0.677540012,-0.735485915,-0.000000000,0.000000000,-0.000000000,0.000000000,1.000000000,0.000000000,0.181390110,-0.000994971,43.762685227,1.000000000
POINT0.MATRIX1=-0.735485915,-0.677540012,-0.000000000,0.000000000,0.677540012,-0.735485915,-0.000000000,0.000000000,-0.000000000,0.000000000,1.000000000,0.000000000,0.218704217,-0.001142933,44.211141038,1.000000000
POINT0.MATRIX2=-0.735485915,-0.677540012,-0.000000000,0.000000000,0.677540012,-0.735485915,-0.000000000,0.000000000,-0.000000000,0.000000000,1.000000000,0.000000000,-0.230142443,-0.000359875,44.248410630,1.000000000
POINT0.MATRIX3=-0.735485915,-0.677540012,-0.000000000,0.000000000,0.677540012,-0.735485915,-0.000000000,0.000000000,-0.000000000,0.000000000,1.000000000,0.000000000,-0.267456550,-0.000211913,43.799954819,1.000000000
POINT1.BLHA=28.80418340,113.50812520,199.973,227.348291
POINT1.MATRIX0=-0.735485915,-0.677540012,-0.000000000,0.000000000,0.677540012,-0.735485915,-0.000000000,0.000000000,-0.000000000,0.000000000,1.000000000,0.000000000,0.181392327,0.119005067,43.762685227,1.000000000
POINT1.MATRIX1=-0.735485915,-0.677540012,-0.000000000,0.000000000,0.677540012,-0.735485915,-0.000000000,0.000000000,-0.000000000,0.000000000,1.000000000,0.000000000,0.218706434,0.118857105,44.211141038,1.000000000
POINT1.MATRIX2=-0.735485915,-0.677540012,-0.000000000,0.000000000,0.677540012,-0.735485915,-0.000000000,0.000000000,-0.000000000,0.000000000,1.000000000,0.000000000,-0.230140227,0.119640163,44.248410630,1.000000000
POINT1.MATRIX3=-0.735485915,-0.677540012,-0.000000000,0.000000000,0.677540012,-0.735485915,-0.000000000,0.000000000,-0.000000000,0.000000000,1.000000000,0.000000000,-0.267454333,0.119788125,43.799954819,1.000000000
