ENTITYNAME=WIRE
BASEFAMILY=0ad27360-1265-4968-91d2-35583fce3709.fam
OBJECTMODELPOINTER=31970f28-780e-4bf1-8adb-439f78c329a3.dev
KVALUE=0.000242
SPLIT=1
POINT0.BLHA=28.60573334,113.47075261,228.045,294.633001
POINT0.MATRIX0=-0.908996188,0.416804426,0.000000000,0.000000000,-0.416804426,-0.908996188,-0.000000000,0.000000000,-0.000000000,-0.000000000,1.000000000,0.000000000,-10.610756112,0.309832275,54.557999638,1.000000000
POINT1.BLHA=28.60189794,113.47276867,201.465,294.633001
POINT1.MATRIX0=-0.908996188,0.416804426,-0.000000000,0.000000000,-0.416804426,-0.908996188,0.000000000,0.000000000,-0.000000000,-0.000000000,1.000000000,0.000000000,-9.870217569,-0.309912782,51.557997978,1.000000000
