OBJECTMODELPOINTER=33777c94-e4b9-4947-906f-f84480f3cb99.dev
BASEFAMILY=0adb89ec-f12c-4ff4-8f7d-147dbbef53e0.fam
BLHA=28.78677028,113.48699418,119.837662,221.400685
TRANSFORMMATRIX=0.016579092,-0.999862557,0.000038197,0.000000000,0.999862557,0.016579092,-0.000001829,0.000000000,0.000001196,0.000038222,0.999999999,0.000000000,8.233013306,243.451836209,25.948800029,1.000000000
ENTITYNAME=Wire_Device
