OBJECTMODELPOINTER=33777c94-e4b9-4947-906f-f84480f3cb99.dev
BASEFAMILY=0aea484f-1b72-418d-a1ec-ceb24348298e.fam
BLHA=28.53971514,113.51008635,497.099735,255.750198
TRANSFORMMATRIX=0.010357668,-0.999946358,0.000005955,0.000000000,0.999946358,0.010357668,-0.000001964,0.000000000,0.000001902,0.000005974,1.000000000,0.000000000,12.184561772,37.969323220,28.798711943,1.000000000
ENTITYNAME=Wire_Device
