OBJECTMODELPOINTER=76509db5-ae82-4270-bc9d-770e04667cb9.dev
BASEFAMILY=0af0e11f-e139-4dae-a1a8-b6c28f2a22e8.fam
TRANSFORMMATRIX=-0.016427811,0.154714933,-0.987822741,0.000000000,-0.994410572,-0.105580603,-0.000001211,0.000000000,-0.104294890,0.982301373,0.155584669,0.000000000,7.500000000,-0.953000000,29.999999999,1.000000000
ENTITYNAME=Tower_Device
