OBJECTMODELPOINTER=33777c94-e4b9-4947-906f-f84480f3cb99.dev
BASEFAMILY=0af8878c-204a-4095-bcdd-6d0981c494f3.fam
BLHA=28.63009153,113.46564681,168.255878,273.436520
TRANSFORMMATRIX=0.000001675,-1.000000000,0.000026500,0.000000000,1.000000000,0.000001675,0.000000110,0.000000000,-0.000000109,0.000026500,1.000000000,0.000000000,-0.751902142,168.287885300,52.485616525,1.000000000
ENTITYNAME=Wire_Device
