ENTITYNAME=WIRE
BASEFAMILY=0b02eb33-b429-46c8-a896-fb8bbe50da80.fam
OBJECTMODELPOINTER=81b82497-164d-48c0-b1cb-18fa700dacdf.dev
KVALUE=0.000000
SPLIT=4
POINT0.BLHA=28.47144509,113.40546217,294.358,229.813402
POINT0.MATRIX0=-0.763946986,-0.645279012,0.000000000,0.000000000,0.645279012,-0.763946986,0.000000000,0.000000000,-0.000000000,0.000000000,1.000000000,0.000000000,0.181953530,0.000145475,44.478135288,1.000000000
POINT0.MATRIX1=-0.763946986,-0.645279012,0.000000000,0.000000000,0.645279012,-0.763946986,0.000000000,0.000000000,-0.000000000,0.000000000,1.000000000,0.000000000,0.215214038,0.000116590,44.926903904,1.000000000
POINT0.MATRIX2=-0.763946986,-0.645279012,0.000000000,0.000000000,0.645279012,-0.763946986,0.000000000,0.000000000,-0.000000000,0.000000000,1.000000000,0.000000000,-0.233487739,0.000133531,44.960168064,1.000000000
POINT0.MATRIX3=-0.763946986,-0.645279012,0.000000000,0.000000000,0.645279012,-0.763946986,0.000000000,0.000000000,-0.000000000,0.000000000,1.000000000,0.000000000,-0.266748246,0.000162417,44.511399448,1.000000000
POINT1.BLHA=28.47144509,113.40546217,294.358,229.813402
POINT1.MATRIX0=-0.763946986,-0.645279012,0.000000000,0.000000000,0.645279012,-0.763946986,0.000000000,0.000000000,-0.000000000,0.000000000,1.000000000,0.000000000,0.181956501,0.120149510,44.478135287,1.000000000
POINT1.MATRIX1=-0.763946986,-0.645279012,0.000000000,0.000000000,0.645279012,-0.763946986,0.000000000,0.000000000,-0.000000000,0.000000000,1.000000000,0.000000000,0.215217008,0.120120625,44.926903904,1.000000000
POINT1.MATRIX2=-0.763946986,-0.645279012,0.000000000,0.000000000,0.645279012,-0.763946986,0.000000000,0.000000000,-0.000000000,0.000000000,1.000000000,0.000000000,-0.233484768,0.120137566,44.960168064,1.000000000
POINT1.MATRIX3=-0.763946986,-0.645279012,0.000000000,0.000000000,0.645279012,-0.763946986,0.000000000,0.000000000,-0.000000000,0.000000000,1.000000000,0.000000000,-0.266745276,0.120166452,44.511399448,1.000000000
