OBJECTMODELPOINTER=33777c94-e4b9-4947-906f-f84480f3cb99.dev
BASEFAMILY=0b0fcc6f-230a-4e25-a01d-40d9b29488fc.fam
BLHA=28.29768818,113.44194006,79.179744,287.794387
TRANSFORMMATRIX=-0.002221849,-0.999997532,0.000005704,0.000000000,0.999997532,-0.002221849,0.000001608,0.000000000,-0.000001595,0.000005708,1.000000000,0.000000000,-10.231573835,36.279023944,51.522940960,1.000000000
ENTITYNAME=Wire_Device
