ENTITYNAME=WIRE
BASEFAMILY=0b25bdb5-828d-4477-9efd-390dff1208a1.fam
OBJECTMODELPOINTER=81b82497-164d-48c0-b1cb-18fa700dacdf.dev
KVALUE=0.000000
SPLIT=4
POINT0.BLHA=28.29096601,113.44441625,53.540,287.794387
POINT0.MATRIX0=-0.952159334,0.305602035,0.000000000,0.000000000,-0.305602035,-0.952159334,0.000000000,0.000000000,-0.000000000,-0.000000000,1.000000000,0.000000000,6.601875689,0.000910837,61.366814892,1.000000000
POINT0.MATRIX1=-0.952159334,0.305602035,0.000000000,0.000000000,-0.305602035,-0.952159334,0.000000000,0.000000000,-0.000000000,-0.000000000,1.000000000,0.000000000,6.788416624,0.000525751,61.830666821,1.000000000
POINT0.MATRIX2=-0.952159334,0.305602035,0.000000000,0.000000000,-0.305602035,-0.952159334,0.000000000,0.000000000,-0.000000000,-0.000000000,1.000000000,0.000000000,6.324322917,-0.000262084,62.017327588,1.000000000
POINT0.MATRIX3=-0.952159334,0.305602035,0.000000000,0.000000000,-0.305602035,-0.952159334,0.000000000,0.000000000,-0.000000000,-0.000000000,1.000000000,0.000000000,6.137781982,0.000123003,61.553475659,1.000000000
POINT1.BLHA=28.29096601,113.44441625,53.540,287.794387
POINT1.MATRIX0=-0.952159334,0.305602035,0.000000000,0.000000000,-0.305602035,-0.952159334,0.000000000,0.000000000,-0.000000000,-0.000000000,1.000000000,0.000000000,6.601875351,0.130909458,61.366814892,1.000000000
POINT1.MATRIX1=-0.952159334,0.305602035,0.000000000,0.000000000,-0.305602035,-0.952159334,0.000000000,0.000000000,-0.000000000,-0.000000000,1.000000000,0.000000000,6.788416286,0.130524371,61.830666821,1.000000000
POINT1.MATRIX2=-0.952159334,0.305602035,0.000000000,0.000000000,-0.305602035,-0.952159334,0.000000000,0.000000000,-0.000000000,-0.000000000,1.000000000,0.000000000,6.324322579,0.129736537,62.017327589,1.000000000
POINT1.MATRIX3=-0.952159334,0.305602035,0.000000000,0.000000000,-0.305602035,-0.952159334,0.000000000,0.000000000,-0.000000000,-0.000000000,1.000000000,0.000000000,6.137781645,0.130121624,61.553475660,1.000000000
