OBJECTMODELPOINTER=33777c94-e4b9-4947-906f-f84480f3cb99.dev
BASEFAMILY=0b2f2fc9-0eeb-4a73-9f98-a2919662b065.fam
BLHA=28.36295604,113.35959378,63.083646,458.145379
TRANSFORMMATRIX=0.024379743,0.999702770,0.000006056,0.000000000,-0.999702770,0.024379743,-0.000001221,0.000000000,-0.000001369,-0.000006025,1.000000000,0.000000000,-8.706073858,-38.251242179,32.906175440,1.000000000
ENTITYNAME=Wire_Device
