OBJECTMODELPOINTER=33777c94-e4b9-4947-906f-f84480f3cb99.dev
BASEFAMILY=0b479ef5-9e8a-4f81-94e5-546177c4f41a.fam
BLHA=28.76435807,113.46905293,179.070265,236.227775
TRANSFORMMATRIX=-0.000017090,-0.999999998,0.000054437,0.000000000,1.000000000,-0.000017090,0.000000377,0.000000000,-0.000000376,0.000054436,0.999999998,0.000000000,-1.568532574,346.241934835,-3.196720084,1.000000000
ENTITYNAME=Wire_Device
