ENTITYNAME=WIRE
BASEFAMILY=0b56d2b4-497f-42c8-88f6-b7b3a0f50936.fam
OBJECTMODELPOINTER=81b82497-164d-48c0-b1cb-18fa700dacdf.dev
KVALUE=0.000000
SPLIT=4
POINT0.BLHA=28.72353047,113.45260943,123.369,283.291091
POINT0.MATRIX0=-0.973214630,0.229898421,0.000000000,0.000000000,-0.229898421,-0.973214630,0.000000000,0.000000000,0.000000000,-0.000000000,1.000000000,0.000000000,-11.644836404,-0.001145613,42.999996667,1.000000000
POINT0.MATRIX1=-0.973214630,0.229898421,0.000000000,0.000000000,-0.229898421,-0.973214630,0.000000000,0.000000000,0.000000000,-0.000000000,1.000000000,0.000000000,-11.644836404,-0.001145613,43.450008874,1.000000000
POINT0.MATRIX2=-0.973214630,0.229898421,0.000000000,0.000000000,-0.229898421,-0.973214630,0.000000000,0.000000000,0.000000000,-0.000000000,1.000000000,0.000000000,-12.095154869,0.000873473,43.450008874,1.000000000
POINT0.MATRIX3=-0.973214630,0.229898421,0.000000000,0.000000000,-0.229898421,-0.973214630,0.000000000,0.000000000,0.000000000,-0.000000000,1.000000000,0.000000000,-12.095154870,0.000873473,42.999996666,1.000000000
POINT1.BLHA=28.72353047,113.45260943,123.369,283.291091
POINT1.MATRIX0=-0.973214630,0.229898421,0.000000000,0.000000000,-0.229898421,-0.973214630,0.000000000,0.000000000,0.000000000,-0.000000000,1.000000000,0.000000000,-11.644098224,0.108854588,42.999996667,1.000000000
POINT1.MATRIX1=-0.973214630,0.229898421,0.000000000,0.000000000,-0.229898421,-0.973214630,0.000000000,0.000000000,0.000000000,-0.000000000,1.000000000,0.000000000,-11.644098224,0.108854588,43.450008874,1.000000000
POINT1.MATRIX2=-0.973214630,0.229898421,0.000000000,0.000000000,-0.229898421,-0.973214630,0.000000000,0.000000000,0.000000000,-0.000000000,1.000000000,0.000000000,-12.094416690,0.110873673,43.450008873,1.000000000
POINT1.MATRIX3=-0.973214630,0.229898421,0.000000000,0.000000000,-0.229898421,-0.973214630,0.000000000,0.000000000,0.000000000,-0.000000000,1.000000000,0.000000000,-12.094416690,0.110873673,42.999996666,1.000000000
