OBJECTMODELPOINTER=33777c94-e4b9-4947-906f-f84480f3cb99.dev
BASEFAMILY=0b59ff3d-3da6-41cd-bfce-7c66c48f3661.fam
BLHA=28.39913011,113.36988101,173.073049,251.836928
TRANSFORMMATRIX=-0.020274296,-0.999794454,0.000046900,0.000000000,0.999794455,-0.020274296,0.000001499,0.000000000,-0.000000548,0.000046921,0.999999999,0.000000000,-3.034775981,298.092593057,6.993663959,1.000000000
ENTITYNAME=Wire_Device
