ENTITYNAME=WIRE
BASEFAMILY=0b67decf-0bd7-4a8a-8fe9-77a740ca5b74.fam
OBJECTMODELPOINTER=31970f28-780e-4bf1-8adb-439f78c329a3.dev
KVALUE=0.000287
SPLIT=1
POINT0.BLHA=28.47949059,113.41307678,290.814,229.813402
POINT0.MATRIX0=-0.763946986,-0.645279012,-0.000000000,0.000000000,0.645279012,-0.763946986,-0.000000000,0.000000000,0.000000000,-0.000000000,1.000000000,0.000000000,-10.609736947,-0.014570034,51.557998935,1.000000000
POINT1.BLHA=28.47949059,113.41307678,290.814,229.813402
POINT1.MATRIX0=-0.763946986,-0.645279012,-0.000000000,0.000000000,0.645279012,-0.763946986,-0.000000000,0.000000000,0.000000000,-0.000000000,1.000000000,0.000000000,-10.610302486,0.015099456,51.557998935,1.000000000
