OBJECTMODELPOINTER=33777c94-e4b9-4947-906f-f84480f3cb99.dev
BASEFAMILY=0b7d3063-fb47-4578-984c-35081f808ab9.fam
BLHA=28.31925198,113.37995663,64.126344,500.343289
TRANSFORMMATRIX=-0.154948111,0.987922610,0.000006680,0.000000000,-0.987922610,-0.154948111,0.000001166,0.000000000,0.000002187,-0.000006419,1.000000000,0.000000000,14.018850442,-40.921682192,56.622363484,1.000000000
ENTITYNAME=Wire_Device
