OBJECTMODELPOINTER=0f89deef-b57c-460a-b12a-2e1df27b8981.dev
BASEFAMILY=0b845897-c89e-4b22-b812-1c7475d2c91e.fam
TRANSFORMMATRIX=-0.002922015,0.008206527,-0.999962141,0.000000000,-0.942103221,-0.335322758,-0.000001001,0.000000000,-0.335310256,0.942067494,0.008710238,0.000000000,-6.500000000,-0.900000000,44.000000000,1.000000000
ENTITYNAME=Tower_Device
