OBJECTMODELPOINTER=33777c94-e4b9-4947-906f-f84480f3cb99.dev
BASEFAMILY=0babbf91-d1d1-470f-869a-952675ffc922.fam
BLHA=28.30572385,113.43813150,65.831158,307.005893
TRANSFORMMATRIX=0.003269510,-0.999994655,0.000013129,0.000000000,0.999994655,0.003269510,0.000001084,0.000000000,-0.000001127,0.000013126,1.000000000,0.000000000,-7.387890769,83.523381330,54.413940326,1.000000000
ENTITYNAME=Wire_Device
