ENTITYNAME=WIRE
BASEFAMILY=0bbaf19a-a030-4579-8271-3858128a37d1.fam
OBJECTMODELPOINTER=31970f28-780e-4bf1-8adb-439f78c329a3.dev
KVALUE=0.000287
SPLIT=1
POINT0.BLHA=28.31534552,113.42043692,48.734,348.172871
POINT0.MATRIX0=-0.204959508,0.978770453,-0.000000000,0.000000000,-0.978770453,-0.204959508,-0.000000000,0.000000000,0.000000000,0.000000000,1.000000000,0.000000000,12.599504536,-0.852302219,67.258288060,1.000000000
POINT1.BLHA=28.31534552,113.42043692,48.734,348.172871
POINT1.MATRIX0=-0.204959508,0.978770453,-0.000000000,0.000000000,-0.978770453,-0.204959508,-0.000000000,0.000000000,0.000000000,0.000000000,1.000000000,0.000000000,12.600656311,0.852516899,67.267418150,1.000000000
