ENTITYNAME=WIRE
BASEFAMILY=0bf14c6d-4840-4116-ac4f-c59143e522ad.fam
OBJECTMODELPOINTER=81b82497-164d-48c0-b1cb-18fa700dacdf.dev
KVALUE=0.079197
SPLIT=4
POINT0.BLHA=28.38255325,113.36304670,117.224,441.473487
POINT0.MATRIX0=0.988947360,0.148267054,-0.000000000,0.000000000,-0.148267054,0.988947360,0.000000000,0.000000000,0.000000000,0.000000000,1.000000000,0.000000000,-7.888066032,9.992647407,23.860880843,1.000000000
POINT0.MATRIX1=0.988947360,0.148267054,-0.000000000,0.000000000,-0.148267054,0.988947360,0.000000000,0.000000000,0.000000000,0.000000000,1.000000000,0.000000000,-7.710854516,10.700884177,24.400427809,1.000000000
POINT0.MATRIX2=0.988947360,0.148267054,-0.000000000,0.000000000,-0.148267054,0.988947360,0.000000000,0.000000000,0.000000000,0.000000000,1.000000000,0.000000000,-7.220836272,10.600553822,24.400382032,1.000000000
POINT0.MATRIX3=0.988947360,0.148267054,-0.000000000,0.000000000,-0.148267054,0.988947360,0.000000000,0.000000000,0.000000000,0.000000000,1.000000000,0.000000000,-7.397854487,9.894320986,23.860896102,1.000000000
POINT1.BLHA=28.38255325,113.36304670,117.224,441.473487
POINT1.MATRIX0=0.988947360,0.148267054,-0.000000000,0.000000000,-0.148267054,0.988947360,0.000000000,0.000000000,0.000000000,0.000000000,1.000000000,0.000000000,-11.724867540,0.000931914,19.790005004,1.000000000
POINT1.MATRIX1=0.988947360,0.148267054,-0.000000000,0.000000000,-0.148267054,0.988947360,0.000000000,0.000000000,0.000000000,0.000000000,1.000000000,0.000000000,-11.724867540,0.000931914,20.240005007,1.000000000
POINT1.MATRIX2=0.988947360,0.148267054,-0.000000000,0.000000000,-0.148267054,0.988947360,0.000000000,0.000000000,0.000000000,0.000000000,1.000000000,0.000000000,-11.274867481,0.000932090,20.240005007,1.000000000
POINT1.MATRIX3=0.988947360,0.148267054,-0.000000000,0.000000000,-0.148267054,0.988947360,0.000000000,0.000000000,0.000000000,0.000000000,1.000000000,0.000000000,-11.274867480,0.000932090,19.790005004,1.000000000
