OBJECTMODELPOINTER=33777c94-e4b9-4947-906f-f84480f3cb99.dev
BASEFAMILY=0c027853-25ad-4873-9e5f-e424e446be7a.fam
BLHA=28.27160371,113.47264060,64.950919,312.669055
TRANSFORMMATRIX=-0.007379319,-0.999972772,0.000042615,0.000000000,0.999972772,-0.007379319,-0.000001160,0.000000000,0.000001474,0.000042605,0.999999999,0.000000000,8.680952584,271.164413498,29.268442018,1.000000000
ENTITYNAME=Wire_Device
