OBJECTMODELPOINTER=33777c94-e4b9-4947-906f-f84480f3cb99.dev
BASEFAMILY=0c117c21-5456-4369-ad5f-d09f99d19fda.fam
BLHA=28.26851271,113.48351910,83.112496,355.334735
TRANSFORMMATRIX=0.005719580,-0.999983642,0.000045251,0.000000000,0.999983643,0.005719580,-0.000001063,0.000000000,0.000000804,0.000045256,0.999999999,0.000000000,4.982531121,288.859633718,45.386951991,1.000000000
ENTITYNAME=Wire_Device
