OBJECTMODELPOINTER=7dbf7abb-71f8-4743-9a96-9ece6acc4ab3.dev
BASEFAMILY=0c1344ab-ec90-4181-842c-ce668d6b7ddb.fam
TRANSFORMMATRIX=-0.999999527,-0.000973386,-0.000000000,0.000000000,0.000973385,-0.999999526,-0.000000001,0.000000000,-0.000000000,-0.000000000,1.000000000,0.000000000,-10.800000000,0.000000000,73.000000000,1.000000000
ENTITYNAME=Tower_Device
