OBJECTMODELPOINTER=50382026-eda1-4975-b98a-078691c58c31.dev
BASEFAMILY=0c207578-a034-4dfb-b175-fca124c692eb.fam
TRANSFORMMATRIX=-0.999991736,-0.004065176,0.000000003,0.000000000,0.004065175,-0.999991739,-0.000000004,0.000000000,-0.000000000,0.000000000,1.000000000,0.000000000,9.870000000,0.310000000,46.000000000,1.000000000
ENTITYNAME=Tower_Device
