OBJECTMODELPOINTER=13a78437-ad2c-452a-8fd1-0733d19ccb25.dev
BASEFAMILY=0c263f9e-d5ed-43c2-af93-d242977b332f.fam
TRANSFORMMATRIX=1.000000000,0.000000000,-0.000000000,0.000000000,-0.000000000,1.000000000,0.000000000,0.000000000,0.000000000,-0.000000000,1.000000000,0.000000000,-5.066976558,-5.066842762,0.000000225,1.000000000
ENTITYNAME=Tower_Device
