OBJECTMODELPOINTER=33777c94-e4b9-4947-906f-f84480f3cb99.dev
BASEFAMILY=0c395255-b88b-4edd-b553-a1252062c205.fam
BLHA=28.31510010,113.40690744,78.265120,0.896163
TRANSFORMMATRIX=0.002060708,-0.999997876,0.000024941,0.000000000,0.999997877,0.002060708,-0.000001113,0.000000000,0.000001061,0.000024943,1.000000000,0.000000000,6.752603698,159.211467835,28.647869053,1.000000000
ENTITYNAME=Wire_Device
