OBJECTMODELPOINTER=0e312739-8609-4a3d-966c-75d05d59356d.dev
BASEFAMILY=0c3fd62b-e604-43c3-9f55-a2420ede71d8.fam
TRANSFORMMATRIX=0.000000000,1.000000000,-0.000000000,0.000000000,-1.000000000,0.000000000,-0.000000000,0.000000000,-0.000000000,-0.000000000,1.000000000,0.000000000,3.747044272,-3.746680922,0.000005931,1.000000000
ENTITYNAME=Tower_Device
