OBJECTMODELPOINTER=33777c94-e4b9-4947-906f-f84480f3cb99.dev
BASEFAMILY=0c4a66da-e388-4bde-bf41-bf640a3202e5.fam
BLHA=28.75355465,113.46093365,124.778931,236.227775
TRANSFORMMATRIX=-0.000017943,-0.999999999,0.000049049,0.000000000,1.000000000,-0.000017943,0.000000343,0.000000000,-0.000000343,0.000049049,0.999999999,0.000000000,-1.436738648,311.971211402,31.062634718,1.000000000
ENTITYNAME=Wire_Device
