OBJECTMODELPOINTER=13a78437-ad2c-452a-8fd1-0733d19ccb25.dev
BASEFAMILY=0c54c732-e027-420e-a37f-cc1fad479853.fam
TRANSFORMMATRIX=-1.000000000,0.000000000,0.000000000,0.000000000,-0.000000000,-1.000000000,0.000000000,0.000000000,0.000000000,-0.000000000,1.000000000,0.000000000,5.397009632,5.397079601,0.000000052,1.000000000
ENTITYNAME=Tower_Device
