OBJECTMODELPOINTER=1af48d47-8cf6-402a-9b61-6088162db015.dev
BASEFAMILY=0c56ad43-3477-404e-8bd1-0a8ab69d75bb.fam
TRANSFORMMATRIX=-0.009834327,-0.081745017,-0.996604791,0.000000000,0.992841282,-0.119440853,0.000001050,0.000000000,-0.119034037,-0.989470572,0.082333990,0.000000000,7.500000000,0.953000000,30.000000000,1.000000000
ENTITYNAME=Tower_Device
