OBJECTMODELPOINTER=33777c94-e4b9-4947-906f-f84480f3cb99.dev
BASEFAMILY=0c5c1f09-10ba-418a-a5e9-b9a6d6cbae6e.fam
BLHA=28.34901903,113.36193338,109.289234,278.143009
TRANSFORMMATRIX=0.004086407,-0.999991651,0.000005704,0.000000000,0.999991651,0.004086407,0.000001885,0.000000000,-0.000001908,0.000005696,1.000000000,0.000000000,-12.205543540,36.180535922,29.463257319,1.000000000
ENTITYNAME=Wire_Device
