OBJECTMODELPOINTER=33777c94-e4b9-4947-906f-f84480f3cb99.dev
BASEFAMILY=0c622398-2667-4edc-ab37-71b85d0e87f1.fam
BLHA=28.56585701,113.49736639,238.961591,312.996987
TRANSFORMMATRIX=0.000001892,-1.000000000,0.000004799,0.000000000,1.000000000,0.000001892,0.000000008,0.000000000,-0.000000007,0.000004800,1.000000000,0.000000000,-0.128252194,30.551156968,45.541093120,1.000000000
ENTITYNAME=Wire_Device
