OBJECTMODELPOINTER=33777c94-e4b9-4947-906f-f84480f3cb99.dev
BASEFAMILY=0c770c97-bd90-4479-ae7f-6ee207fe5c87.fam
BLHA=28.27757020,113.46637333,93.774105,312.669055
TRANSFORMMATRIX=-0.001258103,-0.999999208,0.000029883,0.000000000,0.999999209,-0.001258103,0.000001333,0.000000000,-0.000001296,0.000029885,1.000000000,0.000000000,-8.742565953,190.242625368,23.690386817,1.000000000
ENTITYNAME=Wire_Device
