OBJECTMODELPOINTER=33777c94-e4b9-4947-906f-f84480f3cb99.dev
BASEFAMILY=0c8e50a1-f370-4f09-87f4-2d4c84a9bbf8.fam
BLHA=28.31435017,113.39267151,117.559440,4.996372
TRANSFORMMATRIX=0.000013243,-0.999999999,0.000028186,0.000000000,1.000000000,0.000013243,-0.000001083,0.000000000,0.000001082,0.000028186,1.000000000,0.000000000,6.954917991,179.910871077,18.582493141,1.000000000
ENTITYNAME=Wire_Device
