OBJECTMODELPOINTER=063ad093-f797-4a30-a2ff-97a55a1040a6.dev
BASEFAMILY=0c957469-05bc-4af4-8b52-e8c4207d3d97.fam
TRANSFORMMATRIX=-1.000000000,-0.000000036,0.000000000,0.000000000,0.000000036,-1.000000000,-0.000000000,0.000000000,0.000000000,-0.000000000,1.000000000,0.000000000,-9.870000000,0.000000000,49.000000001,1.000000000
ENTITYNAME=Tower_Device
