OBJECTMODELPOINTER=80b0b6d9-1806-4006-842b-15b7419e38eb.dev
BASEFAMILY=0c9fa769-1ab6-4924-843a-bd406fd2bc7e.fam
TRANSFORMMATRIX=0.011159338,-0.068272520,-0.997604513,0.000000000,0.986900653,0.161327834,0.000001156,0.000000000,0.160941754,-0.984536488,0.069178437,0.000000000,-9.000000001,1.181000000,36.000000000,1.000000000
ENTITYNAME=Tower_Device
