OBJECTMODELPOINTER=4d58f5e2-5794-405b-8f0b-b5d7eeded495.dev
BASEFAMILY=0cae4e45-aa71-4528-9aa9-0607f11bba09.fam
TRANSFORMMATRIX=-0.000000160,0.999999612,-0.000001301,0.000000000,-1.000000388,0.000000160,-0.000001000,0.000000000,0.000000000,-0.000000000,1.000000000,0.000000000,0.000000000,-0.000000000,57.000000000,1.000000000
ENTITYNAME=Tower_Device
