OBJECTMODELPOINTER=33777c94-e4b9-4947-906f-f84480f3cb99.dev
BASEFAMILY=0cb8169f-fde8-4c04-8cd6-e005f19f988c.fam
BLHA=28.32529000,113.37096013,66.626202,509.137564
TRANSFORMMATRIX=-0.397902906,0.917427532,0.000027015,0.000000000,-0.917427532,-0.397902906,-0.000001164,0.000000000,0.000009681,-0.000025248,1.000000000,0.000000000,61.926951568,-161.077248941,22.573481436,1.000000000
ENTITYNAME=Wire_Device
