OBJECTMODELPOINTER=33777c94-e4b9-4947-906f-f84480f3cb99.dev
BASEFAMILY=0cbe5e6f-8641-43ed-852e-b5a1db163f8f.fam
BLHA=28.26885822,113.47846971,85.176990,355.334735
TRANSFORMMATRIX=0.000004360,-1.000000000,0.000004695,0.000000000,1.000000000,0.000004360,-0.000001220,0.000000000,0.000001220,0.000004694,1.000000000,0.000000000,7.731689630,29.963056300,47.104147954,1.000000000
ENTITYNAME=Wire_Device
