ENTITYNAME=WIRE
BASEFAMILY=0cc2c634-5467-4783-9cbd-215f8ae6e950.fam
OBJECTMODELPOINTER=81b82497-164d-48c0-b1cb-18fa700dacdf.dev
KVALUE=0.000000
SPLIT=4
POINT0.BLHA=28.59525170,113.47626182,222.708,294.633001
POINT0.MATRIX0=-0.908996188,0.416804426,0.000000000,0.000000000,-0.416804426,-0.908996188,0.000000000,0.000000000,-0.000000000,0.000000000,1.000000000,0.000000000,12.954444703,-0.111334443,40.000000294,1.000000000
POINT0.MATRIX1=-0.908996188,0.416804426,0.000000000,0.000000000,-0.416804426,-0.908996188,0.000000000,0.000000000,-0.000000000,0.000000000,1.000000000,0.000000000,12.954444703,-0.111334443,40.450001056,1.000000000
POINT0.MATRIX2=-0.908996188,0.416804426,0.000000000,0.000000000,-0.416804426,-0.908996188,0.000000000,0.000000000,-0.000000000,0.000000000,1.000000000,0.000000000,12.504277476,-0.109040905,40.450001056,1.000000000
POINT0.MATRIX3=-0.908996188,0.416804426,0.000000000,0.000000000,-0.416804426,-0.908996188,0.000000000,0.000000000,-0.000000000,0.000000000,1.000000000,0.000000000,12.504277476,-0.109040905,40.000000294,1.000000000
POINT1.BLHA=28.59525170,113.47626182,222.708,294.633001
POINT1.MATRIX0=-0.908996188,0.416804426,0.000000000,0.000000000,-0.416804426,-0.908996188,0.000000000,0.000000000,-0.000000000,0.000000000,1.000000000,0.000000000,12.955015355,-0.001342919,40.000000294,1.000000000
POINT1.MATRIX1=-0.908996188,0.416804426,0.000000000,0.000000000,-0.416804426,-0.908996188,0.000000000,0.000000000,-0.000000000,0.000000000,1.000000000,0.000000000,12.955015355,-0.001342919,40.450001056,1.000000000
POINT1.MATRIX2=-0.908996188,0.416804426,0.000000000,0.000000000,-0.416804426,-0.908996188,0.000000000,0.000000000,-0.000000000,0.000000000,1.000000000,0.000000000,12.504848129,0.000950620,40.450001057,1.000000000
POINT1.MATRIX3=-0.908996188,0.416804426,0.000000000,0.000000000,-0.416804426,-0.908996188,0.000000000,0.000000000,-0.000000000,0.000000000,1.000000000,0.000000000,12.504848129,0.000950620,40.000000294,1.000000000
