ENTITYNAME=WIRE
BASEFAMILY=0cca5d1d-fab2-437c-ab23-bfa7436d9198.fam
OBJECTMODELPOINTER=81b82497-164d-48c0-b1cb-18fa700dacdf.dev
KVALUE=0.000000
SPLIT=4
POINT0.BLHA=28.48698475,113.42051247,234.671,224.957371
POINT0.MATRIX0=-0.706580481,-0.707632690,0.000000000,0.000000000,0.707632690,-0.706580481,0.000000000,0.000000000,-0.000000000,-0.000000000,1.000000000,0.000000000,12.093289850,0.476853926,40.741100282,1.000000000
POINT0.MATRIX1=-0.706580481,-0.707632690,0.000000000,0.000000000,0.707632690,-0.706580481,0.000000000,0.000000000,-0.000000000,-0.000000000,1.000000000,0.000000000,12.093289851,0.476853926,41.191101045,1.000000000
POINT0.MATRIX2=-0.706580481,-0.707632690,0.000000000,0.000000000,0.707632690,-0.706580481,0.000000000,0.000000000,-0.000000000,-0.000000000,1.000000000,0.000000000,11.643056697,0.483424289,41.191101045,1.000000000
POINT0.MATRIX3=-0.706580481,-0.707632690,0.000000000,0.000000000,0.707632690,-0.706580481,0.000000000,0.000000000,-0.000000000,-0.000000000,1.000000000,0.000000000,11.643056697,0.483424289,40.741100282,1.000000000
POINT1.BLHA=28.48698475,113.42051247,234.671,224.957371
POINT1.MATRIX0=-0.706580481,-0.707632690,0.000000000,0.000000000,0.707632690,-0.706580481,0.000000000,0.000000000,-0.000000000,-0.000000000,1.000000000,0.000000000,12.095007291,0.596841631,40.741100282,1.000000000
POINT1.MATRIX1=-0.706580481,-0.707632690,0.000000000,0.000000000,0.707632690,-0.706580481,0.000000000,0.000000000,-0.000000000,-0.000000000,1.000000000,0.000000000,12.095007292,0.596841631,41.191101045,1.000000000
POINT1.MATRIX2=-0.706580481,-0.707632690,0.000000000,0.000000000,0.707632690,-0.706580481,0.000000000,0.000000000,-0.000000000,-0.000000000,1.000000000,0.000000000,11.644774133,0.603411987,41.191101045,1.000000000
POINT1.MATRIX3=-0.706580481,-0.707632690,0.000000000,0.000000000,0.707632690,-0.706580481,0.000000000,0.000000000,-0.000000000,-0.000000000,1.000000000,0.000000000,11.644774132,0.603411987,40.741100282,1.000000000
