OBJECTMODELPOINTER=33777c94-e4b9-4947-906f-f84480f3cb99.dev
BASEFAMILY=0cde154c-c676-4df7-9032-5e9c4cde1a79.fam
BLHA=28.32529000,113.37096013,66.626202,509.137564
TRANSFORMMATRIX=-0.397913110,0.917423106,0.000047811,0.000000000,-0.917423107,-0.397913110,-0.000001070,0.000000000,0.000018043,-0.000044290,0.999999999,0.000000000,115.374865194,-282.576989659,30.243424087,1.000000000
ENTITYNAME=Wire_Device
