OBJECTMODELPOINTER=0e312739-8609-4a3d-966c-75d05d59356d.dev
BASEFAMILY=0d0234ad-2648-4a00-8e58-68e5d6c6ffce.fam
TRANSFORMMATRIX=-0.000000000,-1.000000000,-0.000000000,0.000000000,1.000000000,0.000000000,-0.000000000,0.000000000,-0.000000000,-0.000000000,1.000000000,0.000000000,-5.396774969,5.396320482,0.000006620,1.000000000
ENTITYNAME=Tower_Device
