OBJECTMODELPOINTER=33777c94-e4b9-4947-906f-f84480f3cb99.dev
BASEFAMILY=0d110d51-4114-4ccf-bed8-2daf5e74916c.fam
BLHA=28.56585701,113.49736639,238.961591,312.996987
TRANSFORMMATRIX=0.001571701,-0.999998763,0.000053826,0.000000000,0.999998765,0.001571701,-0.000002006,0.000000000,0.000001922,0.000053829,0.999999999,0.000000000,11.351518553,342.623480202,16.815007547,1.000000000
ENTITYNAME=Wire_Device
