ENTITYNAME=WIRE
BASEFAMILY=0d2269f3-bd26-40f0-91c0-7ad7f95e18fa.fam
OBJECTMODELPOINTER=81b82497-164d-48c0-b1cb-18fa700dacdf.dev
KVALUE=0.000000
SPLIT=4
POINT0.BLHA=28.80418340,113.50812520,199.973,227.348291
POINT0.MATRIX0=-0.735485915,-0.677540012,-0.000000000,0.000000000,0.677540012,-0.735485915,-0.000000000,0.000000000,-0.000000000,0.000000000,1.000000000,0.000000000,-11.645066258,-0.110002354,43.000000405,1.000000000
POINT0.MATRIX1=-0.735485915,-0.677540012,-0.000000000,0.000000000,0.677540012,-0.735485915,-0.000000000,0.000000000,-0.000000000,0.000000000,1.000000000,0.000000000,-11.645066258,-0.110002354,43.449997353,1.000000000
POINT0.MATRIX2=-0.735485915,-0.677540012,-0.000000000,0.000000000,0.677540012,-0.735485915,-0.000000000,0.000000000,-0.000000000,0.000000000,1.000000000,0.000000000,-12.094990290,-0.110211787,43.449997353,1.000000000
POINT0.MATRIX3=-0.735485915,-0.677540012,-0.000000000,0.000000000,0.677540012,-0.735485915,-0.000000000,0.000000000,-0.000000000,0.000000000,1.000000000,0.000000000,-12.094990290,-0.110211787,43.000000405,1.000000000
POINT1.BLHA=28.80418340,113.50812520,199.973,227.348291
POINT1.MATRIX0=-0.735485915,-0.677540012,-0.000000000,0.000000000,0.677540012,-0.735485915,-0.000000000,0.000000000,-0.000000000,0.000000000,1.000000000,0.000000000,-11.645069369,-0.000007058,43.000000405,1.000000000
POINT1.MATRIX1=-0.735485915,-0.677540012,-0.000000000,0.000000000,0.677540012,-0.735485915,-0.000000000,0.000000000,-0.000000000,0.000000000,1.000000000,0.000000000,-11.645069369,-0.000007058,43.449997354,1.000000000
POINT1.MATRIX2=-0.735485915,-0.677540012,-0.000000000,0.000000000,0.677540012,-0.735485915,-0.000000000,0.000000000,-0.000000000,0.000000000,1.000000000,0.000000000,-12.094993402,-0.000216490,43.449997354,1.000000000
POINT1.MATRIX3=-0.735485915,-0.677540012,-0.000000000,0.000000000,0.677540012,-0.735485915,-0.000000000,0.000000000,-0.000000000,0.000000000,1.000000000,0.000000000,-12.094993402,-0.000216490,43.000000405,1.000000000
