OBJECTMODELPOINTER=33777c94-e4b9-4947-906f-f84480f3cb99.dev
BASEFAMILY=0d2b08e1-86b9-4134-96ca-d6fa7f3be38e.fam
BLHA=28.38255325,113.36304670,117.224132,441.473487
TRANSFORMMATRIX=-0.205086270,0.978743900,0.000007171,0.000000000,-0.978743900,-0.205086270,0.000000214,0.000000000,0.000001680,-0.000006975,1.000000000,0.000000000,10.686815794,-44.286199708,24.976072149,1.000000000
ENTITYNAME=Wire_Device
