OBJECTMODELPOINTER=244919a6-4446-47d5-9e18-c8ec7670258f.dev
BASEFAMILY=0d2c44a8-934d-4aca-85c6-0880a107506a.fam
TRANSFORMMATRIX=1.000000000,-0.000000000,-0.000000000,0.000000000,0.000000000,1.000000000,0.000000000,0.000000000,0.000000000,0.000000000,1.000000000,0.000000000,0.000000000,0.000000000,0.000000000,1.000000000
ENTITYNAME=Tower_Device
