OBJECTMODELPOINTER=33777c94-e4b9-4947-906f-f84480f3cb99.dev
BASEFAMILY=0d334e24-a64f-4ae3-9a63-eae5fdf51406.fam
BLHA=28.49573132,113.43033310,334.786047,224.957371
TRANSFORMMATRIX=0.004815039,-0.999988407,0.000030349,0.000000000,0.999988408,0.004815039,0.000002087,0.000000000,-0.000002233,0.000030338,1.000000000,0.000000000,-13.714550429,193.121171013,18.439650400,1.000000000
ENTITYNAME=Wire_Device
