OBJECTMODELPOINTER=33777c94-e4b9-4947-906f-f84480f3cb99.dev
BASEFAMILY=0d340826-605d-4ba8-bee5-1f1e7ce9612a.fam
BLHA=28.81479133,113.52057006,101.431429,372.952022
TRANSFORMMATRIX=-0.230309040,0.973117540,0.000016776,0.000000000,-0.973117540,-0.230309040,0.000000274,0.000000000,0.000004130,-0.000016261,1.000000000,0.000000000,26.118688244,-103.744627841,40.657067027,1.000000000
ENTITYNAME=Wire_Device
