ENTITYNAME=WIRE
BASEFAMILY=0d352aa8-2bd5-4fd0-bd42-25c3cd3de98b.fam
OBJECTMODELPOINTER=81b82497-164d-48c0-b1cb-18fa700dacdf.dev
KVALUE=0.104395
SPLIT=4
POINT0.BLHA=28.50595381,113.45544189,275.038,205.493080
POINT0.MATRIX0=-0.430402079,-0.902637275,0.000000000,0.000000000,0.902637275,-0.430402079,0.000000000,0.000000000,0.000000000,0.000000000,1.000000000,0.000000000,2.268964187,-10.070727936,35.532688277,1.000000000
POINT0.MATRIX1=-0.430402079,-0.902637275,0.000000000,0.000000000,0.902637275,-0.430402079,0.000000000,0.000000000,0.000000000,0.000000000,1.000000000,0.000000000,2.732072969,-10.058131360,35.720472949,1.000000000
POINT0.MATRIX2=-0.430402079,-0.902637275,0.000000000,0.000000000,0.902637275,-0.430402079,0.000000000,0.000000000,0.000000000,0.000000000,1.000000000,0.000000000,2.444626247,-9.421714089,36.294247450,1.000000000
POINT0.MATRIX3=-0.430402079,-0.902637275,0.000000000,0.000000000,0.902637275,-0.430402079,0.000000000,0.000000000,0.000000000,0.000000000,1.000000000,0.000000000,1.981296993,-9.434205802,36.106462272,1.000000000
POINT1.BLHA=28.50595381,113.45544189,275.038,205.493080
POINT1.MATRIX0=-0.430402079,-0.902637275,0.000000000,0.000000000,0.902637275,-0.430402079,0.000000000,0.000000000,0.000000000,0.000000000,1.000000000,0.000000000,7.724885333,-4.000045901,38.790000023,1.000000000
POINT1.MATRIX1=-0.430402079,-0.902637275,0.000000000,0.000000000,0.902637275,-0.430402079,0.000000000,0.000000000,0.000000000,0.000000000,1.000000000,0.000000000,7.724885333,-4.000045900,39.240000071,1.000000000
POINT1.MATRIX2=-0.430402079,-0.902637275,0.000000000,0.000000000,0.902637275,-0.430402079,0.000000000,0.000000000,0.000000000,0.000000000,1.000000000,0.000000000,7.274885258,-4.000045674,39.240000071,1.000000000
POINT1.MATRIX3=-0.430402079,-0.902637275,0.000000000,0.000000000,0.902637275,-0.430402079,0.000000000,0.000000000,0.000000000,0.000000000,1.000000000,0.000000000,7.274885258,-4.000045674,38.790000023,1.000000000
