OBJECTMODELPOINTER=774f56db-97c7-4e20-aebf-e2148debdb01.dev
BASEFAMILY=0d3e6544-eb17-4c7e-b428-ed50691a7390.fam
TRANSFORMMATRIX=0.000000220,0.999999600,-0.000001250,0.000000000,-1.000000400,0.000000456,-0.000001066,0.000000000,0.000000000,-0.000000000,1.000000000,0.000000000,7.500000000,4.000000000,43.000000000,1.000000000
ENTITYNAME=Tower_Device
