OBJECTMODELPOINTER=8fe0f4d4-149e-4866-ad35-ea3406df2bb5.dev
BASEFAMILY=0d40cd68-12c2-43a0-8660-ea8877cf6b42.fam
TRANSFORMMATRIX=0.000914007,0.999999383,-0.000001563,0.000000000,-0.999999781,0.000914739,-0.000000506,0.000000000,-0.000000000,0.000000000,1.000000000,0.000000000,12.730000000,-0.000000001,32.999999999,1.000000000
ENTITYNAME=Tower_Device
