OBJECTMODELPOINTER=13a78437-ad2c-452a-8fd1-0733d19ccb25.dev
BASEFAMILY=0d44602c-91e4-4a76-b7d0-89fa72620de7.fam
TRANSFORMMATRIX=0.000000000,1.000000000,-0.000000000,0.000000000,-1.000000000,0.000000000,-0.000000000,0.000000000,0.000000000,-0.000000000,1.000000000,0.000000000,4.737096923,-4.737140595,-0.000002563,1.000000000
ENTITYNAME=Tower_Device
