OBJECTMODELPOINTER=932521d8-64bb-40d6-a651-ce9712edbb59.dev
BASEFAMILY=0d44f347-a0f6-4cfc-9295-df0cd77b94d8.fam
TRANSFORMMATRIX=-0.002824149,-0.999995667,0.000000863,0.000000000,0.999996356,-0.002824614,-0.000001396,0.000000000,-0.000000000,0.000000000,1.000000000,0.000000000,13.320000000,0.600000001,57.000000001,1.000000000
ENTITYNAME=Tower_Device
