OBJECTMODELPOINTER=33777c94-e4b9-4947-906f-f84480f3cb99.dev
BASEFAMILY=0d5f5aae-482e-4019-8247-7879d93c6cdb.fam
BLHA=28.31402241,113.42375188,48.067305,335.449580
TRANSFORMMATRIX=-0.002299599,-0.999997356,0.000005491,0.000000000,0.999997356,-0.002299599,0.000001297,0.000000000,-0.000001284,0.000005494,1.000000000,0.000000000,-8.230321578,35.052228558,40.535466652,1.000000000
ENTITYNAME=Wire_Device
