OBJECTMODELPOINTER=33777c94-e4b9-4947-906f-f84480f3cb99.dev
BASEFAMILY=0d6394ee-251f-44ca-8578-ba874254252e.fam
BLHA=28.28368001,113.45281448,67.001736,340.232800
TRANSFORMMATRIX=0.000031028,-0.999999998,0.000059565,0.000000000,1.000000000,0.000031028,-0.000000965,0.000000000,0.000000963,0.000059565,0.999999998,0.000000000,5.490728596,379.970705736,49.348014755,1.000000000
ENTITYNAME=Wire_Device
