OBJECTMODELPOINTER=33777c94-e4b9-4947-906f-f84480f3cb99.dev
BASEFAMILY=0d681494-55e1-4b45-a881-fcc70c3e9c8c.fam
BLHA=28.74846038,113.45710577,102.803547,427.264866
TRANSFORMMATRIX=-0.200722812,0.979648075,0.000029980,0.000000000,-0.979648076,-0.200722812,0.000001287,0.000000000,0.000007278,-0.000029111,1.000000000,0.000000000,46.080501697,-184.922209973,-2.252945063,1.000000000
ENTITYNAME=Wire_Device
