OBJECTMODELPOINTER=33777c94-e4b9-4947-906f-f84480f3cb99.dev
BASEFAMILY=0d71cb33-8c88-42e2-bb0e-a2798ce769a4.fam
BLHA=28.51174980,113.46636581,279.463297,210.734491
TRANSFORMMATRIX=-0.007069096,-0.999975010,0.000082299,0.000000000,0.999975014,-0.007069096,-0.000000622,0.000000000,0.000001204,0.000082293,0.999999997,0.000000000,8.849359830,524.605106496,-6.543511169,1.000000000
ENTITYNAME=Wire_Device
