ENTITYNAME=WIRE
BASEFAMILY=0d76c7ff-b798-42c7-b5f3-e9e4310374ff.fam
OBJECTMODELPOINTER=81b82497-164d-48c0-b1cb-18fa700dacdf.dev
KVALUE=0.000371
SPLIT=4
POINT0.BLHA=28.34583559,113.36246769,78.593,278.143009
POINT0.MATRIX0=-0.989917611,0.141644356,0.000000000,0.000000000,-0.141644356,-0.989917611,-0.000000000,0.000000000,-0.000000000,0.000000000,1.000000000,0.000000000,0.181931203,0.119379398,53.478133293,1.000000000
POINT0.MATRIX1=-0.989917611,0.141644356,0.000000000,0.000000000,-0.141644356,-0.989917611,-0.000000000,0.000000000,-0.000000000,0.000000000,1.000000000,0.000000000,0.214869501,0.118612391,53.926909539,1.000000000
POINT0.MATRIX2=-0.989917611,0.141644356,0.000000000,0.000000000,-0.141644356,-0.989917611,-0.000000000,0.000000000,-0.000000000,0.000000000,1.000000000,0.000000000,-0.233355883,0.119611055,53.960173698,1.000000000
POINT0.MATRIX3=-0.989917611,0.141644356,0.000000000,0.000000000,-0.141644356,-0.989917611,-0.000000000,0.000000000,-0.000000000,0.000000000,1.000000000,0.000000000,-0.267054188,0.118513792,53.511397453,1.000000000
POINT1.BLHA=28.34247838,113.36303113,107.751,278.143009
POINT1.MATRIX0=-0.989917611,0.141644356,-0.000000000,0.000000000,-0.141644356,-0.989917611,-0.000000000,0.000000000,0.000000000,-0.000000000,1.000000000,0.000000000,0.180346456,-0.120801218,31.762691582,1.000000000
POINT1.MATRIX1=-0.989917611,0.141644356,-0.000000000,0.000000000,-0.141644356,-0.989917611,-0.000000000,0.000000000,0.000000000,-0.000000000,1.000000000,0.000000000,0.217911628,-0.120257253,32.211147393,1.000000000
POINT1.MATRIX2=-0.989917611,0.141644356,-0.000000000,0.000000000,-0.141644356,-0.989917611,-0.000000000,0.000000000,0.000000000,-0.000000000,1.000000000,0.000000000,-0.230590404,-0.121192021,32.248409356,1.000000000
POINT1.MATRIX3=-0.989917611,0.141644356,-0.000000000,0.000000000,-0.141644356,-0.989917611,-0.000000000,0.000000000,0.000000000,-0.000000000,1.000000000,0.000000000,-0.268155576,-0.121735986,31.799968805,1.000000000
