OBJECTMODELPOINTER=33777c94-e4b9-4947-906f-f84480f3cb99.dev
BASEFAMILY=0d807eef-c864-4ac5-9f83-bd2ccd1f62c1.fam
BLHA=28.62257154,113.46619683,208.116407,273.436520
TRANSFORMMATRIX=0.000003490,-0.999999995,0.000100189,0.000000000,1.000000000,0.000003490,0.000000413,0.000000000,-0.000000414,0.000100189,0.999999995,0.000000000,-2.839458673,636.241990664,36.294981242,1.000000000
ENTITYNAME=Wire_Device
