OBJECTMODELPOINTER=13a78437-ad2c-452a-8fd1-0733d19ccb25.dev
BASEFAMILY=0d84ddca-3c35-4e13-a9da-08f35389ad1e.fam
TRANSFORMMATRIX=0.000000000,-1.000000000,0.000000000,0.000000000,1.000000000,0.000000000,-0.000000000,0.000000000,-0.000000000,-0.000000000,1.000000000,0.000000000,-6.699530400,6.700473935,0.000004865,1.000000000
ENTITYNAME=Tower_Device
