OBJECTMODELPOINTER=33777c94-e4b9-4947-906f-f84480f3cb99.dev
BASEFAMILY=0da4c3e8-1000-44c6-9a38-47b47dbe5e09.fam
BLHA=28.47949059,113.41307678,290.814083,229.813402
TRANSFORMMATRIX=-0.000958180,-0.999999537,0.000084036,0.000000000,0.999999541,-0.000958181,-0.000001371,0.000000000,0.000001451,0.000084035,0.999999996,0.000000000,10.613728459,534.825966539,81.803784992,1.000000000
ENTITYNAME=Wire_Device
