OBJECTMODELPOINTER=33777c94-e4b9-4947-906f-f84480f3cb99.dev
BASEFAMILY=0db9adc0-084c-4f8f-9ec9-baa71cdc8a06.fam
BLHA=28.30786495,113.43629033,62.969533,307.005893
TRANSFORMMATRIX=0.000010934,-0.999999999,0.000040284,0.000000000,1.000000000,0.000010934,0.000001573,0.000000000,-0.000001574,0.000040284,0.999999999,0.000000000,-10.669299202,256.305414623,47.075550647,1.000000000
ENTITYNAME=Wire_Device
