OBJECTMODELPOINTER=80d85aad-d893-4cb8-9d4c-98ad4516f450.dev
BASEFAMILY=0dcdde9e-4962-453d-8b34-2a4f3577349f.fam
TRANSFORMMATRIX=0.000000310,1.000000313,-0.000000777,0.000000000,-0.999999687,-0.000000232,0.000001450,0.000000000,-0.000000000,-0.000000000,1.000000000,0.000000000,-6.595060976,-0.000000000,69.500000000,1.000000000
ENTITYNAME=Tower_Device
