OBJECTMODELPOINTER=33777c94-e4b9-4947-906f-f84480f3cb99.dev
BASEFAMILY=0dd3438f-e141-4f3b-b181-2b1b9a358036.fam
BLHA=28.42194077,113.37713088,216.761088,254.006183
TRANSFORMMATRIX=0.001192595,-0.999999289,0.000004688,0.000000000,0.999999289,0.001192595,0.000002026,0.000000000,-0.000002031,0.000004686,1.000000000,0.000000000,-12.919508311,29.746388714,35.916751351,1.000000000
ENTITYNAME=Wire_Device
