OBJECTMODELPOINTER=33777c94-e4b9-4947-906f-f84480f3cb99.dev
BASEFAMILY=0df10979-543d-4348-8167-cc05a384e1cc.fam
BLHA=28.48504373,113.41833342,235.006355,407.385386
TRANSFORMMATRIX=-0.057814380,0.998327349,0.000038989,0.000000000,-0.998327350,-0.057814381,0.000001455,0.000000000,0.000003706,-0.000038840,0.999999999,0.000000000,22.965013049,-247.169521281,46.267301560,1.000000000
ENTITYNAME=Wire_Device
