OBJECTMODELPOINTER=33777c94-e4b9-4947-906f-f84480f3cb99.dev
BASEFAMILY=0df888a3-48a3-4296-ac86-5560bd4181ae.fam
BLHA=28.36788990,113.36378392,64.428624,219.706007
TRANSFORMMATRIX=0.002419429,-0.999997072,0.000046317,0.000000000,0.999997073,0.002419429,0.000000368,0.000000000,-0.000000480,0.000046316,0.999999999,0.000000000,-2.299934070,294.999856625,24.545856474,1.000000000
ENTITYNAME=Wire_Device
