OBJECTMODELPOINTER=33777c94-e4b9-4947-906f-f84480f3cb99.dev
BASEFAMILY=0df9fc00-1814-47e5-afdf-591bae314fb1.fam
BLHA=28.67734470,113.45869625,172.236825,275.673275
TRANSFORMMATRIX=-0.003798675,-0.999992785,0.000014551,0.000000000,0.999992785,-0.003798675,-0.000001801,0.000000000,0.000001856,0.000014544,1.000000000,0.000000000,11.798778820,92.358228408,37.998755490,1.000000000
ENTITYNAME=Wire_Device
