OBJECTMODELPOINTER=33777c94-e4b9-4947-906f-f84480f3cb99.dev
BASEFAMILY=0e0fb1f3-eef9-447e-9b9b-fc0dd9d301e9.fam
BLHA=28.31470596,113.39701913,83.588909,4.996372
TRANSFORMMATRIX=0.002649847,-0.999996489,0.000025234,0.000000000,0.999996489,0.002649848,0.000001735,0.000000000,-0.000001803,0.000025229,1.000000000,0.000000000,-11.371990683,161.027943222,44.846709238,1.000000000
ENTITYNAME=Wire_Device
