OBJECTMODELPOINTER=33777c94-e4b9-4947-906f-f84480f3cb99.dev
BASEFAMILY=0e1b77a0-b05e-44c1-88d3-7a5085e4c3c0.fam
BLHA=28.71274605,113.45447194,199.234978,264.887951
TRANSFORMMATRIX=0.009807990,-0.999951901,0.000005430,0.000000000,0.999951901,0.009807990,-0.000001833,0.000000000,0.000001779,0.000005447,1.000000000,0.000000000,11.374182444,34.600024228,26.290986566,1.000000000
ENTITYNAME=Wire_Device
