OBJECTMODELPOINTER=33777c94-e4b9-4947-906f-f84480f3cb99.dev
BASEFAMILY=0e369f49-4122-4460-bf4d-965c59a2117d.fam
BLHA=28.31502906,113.40300484,68.016258,0.896163
TRANSFORMMATRIX=-0.001205043,-0.999999274,0.000004821,0.000000000,0.999999274,-0.001205043,-0.000000993,0.000000000,0.000000999,0.000004820,1.000000000,0.000000000,6.347150542,30.767678413,61.984758050,1.000000000
ENTITYNAME=Wire_Device
