ENTITYNAME=WIRE
BASEFAMILY=0e508cd9-860c-47f4-b18d-690f8b8e949b.fam
OBJECTMODELPOINTER=31970f28-780e-4bf1-8adb-439f78c329a3.dev
KVALUE=0.000287
SPLIT=1
POINT0.BLHA=28.45588678,113.39517230,249.934,242.026912
POINT0.MATRIX0=-0.883168008,-0.469056788,-0.000000000,0.000000000,0.469056788,-0.883168008,-0.000000000,0.000000000,0.000000000,0.000000000,1.000000000,0.000000000,9.871699434,0.000118593,54.557999392,1.000000000
POINT1.BLHA=28.45588678,113.39517230,249.934,242.026912
POINT1.MATRIX0=-0.883168008,-0.469056788,-0.000000000,0.000000000,0.469056788,-0.883168008,-0.000000000,0.000000000,0.000000000,0.000000000,1.000000000,0.000000000,9.864307765,-0.000242408,54.557999393,1.000000000
