OBJECTMODELPOINTER=33777c94-e4b9-4947-906f-f84480f3cb99.dev
BASEFAMILY=0e506af8-765b-4a6a-8bd2-19c0f02fec16.fam
BLHA=28.74846038,113.45710577,102.803547,427.264866
TRANSFORMMATRIX=-0.189796945,0.981823360,0.000096566,0.000000000,-0.981823365,-0.189796945,0.000000713,0.000000000,0.000019028,-0.000094674,0.999999995,0.000000000,120.255342372,-601.457995329,22.132434360,1.000000000
ENTITYNAME=Wire_Device
