OBJECTMODELPOINTER=17f2e694-56ef-43f6-926c-e5ee543cf7f5.dev
BASEFAMILY=0e55f047-9508-4a9f-be0d-66c516b69c19.fam
TRANSFORMMATRIX=-0.271989060,-0.280981857,0.920364913,0.000000000,0.885659337,0.300945187,0.353608693,0.000000000,-0.376336534,0.911307860,0.166999397,0.000000000,1.427108433,-1.427108433,37.000000001,1.000000000
ENTITYNAME=Tower_Device
