OBJECTMODELPOINTER=8ef7e041-89db-4370-9b24-eaf663b2ec01.dev
BASEFAMILY=0e5a76a0-a339-4310-bec7-ba7bdd0b6ea7.fam
TRANSFORMMATRIX=0.000902075,0.999999205,-0.000001302,0.000000000,-0.999999981,0.000902395,-0.000001000,0.000000000,-0.000000000,0.000000000,1.000000000,0.000000000,-13.320000000,0.000000000,57.000000000,1.000000000
ENTITYNAME=Tower_Device
