ENTITYNAME=WIRE
BASEFAMILY=0e606b14-a8c0-42b9-a7ab-7a262f094306.fam
OBJECTMODELPOINTER=31970f28-780e-4bf1-8adb-439f78c329a3.dev
KVALUE=0.000239
SPLIT=1
POINT0.BLHA=28.77096466,113.47401910,153.559,236.227775
POINT0.MATRIX0=-0.831254041,-0.555892723,-0.000000000,0.000000000,0.555892723,-0.831254041,-0.000000000,0.000000000,0.000000000,-0.000000000,1.000000000,0.000000000,10.609376983,0.310129891,54.558000901,1.000000000
POINT1.BLHA=28.76565082,113.47002463,165.078,236.227775
POINT1.MATRIX0=-0.831254041,-0.555892723,0.000000000,0.000000000,0.555892723,-0.831254041,-0.000000000,0.000000000,0.000000000,-0.000000000,1.000000000,0.000000000,11.949164294,-0.309094269,54.558005016,1.000000000
