OBJECTMODELPOINTER=33777c94-e4b9-4947-906f-f84480f3cb99.dev
BASEFAMILY=0e68cc05-cba0-4fd7-aa2a-75c01b8d3255.fam
BLHA=28.36788990,113.36378392,64.428624,219.706007
TRANSFORMMATRIX=0.002436490,-0.999997032,0.000004892,0.000000000,0.999997032,0.002436490,0.000000042,0.000000000,-0.000000054,0.000004893,1.000000000,0.000000000,-0.264584485,31.159563286,33.518257228,1.000000000
ENTITYNAME=Wire_Device
