OBJECTMODELPOINTER=33777c94-e4b9-4947-906f-f84480f3cb99.dev
BASEFAMILY=0e990e85-87cb-4540-aa9c-722825f95c97.fam
BLHA=28.49573132,113.43033310,334.786047,224.957371
TRANSFORMMATRIX=-0.004833735,-0.999988317,0.000017130,0.000000000,0.999988317,-0.004833735,-0.000001738,0.000000000,0.000001821,0.000017121,1.000000000,0.000000000,11.874922805,109.038706763,22.275450879,1.000000000
ENTITYNAME=Wire_Device
