ENTITYNAME=WIRE
BASEFAMILY=0ea0fb95-32dc-4c3e-bce7-4f63bb1d0f1c.fam
OBJECTMODELPOINTER=81b82497-164d-48c0-b1cb-18fa700dacdf.dev
KVALUE=0.000374
SPLIT=4
POINT0.BLHA=28.81044857,113.51462416,146.504,227.348291
POINT0.MATRIX0=-0.735485915,-0.677540012,0.000000000,0.000000000,0.677540012,-0.735485915,0.000000000,0.000000000,-0.000000000,-0.000000000,1.000000000,0.000000000,12.095215242,0.110271702,43.000005173,1.000000000
POINT0.MATRIX1=-0.735485915,-0.677540012,0.000000000,0.000000000,0.677540012,-0.735485915,0.000000000,0.000000000,-0.000000000,-0.000000000,1.000000000,0.000000000,12.095215242,0.110271702,43.450002121,1.000000000
POINT0.MATRIX2=-0.735485915,-0.677540012,0.000000000,0.000000000,0.677540012,-0.735485915,0.000000000,0.000000000,-0.000000000,-0.000000000,1.000000000,0.000000000,11.644572961,0.109400609,43.450002121,1.000000000
POINT0.MATRIX3=-0.735485915,-0.677540012,0.000000000,0.000000000,0.677540012,-0.735485915,0.000000000,0.000000000,-0.000000000,-0.000000000,1.000000000,0.000000000,11.644572961,0.109400609,43.000005173,1.000000000
POINT1.BLHA=28.80841146,113.51251091,171.151,227.348291
POINT1.MATRIX0=-0.735485915,-0.677540012,-0.000000000,0.000000000,0.677540012,-0.735485915,-0.000000000,0.000000000,0.000000000,0.000000000,1.000000000,0.000000000,12.094946679,-0.109689911,43.000000352,1.000000000
POINT1.MATRIX1=-0.735485915,-0.677540012,-0.000000000,0.000000000,0.677540012,-0.735485915,-0.000000000,0.000000000,0.000000000,0.000000000,1.000000000,0.000000000,12.094946679,-0.109689911,43.449997301,1.000000000
POINT1.MATRIX2=-0.735485915,-0.677540012,-0.000000000,0.000000000,0.677540012,-0.735485915,-0.000000000,0.000000000,0.000000000,0.000000000,1.000000000,0.000000000,11.645022646,-0.109899344,43.449997301,1.000000000
POINT1.MATRIX3=-0.735485915,-0.677540012,-0.000000000,0.000000000,0.677540012,-0.735485915,-0.000000000,0.000000000,0.000000000,0.000000000,1.000000000,0.000000000,11.645022646,-0.109899344,43.000000352,1.000000000
