OBJECTMODELPOINTER=33777c94-e4b9-4947-906f-f84480f3cb99.dev
BASEFAMILY=0ea21427-e5cf-4fc1-9629-8817383bd10e.fam
BLHA=28.75355465,113.46093365,124.778931,236.227775
TRANSFORMMATRIX=-0.000008406,-1.000000000,0.000017452,0.000000000,1.000000000,-0.000008406,0.000000125,0.000000000,-0.000000125,0.000017452,1.000000000,0.000000000,-0.527834033,111.000413371,37.403918450,1.000000000
ENTITYNAME=Wire_Device
