OBJECTMODELPOINTER=9b346582-7291-4ccf-8420-e150a6f1252d.dev
BASEFAMILY=0eb2e389-e8b0-41b0-b17d-265f94a5dedc.fam
TRANSFORMMATRIX=-0.000000000,-1.000000000,0.000000000,0.000000000,1.000000000,-0.000000000,-0.000000000,0.000000000,-0.000000000,0.000000000,1.000000000,0.000000000,-6.533845951,6.534132988,0.000005278,1.000000000
ENTITYNAME=Tower_Device
