ENTITYNAME=WIRE
BASEFAMILY=0ec8f6ff-7381-4022-a129-ac0073d87654.fam
OBJECTMODELPOINTER=81b82497-164d-48c0-b1cb-18fa700dacdf.dev
KVALUE=0.000370
SPLIT=4
POINT0.BLHA=28.27407839,113.47004129,94.945,312.669055
POINT0.MATRIX0=-0.735280751,0.677762655,0.000000000,0.000000000,-0.677762655,-0.735280751,0.000000000,0.000000000,0.000000000,0.000000000,1.000000000,0.000000000,-9.334843489,0.130587850,48.416809983,1.000000000
POINT0.MATRIX1=-0.735280751,0.677762655,0.000000000,0.000000000,-0.677762655,-0.735280751,0.000000000,0.000000000,0.000000000,0.000000000,1.000000000,0.000000000,-9.149237468,0.129504141,48.880661912,1.000000000
POINT0.MATRIX2=-0.735280751,0.677762655,0.000000000,0.000000000,-0.677762655,-0.735280751,0.000000000,0.000000000,0.000000000,0.000000000,1.000000000,0.000000000,-9.613140179,0.129453560,49.067322678,1.000000000
POINT0.MATRIX3=-0.735280751,0.677762655,0.000000000,0.000000000,-0.677762655,-0.735280751,0.000000000,0.000000000,0.000000000,0.000000000,1.000000000,0.000000000,-9.798746201,0.130537268,48.603470749,1.000000000
POINT1.BLHA=28.27160371,113.47264060,64.951,312.669055
POINT1.MATRIX0=-0.735280751,0.677762655,-0.000000000,0.000000000,-0.677762655,-0.735280751,-0.000000000,0.000000000,-0.000000000,0.000000000,1.000000000,0.000000000,-10.002621249,-0.128955750,58.066963754,1.000000000
POINT1.MATRIX1=-0.735280751,0.677762655,-0.000000000,0.000000000,-0.677762655,-0.735280751,-0.000000000,0.000000000,-0.000000000,0.000000000,1.000000000,0.000000000,-9.819954591,-0.129986329,58.532066904,1.000000000
POINT1.MATRIX2=-0.735280751,0.677762655,-0.000000000,0.000000000,-0.677762655,-0.735280751,-0.000000000,0.000000000,-0.000000000,0.000000000,1.000000000,0.000000000,-10.284575351,-0.129375032,58.715599618,1.000000000
POINT1.MATRIX3=-0.735280751,0.677762655,-0.000000000,0.000000000,-0.677762655,-0.735280751,-0.000000000,0.000000000,-0.000000000,0.000000000,1.000000000,0.000000000,-10.468565764,-0.129780548,58.250496469,1.000000000
