OBJECTMODELPOINTER=33777c94-e4b9-4947-906f-f84480f3cb99.dev
BASEFAMILY=0ed48389-aa31-4581-8c0b-5e9d13b95874.fam
BLHA=28.42194077,113.37713088,216.761088,254.006183
TRANSFORMMATRIX=-0.001202096,-0.999999276,0.000062369,0.000000000,0.999999277,-0.001202096,-0.000001587,0.000000000,0.000001662,0.000062367,0.999999998,0.000000000,11.151905556,396.207990566,0.082980856,1.000000000
ENTITYNAME=Wire_Device
