OBJECTMODELPOINTER=33777c94-e4b9-4947-906f-f84480f3cb99.dev
BASEFAMILY=0edc4659-64b8-442f-853d-96ee7f82deae.fam
BLHA=28.66842498,113.45991630,145.503245,277.610658
TRANSFORMMATRIX=0.004829254,-0.999988338,0.000040677,0.000000000,0.999988339,0.004829254,-0.000001932,0.000000000,0.000001736,0.000040686,0.999999999,0.000000000,10.904595748,258.385055879,59.275315361,1.000000000
ENTITYNAME=Wire_Device
