OBJECTMODELPOINTER=33777c94-e4b9-4947-906f-f84480f3cb99.dev
BASEFAMILY=0edd5e21-a9de-42bc-b3fd-d39797a74c8b.fam
BLHA=28.51511181,113.47270360,348.782405,210.734491
TRANSFORMMATRIX=-0.001226434,-0.999999247,0.000038327,0.000000000,0.999999248,-0.001226434,0.000002352,0.000000000,-0.000002305,0.000038331,0.999999999,0.000000000,-14.098366586,244.312211167,39.363698104,1.000000000
ENTITYNAME=Wire_Device
