OBJECTMODELPOINTER=33777c94-e4b9-4947-906f-f84480f3cb99.dev
BASEFAMILY=0eeef3e2-a52a-4fe1-85be-720d45395199.fam
BLHA=28.26851271,113.48351910,83.112496,355.334735
TRANSFORMMATRIX=0.000415117,-0.999999913,0.000037616,0.000000000,0.999999914,0.000415117,0.000001427,0.000000000,-0.000001443,0.000037616,0.999999999,0.000000000,-9.263933523,240.099847324,40.060099881,1.000000000
ENTITYNAME=Wire_Device
