OBJECTMODELPOINTER=33777c94-e4b9-4947-906f-f84480f3cb99.dev
BASEFAMILY=0ef4e9ed-716c-4e4d-b4fd-2aa9a5375d70.fam
BLHA=28.34901903,113.36193338,109.289234,278.143009
TRANSFORMMATRIX=-0.004081751,-0.999991669,0.000040407,0.000000000,0.999991670,-0.004081751,-0.000001675,0.000000000,0.000001841,0.000040400,0.999999999,0.000000000,11.557147631,256.556886693,16.361819514,1.000000000
ENTITYNAME=Wire_Device
