OBJECTMODELPOINTER=33777c94-e4b9-4947-906f-f84480f3cb99.dev
BASEFAMILY=0f029442-e6a8-4cc7-b1fb-185917ab9b51.fam
BLHA=28.79959310,113.50336431,218.110050,224.374488
TRANSFORMMATRIX=-0.049130138,-0.998792385,0.000038788,0.000000000,0.998792386,-0.049130138,0.000000056,0.000000000,0.000001850,0.000038743,0.999999999,0.000000000,12.415356134,246.719183734,3.786720723,1.000000000
ENTITYNAME=Wire_Device
