OBJECTMODELPOINTER=33777c94-e4b9-4947-906f-f84480f3cb99.dev
BASEFAMILY=0f0ca348-688f-480c-8d96-0fd5b9a3dede.fam
BLHA=28.42958283,113.37956045,205.551749,428.016547
TRANSFORMMATRIX=-0.000038573,0.999999999,-0.000000080,0.000000000,-0.999999999,-0.000038573,0.000001175,0.000000000,0.000001175,0.000000080,1.000000000,0.000000000,7.497245763,0.519493360,34.434680207,1.000000000
ENTITYNAME=Wire_Device
