OBJECTMODELPOINTER=33777c94-e4b9-4947-906f-f84480f3cb99.dev
BASEFAMILY=0f21183e-1905-49f9-86e7-c12aa1fe8d86.fam
BLHA=28.51918695,113.48038702,399.659330,210.734491
TRANSFORMMATRIX=-0.000012353,-1.000000000,0.000027596,0.000000000,1.000000000,-0.000012353,0.000002050,0.000000000,-0.000002050,0.000027597,1.000000000,0.000000000,-12.632139954,175.888365094,2.099701295,1.000000000
ENTITYNAME=Wire_Device
