OBJECTMODELPOINTER=8da3be62-2b0a-4c88-a5a3-980e9588decd.dev
BASEFAMILY=0f21f26f-24b4-4b34-998a-58e53e521e34.fam
TRANSFORMMATRIX=0.000000225,1.000000338,0.000001505,0.000000000,-0.999999662,0.000000702,-0.000000663,0.000000000,0.000000000,0.000000000,1.000000000,0.000000000,-11.305000000,0.800000000,46.999999999,1.000000000
ENTITYNAME=Tower_Device
