OBJECTMODELPOINTER=8e396d54-1cc9-4e11-829f-3a236baec68e.dev
BASEFAMILY=0f272aa6-21de-45f7-a151-37877d696dae.fam
TRANSFORMMATRIX=0.000000457,-1.000000116,-0.000000128,0.000000000,0.999999884,-0.000000338,-0.000001639,0.000000000,-0.000000000,0.000000000,1.000000000,0.000000000,-11.870000000,-0.599999999,39.000000001,1.000000000
ENTITYNAME=Tower_Device
