OBJECTMODELPOINTER=33777c94-e4b9-4947-906f-f84480f3cb99.dev
BASEFAMILY=0f4462f4-a042-4dd3-a2c2-406d0e0927cb.fam
BLHA=28.76435807,113.46905293,179.070265,236.227775
TRANSFORMMATRIX=-0.000016992,-0.999999998,0.000054434,0.000000000,1.000000000,-0.000016991,0.000002236,0.000000000,-0.000002235,0.000054435,0.999999998,0.000000000,-13.414147244,346.198223756,-3.977791372,1.000000000
ENTITYNAME=Wire_Device
