OBJECTMODELPOINTER=33777c94-e4b9-4947-906f-f84480f3cb99.dev
BASEFAMILY=0f52aa19-199a-4779-976d-b65463155f4d.fam
BLHA=28.54536406,113.51168326,478.790289,255.750198
TRANSFORMMATRIX=-0.000000296,-1.000000000,0.000005201,0.000000000,1.000000000,-0.000000296,0.000000028,0.000000000,-0.000000028,0.000005201,1.000000000,0.000000000,-0.134425848,33.036010736,61.469407087,1.000000000
ENTITYNAME=Wire_Device
