OBJECTMODELPOINTER=33777c94-e4b9-4947-906f-f84480f3cb99.dev
BASEFAMILY=0f5b17d1-6558-4e9a-8ff1-958cf89bcbbc.fam
BLHA=28.31510010,113.40690744,78.265120,0.896163
TRANSFORMMATRIX=0.001465062,-0.999998926,0.000024941,0.000000000,0.999998927,0.001465062,-0.000000966,0.000000000,0.000000928,0.000024942,1.000000000,0.000000000,5.911733863,159.207920082,53.197734256,1.000000000
ENTITYNAME=Wire_Device
