OBJECTMODELPOINTER=33777c94-e4b9-4947-906f-f84480f3cb99.dev
BASEFAMILY=0f5f31b8-39db-46ff-bffa-b8eabbf303a0.fam
BLHA=28.45391595,113.39400228,204.515406,242.026912
TRANSFORMMATRIX=-0.008108557,-0.999967125,0.000019927,0.000000000,0.999967125,-0.008108557,-0.000001031,0.000000000,0.000001192,0.000019919,1.000000000,0.000000000,7.879883976,126.645942402,20.320139248,1.000000000
ENTITYNAME=Wire_Device
