OBJECTMODELPOINTER=33777c94-e4b9-4947-906f-f84480f3cb99.dev
BASEFAMILY=0f5f6b44-7d63-41a4-8e6a-e9ce6a5f1dd8.fam
BLHA=28.52337409,113.48828309,330.016596,210.734491
TRANSFORMMATRIX=0.000025958,-1.000000000,-0.000000048,0.000000000,1.000000000,0.000025958,-0.000001180,0.000000000,0.000001180,-0.000000048,1.000000000,0.000000000,7.501322531,-0.287605860,37.422631834,1.000000000
ENTITYNAME=Wire_Device
