OBJECTMODELPOINTER=33777c94-e4b9-4947-906f-f84480f3cb99.dev
BASEFAMILY=0f69fe2b-5fff-4b80-8683-3dc69e88c5fa.fam
BLHA=28.80841146,113.51251091,171.150662,227.348291
TRANSFORMMATRIX=-0.000014932,-0.999999999,0.000032804,0.000000000,1.000000000,-0.000014932,-0.000001645,0.000000000,0.000001645,0.000032804,0.999999999,0.000000000,11.014385436,208.839691851,54.102273429,1.000000000
ENTITYNAME=Wire_Device
