OBJECTMODELPOINTER=18abfbf9-6478-4435-a3f9-0833c813f0ce.dev
BASEFAMILY=0fa3866b-7d76-4e81-8fd3-d28f5ad78ada.fam
TRANSFORMMATRIX=-0.999986539,0.005188895,-0.000000002,0.000000000,-0.005188892,-0.999986536,0.000000005,0.000000000,-0.000000000,0.000000000,1.000000000,0.000000000,10.610000000,0.000000000,52.000000001,1.000000000
ENTITYNAME=Tower_Device
