OBJECTMODELPOINTER=33777c94-e4b9-4947-906f-f84480f3cb99.dev
BASEFAMILY=0fba99b7-cd69-4c6d-a605-02d1e5601a1d.fam
BLHA=28.78677028,113.48699418,119.837662,221.400685
TRANSFORMMATRIX=0.003362170,-0.999994347,0.000047550,0.000000000,0.999994348,0.003362170,0.000000332,0.000000000,-0.000000491,0.000047548,0.999999999,0.000000000,-2.355149006,302.823301127,32.564575300,1.000000000
ENTITYNAME=Wire_Device
