OBJECTMODELPOINTER=33777c94-e4b9-4947-906f-f84480f3cb99.dev
BASEFAMILY=0fe20655-849f-4d4d-86de-ea0fc010fe6b.fam
BLHA=28.69273331,113.45654991,185.538391,277.425083
TRANSFORMMATRIX=0.004099559,-0.999991596,0.000040157,0.000000000,0.999991597,0.004099559,0.000002014,0.000000000,-0.000002179,0.000040148,0.999999999,0.000000000,-14.075244698,254.984786856,25.654723605,1.000000000
ENTITYNAME=Wire_Device
