OBJECTMODELPOINTER=33777c94-e4b9-4947-906f-f84480f3cb99.dev
BASEFAMILY=0fe42293-d7bc-4808-98ac-9531096f92a7.fam
BLHA=28.39632770,113.36872548,122.542167,249.667673
TRANSFORMMATRIX=-0.000005516,-1.000000000,0.000027177,0.000000000,1.000000000,-0.000005516,0.000000192,0.000000000,-0.000000192,0.000027178,1.000000000,0.000000000,-0.930930962,172.683520023,41.022967368,1.000000000
ENTITYNAME=Wire_Device
