OBJECTMODELPOINTER=5538eda8-b66f-43d8-b3f4-f45d5a81f6ac.dev
BASEFAMILY=0fe849be-7c5c-4311-9a7c-892d197d569b.fam
TRANSFORMMATRIX=-1.000000000,-0.000000036,0.000000000,0.000000000,0.000000036,-1.000000000,-0.000000000,0.000000000,0.000000000,0.000000000,1.000000000,0.000000000,11.320000000,0.000000000,70.000000000,1.000000000
ENTITYNAME=Tower_Device
