ENTITYNAME=WIRE
BASEFAMILY=0fe8f48b-35a0-450c-a555-4bc7d4bb59af.fam
OBJECTMODELPOINTER=81b82497-164d-48c0-b1cb-18fa700dacdf.dev
KVALUE=0.000000
SPLIT=4
POINT0.BLHA=28.66842498,113.45991630,145.503,277.610658
POINT0.MATRIX0=-0.991190922,0.132440763,0.000000000,0.000000000,-0.132440763,-0.991190922,-0.000000000,0.000000000,-0.000000000,0.000000000,1.000000000,0.000000000,13.545147236,0.001819397,58.000002191,1.000000000
POINT0.MATRIX1=-0.991190922,0.132440763,0.000000000,0.000000000,-0.132440763,-0.991190922,-0.000000000,0.000000000,-0.000000000,0.000000000,1.000000000,0.000000000,13.545147236,0.001819397,58.449999140,1.000000000
POINT0.MATRIX2=-0.991190922,0.132440763,0.000000000,0.000000000,-0.132440763,-0.991190922,-0.000000000,0.000000000,-0.000000000,0.000000000,1.000000000,0.000000000,13.094996001,-0.001087840,58.449999139,1.000000000
POINT0.MATRIX3=-0.991190922,0.132440763,0.000000000,0.000000000,-0.132440763,-0.991190922,-0.000000000,0.000000000,-0.000000000,0.000000000,1.000000000,0.000000000,13.094996001,-0.001087840,58.000002191,1.000000000
POINT1.BLHA=28.66842498,113.45991630,145.503,277.610658
POINT1.MATRIX0=-0.991190922,0.132440763,0.000000000,0.000000000,-0.132440763,-0.991190922,-0.000000000,0.000000000,-0.000000000,0.000000000,1.000000000,0.000000000,13.544537061,0.111816940,58.000002191,1.000000000
POINT1.MATRIX1=-0.991190922,0.132440763,0.000000000,0.000000000,-0.132440763,-0.991190922,-0.000000000,0.000000000,-0.000000000,0.000000000,1.000000000,0.000000000,13.544537061,0.111816940,58.449999139,1.000000000
POINT1.MATRIX2=-0.991190922,0.132440763,0.000000000,0.000000000,-0.132440763,-0.991190922,-0.000000000,0.000000000,-0.000000000,0.000000000,1.000000000,0.000000000,13.094385826,0.108909703,58.449999139,1.000000000
POINT1.MATRIX3=-0.991190922,0.132440763,0.000000000,0.000000000,-0.132440763,-0.991190922,-0.000000000,0.000000000,-0.000000000,0.000000000,1.000000000,0.000000000,13.094385826,0.108909702,58.000002191,1.000000000
