OBJECTMODELPOINTER=33777c94-e4b9-4947-906f-f84480f3cb99.dev
BASEFAMILY=0fe82417-790a-4689-bcbf-6a97d32a6ea5.fam
BLHA=28.70605444,113.45451077,165.912680,277.425083
TRANSFORMMATRIX=0.002587409,-0.999996649,0.000083123,0.000000000,0.999996653,0.002587409,-0.000001765,0.000000000,0.000001550,0.000083128,0.999999996,0.000000000,9.542676220,527.926848885,9.696687933,1.000000000
ENTITYNAME=Wire_Device
