OBJECTMODELPOINTER=33777c94-e4b9-4947-906f-f84480f3cb99.dev
BASEFAMILY=0ffba258-4626-413f-854a-50eca425cb6d.fam
BLHA=28.71274605,113.45447194,199.234978,264.887951
TRANSFORMMATRIX=0.009807548,-0.999951905,0.000016276,0.000000000,0.999951905,0.009807548,-0.000001779,0.000000000,0.000001620,0.000016293,1.000000000,0.000000000,10.383448486,103.473005319,13.130511085,1.000000000
ENTITYNAME=Wire_Device
