OBJECTMODELPOINTER=2cb4067c-f44b-4df2-a36e-c330d857cbd7.dev
BASEFAMILY=1001f2f9-b795-4fbe-8cdd-a35c84fad6b5.fam
TRANSFORMMATRIX=-0.018481180,-0.999829446,-0.000000383,0.000000000,0.999828958,-0.018481858,-0.000001581,0.000000000,0.000000000,0.000000000,1.000000000,0.000000000,-11.870000000,-0.600000000,48.000000000,1.000000000
ENTITYNAME=Tower_Device
