ENTITYNAME=WIRE
BASEFAMILY=10060e94-5a87-4722-aed1-ca4579904c70.fam
OBJECTMODELPOINTER=81b82497-164d-48c0-b1cb-18fa700dacdf.dev
KVALUE=0.000000
SPLIT=4
POINT0.BLHA=28.62257154,113.46619683,208.116,273.436520
POINT0.MATRIX0=-0.998201823,0.059942640,-0.000000000,0.000000000,-0.059942640,-0.998201823,0.000000000,0.000000000,0.000000000,-0.000000000,1.000000000,0.000000000,12.955074282,-0.000103252,43.000001278,1.000000000
POINT0.MATRIX1=-0.998201823,0.059942640,-0.000000000,0.000000000,-0.059942640,-0.998201823,0.000000000,0.000000000,0.000000000,-0.000000000,1.000000000,0.000000000,12.955074283,-0.000103252,43.450005856,1.000000000
POINT0.MATRIX2=-0.998201823,0.059942640,-0.000000000,0.000000000,-0.059942640,-0.998201823,0.000000000,0.000000000,0.000000000,-0.000000000,1.000000000,0.000000000,12.505024250,-0.000470475,43.450005856,1.000000000
POINT0.MATRIX3=-0.998201823,0.059942640,-0.000000000,0.000000000,-0.059942640,-0.998201823,0.000000000,0.000000000,0.000000000,-0.000000000,1.000000000,0.000000000,12.505024250,-0.000470476,43.000001277,1.000000000
POINT1.BLHA=28.62257154,113.46619683,208.116,273.436520
POINT1.MATRIX0=-0.998201823,0.059942640,-0.000000000,0.000000000,-0.059942640,-0.998201823,0.000000000,0.000000000,0.000000000,-0.000000000,1.000000000,0.000000000,12.955150428,0.109892221,43.000001277,1.000000000
POINT1.MATRIX1=-0.998201823,0.059942640,-0.000000000,0.000000000,-0.059942640,-0.998201823,0.000000000,0.000000000,0.000000000,-0.000000000,1.000000000,0.000000000,12.955150428,0.109892221,43.450005856,1.000000000
POINT1.MATRIX2=-0.998201823,0.059942640,-0.000000000,0.000000000,-0.059942640,-0.998201823,0.000000000,0.000000000,0.000000000,-0.000000000,1.000000000,0.000000000,12.505100396,0.109524998,43.450005856,1.000000000
POINT1.MATRIX3=-0.998201823,0.059942640,-0.000000000,0.000000000,-0.059942640,-0.998201823,0.000000000,0.000000000,0.000000000,-0.000000000,1.000000000,0.000000000,12.505100396,0.109524998,43.000001278,1.000000000
