OBJECTMODELPOINTER=173fbcf6-d18d-44de-bed6-2c2a6f6d57cf.dev
BASEFAMILY=1012482f-57c5-42e3-b3d7-e19102a0882f.fam
TRANSFORMMATRIX=-0.999995153,-0.003112992,0.000000002,0.000000000,0.003112991,-0.999995156,-0.000000003,0.000000000,0.000000000,-0.000000000,1.000000000,0.000000000,9.870000000,0.310000000,43.000000000,1.000000000
ENTITYNAME=Tower_Device
