OBJECTMODELPOINTER=33777c94-e4b9-4947-906f-f84480f3cb99.dev
BASEFAMILY=1018cc3e-a495-422c-b8e7-cd54ed0aa251.fam
BLHA=28.61647630,113.46664258,210.970212,273.436520
TRANSFORMMATRIX=0.012420839,-0.999922858,0.000041825,0.000000000,0.999922858,0.012420839,-0.000001825,0.000000000,0.000001304,0.000041844,0.999999999,0.000000000,8.247177860,265.726033238,38.744879423,1.000000000
ENTITYNAME=Wire_Device
