ENTITYNAME=WIRE
BASEFAMILY=1019a67a-4778-4151-b5f6-0b3c4f309c4b.fam
OBJECTMODELPOINTER=81b82497-164d-48c0-b1cb-18fa700dacdf.dev
KVALUE=0.094161
SPLIT=4
POINT0.BLHA=28.33513056,113.36426418,74.466,467.201749
POINT0.MATRIX0=0.955269333,-0.295737218,0.000000000,0.000000000,0.295737218,0.955269333,0.000000000,0.000000000,-0.000000000,-0.000000000,1.000000000,0.000000000,8.923627005,8.911151573,29.257876377,1.000000000
POINT0.MATRIX1=0.955269333,-0.295737218,0.000000000,0.000000000,0.295737218,0.955269333,0.000000000,0.000000000,-0.000000000,-0.000000000,1.000000000,0.000000000,9.091521272,9.655808131,29.741950254,1.000000000
POINT0.MATRIX2=0.955269333,-0.295737218,0.000000000,0.000000000,0.295737218,0.955269333,0.000000000,0.000000000,-0.000000000,-0.000000000,1.000000000,0.000000000,9.584374462,9.568654666,29.741950254,1.000000000
POINT0.MATRIX3=0.955269333,-0.295737218,0.000000000,0.000000000,0.295737218,0.955269333,0.000000000,0.000000000,-0.000000000,-0.000000000,1.000000000,0.000000000,9.416013727,8.824142521,29.257876377,1.000000000
POINT1.BLHA=28.33513056,113.36426418,74.466,467.201749
POINT1.MATRIX0=0.955269333,-0.295737218,0.000000000,0.000000000,0.295737218,0.955269333,0.000000000,0.000000000,-0.000000000,-0.000000000,1.000000000,0.000000000,7.564858780,0.001056703,25.790007140,1.000000000
POINT1.MATRIX1=0.955269333,-0.295737218,0.000000000,0.000000000,0.295737218,0.955269333,0.000000000,0.000000000,-0.000000000,-0.000000000,1.000000000,0.000000000,7.564858779,0.001056702,26.240007143,1.000000000
POINT1.MATRIX2=0.955269333,-0.295737218,0.000000000,0.000000000,0.295737218,0.955269333,0.000000000,0.000000000,-0.000000000,-0.000000000,1.000000000,0.000000000,8.014858746,0.001056386,26.240007143,1.000000000
POINT1.MATRIX3=0.955269333,-0.295737218,0.000000000,0.000000000,0.295737218,0.955269333,0.000000000,0.000000000,-0.000000000,-0.000000000,1.000000000,0.000000000,8.014858746,0.001056387,25.790007139,1.000000000
