ENTITYNAME=WIRE
BASEFAMILY=101e34f6-475b-45f6-a5a6-8c1966d5017c.fam
OBJECTMODELPOINTER=81b82497-164d-48c0-b1cb-18fa700dacdf.dev
KVALUE=0.000000
SPLIT=4
POINT0.BLHA=28.29509828,113.44289412,61.744,287.794387
POINT0.MATRIX0=-0.952159334,0.305602035,0.000000000,0.000000000,-0.305602035,-0.952159334,0.000000000,0.000000000,0.000000000,0.000000000,1.000000000,0.000000000,-6.587962218,0.001417589,61.366804021,1.000000000
POINT0.MATRIX1=-0.952159334,0.305602035,0.000000000,0.000000000,-0.305602035,-0.952159334,0.000000000,0.000000000,0.000000000,0.000000000,1.000000000,0.000000000,-6.401428549,0.001034833,61.830655949,1.000000000
POINT0.MATRIX2=-0.952159334,0.305602035,0.000000000,0.000000000,-0.305602035,-0.952159334,0.000000000,0.000000000,0.000000000,0.000000000,1.000000000,0.000000000,-6.865536784,0.000251661,62.017316716,1.000000000
POINT0.MATRIX3=-0.952159334,0.305602035,0.000000000,0.000000000,-0.305602035,-0.952159334,0.000000000,0.000000000,0.000000000,0.000000000,1.000000000,0.000000000,-7.052070454,0.000634417,61.553464788,1.000000000
POINT1.BLHA=28.29509828,113.44289412,61.744,287.794387
POINT1.MATRIX0=-0.952159334,0.305602035,0.000000000,0.000000000,-0.305602035,-0.952159334,0.000000000,0.000000000,0.000000000,0.000000000,1.000000000,0.000000000,-6.587968005,0.131417957,61.366804021,1.000000000
POINT1.MATRIX1=-0.952159334,0.305602035,0.000000000,0.000000000,-0.305602035,-0.952159334,0.000000000,0.000000000,0.000000000,0.000000000,1.000000000,0.000000000,-6.401434335,0.131035202,61.830655949,1.000000000
POINT1.MATRIX2=-0.952159334,0.305602035,0.000000000,0.000000000,-0.305602035,-0.952159334,0.000000000,0.000000000,0.000000000,0.000000000,1.000000000,0.000000000,-6.865542570,0.130252031,62.017316716,1.000000000
POINT1.MATRIX3=-0.952159334,0.305602035,0.000000000,0.000000000,-0.305602035,-0.952159334,0.000000000,0.000000000,0.000000000,0.000000000,1.000000000,0.000000000,-7.052076240,0.130634786,61.553464788,1.000000000
