OBJECTMODELPOINTER=33777c94-e4b9-4947-906f-f84480f3cb99.dev
BASEFAMILY=102c038f-a119-4f56-86c1-68614fac4c94.fam
BLHA=28.65134658,113.46259240,159.100648,277.610658
TRANSFORMMATRIX=0.000005517,-0.999999998,0.000064881,0.000000000,1.000000000,0.000005517,0.000002106,0.000000000,-0.000002107,0.000064881,0.999999998,0.000000000,-13.723093504,412.058588926,28.125311549,1.000000000
ENTITYNAME=Wire_Device
