OBJECTMODELPOINTER=33777c94-e4b9-4947-906f-f84480f3cb99.dev
BASEFAMILY=103cb46a-392a-42ed-ac1d-7d7f476607d2.fam
BLHA=28.78468964,113.48433856,117.864116,408.814230
TRANSFORMMATRIX=-0.120003420,0.992773478,0.000017511,0.000000000,-0.992773478,-0.120003420,-0.000001068,0.000000000,0.000001041,-0.000017513,1.000000000,0.000000000,6.342840434,-111.446312477,28.864783567,1.000000000
ENTITYNAME=Wire_Device
