OBJECTMODELPOINTER=33777c94-e4b9-4947-906f-f84480f3cb99.dev
BASEFAMILY=103d02f6-a4c8-4a1f-bd89-58a26ea96186.fam
BLHA=28.63586389,113.46501767,148.649697,277.610658
TRANSFORMMATRIX=0.015976874,-0.999872362,0.000015139,0.000000000,0.999872362,0.015976873,-0.000001804,0.000000000,0.000001563,0.000015167,1.000000000,0.000000000,9.903531687,96.310109794,35.020497169,1.000000000
ENTITYNAME=Wire_Device
