OBJECTMODELPOINTER=33777c94-e4b9-4947-906f-f84480f3cb99.dev
BASEFAMILY=1041ffee-8db7-42a0-a13f-10a3f9b1bb21.fam
BLHA=28.79022096,113.49139881,176.212376,221.400685
TRANSFORMMATRIX=0.001004089,-0.999999495,0.000052408,0.000000000,0.999999496,0.001004089,0.000002360,0.000000000,-0.000002412,0.000052405,0.999999999,0.000000000,-14.497933413,333.726899094,-14.085887974,1.000000000
ENTITYNAME=Wire_Device
