OBJECTMODELPOINTER=568ebf4c-b918-42a1-b436-e7b92b3add9b.dev
BASEFAMILY=104744f0-6318-473b-955d-d72e821f27fd.fam
TRANSFORMMATRIX=0.000000225,1.000000338,0.000001505,0.000000000,-0.999999662,0.000000702,-0.000000663,0.000000000,0.000000000,0.000000000,1.000000000,0.000000000,-11.000000000,-0.652000000,36.000000000,1.000000000
ENTITYNAME=Tower_Device
