OBJECTMODELPOINTER=33777c94-e4b9-4947-906f-f84480f3cb99.dev
BASEFAMILY=10525e11-6667-4745-aec9-0ae20bfaf4be.fam
BLHA=28.36995278,113.36656265,67.148041,253.042546
TRANSFORMMATRIX=-0.567513182,-0.823364309,0.000050392,0.000000000,0.823364310,-0.567513183,-0.000000265,0.000000000,0.000028816,0.000041341,0.999999999,0.000000000,184.239494468,262.891599253,30.693925954,1.000000000
ENTITYNAME=Wire_Device
