OBJECTMODELPOINTER=6c92a42b-b88a-42d6-82bf-612032a09a67.dev
BASEFAMILY=10522b74-78b2-4fcc-9780-88cbbca9de0d.fam
TRANSFORMMATRIX=-0.999967527,-0.008058399,0.000000008,0.000000000,0.008058401,-0.999967534,-0.000000005,0.000000000,-0.000000000,0.000000000,1.000000000,0.000000000,11.319999999,-0.319999999,70.000000000,1.000000000
ENTITYNAME=Tower_Device
