ENTITYNAME=WIRE
BASEFAMILY=1060361c-a90d-4836-a43e-be4d24c16775.fam
OBJECTMODELPOINTER=81b82497-164d-48c0-b1cb-18fa700dacdf.dev
KVALUE=0.000000
SPLIT=4
POINT0.BLHA=28.31402241,113.42375188,48.067,335.449580
POINT0.MATRIX0=-0.415493846,0.909595989,0.000000000,0.000000000,-0.909595989,-0.415493846,0.000000000,0.000000000,0.000000000,-0.000000000,1.000000000,0.000000000,7.067122951,-0.129289582,68.066972273,1.000000000
POINT0.MATRIX1=-0.415493846,0.909595989,0.000000000,0.000000000,-0.909595989,-0.415493846,0.000000000,0.000000000,0.000000000,-0.000000000,1.000000000,0.000000000,7.249829762,-0.129707778,68.532074468,1.000000000
POINT0.MATRIX2=-0.415493846,0.909595989,0.000000000,0.000000000,-0.909595989,-0.415493846,0.000000000,0.000000000,0.000000000,-0.000000000,1.000000000,0.000000000,6.784028489,-0.130037878,68.715607183,1.000000000
POINT0.MATRIX3=-0.415493846,0.909595989,0.000000000,0.000000000,-0.909595989,-0.415493846,0.000000000,0.000000000,0.000000000,-0.000000000,1.000000000,0.000000000,6.601321677,-0.129619682,68.250504988,1.000000000
POINT1.BLHA=28.31402241,113.42375188,48.067,335.449580
POINT1.MATRIX0=-0.415493846,0.909595989,0.000000000,0.000000000,-0.909595989,-0.415493846,0.000000000,0.000000000,0.000000000,-0.000000000,1.000000000,0.000000000,7.067120711,0.000701565,68.066972273,1.000000000
POINT1.MATRIX1=-0.415493846,0.909595989,0.000000000,0.000000000,-0.909595989,-0.415493846,0.000000000,0.000000000,0.000000000,-0.000000000,1.000000000,0.000000000,7.249827522,0.000283369,68.532074469,1.000000000
POINT1.MATRIX2=-0.415493846,0.909595989,0.000000000,0.000000000,-0.909595989,-0.415493846,0.000000000,0.000000000,0.000000000,-0.000000000,1.000000000,0.000000000,6.784026249,-0.000046731,68.715607183,1.000000000
POINT1.MATRIX3=-0.415493846,0.909595989,0.000000000,0.000000000,-0.909595989,-0.415493846,0.000000000,0.000000000,0.000000000,-0.000000000,1.000000000,0.000000000,6.601319437,0.000371465,68.250504988,1.000000000
