OBJECTMODELPOINTER=2041b713-89cf-4170-9345-49baf004413b.dev
BASEFAMILY=10669521-887b-4dbf-be4e-1c73e8166a9f.fam
TRANSFORMMATRIX=0.000000374,1.000000355,-0.000000898,0.000000000,-0.999999645,-0.000000053,0.000001377,0.000000000,0.000000000,0.000000000,1.000000000,0.000000000,-12.415000000,0.000000001,40.999999999,1.000000000
ENTITYNAME=Tower_Device
