OBJECTMODELPOINTER=33777c94-e4b9-4947-906f-f84480f3cb99.dev
BASEFAMILY=106b0dc3-8388-4b3b-9a18-7db00ea429ea.fam
BLHA=28.31502906,113.40300484,68.016258,0.896163
TRANSFORMMATRIX=0.001751151,-0.999998467,0.000004811,0.000000000,0.999998467,0.001751151,0.000001516,0.000000000,-0.000001525,0.000004808,1.000000000,0.000000000,-9.680261351,30.688391656,49.030769086,1.000000000
ENTITYNAME=Wire_Device
