OBJECTMODELPOINTER=33777c94-e4b9-4947-906f-f84480f3cb99.dev
BASEFAMILY=108274cd-8cd8-4c49-88cb-753160b8980f.fam
BLHA=28.31402241,113.42375188,48.067305,335.449580
TRANSFORMMATRIX=-0.001652516,-0.999998634,0.000016457,0.000000000,0.999998635,-0.001652516,0.000001181,0.000000000,-0.000001153,0.000016459,1.000000000,0.000000000,-7.536022713,104.978245796,61.323166841,1.000000000
ENTITYNAME=Wire_Device
