OBJECTMODELPOINTER=33777c94-e4b9-4947-906f-f84480f3cb99.dev
BASEFAMILY=10875176-4461-4658-aafa-58e2b7e4657c.fam
BLHA=28.38706938,113.36490839,130.458199,249.667673
TRANSFORMMATRIX=-0.000006634,-0.999999999,0.000035582,0.000000000,1.000000000,-0.000006634,0.000002108,0.000000000,-0.000002108,0.000035582,0.999999999,0.000000000,-13.060843021,226.063569817,40.570597911,1.000000000
ENTITYNAME=Wire_Device
