ENTITYNAME=WIRE
BASEFAMILY=10a77283-e89c-4b69-8a30-3d83446a2882.fam
OBJECTMODELPOINTER=81b82497-164d-48c0-b1cb-18fa700dacdf.dev
KVALUE=0.097720
SPLIT=4
POINT0.BLHA=28.67276970,113.45923535,192.994,456.641966
POINT0.MATRIX0=0.993288314,-0.115664713,-0.000000000,0.000000000,0.115664713,0.993288314,-0.000000000,0.000000000,0.000000000,-0.000000000,1.000000000,0.000000000,8.026254765,9.042147914,30.498940274,1.000000000
POINT0.MATRIX1=0.993288314,-0.115664713,-0.000000000,0.000000000,0.115664713,0.993288314,-0.000000000,0.000000000,0.000000000,-0.000000000,1.000000000,0.000000000,8.103697741,9.715359330,31.093488976,1.000000000
POINT0.MATRIX2=0.993288314,-0.115664713,-0.000000000,0.000000000,0.115664713,0.993288314,-0.000000000,0.000000000,0.000000000,-0.000000000,1.000000000,0.000000000,8.602785411,9.683787787,31.093488976,1.000000000
POINT0.MATRIX3=0.993288314,-0.115664713,-0.000000000,0.000000000,0.115664713,0.993288314,-0.000000000,0.000000000,0.000000000,-0.000000000,1.000000000,0.000000000,8.525099925,9.010604611,30.498940273,1.000000000
POINT1.BLHA=28.67276970,113.45923535,192.994,456.641966
POINT1.MATRIX0=0.993288314,-0.115664713,-0.000000000,0.000000000,0.115664713,0.993288314,-0.000000000,0.000000000,0.000000000,-0.000000000,1.000000000,0.000000000,7.565090068,0.001641128,25.789995773,1.000000000
POINT1.MATRIX1=0.993288314,-0.115664713,-0.000000000,0.000000000,0.115664713,0.993288314,-0.000000000,0.000000000,0.000000000,-0.000000000,1.000000000,0.000000000,7.565090068,0.001641128,26.239995761,1.000000000
POINT1.MATRIX2=0.993288314,-0.115664713,-0.000000000,0.000000000,0.115664713,0.993288314,-0.000000000,0.000000000,0.000000000,-0.000000000,1.000000000,0.000000000,8.015090033,0.001641171,26.239995762,1.000000000
POINT1.MATRIX3=0.993288314,-0.115664713,-0.000000000,0.000000000,0.115664713,0.993288314,-0.000000000,0.000000000,0.000000000,-0.000000000,1.000000000,0.000000000,8.015090033,0.001641172,25.789995774,1.000000000
