ENTITYNAME=WIRE
BASEFAMILY=10b03329-2755-4d87-98a7-cdb97aff370e.fam
OBJECTMODELPOINTER=31970f28-780e-4bf1-8adb-439f78c329a3.dev
KVALUE=0.000233
SPLIT=1
POINT0.BLHA=28.48698475,113.42051247,234.671,224.957371
POINT0.MATRIX0=-0.706580481,-0.707632690,0.000000000,0.000000000,0.707632690,-0.706580481,0.000000000,0.000000000,-0.000000000,-0.000000000,1.000000000,0.000000000,-9.874580703,0.619964056,51.557999104,1.000000000
POINT1.BLHA=28.48504373,113.41833342,235.006,407.385386
POINT1.MATRIX0=0.735924420,0.677063695,-0.000000000,0.000000000,-0.677063695,0.735924420,0.000000000,0.000000000,-0.000000000,0.000000000,1.000000000,0.000000000,5.537842949,1.563482333,43.969294167,1.000000000
