OBJECTMODELPOINTER=33777c94-e4b9-4947-906f-f84480f3cb99.dev
BASEFAMILY=10b42803-3a68-4847-98be-f3198b0ac9bc.fam
BLHA=28.35569166,113.36081333,82.535643,278.143009
TRANSFORMMATRIX=-0.003432739,-0.999994108,0.000016055,0.000000000,0.999994108,-0.003432739,0.000002161,0.000000000,-0.000002105,0.000016062,1.000000000,0.000000000,-13.512689558,102.017724333,49.621634462,1.000000000
ENTITYNAME=Wire_Device
