OBJECTMODELPOINTER=33777c94-e4b9-4947-906f-f84480f3cb99.dev
BASEFAMILY=10b8c6ee-ab8c-4fd0-b2f1-c0c0973255a9.fam
BLHA=28.60189794,113.47276867,201.465001,294.633001
TRANSFORMMATRIX=-0.006087194,-0.999981473,0.000013526,0.000000000,0.999981473,-0.006087194,-0.000001828,0.000000000,0.000001910,0.000013514,1.000000000,0.000000000,12.014046233,85.876507667,34.340118516,1.000000000
ENTITYNAME=Wire_Device
