OBJECTMODELPOINTER=7af43eca-b455-48ba-9f9a-f7ee83dbe660.dev
BASEFAMILY=10c13082-86c1-4790-8c60-d0a6bbc32079.fam
TRANSFORMMATRIX=-0.000000367,1.000000110,-0.000001639,0.000000000,-0.999999890,0.000000440,0.000000112,0.000000000,0.000000000,-0.000000000,1.000000000,0.000000000,-0.000000000,-0.000000000,47.999999999,1.000000000
ENTITYNAME=Tower_Device
