ENTITYNAME=WIRE
BASEFAMILY=10d2868b-1a3a-4805-a78c-02a69a1d249a.fam
OBJECTMODELPOINTER=81b82497-164d-48c0-b1cb-18fa700dacdf.dev
KVALUE=0.090913
SPLIT=4
POINT0.BLHA=28.28492071,113.44885804,59.682,504.180323
POINT0.MATRIX0=0.585236184,-0.810862879,-0.000000000,0.000000000,0.810862879,0.585236184,-0.000000000,0.000000000,-0.000000000,-0.000000000,1.000000000,0.000000000,9.088791931,-0.000853192,31.790002349,1.000000000
POINT0.MATRIX1=0.585236184,-0.810862879,-0.000000000,0.000000000,0.810862879,0.585236184,-0.000000000,0.000000000,-0.000000000,-0.000000000,1.000000000,0.000000000,9.088791930,-0.000853192,32.240002337,1.000000000
POINT0.MATRIX2=0.585236184,-0.810862879,-0.000000000,0.000000000,0.810862879,0.585236184,-0.000000000,0.000000000,-0.000000000,-0.000000000,1.000000000,0.000000000,9.538791985,-0.000853650,32.240002338,1.000000000
POINT0.MATRIX3=0.585236184,-0.810862879,-0.000000000,0.000000000,0.810862879,0.585236184,-0.000000000,0.000000000,-0.000000000,-0.000000000,1.000000000,0.000000000,9.538791985,-0.000853650,31.790002349,1.000000000
POINT1.BLHA=28.28492071,113.44885804,59.682,504.180323
POINT1.MATRIX0=0.585236184,-0.810862879,-0.000000000,0.000000000,0.810862879,0.585236184,-0.000000000,0.000000000,-0.000000000,-0.000000000,1.000000000,0.000000000,10.703202150,-9.035302866,34.717566433,1.000000000
POINT1.MATRIX1=0.585236184,-0.810862879,-0.000000000,0.000000000,0.810862879,0.585236184,-0.000000000,0.000000000,-0.000000000,-0.000000000,1.000000000,0.000000000,10.887501857,-9.808309917,35.149416151,1.000000000
POINT1.MATRIX2=0.585236184,-0.810862879,-0.000000000,0.000000000,0.810862879,0.585236184,-0.000000000,0.000000000,-0.000000000,-0.000000000,1.000000000,0.000000000,11.367216860,-9.672011252,35.149416151,1.000000000
POINT1.MATRIX3=0.585236184,-0.810862879,-0.000000000,0.000000000,0.810862879,0.585236184,-0.000000000,0.000000000,-0.000000000,-0.000000000,1.000000000,0.000000000,11.184500870,-8.897861163,34.717566433,1.000000000
