OBJECTMODELPOINTER=33777c94-e4b9-4947-906f-f84480f3cb99.dev
BASEFAMILY=10d4ecb3-3563-4194-86db-569f945fbd9a.fam
BLHA=28.57953661,113.48279374,260.580940,480.423303
TRANSFORMMATRIX=-0.215336765,0.976539849,0.000017929,0.000000000,-0.976539849,-0.215336765,0.000000199,0.000000000,0.000004055,-0.000017465,1.000000000,0.000000000,26.102050423,-111.116285828,26.447291873,1.000000000
ENTITYNAME=Wire_Device
