ENTITYNAME=WIRE
BASEFAMILY=10d45e9f-009a-4620-965e-0bea9f991269.fam
OBJECTMODELPOINTER=81b82497-164d-48c0-b1cb-18fa700dacdf.dev
KVALUE=0.115002
SPLIT=4
POINT0.BLHA=28.40635362,113.37217651,164.659,254.006183
POINT0.MATRIX0=-0.961291434,-0.275533624,0.000000000,0.000000000,0.275533624,-0.961291434,0.000000000,0.000000000,0.000000000,0.000000000,1.000000000,0.000000000,-10.075231780,0.001098550,40.589998808,1.000000000
POINT0.MATRIX1=-0.961291434,-0.275533624,0.000000000,0.000000000,0.275533624,-0.961291434,0.000000000,0.000000000,0.000000000,0.000000000,1.000000000,0.000000000,-10.075231780,0.001098550,41.039998617,1.000000000
POINT0.MATRIX2=-0.961291434,-0.275533624,0.000000000,0.000000000,0.275533624,-0.961291434,0.000000000,0.000000000,0.000000000,0.000000000,1.000000000,0.000000000,-10.525231685,0.001098502,41.039998616,1.000000000
POINT0.MATRIX3=-0.961291434,-0.275533624,0.000000000,0.000000000,0.275533624,-0.961291434,0.000000000,0.000000000,0.000000000,0.000000000,1.000000000,0.000000000,-10.525231685,0.001098502,40.589998807,1.000000000
POINT1.BLHA=28.40635362,113.37217651,164.659,254.006183
POINT1.MATRIX0=-0.961291434,-0.275533624,0.000000000,0.000000000,0.275533624,-0.961291434,0.000000000,0.000000000,0.000000000,0.000000000,1.000000000,0.000000000,-9.867391114,9.943270555,28.338691201,1.000000000
POINT1.MATRIX1=-0.961291434,-0.275533624,0.000000000,0.000000000,0.275533624,-0.961291434,0.000000000,0.000000000,0.000000000,0.000000000,1.000000000,0.000000000,-9.825231709,9.302021403,28.976078357,1.000000000
POINT1.MATRIX2=-0.961291434,-0.275533624,0.000000000,0.000000000,0.275533624,-0.961291434,0.000000000,0.000000000,0.000000000,0.000000000,1.000000000,0.000000000,-10.325104654,9.296904012,28.976314868,1.000000000
POINT1.MATRIX3=-0.961291434,-0.275533624,0.000000000,0.000000000,0.275533624,-0.961291434,0.000000000,0.000000000,0.000000000,0.000000000,1.000000000,0.000000000,-10.366725908,9.936275642,28.338851418,1.000000000
