ENTITYNAME=WIRE
BASEFAMILY=10d559ba-8a27-49fa-b85e-4f4c826eccf5.fam
OBJECTMODELPOINTER=81b82497-164d-48c0-b1cb-18fa700dacdf.dev
KVALUE=0.000370
SPLIT=4
POINT0.BLHA=28.27160371,113.47264060,64.951,312.669055
POINT0.MATRIX0=-0.735280751,0.677762655,-0.000000000,0.000000000,-0.677762655,-0.735280751,-0.000000000,0.000000000,-0.000000000,0.000000000,1.000000000,0.000000000,10.000611280,0.129936848,58.066963276,1.000000000
POINT0.MATRIX1=-0.735280751,0.677762655,-0.000000000,0.000000000,-0.677762655,-0.735280751,-0.000000000,0.000000000,-0.000000000,0.000000000,1.000000000,0.000000000,10.183277939,0.128906269,58.532066426,1.000000000
POINT0.MATRIX2=-0.735280751,0.677762655,-0.000000000,0.000000000,-0.677762655,-0.735280751,-0.000000000,0.000000000,-0.000000000,0.000000000,1.000000000,0.000000000,9.718657179,0.129517566,58.715599141,1.000000000
POINT0.MATRIX3=-0.735280751,0.677762655,-0.000000000,0.000000000,-0.677762655,-0.735280751,-0.000000000,0.000000000,-0.000000000,0.000000000,1.000000000,0.000000000,9.534666765,0.129112049,58.250495991,1.000000000
POINT1.BLHA=28.26907527,113.47529619,67.191,514.001895
POINT1.MATRIX0=0.438341419,-0.898808545,-0.000000000,0.000000000,0.898808545,0.438341419,0.000000000,0.000000000,-0.000000000,0.000000000,1.000000000,0.000000000,-10.266461139,8.972990203,45.766571485,1.000000000
POINT1.MATRIX1=0.438341419,-0.898808545,-0.000000000,0.000000000,0.898808545,0.438341419,0.000000000,0.000000000,-0.000000000,0.000000000,1.000000000,0.000000000,-9.967288288,9.722992644,46.124603713,1.000000000
POINT1.MATRIX2=0.438341419,-0.898808545,-0.000000000,0.000000000,0.898808545,0.438341419,0.000000000,0.000000000,-0.000000000,0.000000000,1.000000000,0.000000000,-9.502635817,9.541072838,46.124374830,1.000000000
POINT1.MATRIX3=0.438341419,-0.898808545,-0.000000000,0.000000000,0.898808545,0.438341419,0.000000000,0.000000000,-0.000000000,0.000000000,1.000000000,0.000000000,-9.801808669,8.791070397,45.766342604,1.000000000
