OBJECTMODELPOINTER=33777c94-e4b9-4947-906f-f84480f3cb99.dev
BASEFAMILY=10ef5855-5f0a-42b8-8d91-844a6bf7ea3e.fam
BLHA=28.65418328,113.46214797,157.582490,277.610658
TRANSFORMMATRIX=0.000002134,-0.999999999,0.000035974,0.000000000,1.000000000,0.000002134,0.000000137,0.000000000,-0.000000137,0.000035975,0.999999999,0.000000000,-1.028340697,228.469450963,35.961657469,1.000000000
ENTITYNAME=Wire_Device
