OBJECTMODELPOINTER=7c49c39b-4069-45b7-8e4d-8eeb083aead3.dev
BASEFAMILY=111adf17-e4ef-4093-ab77-b21feea182fe.fam
TRANSFORMMATRIX=0.000000340,1.000000326,0.000000812,0.000000000,-0.999999674,-0.000000169,-0.000001430,0.000000000,-0.000000000,0.000000000,1.000000000,0.000000000,8.839999999,0.000000000,36.000000000,1.000000000
ENTITYNAME=Tower_Device
