OBJECTMODELPOINTER=33777c94-e4b9-4947-906f-f84480f3cb99.dev
BASEFAMILY=11293e53-a51f-4757-83e3-7041359ab4b7.fam
BLHA=28.43346852,113.38186613,283.381825,242.026912
TRANSFORMMATRIX=0.010644401,-0.999943346,0.000048062,0.000000000,0.999943347,0.010644401,-0.000001649,0.000000000,0.000001137,0.000048077,0.999999999,0.000000000,7.911637990,305.661707947,-37.384832410,1.000000000
ENTITYNAME=Wire_Device
