OBJECTMODELPOINTER=33777c94-e4b9-4947-906f-f84480f3cb99.dev
BASEFAMILY=113287bb-9fc3-4a33-a633-7377a1779bb3.fam
BLHA=28.31775016,113.38284517,61.633463,329.270898
TRANSFORMMATRIX=-0.001458649,-0.999998936,0.000015766,0.000000000,0.999998936,-0.001458649,0.000001640,0.000000000,-0.000001616,0.000015769,1.000000000,0.000000000,-10.510145437,100.540147874,50.375569622,1.000000000
ENTITYNAME=Wire_Device
