OBJECTMODELPOINTER=33777c94-e4b9-4947-906f-f84480f3cb99.dev
BASEFAMILY=113a8724-23b7-4f6e-a890-07205afdeb80.fam
BLHA=28.52957493,113.49997928,454.520911,210.734491
TRANSFORMMATRIX=-0.000007863,-1.000000000,0.000016248,0.000000000,1.000000000,-0.000007863,0.000000105,0.000000000,-0.000000105,0.000016249,1.000000000,0.000000000,-0.431790307,103.579261731,20.663293443,1.000000000
ENTITYNAME=Wire_Device
