ENTITYNAME=WIRE
BASEFAMILY=113a2258-1920-470d-bfaa-2fe0df480b51.fam
OBJECTMODELPOINTER=81b82497-164d-48c0-b1cb-18fa700dacdf.dev
KVALUE=0.000000
SPLIT=4
POINT0.BLHA=28.31498130,113.40038482,72.540,2.946268
POINT0.MATRIX0=0.051399410,0.998678177,0.000000000,0.000000000,-0.998678177,0.051399410,-0.000000000,0.000000000,-0.000000000,0.000000000,1.000000000,0.000000000,-10.774252660,-0.001204493,31.790009964,1.000000000
POINT0.MATRIX1=0.051399410,0.998678177,0.000000000,0.000000000,-0.998678177,0.051399410,-0.000000000,0.000000000,-0.000000000,0.000000000,1.000000000,0.000000000,-10.774252660,-0.001204493,32.240009953,1.000000000
POINT0.MATRIX2=0.051399410,0.998678177,0.000000000,0.000000000,-0.998678177,0.051399410,-0.000000000,0.000000000,-0.000000000,0.000000000,1.000000000,0.000000000,-11.224252684,-0.001204698,32.240009953,1.000000000
POINT0.MATRIX3=0.051399410,0.998678177,0.000000000,0.000000000,-0.998678177,0.051399410,-0.000000000,0.000000000,-0.000000000,0.000000000,1.000000000,0.000000000,-11.224252684,-0.001204698,31.790009965,1.000000000
POINT1.BLHA=28.31498130,113.40038482,72.540,2.946268
POINT1.MATRIX0=0.051399410,0.998678177,0.000000000,0.000000000,-0.998678177,0.051399410,-0.000000000,0.000000000,-0.000000000,0.000000000,1.000000000,0.000000000,-10.774252639,0.000795143,31.790009964,1.000000000
POINT1.MATRIX1=0.051399410,0.998678177,0.000000000,0.000000000,-0.998678177,0.051399410,-0.000000000,0.000000000,-0.000000000,0.000000000,1.000000000,0.000000000,-10.774252638,0.000795143,32.240009953,1.000000000
POINT1.MATRIX2=0.051399410,0.998678177,0.000000000,0.000000000,-0.998678177,0.051399410,-0.000000000,0.000000000,-0.000000000,0.000000000,1.000000000,0.000000000,-11.224252638,0.000795414,32.240009952,1.000000000
POINT1.MATRIX3=0.051399410,0.998678177,0.000000000,0.000000000,-0.998678177,0.051399410,-0.000000000,0.000000000,-0.000000000,0.000000000,1.000000000,0.000000000,-11.224252638,0.000795414,31.790009964,1.000000000
