OBJECTMODELPOINTER=33777c94-e4b9-4947-906f-f84480f3cb99.dev
BASEFAMILY=11460f44-10cf-4fdd-893a-d63c860a78dd.fam
BLHA=28.60189794,113.47276867,201.465001,294.633001
TRANSFORMMATRIX=0.006099289,-0.999981399,0.000032231,0.000000000,0.999981399,0.006099289,0.000001939,0.000000000,-0.000002135,0.000032218,0.999999999,0.000000000,-14.019372186,204.808571057,35.150881477,1.000000000
ENTITYNAME=Wire_Device
