OBJECTMODELPOINTER=33777c94-e4b9-4947-906f-f84480f3cb99.dev
BASEFAMILY=114f7bea-c835-474a-9c31-2f8ac27e8498.fam
BLHA=28.31925198,113.37995663,64.126344,500.343289
TRANSFORMMATRIX=-0.153422951,0.988160612,0.000046536,0.000000000,-0.988160614,-0.153422951,0.000001820,0.000000000,0.000008939,-0.000045706,0.999999999,0.000000000,57.624042588,-291.274565364,56.948903778,1.000000000
ENTITYNAME=Wire_Device
