OBJECTMODELPOINTER=9b346582-7291-4ccf-8420-e150a6f1252d.dev
BASEFAMILY=1154c5be-c32c-4b47-8419-d96d46bf44b9.fam
TRANSFORMMATRIX=0.000000000,1.000000000,-0.000000000,0.000000000,-1.000000000,0.000000000,-0.000000000,0.000000000,-0.000000000,0.000000000,1.000000000,0.000000000,6.534133654,-6.533875002,0.000005278,1.000000000
ENTITYNAME=Tower_Device
