OBJECTMODELPOINTER=33777c94-e4b9-4947-906f-f84480f3cb99.dev
BASEFAMILY=115a33d8-39bf-4ef2-89ed-89125f7592c4.fam
BLHA=28.59525170,113.47626182,222.708449,294.633001
TRANSFORMMATRIX=0.009485693,-0.999955007,0.000081490,0.000000000,0.999955010,0.009485693,-0.000001805,0.000000000,0.000001032,0.000081504,0.999999997,0.000000000,5.561025542,518.026591668,22.753158272,1.000000000
ENTITYNAME=Wire_Device
