OBJECTMODELPOINTER=33777c94-e4b9-4947-906f-f84480f3cb99.dev
BASEFAMILY=115e55f2-22e7-4c44-b297-a7fd39b76b45.fam
BLHA=28.34247838,113.36303113,107.750676,278.143009
TRANSFORMMATRIX=0.000005136,-0.999999999,0.000046934,0.000000000,1.000000000,0.000005136,0.000000216,0.000000000,-0.000000216,0.000046934,0.999999999,0.000000000,-1.598627345,298.057770682,9.166649172,1.000000000
ENTITYNAME=Wire_Device
