OBJECTMODELPOINTER=33777c94-e4b9-4947-906f-f84480f3cb99.dev
BASEFAMILY=115f8aec-aef5-4438-92a8-9088579ec283.fam
BLHA=28.53408910,113.50849608,458.182485,233.242345
TRANSFORMMATRIX=-0.381781389,-0.924252655,0.000020829,0.000000000,0.924252655,-0.381781389,0.000000012,0.000000000,0.000007941,0.000019256,1.000000000,0.000000000,50.905789683,122.638365585,8.180664669,1.000000000
ENTITYNAME=Wire_Device
