OBJECTMODELPOINTER=33777c94-e4b9-4947-906f-f84480f3cb99.dev
BASEFAMILY=116de4a5-a9d5-4153-8910-6b18e3a9f523.fam
BLHA=28.59525170,113.47626182,222.708449,294.633001
TRANSFORMMATRIX=-0.009233894,-0.999957364,0.000071184,0.000000000,0.999957367,-0.009233894,0.000002168,0.000000000,-0.000001510,0.000071201,0.999999997,0.000000000,-10.524467322,452.570603274,13.887440809,1.000000000
ENTITYNAME=Wire_Device
