ENTITYNAME=WIRE
BASEFAMILY=1172b450-8c26-49d0-bc60-a13c174f68fa.fam
OBJECTMODELPOINTER=81b82497-164d-48c0-b1cb-18fa700dacdf.dev
KVALUE=0.000000
SPLIT=4
POINT0.BLHA=28.29509828,113.44289412,61.744,287.794387
POINT0.MATRIX0=-0.952159334,0.305602035,0.000000000,0.000000000,-0.305602035,-0.952159334,0.000000000,0.000000000,0.000000000,0.000000000,1.000000000,0.000000000,6.601551844,-0.000100496,61.366804021,1.000000000
POINT0.MATRIX1=-0.952159334,0.305602035,0.000000000,0.000000000,-0.305602035,-0.952159334,0.000000000,0.000000000,0.000000000,0.000000000,1.000000000,0.000000000,6.788085514,-0.000483252,61.830655949,1.000000000
POINT0.MATRIX2=-0.952159334,0.305602035,0.000000000,0.000000000,-0.305602035,-0.952159334,0.000000000,0.000000000,0.000000000,0.000000000,1.000000000,0.000000000,6.323977279,-0.001266423,62.017316716,1.000000000
POINT0.MATRIX3=-0.952159334,0.305602035,0.000000000,0.000000000,-0.305602035,-0.952159334,0.000000000,0.000000000,0.000000000,0.000000000,1.000000000,0.000000000,6.137443609,-0.000883668,61.553464788,1.000000000
POINT1.BLHA=28.29509828,113.44289412,61.744,287.794387
POINT1.MATRIX0=-0.952159334,0.305602035,0.000000000,0.000000000,-0.305602035,-0.952159334,0.000000000,0.000000000,0.000000000,0.000000000,1.000000000,0.000000000,6.601546058,0.129899873,61.366804021,1.000000000
POINT1.MATRIX1=-0.952159334,0.305602035,0.000000000,0.000000000,-0.305602035,-0.952159334,0.000000000,0.000000000,0.000000000,0.000000000,1.000000000,0.000000000,6.788079728,0.129517118,61.830655950,1.000000000
POINT1.MATRIX2=-0.952159334,0.305602035,0.000000000,0.000000000,-0.305602035,-0.952159334,0.000000000,0.000000000,0.000000000,0.000000000,1.000000000,0.000000000,6.323971492,0.128733946,62.017316716,1.000000000
POINT1.MATRIX3=-0.952159334,0.305602035,0.000000000,0.000000000,-0.305602035,-0.952159334,0.000000000,0.000000000,0.000000000,0.000000000,1.000000000,0.000000000,6.137437823,0.129116701,61.553464787,1.000000000
