OBJECTMODELPOINTER=60264d73-47a6-4a1e-8eb3-5355409016b6.dev
BASEFAMILY=11796548-d690-46fb-8112-f9ab70b5322c.fam
TRANSFORMMATRIX=-0.437798883,-0.110648934,0.892237766,0.000000000,0.892929484,0.062299875,0.445865880,0.000000000,-0.104921745,0.991904893,0.071526991,0.000000000,1.384939759,-1.384939759,37.000000000,1.000000000
ENTITYNAME=Tower_Device
