OBJECTMODELPOINTER=13a78437-ad2c-452a-8fd1-0733d19ccb25.dev
BASEFAMILY=118e6a1f-2993-476a-b37d-bf71aa14b7da.fam
TRANSFORMMATRIX=0.000000000,1.000000000,-0.000000000,0.000000000,-1.000000000,0.000000000,0.000000000,0.000000000,0.000000000,-0.000000000,1.000000000,0.000000000,5.397008238,-5.397206872,-0.000004620,1.000000000
ENTITYNAME=Tower_Device
