ENTITYNAME=WIRE
BASEFAMILY=1196e8be-4e9f-4730-9712-f48dad13c16a.fam
OBJECTMODELPOINTER=81b82497-164d-48c0-b1cb-18fa700dacdf.dev
KVALUE=0.088575
SPLIT=4
POINT0.BLHA=28.70879307,113.45409149,169.217,451.156517
POINT0.MATRIX0=0.999796289,-0.020183663,0.000000000,0.000000000,0.020183663,0.999796289,0.000000000,0.000000000,-0.000000000,-0.000000000,1.000000000,0.000000000,-6.683523161,8.971568971,29.025416575,1.000000000
POINT0.MATRIX1=0.999796289,-0.020183663,0.000000000,0.000000000,0.020183663,0.999796289,0.000000000,0.000000000,-0.000000000,-0.000000000,1.000000000,0.000000000,-6.571249744,9.744946897,29.487475834,1.000000000
POINT0.MATRIX2=0.999796289,-0.020183663,0.000000000,0.000000000,0.020183663,0.999796289,0.000000000,0.000000000,-0.000000000,-0.000000000,1.000000000,0.000000000,-6.073766036,9.693879825,29.487353763,1.000000000
POINT0.MATRIX3=0.999796289,-0.020183663,0.000000000,0.000000000,0.020183663,0.999796289,0.000000000,0.000000000,-0.000000000,-0.000000000,1.000000000,0.000000000,-6.185877986,8.922452163,29.025538646,1.000000000
POINT1.BLHA=28.70879307,113.45409149,169.217,451.156517
POINT1.MATRIX0=0.999796289,-0.020183663,0.000000000,0.000000000,0.020183663,0.999796289,0.000000000,0.000000000,-0.000000000,-0.000000000,1.000000000,0.000000000,-9.724999350,0.000725077,25.789999030,1.000000000
POINT1.MATRIX1=0.999796289,-0.020183663,0.000000000,0.000000000,0.020183663,0.999796289,0.000000000,0.000000000,-0.000000000,-0.000000000,1.000000000,0.000000000,-9.724999350,0.000725077,26.239999018,1.000000000
POINT1.MATRIX2=0.999796289,-0.020183663,0.000000000,0.000000000,0.020183663,0.999796289,0.000000000,0.000000000,-0.000000000,-0.000000000,1.000000000,0.000000000,-9.274999302,0.000725221,26.239999018,1.000000000
POINT1.MATRIX3=0.999796289,-0.020183663,0.000000000,0.000000000,0.020183663,0.999796289,0.000000000,0.000000000,-0.000000000,-0.000000000,1.000000000,0.000000000,-9.274999301,0.000725222,25.789999030,1.000000000
