OBJECTMODELPOINTER=33777c94-e4b9-4947-906f-f84480f3cb99.dev
BASEFAMILY=11988265-5d46-4e73-8771-05646d3ba66e.fam
BLHA=28.55813742,113.50479443,276.608256,304.990571
TRANSFORMMATRIX=-0.000944853,-0.999999553,0.000029129,0.000000000,0.999999554,-0.000944853,-0.000002041,0.000000000,0.000002068,0.000029127,1.000000000,0.000000000,12.731027279,185.247973750,39.067285740,1.000000000
ENTITYNAME=Wire_Device
