OBJECTMODELPOINTER=33777c94-e4b9-4947-906f-f84480f3cb99.dev
BASEFAMILY=119a7958-c5d9-475d-85a7-2cdbbd8cb6d0.fam
BLHA=28.76435807,113.46905293,179.070265,236.227775
TRANSFORMMATRIX=-0.000001656,-1.000000000,0.000004859,0.000000000,1.000000000,-0.000001656,-0.000001829,0.000000000,0.000001829,0.000004859,1.000000000,0.000000000,11.732470952,30.931425230,21.747287288,1.000000000
ENTITYNAME=Wire_Device
