OBJECTMODELPOINTER=33777c94-e4b9-4947-906f-f84480f3cb99.dev
BASEFAMILY=119e837e-f197-40e3-b4de-9ea6a9bbbe66.fam
BLHA=28.53088729,113.50245510,443.024878,210.734491
TRANSFORMMATRIX=-0.000015606,-0.999999999,0.000038114,0.000000000,1.000000000,-0.000015606,0.000002113,0.000000000,-0.000002112,0.000038114,0.999999999,0.000000000,-12.878106071,242.943027610,49.552071140,1.000000000
ENTITYNAME=Wire_Device
