OBJECTMODELPOINTER=33777c94-e4b9-4947-906f-f84480f3cb99.dev
BASEFAMILY=119e810b-ea67-46b0-890b-a9e90bbd621c.fam
BLHA=28.53971514,113.51008635,497.099735,255.750198
TRANSFORMMATRIX=0.010346703,-0.999946467,0.000093255,0.000000000,0.999946471,0.010346703,-0.000001504,0.000000000,0.000000539,0.000093265,0.999999996,0.000000000,4.174303482,592.473102076,-15.617761945,1.000000000
ENTITYNAME=Wire_Device
