ENTITYNAME=WIRE
BASEFAMILY=11a3f070-180d-4805-ad83-c7117d77ed14.fam
OBJECTMODELPOINTER=81b82497-164d-48c0-b1cb-18fa700dacdf.dev
KVALUE=0.000000
SPLIT=4
POINT0.BLHA=28.35569166,113.36081333,82.536,278.143009
POINT0.MATRIX0=-0.989917611,0.141644356,0.000000000,0.000000000,-0.141644356,-0.989917611,0.000000000,0.000000000,0.000000000,-0.000000000,1.000000000,0.000000000,13.544758120,-0.720711712,52.741100819,1.000000000
POINT0.MATRIX1=-0.989917611,0.141644356,0.000000000,0.000000000,-0.141644356,-0.989917611,0.000000000,0.000000000,0.000000000,-0.000000000,1.000000000,0.000000000,13.544758120,-0.720711712,53.191097767,1.000000000
POINT0.MATRIX2=-0.989917611,0.141644356,0.000000000,0.000000000,-0.141644356,-0.989917611,0.000000000,0.000000000,0.000000000,-0.000000000,1.000000000,0.000000000,13.095082662,-0.719505560,53.191097767,1.000000000
POINT0.MATRIX3=-0.989917611,0.141644356,0.000000000,0.000000000,-0.141644356,-0.989917611,0.000000000,0.000000000,0.000000000,-0.000000000,1.000000000,0.000000000,13.095082662,-0.719505560,52.741100819,1.000000000
POINT1.BLHA=28.35569166,113.36081333,82.536,278.143009
POINT1.MATRIX0=-0.989917611,0.141644356,0.000000000,0.000000000,-0.141644356,-0.989917611,0.000000000,0.000000000,0.000000000,-0.000000000,1.000000000,0.000000000,13.544891429,-0.600715817,52.741100819,1.000000000
POINT1.MATRIX1=-0.989917611,0.141644356,0.000000000,0.000000000,-0.141644356,-0.989917611,0.000000000,0.000000000,0.000000000,-0.000000000,1.000000000,0.000000000,13.544891429,-0.600715817,53.191097767,1.000000000
POINT1.MATRIX2=-0.989917611,0.141644356,0.000000000,0.000000000,-0.141644356,-0.989917611,0.000000000,0.000000000,0.000000000,-0.000000000,1.000000000,0.000000000,13.095215970,-0.599509666,53.191097766,1.000000000
POINT1.MATRIX3=-0.989917611,0.141644356,0.000000000,0.000000000,-0.141644356,-0.989917611,0.000000000,0.000000000,0.000000000,-0.000000000,1.000000000,0.000000000,13.095215970,-0.599509666,52.741100818,1.000000000
