OBJECTMODELPOINTER=33777c94-e4b9-4947-906f-f84480f3cb99.dev
BASEFAMILY=11a6d03a-5e27-4611-8552-badda56f63d6.fam
BLHA=28.59525170,113.47626182,222.708449,294.633001
TRANSFORMMATRIX=-0.009246330,-0.999957252,0.000015615,0.000000000,0.999957252,-0.009246330,0.000002034,0.000000000,-0.000001889,0.000015634,1.000000000,0.000000000,-12.246718085,99.387129799,21.440362511,1.000000000
ENTITYNAME=Wire_Device
