ENTITYNAME=WIRE
BASEFAMILY=11b489f4-1e80-4d5e-aa8d-04e8df6be357.fam
OBJECTMODELPOINTER=81b82497-164d-48c0-b1cb-18fa700dacdf.dev
KVALUE=0.082696
SPLIT=4
POINT0.BLHA=28.26827851,113.48694026,97.360,314.005848
POINT0.MATRIX0=-0.719268901,0.694731781,-0.000000000,0.000000000,-0.694731781,-0.719268901,0.000000000,0.000000000,0.000000000,0.000000000,1.000000000,0.000000000,-11.775002920,0.001223958,31.790007136,1.000000000
POINT0.MATRIX1=-0.719268901,0.694731781,-0.000000000,0.000000000,-0.694731781,-0.719268901,0.000000000,0.000000000,0.000000000,0.000000000,1.000000000,0.000000000,-11.775002919,0.001223958,32.240007124,1.000000000
POINT0.MATRIX2=-0.719268901,0.694731781,-0.000000000,0.000000000,-0.694731781,-0.719268901,0.000000000,0.000000000,0.000000000,0.000000000,1.000000000,0.000000000,-12.225002848,0.001224000,32.240007124,1.000000000
POINT0.MATRIX3=-0.719268901,0.694731781,-0.000000000,0.000000000,-0.694731781,-0.719268901,0.000000000,0.000000000,0.000000000,0.000000000,1.000000000,0.000000000,-12.225002849,0.001224000,31.790007136,1.000000000
POINT1.BLHA=28.26827851,113.48694026,97.360,314.005848
POINT1.MATRIX0=-0.719268901,0.694731781,-0.000000000,0.000000000,-0.694731781,-0.719268901,0.000000000,0.000000000,0.000000000,0.000000000,1.000000000,0.000000000,-5.419574972,7.797494893,34.867784223,1.000000000
POINT1.MATRIX1=-0.719268901,0.694731781,-0.000000000,0.000000000,-0.694731781,-0.719268901,0.000000000,0.000000000,0.000000000,0.000000000,1.000000000,0.000000000,-4.982877091,8.455017304,35.314219437,1.000000000
POINT1.MATRIX2=-0.719268901,0.694731781,-0.000000000,0.000000000,-0.694731781,-0.719268901,0.000000000,0.000000000,0.000000000,0.000000000,1.000000000,0.000000000,-5.409366497,8.714893332,35.314509354,1.000000000
POINT1.MATRIX3=-0.719268901,0.694731781,-0.000000000,0.000000000,-0.694731781,-0.719268901,0.000000000,0.000000000,0.000000000,0.000000000,1.000000000,0.000000000,-5.848778163,8.054561266,34.867982589,1.000000000
