OBJECTMODELPOINTER=33777c94-e4b9-4947-906f-f84480f3cb99.dev
BASEFAMILY=11b6a8af-9f8c-41d0-a8db-56a63b36293a.fam
BLHA=28.37974338,113.36324559,104.024514,459.829193
TRANSFORMMATRIX=-0.107355329,0.994220717,0.000006555,0.000000000,-0.994220717,-0.107355329,-0.000001489,0.000000000,-0.000000777,-0.000006677,1.000000000,0.000000000,-4.920741291,-42.401789738,14.938180318,1.000000000
ENTITYNAME=Wire_Device
