OBJECTMODELPOINTER=33777c94-e4b9-4947-906f-f84480f3cb99.dev
BASEFAMILY=11b97e75-28a2-4b1d-bf25-06eb98d2fd82.fam
BLHA=28.60573334,113.47075261,228.044876,294.633001
TRANSFORMMATRIX=0.001843955,-0.999998299,0.000036871,0.000000000,0.999998300,0.001843955,-0.000001906,0.000000000,0.000001839,0.000036875,0.999999999,0.000000000,11.263905005,234.353149366,8.140430277,1.000000000
ENTITYNAME=Wire_Device
