OBJECTMODELPOINTER=33777c94-e4b9-4947-906f-f84480f3cb99.dev
BASEFAMILY=11c0a65c-f27a-4165-9cea-024bf6705b36.fam
BLHA=28.27160371,113.47264060,64.950919,312.669055
TRANSFORMMATRIX=-0.007375464,-0.999972800,0.000053260,0.000000000,0.999972801,-0.007375464,-0.000001141,0.000000000,0.000001534,0.000053251,0.999999999,0.000000000,8.886595458,338.914804944,33.397491390,1.000000000
ENTITYNAME=Wire_Device
