OBJECTMODELPOINTER=33777c94-e4b9-4947-906f-f84480f3cb99.dev
BASEFAMILY=11cdd6f6-ef58-42eb-80a2-acb2517efd0a.fam
BLHA=28.77883021,113.47993260,194.739259,236.227775
TRANSFORMMATRIX=0.000000211,-1.000000000,0.000005492,0.000000000,1.000000000,0.000000211,0.000000041,0.000000000,-0.000000041,0.000005491,1.000000000,0.000000000,-0.177680821,34.928965697,39.487144945,1.000000000
ENTITYNAME=Wire_Device
