OBJECTMODELPOINTER=33777c94-e4b9-4947-906f-f84480f3cb99.dev
BASEFAMILY=11d8f055-8f8a-4e10-8a87-1921c4f263a5.fam
BLHA=28.30399811,113.43961542,62.139238,477.400140
TRANSFORMMATRIX=0.168878880,0.985636810,0.000054527,0.000000000,-0.985636811,0.168878880,0.000001347,0.000000000,-0.000007880,-0.000053972,0.999999998,0.000000000,-49.516913785,-342.986207941,66.996194694,1.000000000
ENTITYNAME=Wire_Device
