ENTITYNAME=WIRE
BASEFAMILY=11e2ce80-f08d-4be7-9d95-0261b7b2a6d3.fam
OBJECTMODELPOINTER=81b82497-164d-48c0-b1cb-18fa700dacdf.dev
KVALUE=0.000000
SPLIT=4
POINT0.BLHA=28.57262295,113.49015944,261.229,312.996987
POINT0.MATRIX0=-0.731389569,0.681959895,0.000000000,0.000000000,-0.681959895,-0.731389569,0.000000000,0.000000000,0.000000000,-0.000000000,1.000000000,0.000000000,13.544937440,-0.000133199,58.000001439,1.000000000
POINT0.MATRIX1=-0.731389569,0.681959895,0.000000000,0.000000000,-0.681959895,-0.731389569,0.000000000,0.000000000,0.000000000,-0.000000000,1.000000000,0.000000000,13.544937440,-0.000133198,58.449998387,1.000000000
POINT0.MATRIX2=-0.731389569,0.681959895,0.000000000,0.000000000,-0.681959895,-0.731389569,0.000000000,0.000000000,0.000000000,-0.000000000,1.000000000,0.000000000,13.095119382,0.000027114,58.449998386,1.000000000
POINT0.MATRIX3=-0.731389569,0.681959895,0.000000000,0.000000000,-0.681959895,-0.731389569,0.000000000,0.000000000,0.000000000,-0.000000000,1.000000000,0.000000000,13.095119382,0.000027114,58.000001438,1.000000000
POINT1.BLHA=28.57262295,113.49015944,261.229,312.996987
POINT1.MATRIX0=-0.731389569,0.681959895,0.000000000,0.000000000,-0.681959895,-0.731389569,0.000000000,0.000000000,0.000000000,-0.000000000,1.000000000,0.000000000,13.544944511,0.109869427,58.000001438,1.000000000
POINT1.MATRIX1=-0.731389569,0.681959895,0.000000000,0.000000000,-0.681959895,-0.731389569,0.000000000,0.000000000,0.000000000,-0.000000000,1.000000000,0.000000000,13.544944511,0.109869427,58.449998386,1.000000000
POINT1.MATRIX2=-0.731389569,0.681959895,0.000000000,0.000000000,-0.681959895,-0.731389569,0.000000000,0.000000000,0.000000000,-0.000000000,1.000000000,0.000000000,13.095126453,0.110029740,58.449998386,1.000000000
POINT1.MATRIX3=-0.731389569,0.681959895,0.000000000,0.000000000,-0.681959895,-0.731389569,0.000000000,0.000000000,0.000000000,-0.000000000,1.000000000,0.000000000,13.095126453,0.110029739,58.000001438,1.000000000
