OBJECTMODELPOINTER=05f0385f-6a02-4a0f-926b-c8b5888d2ba9.dev
BASEFAMILY=11fc22ce-85b8-40d8-8e83-fe9e905c82cf.fam
TRANSFORMMATRIX=-0.999992571,0.003854877,-0.000000003,0.000000000,-0.003854876,-0.999992568,0.000000003,0.000000000,0.000000000,-0.000000000,1.000000000,0.000000000,9.870000000,-0.310000000,43.000000000,1.000000000
ENTITYNAME=Tower_Device
