OBJECTMODELPOINTER=33777c94-e4b9-4947-906f-f84480f3cb99.dev
BASEFAMILY=1201ec37-65a4-443a-8b13-f58f0cf7e645.fam
BLHA=28.48305469,113.41645050,246.976349,229.813402
TRANSFORMMATRIX=-0.001677703,-0.999998593,0.000004962,0.000000000,0.999998593,-0.001677703,-0.000001827,0.000000000,0.000001834,0.000004959,1.000000000,0.000000000,11.768242551,31.588732619,38.085423819,1.000000000
ENTITYNAME=Wire_Device
