OBJECTMODELPOINTER=33777c94-e4b9-4947-906f-f84480f3cb99.dev
BASEFAMILY=120786bd-089d-4765-b9c4-9f849a7300f1.fam
BLHA=28.30070252,113.44082959,73.741833,287.794387
TRANSFORMMATRIX=0.001910704,-0.999998175,0.000005541,0.000000000,0.999998175,0.001910704,0.000001502,0.000000000,-0.000001512,0.000005538,1.000000000,0.000000000,-9.704112632,35.196433171,46.099510445,1.000000000
ENTITYNAME=Wire_Device
