OBJECTMODELPOINTER=33777c94-e4b9-4947-906f-f84480f3cb99.dev
BASEFAMILY=12100787-d472-4abe-a15f-0623afa59dab.fam
BLHA=28.44959265,113.39143584,231.811382,242.026912
TRANSFORMMATRIX=-0.004916482,-0.999987914,0.000029896,0.000000000,0.999987914,-0.004916482,-0.000001645,0.000000000,0.000001792,0.000029888,1.000000000,0.000000000,11.836677989,190.037282280,63.793194165,1.000000000
ENTITYNAME=Wire_Device
