OBJECTMODELPOINTER=0e312739-8609-4a3d-966c-75d05d59356d.dev
BASEFAMILY=12122345-6f80-4ab0-8ff2-eb2d9a403c14.fam
TRANSFORMMATRIX=-1.000000000,0.000000000,-0.000000000,0.000000000,-0.000000000,-1.000000000,-0.000000000,0.000000000,-0.000000000,-0.000000000,1.000000000,0.000000000,4.407146580,4.407110495,-0.000003095,1.000000000
ENTITYNAME=Tower_Device
