OBJECTMODELPOINTER=33777c94-e4b9-4947-906f-f84480f3cb99.dev
BASEFAMILY=1214f9d5-efcc-4484-a7d5-cd3dba4583f7.fam
BLHA=28.28240757,113.45687165,86.867380,340.232800
TRANSFORMMATRIX=-0.002145030,-0.999997699,0.000017070,0.000000000,0.999997699,-0.002145030,-0.000001401,0.000000000,0.000001438,0.000017067,1.000000000,0.000000000,8.955793836,108.857346741,47.566229817,1.000000000
ENTITYNAME=Wire_Device
