OBJECTMODELPOINTER=33777c94-e4b9-4947-906f-f84480f3cb99.dev
BASEFAMILY=12172ef9-ba31-4d86-8e71-f5b5f34ec8d1.fam
BLHA=28.31515909,113.41015274,70.673124,0.896163
TRANSFORMMATRIX=0.000012014,-1.000000000,0.000026288,0.000000000,1.000000000,0.000012014,-0.000000887,0.000000000,0.000000886,0.000026289,1.000000000,0.000000000,5.643519230,167.799619698,36.234793784,1.000000000
ENTITYNAME=Wire_Device
