ENTITYNAME=WIRE
BASEFAMILY=122d3a93-cc77-4f61-bad3-025cb3a68540.fam
OBJECTMODELPOINTER=81b82497-164d-48c0-b1cb-18fa700dacdf.dev
KVALUE=0.000376
SPLIT=4
POINT0.BLHA=28.31523299,113.41422428,48.000,0.896163
POINT0.MATRIX0=0.015640353,0.999877682,-0.000000000,0.000000000,-0.999877682,0.015640353,-0.000000000,0.000000000,-0.000000000,-0.000000000,1.000000000,0.000000000,-9.334891609,0.129979556,45.416814576,1.000000000
POINT0.MATRIX1=0.015640353,0.999877682,-0.000000000,0.000000000,-0.999877682,0.015640353,-0.000000000,0.000000000,-0.000000000,-0.000000000,1.000000000,0.000000000,-9.149321608,0.130006867,45.880666503,1.000000000
POINT0.MATRIX2=0.015640353,0.999877682,-0.000000000,0.000000000,-0.999877682,0.015640353,-0.000000000,0.000000000,-0.000000000,-0.000000000,1.000000000,0.000000000,-9.612266349,0.130167428,46.067327271,1.000000000
POINT0.MATRIX3=0.015640353,0.999877682,-0.000000000,0.000000000,-0.999877682,0.015640353,-0.000000000,0.000000000,-0.000000000,-0.000000000,1.000000000,0.000000000,-9.799789235,0.130170665,45.603475342,1.000000000
POINT1.BLHA=28.31529425,113.41760444,47.126,0.896163
POINT1.MATRIX0=0.015640353,0.999877682,0.000000000,0.000000000,-0.999877682,0.015640353,0.000000000,0.000000000,0.000000000,-0.000000000,1.000000000,0.000000000,-9.334263547,-0.130153908,42.416810984,1.000000000
POINT1.MATRIX1=0.015640353,0.999877682,0.000000000,0.000000000,-0.999877682,0.015640353,0.000000000,0.000000000,0.000000000,-0.000000000,1.000000000,0.000000000,-9.148693547,-0.130126597,42.880662913,1.000000000
POINT1.MATRIX2=0.015640353,0.999877682,0.000000000,0.000000000,-0.999877682,0.015640353,0.000000000,0.000000000,0.000000000,-0.000000000,1.000000000,0.000000000,-9.611638287,-0.129966036,43.067323680,1.000000000
POINT1.MATRIX3=0.015640353,0.999877682,0.000000000,0.000000000,-0.999877682,0.015640353,0.000000000,0.000000000,0.000000000,-0.000000000,1.000000000,0.000000000,-9.799161173,-0.129962799,42.603471751,1.000000000
