OBJECTMODELPOINTER=33777c94-e4b9-4947-906f-f84480f3cb99.dev
BASEFAMILY=12311c62-58a4-45c4-8b46-cf6f1fb334b7.fam
BLHA=28.32474464,113.37442409,71.722945,330.514691
TRANSFORMMATRIX=-0.491665444,-0.870784182,-0.000000156,0.000000000,0.870784182,-0.491665444,0.000001639,0.000000000,-0.000001504,0.000000670,1.000000000,0.000000000,-9.570397347,4.292723557,25.362673309,1.000000000
ENTITYNAME=Wire_Device
