OBJECTMODELPOINTER=33777c94-e4b9-4947-906f-f84480f3cb99.dev
BASEFAMILY=1235e9e8-4286-4ec4-8129-5a1564ee8dba.fam
BLHA=28.28492071,113.44885804,59.682173,504.180323
TRANSFORMMATRIX=-0.282678737,0.959214643,0.000006086,0.000000000,-0.959214643,-0.282678737,-0.000001847,0.000000000,-0.000000051,-0.000006360,1.000000000,0.000000000,-0.226532255,-40.524298689,42.429048950,1.000000000
ENTITYNAME=Wire_Device
