OBJECTMODELPOINTER=33777c94-e4b9-4947-906f-f84480f3cb99.dev
BASEFAMILY=123d25c1-9eb6-4488-83ca-2933bc5f0627.fam
BLHA=28.50209029,113.44375287,199.020645,200.251669
TRANSFORMMATRIX=-0.005069899,-0.999987148,0.000005482,0.000000000,0.999987148,-0.005069899,0.000002132,0.000000000,-0.000002104,0.000005493,1.000000000,0.000000000,-13.308793594,35.017191771,54.491947483,1.000000000
ENTITYNAME=Wire_Device
