OBJECTMODELPOINTER=33777c94-e4b9-4947-906f-f84480f3cb99.dev
BASEFAMILY=124c9218-22f9-49c5-ab3e-9ac6f7ff45ed.fam
BLHA=28.27160371,113.47264060,64.950919,312.669055
TRANSFORMMATRIX=-0.002528830,-0.999996802,0.000041898,0.000000000,0.999996803,-0.002528830,0.000001205,0.000000000,-0.000001099,0.000041900,0.999999999,0.000000000,-7.693710728,266.719365283,53.311114773,1.000000000
ENTITYNAME=Wire_Device
