OBJECTMODELPOINTER=33777c94-e4b9-4947-906f-f84480f3cb99.dev
BASEFAMILY=1258388d-123e-4582-bcdd-07208205ba68.fam
BLHA=28.56112925,113.50240150,222.763342,308.993779
TRANSFORMMATRIX=-0.061105405,-0.998131318,0.000028916,0.000000000,0.998131319,-0.061105405,0.000001584,0.000000000,0.000000185,0.000028958,1.000000000,0.000000000,0.716230133,184.271474196,51.937440796,1.000000000
ENTITYNAME=Wire_Device
