OBJECTMODELPOINTER=414c1340-3c5b-4dda-86a4-d6291fcce397.dev
BASEFAMILY=12585e6c-03c3-4ff0-bcbc-7196fe7220c3.fam
TRANSFORMMATRIX=0.000000565,1.000000263,-0.000000654,0.000000000,-0.999999737,-0.000000073,0.000001509,0.000000000,0.000000000,-0.000000000,1.000000000,0.000000000,-7.342000000,0.000000000,44.999999999,1.000000000
ENTITYNAME=Tower_Device
