OBJECTMODELPOINTER=33777c94-e4b9-4947-906f-f84480f3cb99.dev
BASEFAMILY=1272555a-c546-4fc5-917d-b8eeca7c3a8b.fam
BLHA=28.50306305,113.44669559,173.869453,200.251669
TRANSFORMMATRIX=-0.000001823,-1.000000000,0.000004919,0.000000000,1.000000000,-0.000001823,-0.000002065,0.000000000,0.000002066,0.000004918,1.000000000,0.000000000,13.175551150,31.398987256,52.336831356,1.000000000
ENTITYNAME=Wire_Device
