OBJECTMODELPOINTER=33777c94-e4b9-4947-906f-f84480f3cb99.dev
BASEFAMILY=12783974-e4ae-412c-a71a-1d46a699f4e1.fam
BLHA=28.51174980,113.46636581,279.463297,210.734491
TRANSFORMMATRIX=-0.732763906,-0.680482959,-0.000000242,0.000000000,0.680482959,-0.732763906,-0.000001266,0.000000000,0.000000684,-0.000001092,1.000000000,0.000000000,4.330690026,-6.953011434,37.641426373,1.000000000
ENTITYNAME=Wire_Device
