OBJECTMODELPOINTER=33777c94-e4b9-4947-906f-f84480f3cb99.dev
BASEFAMILY=127ed62e-37ff-41a9-a56c-2a4fdaf65756.fam
BLHA=28.32292443,113.37625760,67.775568,311.415680
TRANSFORMMATRIX=-0.001739756,-0.999998486,0.000027011,0.000000000,0.999998487,-0.001739756,-0.000000962,0.000000000,0.000001009,0.000027010,1.000000000,0.000000000,5.983054657,171.880763776,39.389539827,1.000000000
ENTITYNAME=Wire_Device
