OBJECTMODELPOINTER=33777c94-e4b9-4947-906f-f84480f3cb99.dev
BASEFAMILY=1290faae-cc53-4cf0-9bd5-279dea5b881f.fam
BLHA=28.76435807,113.46905293,179.070265,236.227775
TRANSFORMMATRIX=-0.000004578,-1.000000000,0.000014533,0.000000000,1.000000000,-0.000004578,-0.000001763,0.000000000,0.000001763,0.000014533,1.000000000,0.000000000,11.458001713,92.467612312,10.925702993,1.000000000
ENTITYNAME=Wire_Device
