OBJECTMODELPOINTER=33777c94-e4b9-4947-906f-f84480f3cb99.dev
BASEFAMILY=129bf1fb-8d29-4f44-9632-815c5b9653a9.fam
BLHA=28.31925198,113.37995663,64.126344,500.343289
TRANSFORMMATRIX=-0.304821985,0.952409343,0.000000242,0.000000000,-0.952409343,-0.304821985,-0.000001648,0.000000000,-0.000001496,-0.000000733,1.000000000,0.000000000,-9.505309937,-4.643101338,31.394622634,1.000000000
ENTITYNAME=Wire_Device
