OBJECTMODELPOINTER=33777c94-e4b9-4947-906f-f84480f3cb99.dev
BASEFAMILY=129c4fbf-36e7-43ae-856e-f1922fcffd45.fam
BLHA=28.30399811,113.43961542,62.139238,477.400140
TRANSFORMMATRIX=-0.091880132,0.995770075,-0.000000969,0.000000000,-0.995770075,-0.091880132,-0.000001757,0.000000000,-0.000001838,0.000000804,1.000000000,0.000000000,-11.734189460,5.135182813,42.824366578,1.000000000
ENTITYNAME=Wire_Device
