OBJECTMODELPOINTER=5cafd023-c32b-484c-9fd3-681b169c332c.dev
BASEFAMILY=12a99e60-af24-42da-af3f-5d7a530e1650.fam
TRANSFORMMATRIX=-0.000000346,1.000000116,0.000001639,0.000000000,-0.999999884,0.000000450,-0.000000129,0.000000000,0.000000000,0.000000000,1.000000000,0.000000000,7.500000000,3.999999999,43.000000000,1.000000000
ENTITYNAME=Tower_Device
