OBJECTMODELPOINTER=4e209ad6-2822-4917-a147-dba6caf4baad.dev
BASEFAMILY=12bee1fe-1fd7-4e17-b9a1-e9fe4720ec04.fam
TRANSFORMMATRIX=0.000000177,1.000000241,-0.000001595,0.000000000,-0.999999759,0.000000850,0.000000402,0.000000000,-0.000000000,0.000000000,1.000000000,0.000000000,6.594999999,-0.000000000,66.500000000,1.000000000
ENTITYNAME=Tower_Device
