OBJECTMODELPOINTER=8f9d27e4-3a52-498c-9c64-55bb988da216.dev
BASEFAMILY=12c4b3d2-d50a-47af-a603-01bba17b1668.fam
TRANSFORMMATRIX=-0.023941126,0.114589089,-0.993124372,0.000000000,-0.978865090,-0.204507409,-0.000000910,0.000000000,-0.203100895,0.972134728,0.117064502,0.000000000,-7.500000000,-0.900000000,38.000000000,1.000000000
ENTITYNAME=Tower_Device
