OBJECTMODELPOINTER=33777c94-e4b9-4947-906f-f84480f3cb99.dev
BASEFAMILY=12c65990-1813-47da-8cce-42b0794f7e1e.fam
BLHA=28.31510010,113.40690744,78.265120,0.896163
TRANSFORMMATRIX=0.001460230,-0.999998934,0.000015971,0.000000000,0.999998934,0.001460230,-0.000001010,0.000000000,0.000000986,0.000015972,1.000000000,0.000000000,6.275959935,101.952201508,57.540704961,1.000000000
ENTITYNAME=Wire_Device
