OBJECTMODELPOINTER=8aff04eb-7a09-4a1a-b649-9be1a5afe18c.dev
BASEFAMILY=12cfcfa4-e6a1-4837-847a-0771b53ecd02.fam
TRANSFORMMATRIX=0.004337215,-0.999990251,0.000000862,0.000000000,0.999990940,0.004336749,-0.000001404,0.000000000,0.000000000,0.000000000,1.000000000,0.000000000,-11.870000000,-0.600000000,48.000000000,1.000000000
ENTITYNAME=Tower_Device
