ENTITYNAME=WIRE
BASEFAMILY=12d442f1-95eb-436c-afb4-efbe0d8c7581.fam
OBJECTMODELPOINTER=31970f28-780e-4bf1-8adb-439f78c329a3.dev
KVALUE=0.000287
SPLIT=1
POINT0.BLHA=28.46688419,113.40170203,216.341,242.026912
POINT0.MATRIX0=-0.883168008,-0.469056788,0.000000000,0.000000000,0.469056788,-0.883168008,0.000000000,0.000000000,0.000000000,-0.000000000,1.000000000,0.000000000,-11.939972454,-0.014393368,57.557999109,1.000000000
POINT1.BLHA=28.46688419,113.40170203,216.341,242.026912
POINT1.MATRIX0=-0.883168008,-0.469056788,0.000000000,0.000000000,0.469056788,-0.883168008,0.000000000,0.000000000,0.000000000,-0.000000000,1.000000000,0.000000000,-11.949332598,0.014645185,57.557999109,1.000000000
