OBJECTMODELPOINTER=33777c94-e4b9-4947-906f-f84480f3cb99.dev
BASEFAMILY=13066925-da3d-43fd-96fd-3393e1917c70.fam
BLHA=28.48698475,113.42051247,234.671308,224.957371
TRANSFORMMATRIX=0.014372569,-0.999896709,0.000016641,0.000000000,0.999896709,0.014372569,-0.000001742,0.000000000,0.000001503,0.000016664,1.000000000,0.000000000,9.844659970,106.125903473,29.543345323,1.000000000
ENTITYNAME=Wire_Device
