OBJECTMODELPOINTER=8ceb32f9-9694-4ed0-8b80-596f9db6518d.dev
BASEFAMILY=1308dba6-7811-4a56-9370-2024d60048aa.fam
TRANSFORMMATRIX=1.000000000,-0.000000000,-0.000000000,0.000000000,-0.000000000,1.000000000,-0.000000000,0.000000000,-0.000000000,-0.000000000,1.000000000,0.000000000,-0.000000000,-0.000000000,0.000000000,1.000000000
ENTITYNAME=Tower_Device
