OBJECTMODELPOINTER=33777c94-e4b9-4947-906f-f84480f3cb99.dev
BASEFAMILY=130802bc-df1d-4208-a043-8d17a7adda3a.fam
BLHA=28.60573334,113.47075261,228.044876,294.633001
TRANSFORMMATRIX=-0.001822018,-0.999998338,0.000058953,0.000000000,0.999998340,-0.001822017,0.000002140,0.000000000,-0.000002032,0.000058958,0.999999998,0.000000000,-13.699493210,374.758608863,6.580673143,1.000000000
ENTITYNAME=Wire_Device
