OBJECTMODELPOINTER=78ebe45a-4bee-4a8d-adfa-cd3062cc0101.dev
BASEFAMILY=130f6ebf-afdb-45a4-8548-190a14f877c4.fam
TRANSFORMMATRIX=-1.000000000,0.000000002,0.000000000,0.000000000,-0.000000002,-1.000000000,0.000000000,0.000000000,-0.000000000,-0.000000000,1.000000000,0.000000000,-10.800000001,0.000000000,66.999999999,1.000000000
ENTITYNAME=Tower_Device
