OBJECTMODELPOINTER=9c43299b-6c1e-4088-b696-cedb53435abd.dev
BASEFAMILY=131870e0-6ed2-49a9-bc0d-ff5027cc3543.fam
TRANSFORMMATRIX=0.005862152,0.999982428,-0.000001302,0.000000000,-0.999983205,0.005862473,-0.000001006,0.000000000,0.000000000,-0.000000000,1.000000000,0.000000000,-11.870000001,-0.000000000,48.000000000,1.000000000
ENTITYNAME=Tower_Device
