OBJECTMODELPOINTER=33777c94-e4b9-4947-906f-f84480f3cb99.dev
BASEFAMILY=1329df1b-29c2-4cee-b23f-dbd8c7ad0ef0.fam
BLHA=28.67276970,113.45923535,192.994115,456.641966
TRANSFORMMATRIX=-0.004941161,0.999987792,0.000006038,0.000000000,-0.999987792,-0.004941161,-0.000001152,0.000000000,-0.000001122,-0.000006043,1.000000000,0.000000000,-7.141403424,-38.376881549,22.273062445,1.000000000
ENTITYNAME=Wire_Device
