OBJECTMODELPOINTER=33777c94-e4b9-4947-906f-f84480f3cb99.dev
BASEFAMILY=1339e15c-73f1-4b12-83e6-108960a7f350.fam
BLHA=28.39175425,113.36683981,143.500019,249.667673
TRANSFORMMATRIX=-0.002638293,-0.999996519,0.000038270,0.000000000,0.999996520,-0.002638293,0.000002354,0.000000000,-0.000002253,0.000038277,0.999999999,0.000000000,-13.959862194,243.181043906,15.452183371,1.000000000
ENTITYNAME=Wire_Device
