OBJECTMODELPOINTER=33777c94-e4b9-4947-906f-f84480f3cb99.dev
BASEFAMILY=133e2953-bbdd-404c-94f0-aaf3d8e614d8.fam
BLHA=28.31775016,113.38284517,61.633463,329.270898
TRANSFORMMATRIX=-0.001025871,-0.999999472,0.000065917,0.000000000,0.999999474,-0.001025871,0.000001318,0.000000000,-0.000001250,0.000065917,0.999999998,0.000000000,-8.912882006,420.206474843,68.968776554,1.000000000
ENTITYNAME=Wire_Device
