OBJECTMODELPOINTER=33777c94-e4b9-4947-906f-f84480f3cb99.dev
BASEFAMILY=13436a1a-261c-45bd-9d3b-4c0b3babaecf.fam
BLHA=28.52615363,113.49352553,361.372655,210.734491
TRANSFORMMATRIX=0.000065014,-0.999999998,0.000017762,0.000000000,0.999999998,0.000065014,0.000000116,0.000000000,-0.000000117,0.000017762,1.000000000,0.000000000,-0.486148135,113.226362605,48.852465317,1.000000000
ENTITYNAME=Wire_Device
