OBJECTMODELPOINTER=33777c94-e4b9-4947-906f-f84480f3cb99.dev
BASEFAMILY=13588af7-2022-43d4-a390-73fc80291d36.fam
BLHA=28.34901903,113.36193338,109.289234,278.143009
TRANSFORMMATRIX=0.004087404,-0.999991646,0.000018010,0.000000000,0.999991647,0.004087404,0.000001940,0.000000000,-0.000002014,0.000018002,1.000000000,0.000000000,-12.938048385,114.330272693,20.682111597,1.000000000
ENTITYNAME=Wire_Device
