OBJECTMODELPOINTER=33777c94-e4b9-4947-906f-f84480f3cb99.dev
BASEFAMILY=136aeab2-f4c5-41f8-a927-e36b0c121b13.fam
BLHA=28.56112925,113.50240150,222.763342,308.993779
TRANSFORMMATRIX=-0.070057038,-0.997542986,0.000048882,0.000000000,0.997542987,-0.070057038,0.000000100,0.000000000,0.000003325,0.000048770,0.999999999,0.000000000,20.395547020,310.283916710,83.813270415,1.000000000
ENTITYNAME=Wire_Device
