ENTITYNAME=WIRE
BASEFAMILY=136b933e-4be4-4f74-b1e3-02b339054a48.fam
OBJECTMODELPOINTER=81b82497-164d-48c0-b1cb-18fa700dacdf.dev
KVALUE=0.000000
SPLIT=4
POINT0.BLHA=28.42674606,113.37865854,204.107,254.006183
POINT0.MATRIX0=-0.961291434,-0.275533624,-0.000000000,0.000000000,0.275533624,-0.961291434,-0.000000000,0.000000000,-0.000000000,-0.000000000,1.000000000,0.000000000,12.095897685,-0.108402499,25.000000074,1.000000000
POINT0.MATRIX1=-0.961291434,-0.275533624,-0.000000000,0.000000000,0.275533624,-0.961291434,-0.000000000,0.000000000,-0.000000000,-0.000000000,1.000000000,0.000000000,12.095897685,-0.108402500,25.449997022,1.000000000
POINT0.MATRIX2=-0.961291434,-0.275533624,-0.000000000,0.000000000,0.275533624,-0.961291434,-0.000000000,0.000000000,-0.000000000,-0.000000000,1.000000000,0.000000000,11.645722327,-0.111465772,25.449997022,1.000000000
POINT0.MATRIX3=-0.961291434,-0.275533624,-0.000000000,0.000000000,0.275533624,-0.961291434,-0.000000000,0.000000000,-0.000000000,-0.000000000,1.000000000,0.000000000,11.645722327,-0.111465772,25.000000074,1.000000000
POINT1.BLHA=28.42674606,113.37865854,204.107,254.006183
POINT1.MATRIX0=-0.961291434,-0.275533624,-0.000000000,0.000000000,0.275533624,-0.961291434,-0.000000000,0.000000000,-0.000000000,-0.000000000,1.000000000,0.000000000,12.095252445,0.001588567,25.000000074,1.000000000
POINT1.MATRIX1=-0.961291434,-0.275533624,-0.000000000,0.000000000,0.275533624,-0.961291434,-0.000000000,0.000000000,-0.000000000,-0.000000000,1.000000000,0.000000000,12.095252445,0.001588567,25.449997022,1.000000000
POINT1.MATRIX2=-0.961291434,-0.275533624,-0.000000000,0.000000000,0.275533624,-0.961291434,-0.000000000,0.000000000,-0.000000000,-0.000000000,1.000000000,0.000000000,11.645077088,-0.001474706,25.449997022,1.000000000
POINT1.MATRIX3=-0.961291434,-0.275533624,-0.000000000,0.000000000,0.275533624,-0.961291434,-0.000000000,0.000000000,-0.000000000,-0.000000000,1.000000000,0.000000000,11.645077088,-0.001474705,25.000000074,1.000000000
