OBJECTMODELPOINTER=33777c94-e4b9-4947-906f-f84480f3cb99.dev
BASEFAMILY=136b6459-21e0-4d67-adff-9ded9f1ecad4.fam
BLHA=28.33513056,113.36426418,74.466119,467.201749
TRANSFORMMATRIX=-0.154736623,0.987955756,0.000049332,0.000000000,-0.987955757,-0.154736623,0.000000338,0.000000000,0.000007967,-0.000048686,0.999999999,0.000000000,51.289051003,-309.366185678,20.127918542,1.000000000
ENTITYNAME=Wire_Device
