OBJECTMODELPOINTER=1867ca2f-a28d-460f-9744-38a1de6e1ba5.dev
BASEFAMILY=137154f8-41bc-4634-a6d4-2fcd1ffab82e.fam
TRANSFORMMATRIX=-1.000000000,-0.000000064,0.000000000,0.000000000,0.000000064,-1.000000000,-0.000000000,0.000000000,0.000000000,-0.000000000,1.000000000,0.000000000,11.320000000,0.000000000,67.000000000,1.000000000
ENTITYNAME=Tower_Device
