OBJECTMODELPOINTER=33777c94-e4b9-4947-906f-f84480f3cb99.dev
BASEFAMILY=137db22b-aa29-4864-bc6a-eeb3e95b6c15.fam
BLHA=28.72596649,113.45194319,126.516960,450.796525
TRANSFORMMATRIX=-0.233187644,0.972431757,0.000037857,0.000000000,-0.972431757,-0.233187644,0.000001235,0.000000000,0.000010029,-0.000036526,0.999999999,0.000000000,64.031217458,-231.955410101,35.405608068,1.000000000
ENTITYNAME=Wire_Device
