OBJECTMODELPOINTER=13a5b020-89d9-41e9-bc1e-84a1767c77cb.dev
BASEFAMILY=138af51b-64cf-4b0e-a4c5-847ed7f4d1b8.fam
TRANSFORMMATRIX=-0.030208443,0.143830452,-0.989141072,0.000000000,-0.978649191,-0.205538199,-0.000000933,0.000000000,-0.203305891,0.968022030,0.146969604,0.000000000,7.500000000,-2.038999999,24.000000000,1.000000000
ENTITYNAME=Tower_Device
