OBJECTMODELPOINTER=33777c94-e4b9-4947-906f-f84480f3cb99.dev
BASEFAMILY=138fedcf-d7da-474b-93aa-1f16ba84f441.fam
BLHA=28.70879307,113.45409149,169.216562,451.156517
TRANSFORMMATRIX=-0.105191283,0.994452007,0.000018414,0.000000000,-0.994452007,-0.105191283,0.000000265,0.000000000,0.000002201,-0.000018284,1.000000000,0.000000000,14.058416060,-116.110834240,33.406854558,1.000000000
ENTITYNAME=Wire_Device
