OBJECTMODELPOINTER=33777c94-e4b9-4947-906f-f84480f3cb99.dev
BASEFAMILY=1396a037-5cde-480e-9898-c459aa2df3a0.fam
BLHA=28.74846038,113.45710577,102.803547,427.264866
TRANSFORMMATRIX=0.615775686,0.787921509,0.000000333,0.000000000,-0.787921509,0.615775686,0.000001319,0.000000000,0.000000835,-0.000001074,1.000000000,0.000000000,5.309975116,-6.818692978,35.179532929,1.000000000
ENTITYNAME=Wire_Device
