OBJECTMODELPOINTER=4523fbb1-a3b5-4209-8344-25a038cbb698.dev
BASEFAMILY=139ba5ef-c52d-4d0b-8e89-969d15f78ea4.fam
TRANSFORMMATRIX=-0.008476950,-0.152162587,-0.988318811,0.000000000,0.998452001,-0.055625702,-0.000000562,0.000000000,-0.054976672,-0.986788651,0.152399885,0.000000000,5.500000000,0.900000000,44.000000000,1.000000000
ENTITYNAME=Tower_Device
