OBJECTMODELPOINTER=33777c94-e4b9-4947-906f-f84480f3cb99.dev
BASEFAMILY=13a672f2-8295-46bf-b4c0-9884e7fd2d3c.fam
BLHA=28.60915768,113.46895250,187.940881,294.633001
TRANSFORMMATRIX=0.000008414,-0.999999999,0.000038175,0.000000000,1.000000000,0.000008414,0.000000094,0.000000000,-0.000000094,0.000038174,0.999999999,0.000000000,-1.076938252,242.641661848,57.024604799,1.000000000
ENTITYNAME=Wire_Device
