OBJECTMODELPOINTER=4f56f9b8-ad5d-4fc1-82b9-7dc69c1517d4.dev
BASEFAMILY=13a62d23-3da7-461a-878e-2fd4d2f30e80.fam
TRANSFORMMATRIX=0.000000414,0.999999987,-0.000000079,0.000000000,-1.000000013,-0.000000414,0.000001643,0.000000000,0.000000000,-0.000000000,1.000000000,0.000000000,8.002000000,-0.000000000,51.000000000,1.000000000
ENTITYNAME=Tower_Device
