OBJECTMODELPOINTER=33777c94-e4b9-4947-906f-f84480f3cb99.dev
BASEFAMILY=13b286ee-823b-47dd-b1a6-98f54f39c4ef.fam
BLHA=28.38483527,113.36398740,139.075387,249.667673
TRANSFORMMATRIX=0.008025870,-0.999967792,0.000014803,0.000000000,0.999967792,0.008025870,-0.000001759,0.000000000,0.000001641,0.000014817,1.000000000,0.000000000,10.624217842,94.165636710,17.425542587,1.000000000
ENTITYNAME=Wire_Device
