OBJECTMODELPOINTER=33777c94-e4b9-4947-906f-f84480f3cb99.dev
BASEFAMILY=13b7daf1-0864-4295-9152-7d52bb4b40d7.fam
BLHA=28.31510010,113.40690744,78.265120,0.896163
TRANSFORMMATRIX=-0.002084534,-0.999997827,0.000035889,0.000000000,0.999997827,-0.002084534,0.000001777,0.000000000,-0.000001702,0.000035893,0.999999999,0.000000000,-10.787044605,229.106840191,38.281281707,1.000000000
ENTITYNAME=Wire_Device
