OBJECTMODELPOINTER=631647c4-727f-40f5-a485-084c5c591d2d.dev
BASEFAMILY=13bbdf59-89b0-4629-a4e2-1264237285e8.fam
TRANSFORMMATRIX=0.001590742,0.193151070,-0.981167844,0.000000000,-0.999966001,0.008233546,0.000000600,0.000000000,0.008077217,0.981134578,0.193157187,0.000000000,-9.725000001,-1.247578019,30.000000000,1.000000000
ENTITYNAME=Tower_Device
