OBJECTMODELPOINTER=33777c94-e4b9-4947-906f-f84480f3cb99.dev
BASEFAMILY=13bef224-2b2c-43f8-9c52-2a3751f8e89e.fam
BLHA=28.74269478,113.45578230,73.560853,258.301958
TRANSFORMMATRIX=-0.000004957,-0.999999999,0.000051104,0.000000000,1.000000000,-0.000004957,0.000002372,0.000000000,-0.000002371,0.000051105,0.999999999,0.000000000,-14.802302944,324.583682785,51.885199844,1.000000000
ENTITYNAME=Wire_Device
