OBJECTMODELPOINTER=33777c94-e4b9-4947-906f-f84480f3cb99.dev
BASEFAMILY=13bf349c-2993-444f-b40b-5abf59d1518d.fam
BLHA=28.30572385,113.43813150,65.831158,307.005893
TRANSFORMMATRIX=0.006255956,-0.999980431,0.000023380,0.000000000,0.999980431,0.006255956,0.000001536,0.000000000,-0.000001683,0.000023369,1.000000000,0.000000000,-11.093431881,148.702826535,40.079467182,1.000000000
ENTITYNAME=Wire_Device
