ENTITYNAME=WIRE
BASEFAMILY=13c11e21-0f11-4722-9a41-2c138eb08c25.fam
OBJECTMODELPOINTER=81b82497-164d-48c0-b1cb-18fa700dacdf.dev
KVALUE=0.000000
SPLIT=4
POINT0.BLHA=28.48698475,113.42051247,234.671,224.957371
POINT0.MATRIX0=-0.706580481,-0.707632690,0.000000000,0.000000000,0.707632690,-0.706580481,0.000000000,0.000000000,-0.000000000,-0.000000000,1.000000000,0.000000000,12.095034649,-0.480026684,40.741100282,1.000000000
POINT0.MATRIX1=-0.706580481,-0.707632690,0.000000000,0.000000000,0.707632690,-0.706580481,0.000000000,0.000000000,-0.000000000,-0.000000000,1.000000000,0.000000000,12.095034650,-0.480026685,41.191101045,1.000000000
POINT0.MATRIX2=-0.706580481,-0.707632690,0.000000000,0.000000000,0.707632690,-0.706580481,0.000000000,0.000000000,-0.000000000,-0.000000000,1.000000000,0.000000000,11.645151638,-0.480016142,41.191101045,1.000000000
POINT0.MATRIX3=-0.706580481,-0.707632690,0.000000000,0.000000000,0.707632690,-0.706580481,0.000000000,0.000000000,-0.000000000,-0.000000000,1.000000000,0.000000000,11.645151638,-0.480016142,40.741100282,1.000000000
POINT1.BLHA=28.48698475,113.42051247,234.671,224.957371
POINT1.MATRIX0=-0.706580481,-0.707632690,0.000000000,0.000000000,0.707632690,-0.706580481,0.000000000,0.000000000,-0.000000000,-0.000000000,1.000000000,0.000000000,12.093289850,0.476853926,40.741100282,1.000000000
POINT1.MATRIX1=-0.706580481,-0.707632690,0.000000000,0.000000000,0.707632690,-0.706580481,0.000000000,0.000000000,-0.000000000,-0.000000000,1.000000000,0.000000000,12.093289851,0.476853926,41.191101045,1.000000000
POINT1.MATRIX2=-0.706580481,-0.707632690,0.000000000,0.000000000,0.707632690,-0.706580481,0.000000000,0.000000000,-0.000000000,-0.000000000,1.000000000,0.000000000,11.643056697,0.483424289,41.191101045,1.000000000
POINT1.MATRIX3=-0.706580481,-0.707632690,0.000000000,0.000000000,0.707632690,-0.706580481,0.000000000,0.000000000,-0.000000000,-0.000000000,1.000000000,0.000000000,11.643056697,0.483424289,40.741100282,1.000000000
