OBJECTMODELPOINTER=990fa082-9e35-402e-a972-24f3f57b1840.dev
BASEFAMILY=13c84b60-647e-4272-8424-97103f845b34.fam
TRANSFORMMATRIX=-0.224936177,-0.304864072,-0.925451891,0.000000000,0.804676560,-0.593713774,-0.000000860,0.000000000,-0.549453528,-0.744689193,0.378865183,0.000000000,-8.500000000,0.732500000,59.500000001,1.000000000
ENTITYNAME=Tower_Device
