OBJECTMODELPOINTER=33777c94-e4b9-4947-906f-f84480f3cb99.dev
BASEFAMILY=13d81bf8-2f24-4b5d-a7c3-ff515ada72f0.fam
BLHA=28.31523299,113.41422428,48.000024,0.896163
TRANSFORMMATRIX=0.000000900,-1.000000000,0.000005206,0.000000000,1.000000000,0.000000900,0.000001085,0.000000000,-0.000001085,0.000005205,1.000000000,0.000000000,-6.888620494,33.229187656,54.576497652,1.000000000
ENTITYNAME=Wire_Device
