OBJECTMODELPOINTER=33777c94-e4b9-4947-906f-f84480f3cb99.dev
BASEFAMILY=13e2b75c-78d0-42c2-a1be-4eaeb7b30fa1.fam
BLHA=28.31515909,113.41015274,70.673124,0.896163
TRANSFORMMATRIX=0.000005431,-1.000000000,0.000005018,0.000000000,1.000000000,0.000005431,0.000001084,0.000000000,-0.000001085,0.000005018,1.000000000,0.000000000,-6.882956799,32.028339979,55.189706373,1.000000000
ENTITYNAME=Wire_Device
