OBJECTMODELPOINTER=33777c94-e4b9-4947-906f-f84480f3cb99.dev
BASEFAMILY=13e4336b-a42c-46c3-bff6-e3636990ab62.fam
BLHA=28.31515909,113.41015274,70.673124,0.896163
TRANSFORMMATRIX=0.000000561,-1.000000000,0.000005028,0.000000000,1.000000000,0.000000561,-0.000000993,0.000000000,0.000000992,0.000005028,1.000000000,0.000000000,6.305873431,32.092757709,55.189773556,1.000000000
ENTITYNAME=Wire_Device
