OBJECTMODELPOINTER=6f8a0549-52dc-45af-9002-9bc99a5f5687.dev
BASEFAMILY=13e5d9ec-36da-4699-88b8-74191ee7a0c0.fam
TRANSFORMMATRIX=1.000000000,-0.000000000,0.000000000,0.000000000,-0.000000000,1.000000000,-0.000000000,0.000000000,0.000000000,-0.000000000,1.000000000,0.000000000,-6.533701387,-6.533684889,-0.000001395,1.000000000
ENTITYNAME=Tower_Device
