OBJECTMODELPOINTER=146d895a-fdff-4646-a5ce-e15abbf3f3eb.dev
BASEFAMILY=13ee8716-b7c4-479c-9155-3e17205ceee6.fam
TRANSFORMMATRIX=0.000000000,-1.000000000,0.000000000,0.000000000,1.000000000,0.000000000,0.000000000,0.000000000,-0.000000000,0.000000000,1.000000000,0.000000000,-5.810106061,5.809335336,0.000000301,1.000000000
ENTITYNAME=Tower_Device
