ENTITYNAME=WIRE
BASEFAMILY=13f3045c-2556-4a29-920d-f04db5223e51.fam
OBJECTMODELPOINTER=81b82497-164d-48c0-b1cb-18fa700dacdf.dev
KVALUE=0.000369
SPLIT=4
POINT0.BLHA=28.42674606,113.37865854,204.107,254.006183
POINT0.MATRIX0=-0.961291434,-0.275533624,-0.000000000,0.000000000,0.275533624,-0.961291434,-0.000000000,0.000000000,-0.000000000,-0.000000000,1.000000000,0.000000000,-11.644389612,0.108295674,25.000000074,1.000000000
POINT0.MATRIX1=-0.961291434,-0.275533624,-0.000000000,0.000000000,0.275533624,-0.961291434,-0.000000000,0.000000000,-0.000000000,-0.000000000,1.000000000,0.000000000,-11.644389612,0.108295674,25.449997022,1.000000000
POINT0.MATRIX2=-0.961291434,-0.275533624,-0.000000000,0.000000000,0.275533624,-0.961291434,-0.000000000,0.000000000,-0.000000000,-0.000000000,1.000000000,0.000000000,-12.094301902,0.111403120,25.449997023,1.000000000
POINT0.MATRIX3=-0.961291434,-0.275533624,-0.000000000,0.000000000,0.275533624,-0.961291434,-0.000000000,0.000000000,-0.000000000,-0.000000000,1.000000000,0.000000000,-12.094301902,0.111403120,25.000000075,1.000000000
POINT1.BLHA=28.42194077,113.37713088,216.761,254.006183
POINT1.MATRIX0=-0.961291434,-0.275533624,-0.000000000,0.000000000,0.275533624,-0.961291434,0.000000000,0.000000000,-0.000000000,0.000000000,1.000000000,0.000000000,-12.505230906,-0.110491965,43.000004116,1.000000000
POINT1.MATRIX1=-0.961291434,-0.275533624,-0.000000000,0.000000000,0.275533624,-0.961291434,0.000000000,0.000000000,-0.000000000,0.000000000,1.000000000,0.000000000,-12.505230906,-0.110491965,43.450001065,1.000000000
POINT1.MATRIX2=-0.961291434,-0.275533624,-0.000000000,0.000000000,0.275533624,-0.961291434,0.000000000,0.000000000,-0.000000000,0.000000000,1.000000000,0.000000000,-12.955543806,-0.109531118,43.450001064,1.000000000
POINT1.MATRIX3=-0.961291434,-0.275533624,-0.000000000,0.000000000,0.275533624,-0.961291434,0.000000000,0.000000000,-0.000000000,0.000000000,1.000000000,0.000000000,-12.955543806,-0.109531118,43.000004115,1.000000000
