OBJECTMODELPOINTER=73cec247-97b7-4629-8cc7-f0ec6fe12c75.dev
BASEFAMILY=13f5a1d9-bb08-4c85-8a2b-735959bbd27c.fam
TRANSFORMMATRIX=-1.000000000,-0.000000036,0.000000000,0.000000000,0.000000036,-1.000000000,-0.000000000,0.000000000,0.000000000,0.000000000,1.000000000,0.000000000,9.870000000,0.000000000,55.000000000,1.000000000
ENTITYNAME=Tower_Device
