OBJECTMODELPOINTER=33777c94-e4b9-4947-906f-f84480f3cb99.dev
BASEFAMILY=13f7d493-d2ea-4278-8a25-e2dafdbc90ca.fam
BLHA=28.38483527,113.36398740,139.075387,249.667673
TRANSFORMMATRIX=-0.018678177,-0.999825547,0.000034716,0.000000000,0.999825548,-0.018678177,0.000002107,0.000000000,-0.000001458,0.000034749,0.999999999,0.000000000,-8.926420769,220.780076944,3.978714005,1.000000000
ENTITYNAME=Wire_Device
