OBJECTMODELPOINTER=6f342685-045e-4ac3-98ce-051eb82377fd.dev
BASEFAMILY=140bfeea-a4f1-4431-ab95-69f9e5d1a8f5.fam
TRANSFORMMATRIX=-1.000000000,-0.000000036,0.000000000,0.000000000,0.000000036,-1.000000000,-0.000000000,0.000000000,0.000000000,-0.000000000,1.000000000,0.000000000,11.320000000,0.000000000,67.000000001,1.000000000
ENTITYNAME=Tower_Device
