OBJECTMODELPOINTER=33777c94-e4b9-4947-906f-f84480f3cb99.dev
BASEFAMILY=1441ca0f-d17d-4702-b957-e2b71826459a.fam
BLHA=28.32529000,113.37096013,66.626202,509.137564
TRANSFORMMATRIX=-0.369920968,0.929063225,0.000038644,0.000000000,-0.929063225,-0.369920969,0.000000295,0.000000000,0.000014569,-0.000035793,0.999999999,0.000000000,93.166204292,-228.371974702,44.249748697,1.000000000
ENTITYNAME=Wire_Device
