OBJECTMODELPOINTER=2770b339-f4a4-4a1e-8b4e-8ee370c4ac1b.dev
BASEFAMILY=144c2c7b-97ce-4c28-ae6b-3ddd28265233.fam
TRANSFORMMATRIX=0.000000565,1.000000263,-0.000000653,0.000000000,-0.999999737,-0.000000073,0.000001510,0.000000000,-0.000000000,-0.000000000,1.000000000,0.000000000,7.341999999,-0.000000000,42.000000000,1.000000000
ENTITYNAME=Tower_Device
