OBJECTMODELPOINTER=33777c94-e4b9-4947-906f-f84480f3cb99.dev
BASEFAMILY=144e3a34-25f3-4cb7-90e4-fef232e58bd3.fam
BLHA=28.31294059,113.42646212,52.368358,335.449580
TRANSFORMMATRIX=0.000025665,-0.999999998,0.000050944,0.000000000,1.000000000,0.000025665,-0.000001308,0.000000000,0.000001307,0.000050944,0.999999999,0.000000000,7.668487036,324.868286785,36.985905498,1.000000000
ENTITYNAME=Wire_Device
