OBJECTMODELPOINTER=33777c94-e4b9-4947-906f-f84480f3cb99.dev
BASEFAMILY=144eb845-cb15-4495-ba76-1ba6a86b58ea.fam
BLHA=28.28708442,113.44692142,57.763329,308.127846
TRANSFORMMATRIX=-0.000679169,-0.999999769,0.000039756,0.000000000,0.999999769,-0.000679168,0.000001212,0.000000000,-0.000001185,0.000039756,0.999999999,0.000000000,-8.190968792,252.969774801,58.053186857,1.000000000
ENTITYNAME=Wire_Device
