OBJECTMODELPOINTER=33777c94-e4b9-4947-906f-f84480f3cb99.dev
BASEFAMILY=145925f1-5826-4d81-b20c-73edcfdbe57c.fam
BLHA=28.50469488,113.45163258,174.515783,200.251669
TRANSFORMMATRIX=0.002715660,-0.999996311,0.000052065,0.000000000,0.999996313,0.002715660,0.000000110,0.000000000,-0.000000251,0.000052065,0.999999999,0.000000000,-1.038543108,332.126825839,24.624167168,1.000000000
ENTITYNAME=Wire_Device
