OBJECTMODELPOINTER=33777c94-e4b9-4947-906f-f84480f3cb99.dev
BASEFAMILY=145b7a38-15ea-44df-a091-0035d4cee2d0.fam
BLHA=28.31566161,113.38686189,71.437616,329.270898
TRANSFORMMATRIX=-0.007547836,-0.999971515,0.000016687,0.000000000,0.999971515,-0.007547836,-0.000001402,0.000000000,0.000001528,0.000016676,1.000000000,0.000000000,9.471553449,106.274928718,37.630415063,1.000000000
ENTITYNAME=Wire_Device
