OBJECTMODELPOINTER=33777c94-e4b9-4947-906f-f84480f3cb99.dev
BASEFAMILY=145ed5eb-3579-4ac4-9f42-3c2ed6cd3c0d.fam
BLHA=28.66021577,113.46120276,152.793290,277.610658
TRANSFORMMATRIX=-0.005251351,-0.999986211,0.000027809,0.000000000,0.999986212,-0.005251351,0.000002194,0.000000000,-0.000002047,0.000027821,1.000000000,0.000000000,-13.188746236,176.692233514,51.857011239,1.000000000
ENTITYNAME=Wire_Device
