OBJECTMODELPOINTER=33777c94-e4b9-4947-906f-f84480f3cb99.dev
BASEFAMILY=146280cb-a643-4f05-b382-672e66694cd3.fam
BLHA=28.68956538,113.45703476,163.838478,277.425083
TRANSFORMMATRIX=0.005022828,-0.999987385,0.000029133,0.000000000,0.999987386,0.005022828,-0.000001975,0.000000000,0.000001829,0.000029142,1.000000000,0.000000000,11.549638376,185.073243640,44.864667515,1.000000000
ENTITYNAME=Wire_Device
