OBJECTMODELPOINTER=33777c94-e4b9-4947-906f-f84480f3cb99.dev
BASEFAMILY=146304ca-5f6d-4239-9ea2-4cacec232fa1.fam
BLHA=28.75811652,113.46436186,140.284510,236.227775
TRANSFORMMATRIX=-0.000009969,-0.999999999,0.000030517,0.000000000,1.000000000,-0.000009969,0.000000214,0.000000000,-0.000000214,0.000030517,0.999999999,0.000000000,-0.899116862,194.098554381,8.907583158,1.000000000
ENTITYNAME=Wire_Device
