OBJECTMODELPOINTER=33777c94-e4b9-4947-906f-f84480f3cb99.dev
BASEFAMILY=146a32e1-93a4-4610-ade0-8c1b8157d1ba.fam
BLHA=28.27757020,113.46637333,93.774105,312.669055
TRANSFORMMATRIX=0.001235644,-0.999999236,0.000018285,0.000000000,0.999999237,0.001235644,-0.000001515,0.000000000,0.000001492,0.000018287,1.000000000,0.000000000,9.203482693,116.374821020,43.379350797,1.000000000
ENTITYNAME=Wire_Device
