OBJECTMODELPOINTER=33777c94-e4b9-4947-906f-f84480f3cb99.dev
BASEFAMILY=147043c1-2c3d-49a2-bb26-1c94622db3e1.fam
BLHA=28.68060600,113.45831192,164.595225,275.673275
TRANSFORMMATRIX=0.002379270,-0.999997168,0.000051415,0.000000000,0.999997170,0.002379270,-0.000001789,0.000000000,0.000001667,0.000051419,0.999999999,0.000000000,10.474241505,326.542976894,43.679757315,1.000000000
ENTITYNAME=Wire_Device
