OBJECTMODELPOINTER=33777c94-e4b9-4947-906f-f84480f3cb99.dev
BASEFAMILY=1475f125-d14d-41cb-9d35-b6aae1d4f357.fam
BLHA=28.31435017,113.39267151,117.559440,4.996372
TRANSFORMMATRIX=0.000011290,-1.000000000,0.000016106,0.000000000,1.000000000,0.000011290,0.000001371,0.000000000,-0.000001371,0.000016106,1.000000000,0.000000000,-8.660090015,102.798537567,25.115345258,1.000000000
ENTITYNAME=Wire_Device
