OBJECTMODELPOINTER=33777c94-e4b9-4947-906f-f84480f3cb99.dev
BASEFAMILY=147ae008-0775-4155-9312-1242562ab1d1.fam
BLHA=28.28492071,113.44885804,59.682173,504.180323
TRANSFORMMATRIX=-0.181059607,0.983472124,0.000000971,0.000000000,-0.983472124,-0.181059607,0.000001444,0.000000000,0.000001596,-0.000000693,1.000000000,0.000000000,10.160399587,-4.443698843,31.355418087,1.000000000
ENTITYNAME=Wire_Device
