OBJECTMODELPOINTER=33777c94-e4b9-4947-906f-f84480f3cb99.dev
BASEFAMILY=14a11ee6-27fb-4b0b-b4a8-69b337c669c3.fam
BLHA=28.56112925,113.50240150,222.763342,308.993779
TRANSFORMMATRIX=-0.140439109,-0.990089318,0.000001056,0.000000000,0.990089318,-0.140439109,0.000001690,0.000000000,-0.000001525,0.000001283,1.000000000,0.000000000,-9.734232665,8.190558619,30.547095645,1.000000000
ENTITYNAME=Wire_Device
