OBJECTMODELPOINTER=33777c94-e4b9-4947-906f-f84480f3cb99.dev
BASEFAMILY=14a51b2f-56b6-47f2-8fc1-dd1b76c316bc.fam
BLHA=28.28033977,113.46346380,83.899072,326.450928
TRANSFORMMATRIX=-0.241026521,-0.970518529,0.000016702,0.000000000,0.970518529,-0.241026521,0.000001353,0.000000000,0.000002713,0.000016536,1.000000000,0.000000000,16.999589116,105.340068095,53.950377636,1.000000000
ENTITYNAME=Wire_Device
