OBJECTMODELPOINTER=33777c94-e4b9-4947-906f-f84480f3cb99.dev
BASEFAMILY=14b7fa73-e395-484f-a929-61f193c03281.fam
BLHA=28.45391595,113.39400228,204.515406,242.026912
TRANSFORMMATRIX=0.008086921,-0.999967298,0.000068322,0.000000000,0.999967300,0.008086921,0.000001665,0.000000000,-0.000002217,0.000068306,0.999999998,0.000000000,-13.199486038,434.220890774,45.985339444,1.000000000
ENTITYNAME=Wire_Device
