OBJECTMODELPOINTER=33777c94-e4b9-4947-906f-f84480f3cb99.dev
BASEFAMILY=14bc28d8-dd69-4527-b061-ac18cc620632.fam
BLHA=28.31135450,113.43043530,49.303319,335.449580
TRANSFORMMATRIX=-0.004727663,-0.999988824,0.000030004,0.000000000,0.999988825,-0.004727662,-0.000001052,0.000000000,0.000001194,0.000029998,1.000000000,0.000000000,7.214167585,191.292786315,21.252232836,1.000000000
ENTITYNAME=Wire_Device
