OBJECTMODELPOINTER=33777c94-e4b9-4947-906f-f84480f3cb99.dev
BASEFAMILY=14c6590d-b9a7-4313-949f-8342e789ca7b.fam
BLHA=28.79327466,113.49529712,200.216421,221.400685
TRANSFORMMATRIX=-0.000030871,-0.999999997,0.000073557,0.000000000,1.000000000,-0.000030870,0.000002503,0.000000000,-0.000002501,0.000073557,0.999999997,0.000000000,-14.716975506,468.440478074,14.085136128,1.000000000
ENTITYNAME=Wire_Device
