OBJECTMODELPOINTER=33777c94-e4b9-4947-906f-f84480f3cb99.dev
BASEFAMILY=14c99b21-aa77-4fae-9877-f1cf0ce716eb.fam
BLHA=28.81044857,113.51462416,146.504318,227.348291
TRANSFORMMATRIX=-0.000012762,-0.999999999,0.000034583,0.000000000,1.000000000,-0.000012762,0.000002094,0.000000000,-0.000002094,0.000034583,0.999999999,0.000000000,-12.768227699,220.104688577,53.885986327,1.000000000
ENTITYNAME=Wire_Device
