OBJECTMODELPOINTER=864aa955-f06e-4d16-8813-9cfd40259580.dev
BASEFAMILY=14cc289d-8789-4dc2-bbbc-84aec0d91669.fam
TRANSFORMMATRIX=1.000000000,0.000000000,-0.000000000,0.000000000,0.000000000,1.000000000,0.000000000,0.000000000,0.000000000,0.000000000,1.000000000,0.000000000,0.000000000,0.000000000,0.000000000,1.000000000
ENTITYNAME=Tower_Device
