OBJECTMODELPOINTER=33777c94-e4b9-4947-906f-f84480f3cb99.dev
BASEFAMILY=14e25492-ef45-41ef-b107-ab3cbd00bb42.fam
BLHA=28.42194077,113.37713088,216.761088,254.006183
TRANSFORMMATRIX=0.001186037,-0.999999295,0.000049886,0.000000000,0.999999297,0.001186038,0.000002321,0.000000000,-0.000002380,0.000049883,0.999999999,0.000000000,-14.747376168,316.866350065,-0.603975903,1.000000000
ENTITYNAME=Wire_Device
