ENTITYNAME=WIRE
BASEFAMILY=14f9e9d1-f86c-4032-aac5-e182861d0df3.fam
OBJECTMODELPOINTER=81b82497-164d-48c0-b1cb-18fa700dacdf.dev
KVALUE=0.000000
SPLIT=4
POINT0.BLHA=28.33513056,113.36426418,74.466,467.201749
POINT0.MATRIX0=0.955269333,-0.295737218,0.000000000,0.000000000,0.295737218,0.955269333,0.000000000,0.000000000,-0.000000000,-0.000000000,1.000000000,0.000000000,-9.725131716,0.001069725,25.790007139,1.000000000
POINT0.MATRIX1=0.955269333,-0.295737218,0.000000000,0.000000000,0.295737218,0.955269333,0.000000000,0.000000000,-0.000000000,-0.000000000,1.000000000,0.000000000,-9.725131716,0.001069725,26.240007143,1.000000000
POINT0.MATRIX2=0.955269333,-0.295737218,0.000000000,0.000000000,0.295737218,0.955269333,0.000000000,0.000000000,-0.000000000,-0.000000000,1.000000000,0.000000000,-9.275131758,0.001069412,26.240007143,1.000000000
POINT0.MATRIX3=0.955269333,-0.295737218,0.000000000,0.000000000,0.295737218,0.955269333,0.000000000,0.000000000,-0.000000000,-0.000000000,1.000000000,0.000000000,-9.275131758,0.001069412,25.790007139,1.000000000
POINT1.BLHA=28.33513056,113.36426418,74.466,467.201749
POINT1.MATRIX0=0.955269333,-0.295737218,0.000000000,0.000000000,0.295737218,0.955269333,0.000000000,0.000000000,-0.000000000,-0.000000000,1.000000000,0.000000000,-9.725131776,-0.000930411,25.790007139,1.000000000
POINT1.MATRIX1=0.955269333,-0.295737218,0.000000000,0.000000000,0.295737218,0.955269333,0.000000000,0.000000000,-0.000000000,-0.000000000,1.000000000,0.000000000,-9.725131776,-0.000930411,26.240007143,1.000000000
POINT1.MATRIX2=0.955269333,-0.295737218,0.000000000,0.000000000,0.295737218,0.955269333,0.000000000,0.000000000,-0.000000000,-0.000000000,1.000000000,0.000000000,-9.275131660,-0.000930274,26.240007143,1.000000000
POINT1.MATRIX3=0.955269333,-0.295737218,0.000000000,0.000000000,0.295737218,0.955269333,0.000000000,0.000000000,-0.000000000,-0.000000000,1.000000000,0.000000000,-9.275131660,-0.000930274,25.790007140,1.000000000
