OBJECTMODELPOINTER=33777c94-e4b9-4947-906f-f84480f3cb99.dev
BASEFAMILY=15043172-85da-431d-8095-19dfafc27f64.fam
BLHA=28.64674167,113.46331381,165.940967,277.610658
TRANSFORMMATRIX=0.000003707,-1.000000000,0.000029175,0.000000000,1.000000000,0.000003707,0.000001970,0.000000000,-0.000001970,0.000029175,1.000000000,0.000000000,-12.702141079,185.294716371,11.165347587,1.000000000
ENTITYNAME=Wire_Device
