OBJECTMODELPOINTER=33777c94-e4b9-4947-906f-f84480f3cb99.dev
BASEFAMILY=150ef3b9-2f0b-4033-9f11-7c5f1dd44132.fam
BLHA=28.68060600,113.45831192,164.595225,275.673275
TRANSFORMMATRIX=-0.002374418,-0.999997181,0.000028597,0.000000000,0.999997181,-0.002374417,0.000002110,0.000000000,-0.000002042,0.000028602,1.000000000,0.000000000,-13.124278573,181.646691253,33.926835550,1.000000000
ENTITYNAME=Wire_Device
