OBJECTMODELPOINTER=33777c94-e4b9-4947-906f-f84480f3cb99.dev
BASEFAMILY=151181ad-b13b-44ea-8d3e-f2a0b9821837.fam
BLHA=28.32529000,113.37096013,66.626202,509.137564
TRANSFORMMATRIX=0.022234271,0.999752788,-0.000000138,0.000000000,-0.999752788,0.022234271,0.000001575,0.000000000,0.000001578,0.000000103,1.000000000,0.000000000,10.030776118,0.636217319,25.529003320,1.000000000
ENTITYNAME=Wire_Device
