OBJECTMODELPOINTER=33777c94-e4b9-4947-906f-f84480f3cb99.dev
BASEFAMILY=1515a97b-5858-4ace-a02e-fa5fba263201.fam
BLHA=28.60573334,113.47075261,228.044876,294.633001
TRANSFORMMATRIX=0.000013337,-0.999999998,0.000058969,0.000000000,1.000000000,0.000013337,0.000000143,0.000000000,-0.000000145,0.000058970,0.999999998,0.000000000,-1.657533983,374.811657727,6.580711397,1.000000000
ENTITYNAME=Wire_Device
