OBJECTMODELPOINTER=33777c94-e4b9-4947-906f-f84480f3cb99.dev
BASEFAMILY=15209196-894a-436b-9d2a-d7c0ac783505.fam
BLHA=28.26907527,113.47529619,67.190721,514.001895
TRANSFORMMATRIX=0.317890678,0.948127374,-0.000001220,0.000000000,-0.948127374,0.317890678,0.000001315,0.000000000,0.000001634,0.000000738,1.000000000,0.000000000,10.378001959,4.690350382,31.499126765,1.000000000
ENTITYNAME=Wire_Device
