OBJECTMODELPOINTER=33777c94-e4b9-4947-906f-f84480f3cb99.dev
BASEFAMILY=154fefb7-dffb-4857-a1c7-9176c4821a75.fam
BLHA=28.70103226,113.45527961,136.730850,277.425083
TRANSFORMMATRIX=0.000002193,-1.000000000,0.000016929,0.000000000,1.000000000,0.000002193,0.000001925,0.000000000,-0.000001926,0.000016929,1.000000000,0.000000000,-12.361024361,107.521269069,32.601649690,1.000000000
ENTITYNAME=Wire_Device
