OBJECTMODELPOINTER=10e591d9-63cf-4834-93e8-8edca3d7bb74.dev
BASEFAMILY=1559b78e-415a-44d1-ad3f-64154e01fb7e.fam
TRANSFORMMATRIX=-0.000000237,1.000000329,-0.000001518,0.000000000,-0.999999671,0.000000267,0.000000632,0.000000000,0.000000000,-0.000000000,1.000000000,0.000000000,0.000000000,-0.000000000,47.999999999,1.000000000
ENTITYNAME=Tower_Device
