OBJECTMODELPOINTER=33777c94-e4b9-4947-906f-f84480f3cb99.dev
BASEFAMILY=156970b3-a0c2-426c-a940-6c5dc68023e2.fam
BLHA=28.31470596,113.39701913,83.588909,4.996372
TRANSFORMMATRIX=0.000932797,-0.999999565,0.000005059,0.000000000,0.999999565,0.000932797,0.000001163,0.000000000,-0.000001168,0.000005058,1.000000000,0.000000000,-7.400068449,32.282384082,79.003371854,1.000000000
ENTITYNAME=Wire_Device
