OBJECTMODELPOINTER=33777c94-e4b9-4947-906f-f84480f3cb99.dev
BASEFAMILY=156adb2c-5282-4bb2-8668-07c83e2b6519.fam
BLHA=28.30572385,113.43813150,65.831158,307.005893
TRANSFORMMATRIX=-0.006191574,-0.999980832,0.000023028,0.000000000,0.999980832,-0.006191574,-0.000001082,0.000000000,0.000001224,0.000023021,1.000000000,0.000000000,7.435553689,146.438715276,29.028403964,1.000000000
ENTITYNAME=Wire_Device
