OBJECTMODELPOINTER=33777c94-e4b9-4947-906f-f84480f3cb99.dev
BASEFAMILY=15779913-8683-4a58-a648-ddce32483973.fam
BLHA=28.36788990,113.36378392,64.428624,219.706007
TRANSFORMMATRIX=0.002415917,-0.999997080,0.000054845,0.000000000,0.999997082,0.002415917,0.000000435,0.000000000,-0.000000567,0.000054844,0.999999998,0.000000000,-2.718972507,349.320170370,29.161608292,1.000000000
ENTITYNAME=Wire_Device
