OBJECTMODELPOINTER=18b2a16b-4310-4832-9633-ac4d945a2638.dev
BASEFAMILY=15837315-6228-416f-b74e-5d4667ffdd41.fam
TRANSFORMMATRIX=0.000000069,0.999999580,-0.000001068,0.000000000,-1.000000420,0.000000050,-0.000001246,0.000000000,-0.000000000,0.000000000,1.000000000,0.000000000,7.500000000,-4.000000000,36.999999999,1.000000000
ENTITYNAME=Tower_Device
