OBJECTMODELPOINTER=33777c94-e4b9-4947-906f-f84480f3cb99.dev
BASEFAMILY=159dafe1-467c-44b3-a5d2-1f51ae9070bd.fam
BLHA=28.26827851,113.48694026,97.359750,314.005848
TRANSFORMMATRIX=-0.707441631,-0.706771773,0.000004618,0.000000000,0.706771773,-0.707441631,0.000001453,0.000000000,0.000002240,0.000004291,1.000000000,0.000000000,14.191745893,27.283552793,38.345593522,1.000000000
ENTITYNAME=Wire_Device
