OBJECTMODELPOINTER=33777c94-e4b9-4947-906f-f84480f3cb99.dev
BASEFAMILY=15c03887-4081-49ae-9c43-4799ae8ebc56.fam
BLHA=28.70605444,113.45451077,165.912680,277.425083
TRANSFORMMATRIX=0.000003102,-0.999999999,0.000049524,0.000000000,1.000000000,0.000003102,0.000000192,0.000000000,-0.000000193,0.000049524,0.999999999,0.000000000,-1.438356518,314.521178957,1.911872006,1.000000000
ENTITYNAME=Wire_Device
