OBJECTMODELPOINTER=65a70f3b-6382-43c9-aa1f-cb3a8c88ffda.dev
BASEFAMILY=15c5b9f1-2166-4bf3-98d5-3c1fe9b83a87.fam
TRANSFORMMATRIX=-0.999999699,0.000776351,-0.000000001,0.000000000,-0.000776351,-0.999999699,0.000000000,0.000000000,-0.000000000,0.000000000,1.000000000,0.000000000,11.320000000,0.000000000,63.999999999,1.000000000
ENTITYNAME=Tower_Device
