ENTITYNAME=WIRE
BASEFAMILY=15cbbdea-7b9a-4e18-81ca-58a4e8de187d.fam
OBJECTMODELPOINTER=81b82497-164d-48c0-b1cb-18fa700dacdf.dev
KVALUE=0.000000
SPLIT=4
POINT0.BLHA=28.42194077,113.37713088,216.761,254.006183
POINT0.MATRIX0=-0.961291434,-0.275533624,-0.000000000,0.000000000,0.275533624,-0.961291434,0.000000000,0.000000000,-0.000000000,0.000000000,1.000000000,0.000000000,12.954923112,-0.000022905,43.000004115,1.000000000
POINT0.MATRIX1=-0.961291434,-0.275533624,-0.000000000,0.000000000,0.275533624,-0.961291434,0.000000000,0.000000000,-0.000000000,0.000000000,1.000000000,0.000000000,12.954923111,-0.000022905,43.450001064,1.000000000
POINT0.MATRIX2=-0.961291434,-0.275533624,-0.000000000,0.000000000,0.275533624,-0.961291434,0.000000000,0.000000000,-0.000000000,0.000000000,1.000000000,0.000000000,12.505148363,-0.000939580,43.450001064,1.000000000
POINT0.MATRIX3=-0.961291434,-0.275533624,-0.000000000,0.000000000,0.275533624,-0.961291434,0.000000000,0.000000000,-0.000000000,0.000000000,1.000000000,0.000000000,12.505148363,-0.000939580,43.000004115,1.000000000
POINT1.BLHA=28.42194077,113.37713088,216.761,254.006183
POINT1.MATRIX0=-0.961291434,-0.275533624,-0.000000000,0.000000000,0.275533624,-0.961291434,0.000000000,0.000000000,-0.000000000,0.000000000,1.000000000,0.000000000,12.954766220,0.109981150,43.000004116,1.000000000
POINT1.MATRIX1=-0.961291434,-0.275533624,-0.000000000,0.000000000,0.275533624,-0.961291434,0.000000000,0.000000000,-0.000000000,0.000000000,1.000000000,0.000000000,12.954766220,0.109981150,43.450001065,1.000000000
POINT1.MATRIX2=-0.961291434,-0.275533624,-0.000000000,0.000000000,0.275533624,-0.961291434,0.000000000,0.000000000,-0.000000000,0.000000000,1.000000000,0.000000000,12.504991471,0.109064475,43.450001064,1.000000000
POINT1.MATRIX3=-0.961291434,-0.275533624,-0.000000000,0.000000000,0.275533624,-0.961291434,0.000000000,0.000000000,-0.000000000,0.000000000,1.000000000,0.000000000,12.504991471,0.109064475,43.000004115,1.000000000
