OBJECTMODELPOINTER=7f73862a-56de-4c7d-8419-0b9618a16e32.dev
BASEFAMILY=15d8b837-1191-4213-b482-2dc30e9b5cde.fam
TRANSFORMMATRIX=-0.000000160,0.999999612,-0.000001302,0.000000000,-1.000000388,0.000000160,-0.000001000,0.000000000,0.000000000,0.000000000,1.000000000,0.000000000,-0.000000000,0.000000000,48.000000000,1.000000000
ENTITYNAME=Tower_Device
