OBJECTMODELPOINTER=33777c94-e4b9-4947-906f-f84480f3cb99.dev
BASEFAMILY=15f18d01-25a8-4c4d-93d4-00fa1ad906b2.fam
BLHA=28.51284150,113.46842369,376.044241,210.734491
TRANSFORMMATRIX=0.022350750,-0.999750191,0.000007760,0.000000000,0.999750191,0.022350750,-0.000001949,0.000000000,0.000001775,0.000007802,1.000000000,0.000000000,11.401969278,49.758803630,11.510857448,1.000000000
ENTITYNAME=Wire_Device
