OBJECTMODELPOINTER=33777c94-e4b9-4947-906f-f84480f3cb99.dev
BASEFAMILY=1605ec5b-3684-4bce-bfa9-2beea4c0f52b.fam
BLHA=28.36557656,113.36066804,62.497212,414.735470
TRANSFORMMATRIX=-0.257969223,0.966153135,0.000017964,0.000000000,-0.966153135,-0.257969223,0.000000281,0.000000000,0.000004905,-0.000017283,1.000000000,0.000000000,30.990595358,-109.860743864,30.293213009,1.000000000
ENTITYNAME=Wire_Device
