OBJECTMODELPOINTER=33777c94-e4b9-4947-906f-f84480f3cb99.dev
BASEFAMILY=164b8f69-dfb4-4647-9491-7328830f713d.fam
BLHA=28.41010958,113.37337020,176.661664,254.006183
TRANSFORMMATRIX=-0.008347481,-0.999965157,0.000059786,0.000000000,0.999965159,-0.008347481,0.000002482,0.000000000,-0.000001983,0.000059804,0.999999998,0.000000000,-12.129087658,379.893739957,14.839276129,1.000000000
ENTITYNAME=Wire_Device
