OBJECTMODELPOINTER=4b454fa3-a1ca-432c-a38e-afb10d4b7388.dev
BASEFAMILY=164e982d-e5d0-4de4-a7a7-6f4a3f1ecbc8.fam
TRANSFORMMATRIX=-0.999962351,0.008677694,-0.000000009,0.000000000,-0.008677698,-0.999962345,0.000000004,0.000000000,0.000000000,0.000000000,1.000000000,0.000000000,9.870000000,0.309999999,45.999999999,1.000000000
ENTITYNAME=Tower_Device
