OBJECTMODELPOINTER=8d8ff88d-757f-4012-8b5b-bf3d7351200f.dev
BASEFAMILY=166d535e-a60f-45f6-97ef-f9ae1d0b0bda.fam
TRANSFORMMATRIX=-0.419113167,-0.212024288,0.882830225,0.000000000,0.829351918,0.306296728,0.467288304,0.000000000,-0.369483750,0.928023909,0.047469815,0.000000000,1.427108434,-1.427108434,37.000000000,1.000000000
ENTITYNAME=Tower_Device
