OBJECTMODELPOINTER=13a78437-ad2c-452a-8fd1-0733d19ccb25.dev
BASEFAMILY=16756264-cab5-4967-8adb-47a294c080fe.fam
TRANSFORMMATRIX=0.000000000,1.000000000,-0.000000000,0.000000000,-1.000000000,0.000000000,-0.000000000,0.000000000,-0.000000000,-0.000000000,1.000000000,0.000000000,5.397125439,-5.396452820,-0.000002707,1.000000000
ENTITYNAME=Tower_Device
