OBJECTMODELPOINTER=33777c94-e4b9-4947-906f-f84480f3cb99.dev
BASEFAMILY=1691f122-6998-4d8a-b05a-09cdde3b6100.fam
BLHA=28.63009153,113.46564681,168.255878,273.436520
TRANSFORMMATRIX=0.000001994,-0.999999999,0.000035604,0.000000000,1.000000000,0.000001994,0.000000147,0.000000000,-0.000000147,0.000035603,0.999999999,0.000000000,-1.010278630,226.099278010,59.452308660,1.000000000
ENTITYNAME=Wire_Device
