OBJECTMODELPOINTER=33777c94-e4b9-4947-906f-f84480f3cb99.dev
BASEFAMILY=169b5dd7-2535-41ce-980c-d24104fbb57e.fam
BLHA=28.31566161,113.38686189,71.437616,329.270898
TRANSFORMMATRIX=0.002190041,-0.999997601,0.000036695,0.000000000,0.999997602,0.002190041,0.000001278,0.000000000,-0.000001358,0.000036692,0.999999999,0.000000000,-9.169783202,233.907119262,21.041371914,1.000000000
ENTITYNAME=Wire_Device
