OBJECTMODELPOINTER=33777c94-e4b9-4947-906f-f84480f3cb99.dev
BASEFAMILY=16a9e7a1-afd2-4d6c-8445-87e84a4d26aa.fam
BLHA=28.69273331,113.45654991,185.538391,277.425083
TRANSFORMMATRIX=0.000000716,-1.000000000,0.000017858,0.000000000,1.000000000,0.000000716,0.000000069,0.000000000,-0.000000069,0.000017858,1.000000000,0.000000000,-0.516525412,113.413554316,22.800639629,1.000000000
ENTITYNAME=Wire_Device
