OBJECTMODELPOINTER=0e312739-8609-4a3d-966c-75d05d59356d.dev
BASEFAMILY=16aa90c3-268f-4510-afe9-1d6b642bb70e.fam
TRANSFORMMATRIX=-0.000000000,1.000000000,-0.000000000,0.000000000,-1.000000000,-0.000000000,0.000000000,0.000000000,-0.000000000,0.000000000,1.000000000,0.000000000,5.397943824,-5.398145447,-0.000001502,1.000000000
ENTITYNAME=Tower_Device
