ENTITYNAME=WIRE
BASEFAMILY=16b99379-b755-4ee1-8d96-430426e4025b.fam
OBJECTMODELPOINTER=31970f28-780e-4bf1-8adb-439f78c329a3.dev
KVALUE=0.000235
SPLIT=1
POINT0.BLHA=28.40337100,113.37122865,129.379,254.006183
POINT0.MATRIX0=-0.961291434,-0.275533624,-0.000000000,0.000000000,0.275533624,-0.961291434,-0.000000000,0.000000000,0.000000000,-0.000000000,1.000000000,0.000000000,-11.319768805,0.310534108,63.558001899,1.000000000
POINT1.BLHA=28.39913011,113.36988101,173.073,251.836928
POINT1.MATRIX0=-0.950173157,-0.311722587,0.000000000,0.000000000,0.311722587,-0.950173157,0.000000000,0.000000000,0.000000000,-0.000000000,1.000000000,0.000000000,-5.482799606,-1.555492587,43.892138956,1.000000000
