OBJECTMODELPOINTER=33777c94-e4b9-4947-906f-f84480f3cb99.dev
BASEFAMILY=16bffc1c-b5a9-4696-b4f3-4b36d21aec16.fam
BLHA=28.47949059,113.41307678,290.814083,229.813402
TRANSFORMMATRIX=-0.000021541,-0.999999998,0.000062074,0.000000000,1.000000000,-0.000021541,0.000000467,0.000000000,-0.000000466,0.000062075,0.999999998,0.000000000,-1.955462860,395.035667433,51.200607803,1.000000000
ENTITYNAME=Wire_Device
