OBJECTMODELPOINTER=33777c94-e4b9-4947-906f-f84480f3cb99.dev
BASEFAMILY=16c48c59-80f2-42f9-93b3-7d564a462e3b.fam
BLHA=28.51174980,113.46636581,279.463297,210.734491
TRANSFORMMATRIX=0.007018220,-0.999975372,0.000028448,0.000000000,0.999975372,0.007018220,0.000001371,0.000000000,-0.000001570,0.000028438,1.000000000,0.000000000,-9.573674550,181.258066584,-5.550750915,1.000000000
ENTITYNAME=Wire_Device
