OBJECTMODELPOINTER=33777c94-e4b9-4947-906f-f84480f3cb99.dev
BASEFAMILY=16c77652-d93a-4ff5-9658-a1dd005b5bea.fam
BLHA=28.47144509,113.40546217,294.357908,229.813402
TRANSFORMMATRIX=0.012008841,-0.999927891,0.000029220,0.000000000,0.999927891,0.012008841,-0.000001781,0.000000000,0.000001429,0.000029240,1.000000000,0.000000000,9.583194368,186.100990872,2.206751534,1.000000000
ENTITYNAME=Wire_Device
