OBJECTMODELPOINTER=33777c94-e4b9-4947-906f-f84480f3cb99.dev
BASEFAMILY=16c9cc41-a004-4fa6-8c53-3c492a826994.fam
BLHA=28.27757020,113.46637333,93.774105,312.669055
TRANSFORMMATRIX=-0.000900395,-0.999999594,0.000029885,0.000000000,0.999999595,-0.000900395,0.000001186,0.000000000,-0.000001159,0.000029886,1.000000000,0.000000000,-7.874920954,190.247551182,48.254307359,1.000000000
ENTITYNAME=Wire_Device
