OBJECTMODELPOINTER=33777c94-e4b9-4947-906f-f84480f3cb99.dev
BASEFAMILY=16d44a96-c774-4802-9e62-810ab6255d1d.fam
BLHA=28.57663112,113.48588937,251.356728,312.996987
TRANSFORMMATRIX=0.000031638,-0.999999995,0.000090050,0.000000000,0.999999999,0.000031638,-0.000001941,0.000000000,0.000001938,0.000090050,0.999999996,0.000000000,10.860429839,573.196228925,59.692742397,1.000000000
ENTITYNAME=Wire_Device
