OBJECTMODELPOINTER=33777c94-e4b9-4947-906f-f84480f3cb99.dev
BASEFAMILY=16d50928-2aa3-4558-8ccc-797686d35ae5.fam
BLHA=28.55813742,113.50479443,276.608256,304.990571
TRANSFORMMATRIX=0.000030531,-0.999999995,0.000097695,0.000000000,0.999999999,0.000030531,0.000000162,0.000000000,-0.000000164,0.000097695,0.999999995,0.000000000,-2.567532239,621.463080302,93.464313100,1.000000000
ENTITYNAME=Wire_Device
