OBJECTMODELPOINTER=1b88a4e7-a94f-4aeb-b517-acf475b2d9c7.dev
BASEFAMILY=16e0225b-2b02-43cd-8119-54b88cd991f8.fam
TRANSFORMMATRIX=0.000000242,1.000000412,-0.000001277,0.000000000,-0.999999588,0.000000310,0.000001036,0.000000000,0.000000000,0.000000000,1.000000000,0.000000000,6.595000000,0.000000001,66.500000000,1.000000000
ENTITYNAME=Tower_Device
