OBJECTMODELPOINTER=395a7610-ab25-4dd2-85bf-12d537791376.dev
BASEFAMILY=16e97054-840a-4514-90cd-d0f6b9508a94.fam
TRANSFORMMATRIX=0.000834095,0.999999968,-0.000001536,0.000000000,-0.999999335,0.000834640,0.000000586,0.000000000,0.000000000,-0.000000000,1.000000000,0.000000000,11.870000000,-0.000000000,45.000000000,1.000000000
ENTITYNAME=Tower_Device
