OBJECTMODELPOINTER=33777c94-e4b9-4947-906f-f84480f3cb99.dev
BASEFAMILY=16eb458f-66af-4c03-b1b3-7a3b65c2ee91.fam
BLHA=28.35190910,113.36144828,128.122186,278.143009
TRANSFORMMATRIX=0.000004511,-0.999999999,0.000045787,0.000000000,1.000000000,0.000004512,0.000002067,0.000000000,-0.000002067,0.000045788,0.999999999,0.000000000,-13.408857431,290.786763695,15.428288701,1.000000000
ENTITYNAME=Wire_Device
