OBJECTMODELPOINTER=33777c94-e4b9-4947-906f-f84480f3cb99.dev
BASEFAMILY=16edcfdb-4668-4719-bcf2-621c746cbbcb.fam
BLHA=28.31294059,113.42646212,52.368358,335.449580
TRANSFORMMATRIX=0.000014489,-0.999999999,0.000028167,0.000000000,1.000000000,0.000014489,-0.000001371,0.000000000,0.000001370,0.000028167,1.000000000,0.000000000,8.358209285,179.610357900,33.871239891,1.000000000
ENTITYNAME=Wire_Device
