OBJECTMODELPOINTER=33777c94-e4b9-4947-906f-f84480f3cb99.dev
BASEFAMILY=16f86f28-0e19-4fbd-8a03-c4686ad72a0b.fam
BLHA=28.53971514,113.51008635,497.099735,255.750198
TRANSFORMMATRIX=-0.007001959,-0.999975486,0.000018021,0.000000000,0.999975486,-0.007001959,0.000002091,0.000000000,-0.000001965,0.000018034,1.000000000,0.000000000,-12.397457420,114.553774303,8.809668871,1.000000000
ENTITYNAME=Wire_Device
