OBJECTMODELPOINTER=33777c94-e4b9-4947-906f-f84480f3cb99.dev
BASEFAMILY=17011ab7-30ef-4571-8674-8d4d77827267.fam
BLHA=28.59994740,113.47379389,183.494205,294.633001
TRANSFORMMATRIX=0.001032316,-0.999999467,0.000016269,0.000000000,0.999999467,0.001032316,-0.000002049,0.000000000,0.000002033,0.000016271,1.000000000,0.000000000,12.759159281,103.393663751,41.628087991,1.000000000
ENTITYNAME=Wire_Device
