OBJECTMODELPOINTER=33777c94-e4b9-4947-906f-f84480f3cb99.dev
BASEFAMILY=170b72ea-1fb9-4c87-866b-097aee9bed6c.fam
BLHA=28.67734470,113.45869625,172.236825,275.673275
TRANSFORMMATRIX=0.000002746,-1.000000000,0.000025295,0.000000000,1.000000000,0.000002746,0.000000105,0.000000000,-0.000000105,0.000025295,1.000000000,0.000000000,-0.753689322,160.642015972,40.215573349,1.000000000
ENTITYNAME=Wire_Device
