OBJECTMODELPOINTER=33777c94-e4b9-4947-906f-f84480f3cb99.dev
BASEFAMILY=170c911d-67cd-4f70-94f3-4f055dd42097.fam
BLHA=28.42674606,113.37865854,204.106778,254.006183
TRANSFORMMATRIX=-0.001567831,-0.999998768,0.000071406,0.000000000,0.999998771,-0.001567831,-0.000001394,0.000000000,0.000001506,0.000071404,0.999999997,0.000000000,10.233652142,453.616421420,33.525428194,1.000000000
ENTITYNAME=Wire_Device
