OBJECTMODELPOINTER=6568e526-4aa4-4977-bfb4-1902f54392dd.dev
BASEFAMILY=1719c445-c4d4-417f-bd09-27c6262f19fc.fam
TRANSFORMMATRIX=-0.002765739,0.999996010,-0.000001581,0.000000000,-0.999996343,-0.002764969,-0.000000435,0.000000000,-0.000000000,-0.000000000,1.000000000,0.000000000,-13.320000000,-0.000000000,63.000000000,1.000000000
ENTITYNAME=Tower_Device
