OBJECTMODELPOINTER=33777c94-e4b9-4947-906f-f84480f3cb99.dev
BASEFAMILY=174240a4-a192-4a2c-a899-75f580da6319.fam
BLHA=28.81479133,113.52057006,101.431429,372.952022
TRANSFORMMATRIX=-0.231476253,0.972840554,0.000016933,0.000000000,-0.972840554,-0.231476253,0.000001177,0.000000000,0.000005064,-0.000016201,1.000000000,0.000000000,32.053199335,-103.349084709,33.767370226,1.000000000
ENTITYNAME=Wire_Device
