OBJECTMODELPOINTER=33777c94-e4b9-4947-906f-f84480f3cb99.dev
BASEFAMILY=17422c4e-0911-4f66-94e2-c4f4280841c9.fam
BLHA=28.39632770,113.36872548,122.542167,249.667673
TRANSFORMMATRIX=-0.000013337,-0.999999998,0.000069613,0.000000000,1.000000000,-0.000013337,0.000000486,0.000000000,-0.000000485,0.000069613,0.999999998,0.000000000,-2.343527415,442.314864049,55.998006715,1.000000000
ENTITYNAME=Wire_Device
