OBJECTMODELPOINTER=33777c94-e4b9-4947-906f-f84480f3cb99.dev
BASEFAMILY=17463467-b6cc-42ae-a1af-97236807d55c.fam
BLHA=28.35569166,113.36081333,82.535643,278.143009
TRANSFORMMATRIX=0.003436340,-0.999994095,0.000028052,0.000000000,0.999994096,0.003436339,-0.000001961,0.000000000,0.000001864,0.000028058,1.000000000,0.000000000,11.766801587,178.179392636,52.119279931,1.000000000
ENTITYNAME=Wire_Device
