OBJECTMODELPOINTER=33777c94-e4b9-4947-906f-f84480f3cb99.dev
BASEFAMILY=174874b3-5415-4b1b-8112-1cf0f02c0345.fam
BLHA=28.37974338,113.36324559,104.024514,459.829193
TRANSFORMMATRIX=-0.107356974,0.994220539,0.000017525,0.000000000,-0.994220539,-0.107356974,-0.000001447,0.000000000,0.000000444,-0.000017579,1.000000000,0.000000000,2.926426035,-111.645736628,7.496009583,1.000000000
ENTITYNAME=Wire_Device
