OBJECTMODELPOINTER=33777c94-e4b9-4947-906f-f84480f3cb99.dev
BASEFAMILY=1768a06d-5509-4ba3-aa54-246cf566f873.fam
BLHA=28.27407839,113.47004129,94.944746,312.669055
TRANSFORMMATRIX=-0.001727643,-0.999998507,0.000018848,0.000000000,0.999998508,-0.001727643,-0.000001413,0.000000000,0.000001446,0.000018846,1.000000000,0.000000000,8.892548512,119.930904225,30.898172017,1.000000000
ENTITYNAME=Wire_Device
