OBJECTMODELPOINTER=33777c94-e4b9-4947-906f-f84480f3cb99.dev
BASEFAMILY=1789b81f-085c-49a7-aad6-0687e875be5d.fam
BLHA=28.65134658,113.46259240,159.100648,277.610658
TRANSFORMMATRIX=0.000004980,-0.999999998,0.000064890,0.000000000,1.000000000,0.000004980,0.000000246,0.000000000,-0.000000247,0.000064890,0.999999998,0.000000000,-1.853252046,412.112154744,28.125309706,1.000000000
ENTITYNAME=Wire_Device
