OBJECTMODELPOINTER=6649e30f-2422-4511-bb63-328d0307ac07.dev
BASEFAMILY=178ac4c8-eac6-4b0a-9db7-70afa123dc28.fam
TRANSFORMMATRIX=0.000000414,0.999999987,-0.000000079,0.000000000,-1.000000013,-0.000000414,0.000001642,0.000000000,0.000000000,-0.000000000,1.000000000,0.000000000,6.595000000,-0.000000000,63.500000000,1.000000000
ENTITYNAME=Tower_Device
