OBJECTMODELPOINTER=33777c94-e4b9-4947-906f-f84480f3cb99.dev
BASEFAMILY=178f2ae2-f75a-41e8-9a0d-5e7103f6ef7f.fam
BLHA=28.31435017,113.39267151,117.559440,4.996372
TRANSFORMMATRIX=0.000006768,-1.000000000,0.000016118,0.000000000,1.000000000,0.000006768,-0.000001149,0.000000000,0.000001148,0.000016118,1.000000000,0.000000000,7.342047916,102.878953914,25.115320570,1.000000000
ENTITYNAME=Wire_Device
