OBJECTMODELPOINTER=8178c33e-7091-4cc4-886e-e3b1d1ad8cf8.dev
BASEFAMILY=17ad8e1c-220d-4956-8ea0-beaa407aa514.fam
TRANSFORMMATRIX=-0.005039202,-0.999987034,0.000001573,0.000000000,0.999987575,-0.005038568,-0.000000463,0.000000000,0.000000000,-0.000000000,1.000000000,0.000000000,11.870000000,-0.600000000,45.000000000,1.000000000
ENTITYNAME=Tower_Device
