OBJECTMODELPOINTER=33777c94-e4b9-4947-906f-f84480f3cb99.dev
BASEFAMILY=17b4fe58-ad6c-4343-b7a1-d9ac474f6cc6.fam
BLHA=28.34901903,113.36193338,109.289234,278.143009
TRANSFORMMATRIX=0.000002695,-1.000000000,0.000017979,0.000000000,1.000000000,0.000002695,0.000000085,0.000000000,-0.000000086,0.000017979,1.000000000,0.000000000,-0.629380521,114.178276059,20.881832342,1.000000000
ENTITYNAME=Wire_Device
