OBJECTMODELPOINTER=91041d8e-6f49-41a2-98f8-0b781b529190.dev
BASEFAMILY=17c3c640-f51e-4226-9704-92f90ef80466.fam
TRANSFORMMATRIX=-0.061257937,0.089431335,-0.994107575,0.000000000,-0.825010919,-0.565116460,0.000001259,0.000000000,-0.561787326,0.820149098,0.108399529,0.000000000,6.500000000,-2.039000000,30.000000001,1.000000000
ENTITYNAME=Tower_Device
