OBJECTMODELPOINTER=33777c94-e4b9-4947-906f-f84480f3cb99.dev
BASEFAMILY=17dca57d-816b-4198-bb44-3faa0ed328c3.fam
BLHA=28.52337409,113.48828309,330.016596,210.734491
TRANSFORMMATRIX=0.162575551,-0.986696098,-0.000000473,0.000000000,0.986696098,0.162575551,0.000001470,0.000000000,-0.000001373,-0.000000705,1.000000000,0.000000000,-8.743122779,-4.516987044,26.130028111,1.000000000
ENTITYNAME=Wire_Device
