OBJECTMODELPOINTER=33777c94-e4b9-4947-906f-f84480f3cb99.dev
BASEFAMILY=17f13c56-28fa-4a83-887f-443b7af4bc7d.fam
BLHA=28.36557656,113.36066804,62.497212,414.735470
TRANSFORMMATRIX=-0.257971152,0.966152620,0.000007110,0.000000000,-0.966152620,-0.257971152,0.000000206,0.000000000,0.000002033,-0.000006816,1.000000000,0.000000000,12.846670318,-43.325737105,33.448375383,1.000000000
ENTITYNAME=Wire_Device
