ENTITYNAME=WIRE
BASEFAMILY=17ffd426-65a7-433d-856d-879020225ba9.fam
OBJECTMODELPOINTER=81b82497-164d-48c0-b1cb-18fa700dacdf.dev
KVALUE=0.000000
SPLIT=4
POINT0.BLHA=28.33182616,113.36613124,59.967,296.260490
POINT0.MATRIX0=-0.896791752,0.442452882,-0.000000000,0.000000000,-0.442452882,-0.896791752,-0.000000000,0.000000000,0.000000000,-0.000000000,1.000000000,0.000000000,-11.645897000,-0.721865675,43.741096830,1.000000000
POINT0.MATRIX1=-0.896791752,0.442452882,-0.000000000,0.000000000,-0.442452882,-0.896791752,-0.000000000,0.000000000,0.000000000,-0.000000000,1.000000000,0.000000000,-11.645897000,-0.721865674,44.191093778,1.000000000
POINT0.MATRIX2=-0.896791752,0.442452882,-0.000000000,0.000000000,-0.442452882,-0.896791752,-0.000000000,0.000000000,0.000000000,-0.000000000,1.000000000,0.000000000,-12.096635228,-0.717273830,44.191093778,1.000000000
POINT0.MATRIX3=-0.896791752,0.442452882,-0.000000000,0.000000000,-0.442452882,-0.896791752,-0.000000000,0.000000000,0.000000000,-0.000000000,1.000000000,0.000000000,-12.096635228,-0.717273830,43.741096830,1.000000000
POINT1.BLHA=28.33182616,113.36613124,59.967,296.260490
POINT1.MATRIX0=-0.896791752,0.442452882,-0.000000000,0.000000000,-0.442452882,-0.896791752,-0.000000000,0.000000000,0.000000000,-0.000000000,1.000000000,0.000000000,-11.644535424,-0.601868029,43.741096830,1.000000000
POINT1.MATRIX1=-0.896791752,0.442452882,-0.000000000,0.000000000,-0.442452882,-0.896791752,-0.000000000,0.000000000,0.000000000,-0.000000000,1.000000000,0.000000000,-11.644535424,-0.601868029,44.191093778,1.000000000
POINT1.MATRIX2=-0.896791752,0.442452882,-0.000000000,0.000000000,-0.442452882,-0.896791752,-0.000000000,0.000000000,0.000000000,-0.000000000,1.000000000,0.000000000,-12.095273652,-0.597276185,44.191093778,1.000000000
POINT1.MATRIX3=-0.896791752,0.442452882,-0.000000000,0.000000000,-0.442452882,-0.896791752,-0.000000000,0.000000000,0.000000000,-0.000000000,1.000000000,0.000000000,-12.095273652,-0.597276185,43.741096830,1.000000000
