OBJECTMODELPOINTER=0e312739-8609-4a3d-966c-75d05d59356d.dev
BASEFAMILY=180a94c2-4c5f-4938-acc3-bddfeadaf2d5.fam
TRANSFORMMATRIX=0.000000000,-1.000000000,-0.000000000,0.000000000,1.000000000,0.000000000,0.000000000,0.000000000,0.000000000,-0.000000000,1.000000000,0.000000000,-5.397868987,5.395870624,-0.000005389,1.000000000
ENTITYNAME=Tower_Device
