OBJECTMODELPOINTER=33777c94-e4b9-4947-906f-f84480f3cb99.dev
BASEFAMILY=180d2e51-6402-4618-a0ce-65febd0a9872.fam
BLHA=28.26885822,113.47846971,85.176990,355.334735
TRANSFORMMATRIX=0.000016937,-0.999999999,0.000028027,0.000000000,1.000000000,0.000016937,0.000001244,0.000000000,-0.000001245,0.000028027,1.000000000,0.000000000,-7.980028874,178.894421322,53.284424241,1.000000000
ENTITYNAME=Wire_Device
