OBJECTMODELPOINTER=0e312739-8609-4a3d-966c-75d05d59356d.dev
BASEFAMILY=181a2536-ed55-4134-9bb3-7ab292fdc618.fam
TRANSFORMMATRIX=0.000000000,-1.000000000,0.000000000,0.000000000,1.000000000,0.000000000,0.000000000,0.000000000,-0.000000000,-0.000000000,1.000000000,0.000000000,-3.746861099,3.747380264,0.000005931,1.000000000
ENTITYNAME=Tower_Device
