OBJECTMODELPOINTER=33777c94-e4b9-4947-906f-f84480f3cb99.dev
BASEFAMILY=182a206a-6d42-4015-bc7d-36c761582da3.fam
BLHA=28.50595381,113.45544189,275.037773,205.493080
TRANSFORMMATRIX=-0.091494411,-0.995805590,0.000007380,0.000000000,0.995805590,-0.091494411,0.000001235,0.000000000,-0.000000554,0.000007462,1.000000000,0.000000000,-3.430484513,47.579565708,12.033902171,1.000000000
ENTITYNAME=Wire_Device
