OBJECTMODELPOINTER=33777c94-e4b9-4947-906f-f84480f3cb99.dev
BASEFAMILY=182fa858-e389-4204-9554-931bb2f873bb.fam
BLHA=28.62257154,113.46619683,208.116407,273.436520
TRANSFORMMATRIX=0.000002149,-0.999999998,0.000066097,0.000000000,1.000000000,0.000002149,-0.000001721,0.000000000,0.000001721,0.000066097,0.999999998,0.000000000,10.856613308,419.741424259,5.116377618,1.000000000
ENTITYNAME=Wire_Device
