OBJECTMODELPOINTER=33777c94-e4b9-4947-906f-f84480f3cb99.dev
BASEFAMILY=182fb9a1-4032-491a-b2a2-b86e258df516.fam
BLHA=28.27160371,113.47264060,64.950919,312.669055
TRANSFORMMATRIX=-0.007183417,-0.999974198,0.000029696,0.000000000,0.999974199,-0.007183417,-0.000001496,0.000000000,0.000001709,0.000029685,1.000000000,0.000000000,10.393438017,188.917559988,40.067883721,1.000000000
ENTITYNAME=Wire_Device
