OBJECTMODELPOINTER=0e312739-8609-4a3d-966c-75d05d59356d.dev
BASEFAMILY=182fb869-1f44-4e2b-a490-3497d68284b7.fam
TRANSFORMMATRIX=-0.000000000,1.000000000,0.000000000,0.000000000,-1.000000000,-0.000000000,-0.000000000,0.000000000,0.000000000,0.000000000,1.000000000,0.000000000,5.397193809,-5.397288125,-0.000003065,1.000000000
ENTITYNAME=Tower_Device
