OBJECTMODELPOINTER=33777c94-e4b9-4947-906f-f84480f3cb99.dev
BASEFAMILY=18314f7d-099b-4afa-85ff-19feca5b2337.fam
BLHA=28.81044857,113.51462416,146.504318,227.348291
TRANSFORMMATRIX=-0.000009939,-1.000000000,0.000024026,0.000000000,1.000000000,-0.000009939,-0.000001704,0.000000000,0.000001704,0.000024027,1.000000000,0.000000000,11.245602459,152.966117817,46.779548246,1.000000000
ENTITYNAME=Wire_Device
