OBJECTMODELPOINTER=33777c94-e4b9-4947-906f-f84480f3cb99.dev
BASEFAMILY=18322fb0-0365-4030-a4b5-31518c0fcbb7.fam
BLHA=28.31498130,113.40038482,72.539572,2.946268
TRANSFORMMATRIX=0.215210541,-0.976567675,-0.000000425,0.000000000,0.976567675,0.215210541,0.000001458,0.000000000,-0.000001332,-0.000000728,1.000000000,0.000000000,-8.459651189,-4.654156206,54.776797471,1.000000000
ENTITYNAME=Wire_Device
