OBJECTMODELPOINTER=33777c94-e4b9-4947-906f-f84480f3cb99.dev
BASEFAMILY=183767ea-d752-4cfa-bfaa-4db61872095c.fam
BLHA=28.77401473,113.47631208,189.623101,236.227775
TRANSFORMMATRIX=-0.000003455,-1.000000000,0.000015310,0.000000000,1.000000000,-0.000003455,0.000000108,0.000000000,-0.000000108,0.000015310,1.000000000,0.000000000,-0.453348576,97.378712662,24.373966296,1.000000000
ENTITYNAME=Wire_Device
