OBJECTMODELPOINTER=33777c94-e4b9-4947-906f-f84480f3cb99.dev
BASEFAMILY=183f931a-ffa1-46b6-9c11-e751b6119a7c.fam
BLHA=28.68327588,113.45799727,190.105481,276.549179
TRANSFORMMATRIX=-0.708280411,-0.705931201,-0.000000246,0.000000000,0.705931201,-0.708280411,-0.000001278,0.000000000,0.000000728,-0.000001078,1.000000000,0.000000000,4.649933386,-6.851014628,35.394037469,1.000000000
ENTITYNAME=Wire_Device
