OBJECTMODELPOINTER=33777c94-e4b9-4947-906f-f84480f3cb99.dev
BASEFAMILY=184671f2-501b-4e73-8124-227d7b852b76.fam
BLHA=28.52337409,113.48828309,330.016596,210.734491
TRANSFORMMATRIX=0.002160139,-0.999997666,0.000040935,0.000000000,0.999997667,0.002160139,0.000000051,0.000000000,-0.000000139,0.000040935,0.999999999,0.000000000,-0.293472481,260.949201506,15.570219630,1.000000000
ENTITYNAME=Wire_Device
