OBJECTMODELPOINTER=33777c94-e4b9-4947-906f-f84480f3cb99.dev
BASEFAMILY=18523d92-664f-4b81-80bd-3331a1190b8b.fam
BLHA=28.26885822,113.47846971,85.176990,355.334735
TRANSFORMMATRIX=0.000004422,-1.000000000,0.000004684,0.000000000,1.000000000,0.000004422,0.000001153,0.000000000,-0.000001153,0.000004684,1.000000000,0.000000000,-7.337497081,29.898357133,71.704140729,1.000000000
ENTITYNAME=Wire_Device
