OBJECTMODELPOINTER=33777c94-e4b9-4947-906f-f84480f3cb99.dev
BASEFAMILY=1859bba5-e995-434c-ab75-d9e0f3ee0059.fam
BLHA=28.28033977,113.46346380,83.899072,326.450928
TRANSFORMMATRIX=-0.236802328,-0.971557850,0.000038999,0.000000000,0.971557851,-0.236802329,-0.000001259,0.000000000,0.000010458,0.000037592,0.999999999,0.000000000,65.938625428,239.409739703,36.134599370,1.000000000
ENTITYNAME=Wire_Device
