OBJECTMODELPOINTER=888f7430-e247-450b-82e3-aead03605226.dev
BASEFAMILY=18607834-1038-4e0c-ab29-11393ef4bcb8.fam
TRANSFORMMATRIX=-0.999885877,-0.015107310,0.000000018,0.000000000,0.015107322,-0.999885879,-0.000000000,0.000000000,0.000000000,-0.000000000,1.000000000,0.000000000,9.870000000,-0.310000000,52.000000000,1.000000000
ENTITYNAME=Tower_Device
