OBJECTMODELPOINTER=33777c94-e4b9-4947-906f-f84480f3cb99.dev
BASEFAMILY=18689b97-929b-4c82-b8b7-0dfcb3707437.fam
BLHA=28.77621013,113.47796265,180.198107,236.227775
TRANSFORMMATRIX=-0.004971892,-0.999987640,0.000016510,0.000000000,0.999987640,-0.004971892,0.000002202,0.000000000,-0.000002120,0.000016520,1.000000000,0.000000000,-13.258913702,105.047520940,45.137477411,1.000000000
ENTITYNAME=Wire_Device
