OBJECTMODELPOINTER=33777c94-e4b9-4947-906f-f84480f3cb99.dev
BASEFAMILY=186e876d-56c0-403f-9d3f-10df0a64cd58.fam
BLHA=28.76146332,113.46687719,133.774448,236.227775
TRANSFORMMATRIX=0.001919661,-0.999998156,0.000053153,0.000000000,0.999998158,0.001919661,0.000002227,0.000000000,-0.000002329,0.000053149,0.999999999,0.000000000,-14.037306467,338.017176624,30.254380846,1.000000000
ENTITYNAME=Wire_Device
