OBJECTMODELPOINTER=33777c94-e4b9-4947-906f-f84480f3cb99.dev
BASEFAMILY=186fab3b-4494-465c-b5d1-c9a9ba0e375d.fam
BLHA=28.41408598,113.37463405,174.728080,254.006183
TRANSFORMMATRIX=-0.000003938,-1.000000000,0.000025939,0.000000000,1.000000000,-0.000003938,0.000002257,0.000000000,-0.000002258,0.000025940,1.000000000,0.000000000,-14.175451139,164.758263167,36.974775206,1.000000000
ENTITYNAME=Wire_Device
