OBJECTMODELPOINTER=18fa760c-9171-44fa-956a-6965bc96835c.dev
BASEFAMILY=187e9178-3119-4c19-acb0-affbb99f8f7b.fam
TRANSFORMMATRIX=-0.028166432,-0.175815134,-0.984020410,0.000000000,0.987409784,-0.158181678,0.000001191,0.000000000,-0.155653743,-0.971631413,0.178057042,0.000000000,-11.000000000,0.846000000,47.000000000,1.000000000
ENTITYNAME=Tower_Device
