OBJECTMODELPOINTER=13a78437-ad2c-452a-8fd1-0733d19ccb25.dev
BASEFAMILY=189ce010-0a47-4998-9c11-3a1bf7f181d7.fam
TRANSFORMMATRIX=-1.000000000,0.000000000,-0.000000000,0.000000000,-0.000000000,-1.000000000,0.000000000,0.000000000,-0.000000000,-0.000000000,1.000000000,0.000000000,5.397086522,5.397185292,-0.000002707,1.000000000
ENTITYNAME=Tower_Device
