OBJECTMODELPOINTER=33777c94-e4b9-4947-906f-f84480f3cb99.dev
BASEFAMILY=18a5d440-a5f7-4bd9-9de1-5df51c812df4.fam
BLHA=28.31294059,113.42646212,52.368358,335.449580
TRANSFORMMATRIX=-0.000000749,-1.000000000,0.000005387,0.000000000,1.000000000,-0.000000749,-0.000001002,0.000000000,0.000001001,0.000005387,1.000000000,0.000000000,6.300002263,34.339214220,59.428593669,1.000000000
ENTITYNAME=Wire_Device
