OBJECTMODELPOINTER=33777c94-e4b9-4947-906f-f84480f3cb99.dev
BASEFAMILY=18a967b4-bca7-4c2f-b674-d0a49ff61321.fam
BLHA=28.58865070,113.47941927,287.208654,287.849619
TRANSFORMMATRIX=0.000009195,-0.999999999,0.000051188,0.000000000,1.000000000,0.000009195,0.000000148,0.000000000,-0.000000148,0.000051189,0.999999999,0.000000000,-1.439317703,325.221578313,7.097751657,1.000000000
ENTITYNAME=Wire_Device
