OBJECTMODELPOINTER=13a78437-ad2c-452a-8fd1-0733d19ccb25.dev
BASEFAMILY=18b268dc-89bb-4f1e-b74f-55c59be62d27.fam
TRANSFORMMATRIX=0.000000000,-1.000000000,0.000000000,0.000000000,1.000000000,0.000000000,0.000000000,0.000000000,-0.000000000,-0.000000000,1.000000000,0.000000000,-4.407129175,4.406430476,-0.000000102,1.000000000
ENTITYNAME=Tower_Device
