OBJECTMODELPOINTER=33777c94-e4b9-4947-906f-f84480f3cb99.dev
BASEFAMILY=18b7fc5c-0c3e-4ee9-8f7d-f8e9e2f97ba5.fam
BLHA=28.52451102,113.49042735,376.991440,210.734491
TRANSFORMMATRIX=0.021515765,-0.999768509,0.000005220,0.000000000,0.999768509,0.021515765,-0.000001970,0.000000000,0.000001857,0.000005260,1.000000000,0.000000000,11.884653621,33.563986507,33.096923983,1.000000000
ENTITYNAME=Wire_Device
