OBJECTMODELPOINTER=33777c94-e4b9-4947-906f-f84480f3cb99.dev
BASEFAMILY=18cc0223-ce1e-498f-8526-65f401ba565d.fam
BLHA=28.28912608,113.44509395,57.000023,477.961117
TRANSFORMMATRIX=-0.174789217,0.984605875,0.000029678,0.000000000,-0.984605875,-0.174789217,0.000001419,0.000000000,0.000006584,-0.000028973,1.000000000,0.000000000,42.378715859,-184.278770546,34.341098801,1.000000000
ENTITYNAME=Wire_Device
