OBJECTMODELPOINTER=33777c94-e4b9-4947-906f-f84480f3cb99.dev
BASEFAMILY=18d8b2d0-0f67-46f0-92cb-296c86c69bf5.fam
BLHA=28.31925198,113.37995663,64.126344,500.343289
TRANSFORMMATRIX=-0.154966376,0.987919744,0.000046533,0.000000000,-0.987919745,-0.154966376,0.000001279,0.000000000,0.000008474,-0.000045772,0.999999999,0.000000000,54.668868969,-291.688540968,69.836670429,1.000000000
ENTITYNAME=Wire_Device
