OBJECTMODELPOINTER=33777c94-e4b9-4947-906f-f84480f3cb99.dev
BASEFAMILY=18e19f77-024e-47e4-910e-eae72dfc38c0.fam
BLHA=28.52041531,113.48270330,362.655379,210.734491
TRANSFORMMATRIX=-0.000013885,-0.999999999,0.000035664,0.000000000,1.000000000,-0.000013885,0.000002103,0.000000000,-0.000002102,0.000035665,0.999999999,0.000000000,-12.850458095,227.319723051,66.335841067,1.000000000
ENTITYNAME=Wire_Device
