OBJECTMODELPOINTER=33777c94-e4b9-4947-906f-f84480f3cb99.dev
BASEFAMILY=18e912fb-e82c-4a16-a9f5-0087d245571f.fam
BLHA=28.31925198,113.37995663,64.126344,500.343289
TRANSFORMMATRIX=0.358462545,0.933544109,-0.000000221,0.000000000,-0.933544109,0.358462545,-0.000001611,0.000000000,-0.000001425,0.000000784,1.000000000,0.000000000,-9.082649959,5.014282271,31.212586938,1.000000000
ENTITYNAME=Wire_Device
