OBJECTMODELPOINTER=33777c94-e4b9-4947-906f-f84480f3cb99.dev
BASEFAMILY=19005702-a9d7-4be3-b1d8-6fe1a4681b0b.fam
BLHA=28.28912608,113.44509395,57.000023,477.961117
TRANSFORMMATRIX=-0.092006442,0.995758412,0.000000850,0.000000000,-0.995758412,-0.092006442,0.000001457,0.000000000,0.000001529,-0.000000712,1.000000000,0.000000000,9.760375168,-4.549986061,25.567600380,1.000000000
ENTITYNAME=Wire_Device
