OBJECTMODELPOINTER=33777c94-e4b9-4947-906f-f84480f3cb99.dev
BASEFAMILY=1926a1ff-bcaf-433b-8d3f-e31c597e6fe0.fam
BLHA=28.39175425,113.36683981,143.500019,249.667673
TRANSFORMMATRIX=-0.002642157,-0.999996508,0.000059090,0.000000000,0.999996510,-0.002642157,0.000002499,0.000000000,-0.000002342,0.000059096,0.999999998,0.000000000,-14.306732739,375.470569132,13.428110092,1.000000000
ENTITYNAME=Wire_Device
