ENTITYNAME=WIRE
BASEFAMILY=1928754d-4ee5-41e8-ab64-2511f991a222.fam
OBJECTMODELPOINTER=81b82497-164d-48c0-b1cb-18fa700dacdf.dev
KVALUE=0.000373
SPLIT=4
POINT0.BLHA=28.28368001,113.45281448,67.002,340.232800
POINT0.MATRIX0=-0.338199241,0.941074531,0.000000000,0.000000000,-0.941074531,-0.338199241,0.000000000,0.000000000,0.000000000,-0.000000000,1.000000000,0.000000000,-9.334751660,0.130169225,51.416811559,1.000000000
POINT0.MATRIX1=-0.338199241,0.941074531,0.000000000,0.000000000,-0.941074531,-0.338199241,0.000000000,0.000000000,0.000000000,-0.000000000,1.000000000,0.000000000,-9.147984529,0.130226766,51.880663488,1.000000000
POINT0.MATRIX2=-0.338199241,0.941074531,0.000000000,0.000000000,-0.941074531,-0.338199241,0.000000000,0.000000000,0.000000000,-0.000000000,1.000000000,0.000000000,-9.612754689,0.129881880,52.067324254,1.000000000
POINT0.MATRIX3=-0.338199241,0.941074531,0.000000000,0.000000000,-0.941074531,-0.338199241,0.000000000,0.000000000,0.000000000,-0.000000000,1.000000000,0.000000000,-9.799521819,0.129824339,51.603472326,1.000000000
POINT1.BLHA=28.28240757,113.45687165,86.867,340.232800
POINT1.MATRIX0=-0.338199241,0.941074531,-0.000000000,0.000000000,-0.941074531,-0.338199241,-0.000000000,0.000000000,0.000000000,-0.000000000,1.000000000,0.000000000,-9.335191275,-0.129974568,48.416813921,1.000000000
POINT1.MATRIX1=-0.338199241,0.941074531,-0.000000000,0.000000000,-0.941074531,-0.338199241,-0.000000000,0.000000000,0.000000000,-0.000000000,1.000000000,0.000000000,-9.148424144,-0.129917028,48.880665851,1.000000000
POINT1.MATRIX2=-0.338199241,0.941074531,-0.000000000,0.000000000,-0.941074531,-0.338199241,-0.000000000,0.000000000,0.000000000,-0.000000000,1.000000000,0.000000000,-9.613194304,-0.130261914,49.067326618,1.000000000
POINT1.MATRIX3=-0.338199241,0.941074531,-0.000000000,0.000000000,-0.941074531,-0.338199241,-0.000000000,0.000000000,0.000000000,-0.000000000,1.000000000,0.000000000,-9.799961435,-0.130319454,48.603474689,1.000000000
