OBJECTMODELPOINTER=33777c94-e4b9-4947-906f-f84480f3cb99.dev
BASEFAMILY=1937e0f2-408b-4c25-a192-66850acc6e3c.fam
BLHA=28.40337100,113.37122865,129.378598,254.006183
TRANSFORMMATRIX=-0.002793585,-0.999996098,0.000027100,0.000000000,0.999996098,-0.002793585,0.000000183,0.000000000,-0.000000107,0.000027101,1.000000000,0.000000000,-0.444324196,172.158083696,43.124150082,1.000000000
ENTITYNAME=Wire_Device
