OBJECTMODELPOINTER=33777c94-e4b9-4947-906f-f84480f3cb99.dev
BASEFAMILY=193ad7ec-3a0f-40b5-8fa2-5770826e06e2.fam
BLHA=28.44721846,113.39002654,265.559825,242.026912
TRANSFORMMATRIX=0.002814878,-0.999996036,0.000074203,0.000000000,0.999996038,0.002814878,-0.000001554,0.000000000,0.000001345,0.000074207,0.999999997,0.000000000,9.593187373,471.788446881,34.761819632,1.000000000
ENTITYNAME=Wire_Device
