OBJECTMODELPOINTER=33777c94-e4b9-4947-906f-f84480f3cb99.dev
BASEFAMILY=196bf6fd-d020-4cc3-97b0-c4073aaa93c6.fam
BLHA=28.31135450,113.43043530,49.303319,335.449580
TRANSFORMMATRIX=0.003203393,-0.999994868,0.000046234,0.000000000,0.999994869,0.003203393,0.000001618,0.000000000,-0.000001766,0.000046229,0.999999999,0.000000000,-11.801563298,294.837595280,32.962369654,1.000000000
ENTITYNAME=Wire_Device
