OBJECTMODELPOINTER=33777c94-e4b9-4947-906f-f84480f3cb99.dev
BASEFAMILY=197c9c40-26fe-411e-a624-384f0a895645.fam
BLHA=28.44044510,113.38600635,302.501930,242.026912
TRANSFORMMATRIX=-0.000003795,-1.000000000,0.000005820,0.000000000,1.000000000,-0.000003795,-0.000001819,0.000000000,0.000001820,0.000005819,1.000000000,0.000000000,11.681188515,37.023792300,31.499629866,1.000000000
ENTITYNAME=Wire_Device
