OBJECTMODELPOINTER=33777c94-e4b9-4947-906f-f84480f3cb99.dev
BASEFAMILY=1983714c-5e06-4fcd-b053-639eefee2b2b.fam
BLHA=28.28240757,113.45687165,86.867380,340.232800
TRANSFORMMATRIX=-0.001507713,-0.999998863,0.000040728,0.000000000,0.999998863,-0.001507713,-0.000000902,0.000000000,0.000000964,0.000040726,0.999999999,0.000000000,5.692935360,259.797176227,73.561252160,1.000000000
ENTITYNAME=Wire_Device
