OBJECTMODELPOINTER=33777c94-e4b9-4947-906f-f84480f3cb99.dev
BASEFAMILY=198a25aa-e2ca-4c1d-b3ae-f57026e0875e.fam
BLHA=28.31294059,113.42646212,52.368358,335.449580
TRANSFORMMATRIX=0.000025853,-0.999999998,0.000050942,0.000000000,1.000000000,0.000025853,-0.000000993,0.000000000,0.000000992,0.000050942,0.999999999,0.000000000,5.667515279,324.857766281,25.435912378,1.000000000
ENTITYNAME=Wire_Device
