OBJECTMODELPOINTER=33777c94-e4b9-4947-906f-f84480f3cb99.dev
BASEFAMILY=198a2d78-167f-4f1c-9646-66d666244240.fam
BLHA=28.68327588,113.45799727,190.105481,276.549179
TRANSFORMMATRIX=0.185458855,-0.982652030,-0.000000537,0.000000000,0.982652030,0.185458855,0.000001462,0.000000000,-0.000001336,-0.000000798,1.000000000,0.000000000,-8.528215699,-5.066598803,25.360250498,1.000000000
ENTITYNAME=Wire_Device
