OBJECTMODELPOINTER=33777c94-e4b9-4947-906f-f84480f3cb99.dev
BASEFAMILY=198b0994-fc11-4d36-9f87-417100fe79a0.fam
BLHA=28.50306305,113.44669559,173.869453,200.251669
TRANSFORMMATRIX=-0.000002401,-1.000000000,0.000004837,0.000000000,1.000000000,-0.000002401,0.000000035,0.000000000,-0.000000034,0.000004837,1.000000000,0.000000000,-0.167931935,30.857518379,53.065237070,1.000000000
ENTITYNAME=Wire_Device
