OBJECTMODELPOINTER=9e0ebf25-b089-40df-95a7-3d79f1b913c2.dev
BASEFAMILY=1994ddf0-11b0-471d-9813-52e5d3d21ddc.fam
TRANSFORMMATRIX=0.025489236,0.052908092,-0.998273981,0.000000000,0.900905940,-0.434014491,-0.000000448,0.000000000,-0.433266008,-0.899350746,-0.058726502,0.000000000,5.500000000,0.900000000,44.000000000,1.000000000
ENTITYNAME=Tower_Device
