OBJECTMODELPOINTER=33777c94-e4b9-4947-906f-f84480f3cb99.dev
BASEFAMILY=19969bac-ab26-4b37-b088-85b9e42998fe.fam
BLHA=28.57663112,113.48588937,251.356728,312.996987
TRANSFORMMATRIX=0.000022376,-0.999999998,0.000059391,0.000000000,1.000000000,0.000022376,0.000000100,0.000000000,-0.000000101,0.000059391,0.999999998,0.000000000,-1.622519882,378.063623511,31.931150116,1.000000000
ENTITYNAME=Wire_Device
