OBJECTMODELPOINTER=33777c94-e4b9-4947-906f-f84480f3cb99.dev
BASEFAMILY=199dbcdd-4395-4378-8462-c61d648d79a5.fam
BLHA=28.31523299,113.41422428,48.000024,0.896163
TRANSFORMMATRIX=0.000012108,-1.000000000,0.000025979,0.000000000,1.000000000,0.000012108,-0.000001007,0.000000000,0.000001007,0.000025979,1.000000000,0.000000000,6.405709988,165.822907507,21.909997444,1.000000000
ENTITYNAME=Wire_Device
