OBJECTMODELPOINTER=33777c94-e4b9-4947-906f-f84480f3cb99.dev
BASEFAMILY=19a48737-b31a-4198-8b89-08246d08905d.fam
BLHA=28.27160371,113.47264060,64.950919,312.669055
TRANSFORMMATRIX=-0.001281676,-0.999999177,0.000052163,0.000000000,0.999999179,-0.001281676,0.000001684,0.000000000,-0.000001616,0.000052165,0.999999999,0.000000000,-11.159411002,332.061077029,44.684316260,1.000000000
ENTITYNAME=Wire_Device
