OBJECTMODELPOINTER=33777c94-e4b9-4947-906f-f84480f3cb99.dev
BASEFAMILY=19af06a6-af49-41ec-a3dc-16de8ce9655f.fam
BLHA=28.51626918,113.47488562,373.286539,210.734491
TRANSFORMMATRIX=0.005820323,-0.999983062,0.000014084,0.000000000,0.999983062,0.005820323,0.000001961,0.000000000,-0.000002043,0.000014072,1.000000000,0.000000000,-12.784736911,89.676177438,34.545597371,1.000000000
ENTITYNAME=Wire_Device
