OBJECTMODELPOINTER=33777c94-e4b9-4947-906f-f84480f3cb99.dev
BASEFAMILY=19b4a1ff-f199-4d20-a489-c4e1ae1f768c.fam
BLHA=28.34247838,113.36303113,107.750676,278.143009
TRANSFORMMATRIX=0.000006060,-0.999999998,0.000058663,0.000000000,1.000000000,0.000006060,0.000000269,0.000000000,-0.000000269,0.000058663,0.999999998,0.000000000,-1.991826438,372.542774317,13.770699753,1.000000000
ENTITYNAME=Wire_Device
