OBJECTMODELPOINTER=33777c94-e4b9-4947-906f-f84480f3cb99.dev
BASEFAMILY=19b6a2e0-db8d-4a63-a39d-5ca90ca938ed.fam
BLHA=28.61307891,113.46689101,233.448700,464.034761
TRANSFORMMATRIX=-0.173095702,0.984905008,0.000060575,0.000000000,-0.984905010,-0.173095702,-0.000001109,0.000000000,0.000009392,-0.000059853,0.999999998,0.000000000,60.402017102,-380.273747310,2.694490112,1.000000000
ENTITYNAME=Wire_Device
