ENTITYNAME=WIRE
BASEFAMILY=19b86c4d-e0ab-460b-b625-7ee1ad2e47b5.fam
OBJECTMODELPOINTER=81b82497-164d-48c0-b1cb-18fa700dacdf.dev
KVALUE=0.000000
SPLIT=4
POINT0.BLHA=28.31294059,113.42646212,52.368,335.449580
POINT0.MATRIX0=-0.415493846,0.909595989,-0.000000000,0.000000000,-0.909595989,-0.415493846,0.000000000,0.000000000,-0.000000000,-0.000000000,1.000000000,0.000000000,-9.335368944,-0.129956425,51.416812484,1.000000000
POINT0.MATRIX1=-0.415493846,0.909595989,-0.000000000,0.000000000,-0.909595989,-0.415493846,0.000000000,0.000000000,-0.000000000,-0.000000000,1.000000000,0.000000000,-9.148601829,-0.129861945,51.880664413,1.000000000
POINT0.MATRIX2=-0.415493846,0.909595989,-0.000000000,0.000000000,-0.909595989,-0.415493846,0.000000000,0.000000000,-0.000000000,-0.000000000,1.000000000,0.000000000,-9.612372951,-0.129935707,52.067325180,1.000000000
POINT0.MATRIX3=-0.415493846,0.909595989,-0.000000000,0.000000000,-0.909595989,-0.415493846,0.000000000,0.000000000,-0.000000000,-0.000000000,1.000000000,0.000000000,-9.799190785,-0.129919152,51.603473252,1.000000000
POINT1.BLHA=28.31294059,113.42646212,52.368,335.449580
POINT1.MATRIX0=-0.415493846,0.909595989,-0.000000000,0.000000000,-0.909595989,-0.415493846,0.000000000,0.000000000,-0.000000000,-0.000000000,1.000000000,0.000000000,-9.335367715,0.000036307,51.416812484,1.000000000
POINT1.MATRIX1=-0.415493846,0.909595989,-0.000000000,0.000000000,-0.909595989,-0.415493846,0.000000000,0.000000000,-0.000000000,-0.000000000,1.000000000,0.000000000,-9.148600599,0.000130787,51.880664413,1.000000000
POINT1.MATRIX2=-0.415493846,0.909595989,-0.000000000,0.000000000,-0.909595989,-0.415493846,0.000000000,0.000000000,-0.000000000,-0.000000000,1.000000000,0.000000000,-9.612371721,0.000057025,52.067325179,1.000000000
POINT1.MATRIX3=-0.415493846,0.909595989,-0.000000000,0.000000000,-0.909595989,-0.415493846,0.000000000,0.000000000,-0.000000000,-0.000000000,1.000000000,0.000000000,-9.799189555,0.000073579,51.603473251,1.000000000
