OBJECTMODELPOINTER=3b4c7c09-121e-44b6-9717-f1f111e97caf.dev
BASEFAMILY=19bfbdbe-3fe9-4d8e-90b2-3a4928b4b22e.fam
TRANSFORMMATRIX=-0.001118772,-0.162796146,-0.986658723,0.000000000,0.999976776,-0.006868354,0.000000186,0.000000000,-0.006777995,-0.986635644,0.162800997,0.000000000,7.499999999,0.953000001,30.000000000,1.000000000
ENTITYNAME=Tower_Device
