OBJECTMODELPOINTER=757f0dc2-8c23-4737-accb-a59c29c95ae0.dev
BASEFAMILY=19bff36e-0b92-4c86-b0b5-aa86ca6e0fdd.fam
TRANSFORMMATRIX=0.002292888,0.152862077,-0.988244936,0.000000000,-0.999887489,0.014996119,0.000000701,0.000000000,0.014818543,0.988133841,0.152878786,0.000000000,-4.768181818,-1.040000000,44.800000000,1.000000000
ENTITYNAME=Tower_Device
