OBJECTMODELPOINTER=33777c94-e4b9-4947-906f-f84480f3cb99.dev
BASEFAMILY=19d372da-d1de-4137-bdf2-d4f3d3255e4b.fam
BLHA=28.74269478,113.45578230,73.560853,258.301958
TRANSFORMMATRIX=-0.000003915,-1.000000000,0.000028807,0.000000000,1.000000000,-0.000003915,-0.000001927,0.000000000,0.000001927,0.000028807,1.000000000,0.000000000,12.483851781,182.983988222,45.180260061,1.000000000
ENTITYNAME=Wire_Device
