OBJECTMODELPOINTER=33777c94-e4b9-4947-906f-f84480f3cb99.dev
BASEFAMILY=19d46845-625a-4e83-946b-ebf46c461ae3.fam
BLHA=28.28368001,113.45281448,67.001736,340.232800
TRANSFORMMATRIX=-0.000000431,-1.000000000,0.000005306,0.000000000,1.000000000,-0.000000431,0.000001074,0.000000000,-0.000001074,0.000005306,1.000000000,0.000000000,-6.880929214,33.860077530,61.140874409,1.000000000
ENTITYNAME=Wire_Device
