ENTITYNAME=WIRE
BASEFAMILY=19d8e3ed-d431-4ea1-ad1c-cb8bb1634723.fam
OBJECTMODELPOINTER=81b82497-164d-48c0-b1cb-18fa700dacdf.dev
KVALUE=0.000000
SPLIT=4
POINT0.BLHA=28.48698475,113.42051247,234.671,224.957371
POINT0.MATRIX0=-0.706580481,-0.707632690,0.000000000,0.000000000,0.707632690,-0.706580481,0.000000000,0.000000000,-0.000000000,-0.000000000,1.000000000,0.000000000,0.180341199,-0.119745160,40.762690992,1.000000000
POINT0.MATRIX1=-0.706580481,-0.707632690,0.000000000,0.000000000,0.707632690,-0.706580481,0.000000000,0.000000000,-0.000000000,-0.000000000,1.000000000,0.000000000,0.217543771,-0.119803797,41.211142987,1.000000000
POINT0.MATRIX2=-0.706580481,-0.707632690,0.000000000,0.000000000,0.707632690,-0.706580481,0.000000000,0.000000000,-0.000000000,-0.000000000,1.000000000,0.000000000,-0.230871920,-0.119705846,41.248412579,1.000000000
POINT0.MATRIX3=-0.706580481,-0.707632690,0.000000000,0.000000000,0.707632690,-0.706580481,0.000000000,0.000000000,-0.000000000,-0.000000000,1.000000000,0.000000000,-0.268160744,-0.119733589,40.799956770,1.000000000
POINT1.BLHA=28.48698475,113.42051247,234.671,224.957371
POINT1.MATRIX0=-0.706580481,-0.707632690,0.000000000,0.000000000,0.707632690,-0.706580481,0.000000000,0.000000000,-0.000000000,-0.000000000,1.000000000,0.000000000,0.180338232,0.000256727,40.762690991,1.000000000
POINT1.MATRIX1=-0.706580481,-0.707632690,0.000000000,0.000000000,0.707632690,-0.706580481,0.000000000,0.000000000,-0.000000000,-0.000000000,1.000000000,0.000000000,0.217540803,0.000198090,41.211142987,1.000000000
POINT1.MATRIX2=-0.706580481,-0.707632690,0.000000000,0.000000000,0.707632690,-0.706580481,0.000000000,0.000000000,-0.000000000,-0.000000000,1.000000000,0.000000000,-0.230874888,0.000296041,41.248412580,1.000000000
POINT1.MATRIX3=-0.706580481,-0.707632690,0.000000000,0.000000000,0.707632690,-0.706580481,0.000000000,0.000000000,-0.000000000,-0.000000000,1.000000000,0.000000000,-0.268163712,0.000268297,40.799956769,1.000000000
