OBJECTMODELPOINTER=33777c94-e4b9-4947-906f-f84480f3cb99.dev
BASEFAMILY=19f75192-70aa-47fc-b54b-06d92f2c4411.fam
BLHA=28.71274605,113.45447194,199.234978,264.887951
TRANSFORMMATRIX=-0.010319761,-0.999946750,0.000016198,0.000000000,0.999946750,-0.010319761,0.000001942,0.000000000,-0.000001774,0.000016216,1.000000000,0.000000000,-11.278848183,102.981413367,13.228631440,1.000000000
ENTITYNAME=Wire_Device
