OBJECTMODELPOINTER=33777c94-e4b9-4947-906f-f84480f3cb99.dev
BASEFAMILY=19fc962e-49a6-4a96-a694-61aacda0243b.fam
BLHA=28.50595381,113.45544189,275.037773,205.493080
TRANSFORMMATRIX=-0.091499295,-0.995805141,0.000017027,0.000000000,0.995805141,-0.091499295,0.000001296,0.000000000,0.000000268,0.000017075,1.000000000,0.000000000,1.922044482,108.888302254,-9.038125469,1.000000000
ENTITYNAME=Wire_Device
