OBJECTMODELPOINTER=0aa3d86f-bb0b-44f2-85ef-5c2c1dd0b933.dev
BASEFAMILY=19fd06b2-a946-4651-a32b-8e1264c85232.fam
TRANSFORMMATRIX=0.004881880,0.090544163,-0.995880700,0.000000000,0.998550082,-0.053826451,-0.000001107,0.000000000,-0.053604883,-0.994436793,-0.090675136,0.000000000,-4.768181818,1.040000000,44.800000000,1.000000000
ENTITYNAME=Tower_Device
