OBJECTMODELPOINTER=33777c94-e4b9-4947-906f-f84480f3cb99.dev
BASEFAMILY=1a00b73e-360f-45e5-9f6b-19246a8891cf.fam
BLHA=28.31529425,113.41760444,47.126172,0.896163
TRANSFORMMATRIX=0.008992013,-0.999959571,0.000027162,0.000000000,0.999959571,0.008992013,0.000001627,0.000000000,-0.000001871,0.000027147,1.000000000,0.000000000,-11.863630477,173.273676364,39.420489968,1.000000000
ENTITYNAME=Wire_Device
