OBJECTMODELPOINTER=33777c94-e4b9-4947-906f-f84480f3cb99.dev
BASEFAMILY=1a06e670-0b8b-4c66-bb6f-cbcd66a6bb9f.fam
BLHA=28.79959310,113.50336431,218.110050,224.374488
TRANSFORMMATRIX=-0.041170671,-0.999152127,0.000049163,0.000000000,0.999152128,-0.041170671,0.000001516,0.000000000,0.000000509,0.000049184,0.999999999,0.000000000,4.049738026,313.171746719,0.551619237,1.000000000
ENTITYNAME=Wire_Device
