OBJECTMODELPOINTER=886bb3a3-7443-465c-a998-d6d1fcc56c59.dev
BASEFAMILY=1a1641c4-89db-4fa5-a5de-828f12aa5d9d.fam
TRANSFORMMATRIX=-0.999936270,0.011289315,-0.000000011,0.000000000,-0.011289321,-0.999936277,-0.000000006,0.000000000,-0.000000000,-0.000000000,1.000000000,0.000000000,-11.320000000,-0.320000001,63.999999999,1.000000000
ENTITYNAME=Tower_Device
