OBJECTMODELPOINTER=8c768c87-4ded-4d98-9313-fec86e664c2f.dev
BASEFAMILY=1a23963a-d07c-4b9e-b172-3e5f66cc185b.fam
TRANSFORMMATRIX=-0.004064783,-0.999991853,-0.000000126,0.000000000,0.999991621,-0.004065578,-0.000001636,0.000000000,-0.000000000,0.000000000,1.000000000,0.000000000,-13.320000000,-0.600000000,56.999999999,1.000000000
ENTITYNAME=Tower_Device
