ENTITYNAME=WIRE
BASEFAMILY=1a293a14-e9db-4c70-83f7-cee3888fb43f.fam
OBJECTMODELPOINTER=81b82497-164d-48c0-b1cb-18fa700dacdf.dev
KVALUE=0.000385
SPLIT=4
POINT0.BLHA=28.30786495,113.43629033,62.970,307.005893
POINT0.MATRIX0=-0.798573609,0.601897160,-0.000000000,0.000000000,-0.601897160,-0.798573609,-0.000000000,0.000000000,0.000000000,-0.000000000,1.000000000,0.000000000,6.601798597,0.130291697,61.366815463,1.000000000
POINT0.MATRIX1=-0.798573609,0.601897160,-0.000000000,0.000000000,-0.601897160,-0.798573609,-0.000000000,0.000000000,0.000000000,-0.000000000,1.000000000,0.000000000,6.789007940,0.131043635,61.830667392,1.000000000
POINT0.MATRIX2=-0.798573609,0.601897160,-0.000000000,0.000000000,-0.601897160,-0.798573609,-0.000000000,0.000000000,0.000000000,-0.000000000,1.000000000,0.000000000,6.325090421,0.130960689,62.017328160,1.000000000
POINT0.MATRIX3=-0.798573609,0.601897160,-0.000000000,0.000000000,-0.601897160,-0.798573609,-0.000000000,0.000000000,0.000000000,-0.000000000,1.000000000,0.000000000,6.137881077,0.130208751,61.553476230,1.000000000
POINT1.BLHA=28.30572385,113.43813150,65.831,307.005893
POINT1.MATRIX0=-0.798573609,0.601897160,0.000000000,0.000000000,-0.601897160,-0.798573609,0.000000000,0.000000000,-0.000000000,0.000000000,1.000000000,0.000000000,6.601457882,-0.130158489,61.366808504,1.000000000
POINT1.MATRIX1=-0.798573609,0.601897160,0.000000000,0.000000000,-0.601897160,-0.798573609,0.000000000,0.000000000,-0.000000000,0.000000000,1.000000000,0.000000000,6.788667226,-0.129406551,61.830660434,1.000000000
POINT1.MATRIX2=-0.798573609,0.601897160,0.000000000,0.000000000,-0.601897160,-0.798573609,0.000000000,0.000000000,-0.000000000,0.000000000,1.000000000,0.000000000,6.324749707,-0.129489496,62.017321200,1.000000000
POINT1.MATRIX3=-0.798573609,0.601897160,0.000000000,0.000000000,-0.601897160,-0.798573609,0.000000000,0.000000000,-0.000000000,0.000000000,1.000000000,0.000000000,6.137540363,-0.130241435,61.553469271,1.000000000
