OBJECTMODELPOINTER=33777c94-e4b9-4947-906f-f84480f3cb99.dev
BASEFAMILY=1a308fa3-8fab-4209-8c06-16a88c526e7e.fam
BLHA=28.55813742,113.50479443,276.608256,304.990571
TRANSFORMMATRIX=-0.000923428,-0.999999569,0.000097711,0.000000000,0.999999574,-0.000923429,-0.000001928,0.000000000,0.000002018,0.000097710,0.999999995,0.000000000,11.344595444,621.520418062,93.464269595,1.000000000
ENTITYNAME=Wire_Device
