OBJECTMODELPOINTER=33777c94-e4b9-4947-906f-f84480f3cb99.dev
BASEFAMILY=1a32b33f-1085-4d99-b5f4-032f54702d4a.fam
BLHA=28.39632770,113.36872548,122.542167,249.667673
TRANSFORMMATRIX=-0.000001745,-1.000000000,0.000015349,0.000000000,1.000000000,-0.000001745,0.000002194,0.000000000,-0.000002194,0.000015349,1.000000000,0.000000000,-13.830688174,97.501292030,45.795350290,1.000000000
ENTITYNAME=Wire_Device
