OBJECTMODELPOINTER=84d1c06b-7f6d-4dca-9e56-1f2e10c352ef.dev
BASEFAMILY=1a402dde-702d-4df9-9490-d181a235216f.fam
TRANSFORMMATRIX=-0.999438850,0.033496273,-0.000000038,0.000000000,-0.033496296,-0.999438834,0.000000008,0.000000000,0.000000000,-0.000000000,1.000000000,0.000000000,-11.950000000,-0.325000000,57.999999999,1.000000000
ENTITYNAME=Tower_Device
