OBJECTMODELPOINTER=33777c94-e4b9-4947-906f-f84480f3cb99.dev
BASEFAMILY=1a436ea9-ce04-4908-aa5d-deced5fbdc71.fam
BLHA=28.28492071,113.44885804,59.682173,504.180323
TRANSFORMMATRIX=-0.190953284,0.981599126,0.000000909,0.000000000,-0.981599126,-0.190953284,0.000001209,0.000000000,0.000001361,-0.000000661,1.000000000,0.000000000,8.665898141,-4.235844708,54.742543487,1.000000000
ENTITYNAME=Wire_Device
