OBJECTMODELPOINTER=33777c94-e4b9-4947-906f-f84480f3cb99.dev
BASEFAMILY=1a46b1e4-19e0-49c6-a264-c1ec569a0d28.fam
BLHA=28.28492071,113.44885804,59.682173,504.180323
TRANSFORMMATRIX=0.451932899,0.892051935,0.000000021,0.000000000,-0.892051935,0.451932899,-0.000001679,0.000000000,-0.000001507,0.000000740,1.000000000,0.000000000,-9.599705170,4.738633733,31.435814409,1.000000000
ENTITYNAME=Wire_Device
