ENTITYNAME=WIRE
BASEFAMILY=1a4e518d-7e26-4390-834b-adb9b9e62cbc.fam
OBJECTMODELPOINTER=81b82497-164d-48c0-b1cb-18fa700dacdf.dev
KVALUE=0.000000
SPLIT=4
POINT0.BLHA=28.60189794,113.47276867,201.465,294.633001
POINT0.MATRIX0=-0.908996188,0.416804426,-0.000000000,0.000000000,-0.416804426,-0.908996188,0.000000000,0.000000000,-0.000000000,-0.000000000,1.000000000,0.000000000,12.095185140,-0.000039517,40.000000035,1.000000000
POINT0.MATRIX1=-0.908996188,0.416804426,-0.000000000,0.000000000,-0.416804426,-0.908996188,0.000000000,0.000000000,-0.000000000,-0.000000000,1.000000000,0.000000000,12.095185140,-0.000039517,40.449996983,1.000000000
POINT0.MATRIX2=-0.908996188,0.416804426,-0.000000000,0.000000000,-0.416804426,-0.908996188,0.000000000,0.000000000,-0.000000000,-0.000000000,1.000000000,0.000000000,11.645091534,0.000071603,40.449996984,1.000000000
POINT0.MATRIX3=-0.908996188,0.416804426,-0.000000000,0.000000000,-0.416804426,-0.908996188,0.000000000,0.000000000,-0.000000000,-0.000000000,1.000000000,0.000000000,11.645091534,0.000071603,40.000000036,1.000000000
POINT1.BLHA=28.60189794,113.47276867,201.465,294.633001
POINT1.MATRIX0=-0.908996188,0.416804426,-0.000000000,0.000000000,-0.416804426,-0.908996188,0.000000000,0.000000000,-0.000000000,-0.000000000,1.000000000,0.000000000,12.095277526,0.109961478,40.000000036,1.000000000
POINT1.MATRIX1=-0.908996188,0.416804426,-0.000000000,0.000000000,-0.416804426,-0.908996188,0.000000000,0.000000000,-0.000000000,-0.000000000,1.000000000,0.000000000,12.095277526,0.109961478,40.449996984,1.000000000
POINT1.MATRIX2=-0.908996188,0.416804426,-0.000000000,0.000000000,-0.416804426,-0.908996188,0.000000000,0.000000000,-0.000000000,-0.000000000,1.000000000,0.000000000,11.645183920,0.110072597,40.449996983,1.000000000
POINT1.MATRIX3=-0.908996188,0.416804426,-0.000000000,0.000000000,-0.416804426,-0.908996188,0.000000000,0.000000000,-0.000000000,-0.000000000,1.000000000,0.000000000,11.645183920,0.110072597,40.000000035,1.000000000
