OBJECTMODELPOINTER=33777c94-e4b9-4947-906f-f84480f3cb99.dev
BASEFAMILY=1a5d8c14-7d61-46e6-8818-94b3e59dc93f.fam
BLHA=28.31402241,113.42375188,48.067305,335.449580
TRANSFORMMATRIX=-0.001657892,-0.999998626,0.000005493,0.000000000,0.999998626,-0.001657892,0.000001150,0.000000000,-0.000001141,0.000005495,1.000000000,0.000000000,-7.318628194,35.056448789,65.123440078,1.000000000
ENTITYNAME=Wire_Device
