OBJECTMODELPOINTER=33777c94-e4b9-4947-906f-f84480f3cb99.dev
BASEFAMILY=1a901833-dafc-4030-a48b-5b13d7b7048b.fam
BLHA=28.61647630,113.46664258,210.970212,273.436520
TRANSFORMMATRIX=-0.014754942,-0.999891140,0.000005742,0.000000000,0.999891140,-0.014754942,0.000002019,0.000000000,-0.000001934,0.000005772,1.000000000,0.000000000,-12.354167943,36.656145953,39.568267899,1.000000000
ENTITYNAME=Wire_Device
