ENTITYNAME=WIRE
BASEFAMILY=1a9fd566-da42-4586-a076-ad73d16b05bb.fam
OBJECTMODELPOINTER=81b82497-164d-48c0-b1cb-18fa700dacdf.dev
KVALUE=1.001992
SPLIT=4
POINT0.BLHA=28.30399811,113.43961542,62.139,477.400140
POINT0.MATRIX0=0.887814260,-0.460201956,-0.000000000,0.000000000,0.460201956,0.887814260,-0.000000000,0.000000000,-0.000000000,0.000000000,1.000000000,0.000000000,-11.529880793,0.000238911,42.789999101,1.000000000
POINT0.MATRIX1=0.887814260,-0.460201956,-0.000000000,0.000000000,0.460201956,0.887814260,-0.000000000,0.000000000,-0.000000000,0.000000000,1.000000000,0.000000000,-11.529880794,0.000238911,43.239999104,1.000000000
POINT0.MATRIX2=0.887814260,-0.460201956,-0.000000000,0.000000000,0.460201956,0.887814260,-0.000000000,0.000000000,-0.000000000,0.000000000,1.000000000,0.000000000,-11.079880818,0.000238894,43.239999105,1.000000000
POINT0.MATRIX3=0.887814260,-0.460201956,-0.000000000,0.000000000,0.460201956,0.887814260,-0.000000000,0.000000000,-0.000000000,0.000000000,1.000000000,0.000000000,-11.079880817,0.000238894,42.789999102,1.000000000
POINT1.BLHA=28.30399811,113.43961542,62.139,477.400140
POINT1.MATRIX0=0.887814260,-0.460201956,-0.000000000,0.000000000,0.460201956,0.887814260,-0.000000000,0.000000000,-0.000000000,0.000000000,1.000000000,0.000000000,-11.530194315,-0.799371366,42.789999102,1.000000000
POINT1.MATRIX1=0.887814260,-0.460201956,-0.000000000,0.000000000,0.460201956,0.887814260,-0.000000000,0.000000000,-0.000000000,0.000000000,1.000000000,0.000000000,-11.530194316,-0.799371366,43.239999104,1.000000000
POINT1.MATRIX2=0.887814260,-0.460201956,-0.000000000,0.000000000,0.460201956,0.887814260,-0.000000000,0.000000000,-0.000000000,0.000000000,1.000000000,0.000000000,-11.080194347,-0.799371378,43.239999104,1.000000000
POINT1.MATRIX3=0.887814260,-0.460201956,-0.000000000,0.000000000,0.460201956,0.887814260,-0.000000000,0.000000000,-0.000000000,0.000000000,1.000000000,0.000000000,-11.080194347,-0.799371378,42.789999101,1.000000000
