OBJECTMODELPOINTER=33777c94-e4b9-4947-906f-f84480f3cb99.dev
BASEFAMILY=1ab6ffff-caae-48c8-8bcd-07c857259018.fam
BLHA=28.60189794,113.47276867,201.465001,294.633001
TRANSFORMMATRIX=0.000007819,-0.999999999,0.000032232,0.000000000,1.000000000,0.000007819,0.000000078,0.000000000,-0.000000079,0.000032231,0.999999999,0.000000000,-0.902518776,204.866324127,35.150969726,1.000000000
ENTITYNAME=Wire_Device
