OBJECTMODELPOINTER=33777c94-e4b9-4947-906f-f84480f3cb99.dev
BASEFAMILY=1abbd796-e0c7-4eb3-a02a-4dd1598e52a1.fam
BLHA=28.52337409,113.48828309,330.016596,210.734491
TRANSFORMMATRIX=-0.006875293,-0.999976365,0.000007458,0.000000000,0.999976365,-0.006875293,-0.000001130,0.000000000,0.000001181,0.000007450,1.000000000,0.000000000,7.617465421,47.508488344,22.994252721,1.000000000
ENTITYNAME=Wire_Device
