OBJECTMODELPOINTER=5194aa8d-0c5b-48ee-8101-75e7766b249a.dev
BASEFAMILY=1ac440d8-72e6-4c6a-b466-960160202026.fam
TRANSFORMMATRIX=0.000000349,-1.000000224,-0.000000362,0.000000000,0.999999776,-0.000000349,-0.000001603,0.000000000,0.000000000,0.000000000,1.000000000,0.000000000,-11.869999999,0.600000000,45.000000000,1.000000000
ENTITYNAME=Tower_Device
