OBJECTMODELPOINTER=33777c94-e4b9-4947-906f-f84480f3cb99.dev
BASEFAMILY=1acdd560-f062-45de-a3e4-644ee4f2ecee.fam
BLHA=28.77096466,113.47401910,153.559218,236.227775
TRANSFORMMATRIX=-0.000012193,-0.999999999,0.000037768,0.000000000,1.000000000,-0.000012193,0.000000261,0.000000000,-0.000000261,0.000037768,0.999999999,0.000000000,-1.086482509,240.221739851,7.304208993,1.000000000
ENTITYNAME=Wire_Device
