ENTITYNAME=WIRE
BASEFAMILY=1ad4ca7d-5247-4b62-9da9-b7ea9b7cbb66.fam
OBJECTMODELPOINTER=81b82497-164d-48c0-b1cb-18fa700dacdf.dev
KVALUE=0.000000
SPLIT=4
POINT0.BLHA=28.47144509,113.40546217,294.358,229.813402
POINT0.MATRIX0=-0.763946986,-0.645279012,0.000000000,0.000000000,0.645279012,-0.763946986,0.000000000,0.000000000,-0.000000000,0.000000000,1.000000000,0.000000000,12.955104614,0.597393836,43.741099536,1.000000000
POINT0.MATRIX1=-0.763946986,-0.645279012,0.000000000,0.000000000,0.645279012,-0.763946986,0.000000000,0.000000000,-0.000000000,0.000000000,1.000000000,0.000000000,12.955104614,0.597393836,44.191100299,1.000000000
POINT0.MATRIX2=-0.763946986,-0.645279012,0.000000000,0.000000000,0.645279012,-0.763946986,0.000000000,0.000000000,-0.000000000,0.000000000,1.000000000,0.000000000,12.504802089,0.603089396,44.191100299,1.000000000
POINT0.MATRIX3=-0.763946986,-0.645279012,0.000000000,0.000000000,0.645279012,-0.763946986,0.000000000,0.000000000,-0.000000000,0.000000000,1.000000000,0.000000000,12.504802089,0.603089396,43.741099536,1.000000000
POINT1.BLHA=28.47144509,113.40546217,294.358,229.813402
POINT1.MATRIX0=-0.763946986,-0.645279012,0.000000000,0.000000000,0.645279012,-0.763946986,0.000000000,0.000000000,-0.000000000,0.000000000,1.000000000,0.000000000,12.956535842,0.717385879,43.741099536,1.000000000
POINT1.MATRIX1=-0.763946986,-0.645279012,0.000000000,0.000000000,0.645279012,-0.763946986,0.000000000,0.000000000,-0.000000000,0.000000000,1.000000000,0.000000000,12.956535842,0.717385878,44.191100299,1.000000000
POINT1.MATRIX2=-0.763946986,-0.645279012,0.000000000,0.000000000,0.645279012,-0.763946986,0.000000000,0.000000000,-0.000000000,0.000000000,1.000000000,0.000000000,12.506233316,0.723081439,44.191100299,1.000000000
POINT1.MATRIX3=-0.763946986,-0.645279012,0.000000000,0.000000000,0.645279012,-0.763946986,0.000000000,0.000000000,-0.000000000,0.000000000,1.000000000,0.000000000,12.506233316,0.723081439,43.741099536,1.000000000
