ENTITYNAME=WIRE
BASEFAMILY=1aec0719-7d06-4714-afc1-8268bcca3af7.fam
OBJECTMODELPOINTER=81b82497-164d-48c0-b1cb-18fa700dacdf.dev
KVALUE=0.000000
SPLIT=4
POINT0.BLHA=28.31135450,113.43043530,49.303,335.449580
POINT0.MATRIX0=-0.415493846,0.909595989,-0.000000000,0.000000000,-0.909595989,-0.415493846,-0.000000000,0.000000000,-0.000000000,-0.000000000,1.000000000,0.000000000,9.349293716,0.000305731,51.416803267,1.000000000
POINT0.MATRIX1=-0.415493846,0.909595989,-0.000000000,0.000000000,-0.909595989,-0.415493846,-0.000000000,0.000000000,-0.000000000,-0.000000000,1.000000000,0.000000000,9.536060831,0.000400211,51.880655196,1.000000000
POINT0.MATRIX2=-0.415493846,0.909595989,-0.000000000,0.000000000,-0.909595989,-0.415493846,-0.000000000,0.000000000,-0.000000000,-0.000000000,1.000000000,0.000000000,9.072289710,0.000326449,52.067315962,1.000000000
POINT0.MATRIX3=-0.415493846,0.909595989,-0.000000000,0.000000000,-0.909595989,-0.415493846,-0.000000000,0.000000000,-0.000000000,-0.000000000,1.000000000,0.000000000,8.885471876,0.000343003,51.603464034,1.000000000
POINT1.BLHA=28.31135450,113.43043530,49.303,335.449580
POINT1.MATRIX0=-0.415493846,0.909595989,-0.000000000,0.000000000,-0.909595989,-0.415493846,-0.000000000,0.000000000,-0.000000000,-0.000000000,1.000000000,0.000000000,9.349292075,0.130313927,51.416803267,1.000000000
POINT1.MATRIX1=-0.415493846,0.909595989,-0.000000000,0.000000000,-0.909595989,-0.415493846,-0.000000000,0.000000000,-0.000000000,-0.000000000,1.000000000,0.000000000,9.536059191,0.130408407,51.880655196,1.000000000
POINT1.MATRIX2=-0.415493846,0.909595989,-0.000000000,0.000000000,-0.909595989,-0.415493846,-0.000000000,0.000000000,-0.000000000,-0.000000000,1.000000000,0.000000000,9.072288070,0.130334645,52.067315962,1.000000000
POINT1.MATRIX3=-0.415493846,0.909595989,-0.000000000,0.000000000,-0.909595989,-0.415493846,-0.000000000,0.000000000,-0.000000000,-0.000000000,1.000000000,0.000000000,8.885470235,0.130351200,51.603464033,1.000000000
