OBJECTMODELPOINTER=9ab829c1-7fe5-4be9-a54f-234c40c53136.dev
BASEFAMILY=1af50cf1-2b3e-4e1b-9b28-4b67f6060741.fam
TRANSFORMMATRIX=-0.000000160,0.999999612,-0.000001301,0.000000000,-1.000000388,0.000000160,-0.000001000,0.000000000,-0.000000000,-0.000000000,1.000000000,0.000000000,0.000000000,-0.000000001,48.000000000,1.000000000
ENTITYNAME=Tower_Device
