OBJECTMODELPOINTER=1299e85e-604d-472c-977e-5f50a032dc7b.dev
BASEFAMILY=1af603a4-cc14-4c27-a9a8-cab260db9f7d.fam
TRANSFORMMATRIX=0.002586195,-0.145043877,-0.989421507,0.000000000,-0.999841472,-0.017824035,0.000000125,0.000000000,-0.017636826,0.989264499,-0.145067895,0.000000000,7.500000000,-0.953000000,29.999999999,1.000000000
ENTITYNAME=Tower_Device
