ENTITYNAME=WIRE
BASEFAMILY=1af61ba9-f5d7-40c0-bae2-acee7280e355.fam
OBJECTMODELPOINTER=31970f28-780e-4bf1-8adb-439f78c329a3.dev
KVALUE=0.000245
SPLIT=1
POINT0.BLHA=28.62257154,113.46619683,208.116,273.436520
POINT0.MATRIX0=-0.998201823,0.059942640,-0.000000000,0.000000000,-0.059942640,-0.998201823,0.000000000,0.000000000,0.000000000,-0.000000000,1.000000000,0.000000000,-10.609913337,0.309913398,54.558001842,1.000000000
POINT1.BLHA=28.61647630,113.46664258,210.970,273.436520
POINT1.MATRIX0=-0.998201823,0.059942640,0.000000000,0.000000000,-0.059942640,-0.998201823,0.000000000,0.000000000,0.000000000,0.000000000,1.000000000,0.000000000,-10.608561261,-0.309812268,54.558002384,1.000000000
