OBJECTMODELPOINTER=33777c94-e4b9-4947-906f-f84480f3cb99.dev
BASEFAMILY=1af7b197-8b94-4177-835c-25135d56f14e.fam
BLHA=28.31775016,113.38284517,61.633463,329.270898
TRANSFORMMATRIX=-0.001463962,-0.999998928,0.000004304,0.000000000,0.999998928,-0.001463962,0.000001608,0.000000000,-0.000001601,0.000004307,1.000000000,0.000000000,-10.243997417,27.477171246,59.814556729,1.000000000
ENTITYNAME=Wire_Device
