OBJECTMODELPOINTER=4a0b0e46-c18c-4002-981e-3c116835975b.dev
BASEFAMILY=1afe5c72-3967-4297-adca-c323bebc16dd.fam
TRANSFORMMATRIX=-0.000000461,-0.097027475,0.995281694,0.000000000,1.000000010,0.000000653,-0.000000399,0.000000000,-0.000000000,0.995281840,0.097026074,0.000000000,0.000000000,-1.513000000,38.500000000,1.000000000
ENTITYNAME=Tower_Device
