OBJECTMODELPOINTER=33777c94-e4b9-4947-906f-f84480f3cb99.dev
BASEFAMILY=1b0626ae-5334-4154-8626-0cf3f3e40f63.fam
BLHA=28.28240757,113.45687165,86.867380,340.232800
TRANSFORMMATRIX=-0.001519700,-0.999998845,0.000017065,0.000000000,0.999998845,-0.001519700,-0.000000969,0.000000000,0.000000995,0.000017064,1.000000000,0.000000000,6.140187443,108.844481731,60.534200287,1.000000000
ENTITYNAME=Wire_Device
