OBJECTMODELPOINTER=5f0a609b-dd6f-4c5e-8543-0bc6741679e6.dev
BASEFAMILY=1b1367b2-d213-4190-8aee-09106c48e8ca.fam
TRANSFORMMATRIX=0.856791111,-0.088591430,-0.507996285,0.000000000,0.505511273,-0.050217956,0.861357553,0.000000000,-0.101818829,-0.994801406,0.001757631,0.000000000,1.384939759,1.384939759,34.000000000,1.000000000
ENTITYNAME=Tower_Device
