OBJECTMODELPOINTER=13a78437-ad2c-452a-8fd1-0733d19ccb25.dev
BASEFAMILY=1b19f3bb-1ced-4abf-9f31-4270fd26b326.fam
TRANSFORMMATRIX=-1.000000000,0.000000000,-0.000000000,0.000000000,-0.000000000,-1.000000000,0.000000000,0.000000000,-0.000000000,-0.000000000,1.000000000,0.000000000,4.407022345,4.407051581,-0.000000102,1.000000000
ENTITYNAME=Tower_Device
