OBJECTMODELPOINTER=33777c94-e4b9-4947-906f-f84480f3cb99.dev
BASEFAMILY=1b21eb20-ff28-44c0-8006-3ecb73d6f1ec.fam
BLHA=28.63586389,113.46501767,148.649697,277.610658
TRANSFORMMATRIX=-0.015691962,-0.999876873,0.000036226,0.000000000,0.999876874,-0.015691962,0.000001999,0.000000000,-0.000001431,0.000036253,0.999999999,0.000000000,-9.288107888,230.245239333,43.298530345,1.000000000
ENTITYNAME=Wire_Device
