OBJECTMODELPOINTER=3b0b71ef-fb9b-43b2-b3bf-d84143290cb0.dev
BASEFAMILY=1b3bdca1-4dda-4e9c-b71a-aacacc63f567.fam
TRANSFORMMATRIX=-0.999994146,-0.003421265,0.000000003,0.000000000,0.003421264,-0.999994149,-0.000000003,0.000000000,-0.000000000,-0.000000000,1.000000000,0.000000000,-9.870000000,-0.310000000,55.000000000,1.000000000
ENTITYNAME=Tower_Device
