ENTITYNAME=WIRE
BASEFAMILY=1b4c5774-f18b-40d4-aeae-67143665afbd.fam
OBJECTMODELPOINTER=81b82497-164d-48c0-b1cb-18fa700dacdf.dev
KVALUE=0.094578
SPLIT=4
POINT0.BLHA=28.28492071,113.44885804,59.682,504.180323
POINT0.MATRIX0=0.585236184,-0.810862879,-0.000000000,0.000000000,0.810862879,0.585236184,-0.000000000,0.000000000,-0.000000000,-0.000000000,1.000000000,0.000000000,11.189050329,-0.000676462,42.790002348,1.000000000
POINT0.MATRIX1=0.585236184,-0.810862879,-0.000000000,0.000000000,0.810862879,0.585236184,-0.000000000,0.000000000,-0.000000000,-0.000000000,1.000000000,0.000000000,11.189050329,-0.000676462,43.240002336,1.000000000
POINT0.MATRIX2=0.585236184,-0.810862879,-0.000000000,0.000000000,0.810862879,0.585236184,-0.000000000,0.000000000,-0.000000000,-0.000000000,1.000000000,0.000000000,11.639050383,-0.000676920,43.240002336,1.000000000
POINT0.MATRIX3=0.585236184,-0.810862879,-0.000000000,0.000000000,0.810862879,0.585236184,-0.000000000,0.000000000,-0.000000000,-0.000000000,1.000000000,0.000000000,11.639050383,-0.000676920,42.790002349,1.000000000
POINT1.BLHA=28.28492071,113.44885804,59.682,504.180323
POINT1.MATRIX0=0.585236184,-0.810862879,-0.000000000,0.000000000,0.810862879,0.585236184,-0.000000000,0.000000000,-0.000000000,-0.000000000,1.000000000,0.000000000,12.799760417,-8.703043618,45.729028883,1.000000000
POINT1.MATRIX1=0.585236184,-0.810862879,-0.000000000,0.000000000,0.810862879,0.585236184,-0.000000000,0.000000000,-0.000000000,-0.000000000,1.000000000,0.000000000,12.982661460,-9.477372701,46.161984864,1.000000000
POINT1.MATRIX2=0.585236184,-0.810862879,-0.000000000,0.000000000,0.810862879,0.585236184,-0.000000000,0.000000000,-0.000000000,-0.000000000,1.000000000,0.000000000,13.463531541,-9.339337103,46.161984864,1.000000000
POINT1.MATRIX3=0.585236184,-0.810862879,-0.000000000,0.000000000,0.810862879,0.585236184,-0.000000000,0.000000000,-0.000000000,-0.000000000,1.000000000,0.000000000,13.283107257,-8.565102523,45.729028883,1.000000000
