ENTITYNAME=WIRE
BASEFAMILY=1b5dc1e7-e5db-4a21-b9aa-6c292bee09eb.fam
OBJECTMODELPOINTER=81b82497-164d-48c0-b1cb-18fa700dacdf.dev
KVALUE=0.100587
SPLIT=4
POINT0.BLHA=28.63338498,113.46540590,167.944,275.523589
POINT0.MATRIX0=-0.995356654,0.096255554,-0.000000000,0.000000000,-0.096255554,-0.995356654,0.000000000,0.000000000,-0.000000000,0.000000000,1.000000000,0.000000000,1.786477554,-10.070239423,35.330047553,1.000000000
POINT0.MATRIX1=-0.995356654,0.096255554,-0.000000000,0.000000000,-0.096255554,-0.995356654,0.000000000,0.000000000,-0.000000000,0.000000000,1.000000000,0.000000000,2.254020916,-10.085038348,35.506782469,1.000000000
POINT0.MATRIX2=-0.995356654,0.096255554,-0.000000000,0.000000000,-0.096255554,-0.995356654,0.000000000,0.000000000,-0.000000000,0.000000000,1.000000000,0.000000000,2.013262305,-9.447165834,36.100569312,1.000000000
POINT0.MATRIX3=-0.995356654,0.096255554,-0.000000000,0.000000000,-0.096255554,-0.995356654,0.000000000,0.000000000,-0.000000000,0.000000000,1.000000000,0.000000000,1.545718943,-9.432366909,35.923834389,1.000000000
POINT1.BLHA=28.63338498,113.46540590,167.944,275.523589
POINT1.MATRIX0=-0.995356654,0.096255554,-0.000000000,0.000000000,-0.096255554,-0.995356654,0.000000000,0.000000000,-0.000000000,0.000000000,1.000000000,0.000000000,7.724778550,-4.000520451,38.789999550,1.000000000
POINT1.MATRIX1=-0.995356654,0.096255554,-0.000000000,0.000000000,-0.096255554,-0.995356654,0.000000000,0.000000000,-0.000000000,0.000000000,1.000000000,0.000000000,7.724778550,-4.000520451,39.239999598,1.000000000
POINT1.MATRIX2=-0.995356654,0.096255554,-0.000000000,0.000000000,-0.096255554,-0.995356654,0.000000000,0.000000000,-0.000000000,0.000000000,1.000000000,0.000000000,7.274778503,-4.000520381,39.239999598,1.000000000
POINT1.MATRIX3=-0.995356654,0.096255554,-0.000000000,0.000000000,-0.096255554,-0.995356654,0.000000000,0.000000000,-0.000000000,0.000000000,1.000000000,0.000000000,7.274778503,-4.000520381,38.789999550,1.000000000
