OBJECTMODELPOINTER=6653b1cf-942e-40fd-a99b-3e3fa2c5cf3d.dev
BASEFAMILY=1b718ff8-1bc1-4a3f-94dd-56308e02ea52.fam
TRANSFORMMATRIX=0.001460528,0.999998983,-0.000001643,0.000000000,-0.999998883,0.001461358,-0.000000009,0.000000000,-0.000000000,-0.000000000,1.000000000,0.000000000,11.870000000,-0.000000000,39.000000001,1.000000000
ENTITYNAME=Tower_Device
