OBJECTMODELPOINTER=5e59d853-3474-4a03-acb9-8ad7e403aa50.dev
BASEFAMILY=1b8a6850-ec73-4d2f-a3c8-20d8c9c70cdb.fam
TRANSFORMMATRIX=0.001665157,-0.999998247,0.000001464,0.000000000,0.999998979,0.001665555,-0.000000749,0.000000000,0.000000000,0.000000000,1.000000000,0.000000000,-12.730000000,-0.599999999,48.000000001,1.000000000
ENTITYNAME=Tower_Device
