OBJECTMODELPOINTER=33777c94-e4b9-4947-906f-f84480f3cb99.dev
BASEFAMILY=1b991fb9-55b6-4e9c-9500-8c58957dc9c1.fam
BLHA=28.30572385,113.43813150,65.831158,307.005893
TRANSFORMMATRIX=-0.006306656,-0.999980113,0.000004351,0.000000000,0.999980113,-0.006306656,-0.000001436,0.000000000,0.000001462,0.000004341,1.000000000,0.000000000,9.255214004,27.599976444,45.889901712,1.000000000
ENTITYNAME=Wire_Device
