OBJECTMODELPOINTER=33777c94-e4b9-4947-906f-f84480f3cb99.dev
BASEFAMILY=1ba7cfe5-dc5d-4c17-8653-35852e93eebb.fam
BLHA=28.31534552,113.42043692,48.733934,348.172871
TRANSFORMMATRIX=-0.219598349,-0.975590367,0.000019105,0.000000000,0.975590367,-0.219598349,-0.000001072,0.000000000,0.000005241,0.000018403,1.000000000,0.000000000,33.166684894,117.408540781,51.685106570,1.000000000
ENTITYNAME=Wire_Device
