OBJECTMODELPOINTER=33777c94-e4b9-4947-906f-f84480f3cb99.dev
BASEFAMILY=1ba96154-423e-45e3-a466-3b3b520eb29b.fam
BLHA=28.32474464,113.37442409,71.722945,330.514691
TRANSFORMMATRIX=-0.324350354,-0.945937021,0.000006904,0.000000000,0.945937021,-0.324350354,-0.000001259,0.000000000,0.000003430,0.000006123,1.000000000,0.000000000,21.721907064,38.981458922,27.909821329,1.000000000
ENTITYNAME=Wire_Device
