ENTITYNAME=WIRE
BASEFAMILY=1bab9aee-f021-4bca-a680-9678f225b719.fam
OBJECTMODELPOINTER=81b82497-164d-48c0-b1cb-18fa700dacdf.dev
KVALUE=0.000000
SPLIT=4
POINT0.BLHA=28.36788990,113.36378392,64.429,219.706007
POINT0.MATRIX0=-0.638848483,-0.769332578,0.000000000,0.000000000,0.769332578,-0.638848483,0.000000000,0.000000000,0.000000000,0.000000000,1.000000000,0.000000000,-11.646742098,-0.720920960,37.741108023,1.000000000
POINT0.MATRIX1=-0.638848483,-0.769332578,0.000000000,0.000000000,0.769332578,-0.638848483,0.000000000,0.000000000,0.000000000,0.000000000,1.000000000,0.000000000,-11.646742098,-0.720920960,38.191104971,1.000000000
POINT0.MATRIX2=-0.638848483,-0.769332578,0.000000000,0.000000000,0.769332578,-0.638848483,0.000000000,0.000000000,0.000000000,0.000000000,1.000000000,0.000000000,-12.096377015,-0.718201285,38.191104972,1.000000000
POINT0.MATRIX3=-0.638848483,-0.769332578,0.000000000,0.000000000,0.769332578,-0.638848483,0.000000000,0.000000000,0.000000000,0.000000000,1.000000000,0.000000000,-12.096377015,-0.718201285,37.741108024,1.000000000
POINT1.BLHA=28.36788990,113.36378392,64.429,219.706007
POINT1.MATRIX0=-0.638848483,-0.769332578,0.000000000,0.000000000,0.769332578,-0.638848483,0.000000000,0.000000000,0.000000000,0.000000000,1.000000000,0.000000000,-11.645805745,-0.600930488,37.741108023,1.000000000
POINT1.MATRIX1=-0.638848483,-0.769332578,0.000000000,0.000000000,0.769332578,-0.638848483,0.000000000,0.000000000,0.000000000,0.000000000,1.000000000,0.000000000,-11.645805745,-0.600930488,38.191104971,1.000000000
POINT1.MATRIX2=-0.638848483,-0.769332578,0.000000000,0.000000000,0.769332578,-0.638848483,0.000000000,0.000000000,0.000000000,0.000000000,1.000000000,0.000000000,-12.095440662,-0.598210813,38.191104971,1.000000000
POINT1.MATRIX3=-0.638848483,-0.769332578,0.000000000,0.000000000,0.769332578,-0.638848483,0.000000000,0.000000000,0.000000000,0.000000000,1.000000000,0.000000000,-12.095440662,-0.598210813,37.741108023,1.000000000
