OBJECTMODELPOINTER=33777c94-e4b9-4947-906f-f84480f3cb99.dev
BASEFAMILY=1bb44a97-3f31-4781-a4e4-2e765dd77453.fam
BLHA=28.32854622,113.36798434,68.151851,482.460958
TRANSFORMMATRIX=-0.106438171,0.994319323,0.000007067,0.000000000,-0.994319323,-0.106438171,-0.000001167,0.000000000,-0.000000409,-0.000007152,1.000000000,0.000000000,-2.497118450,-45.474005299,23.408593130,1.000000000
ENTITYNAME=Wire_Device
