OBJECTMODELPOINTER=33777c94-e4b9-4947-906f-f84480f3cb99.dev
BASEFAMILY=1bb61bd3-c934-4bea-b638-5b2fc0478031.fam
BLHA=28.42958283,113.37956045,205.551749,428.016547
TRANSFORMMATRIX=-0.100572844,0.994929698,0.000006616,0.000000000,-0.994929698,-0.100572844,0.000000237,0.000000000,0.000000901,-0.000006558,1.000000000,0.000000000,5.675100376,-41.670488029,28.445228880,1.000000000
ENTITYNAME=Wire_Device
