OBJECTMODELPOINTER=33777c94-e4b9-4947-906f-f84480f3cb99.dev
BASEFAMILY=1bb82251-673e-4825-8ad1-46a906bedcce.fam
BLHA=28.63009153,113.46564681,168.255878,273.436520
TRANSFORMMATRIX=-0.007911787,-0.999968701,0.000014887,0.000000000,0.999968701,-0.007911787,0.000002248,0.000000000,-0.000002130,0.000014905,1.000000000,0.000000000,-13.623804376,94.651030609,47.186554606,1.000000000
ENTITYNAME=Wire_Device
