OBJECTMODELPOINTER=4ac2cd8c-1724-4a23-923c-f0f25e7960b3.dev
BASEFAMILY=1bc37d09-54d3-4de9-8e50-3301e497f609.fam
TRANSFORMMATRIX=0.000000242,1.000000412,-0.000001277,0.000000000,-0.999999588,0.000000309,0.000001036,0.000000000,0.000000000,-0.000000000,1.000000000,0.000000000,-7.342000000,0.000000000,42.000000000,1.000000000
ENTITYNAME=Tower_Device
