OBJECTMODELPOINTER=33777c94-e4b9-4947-906f-f84480f3cb99.dev
BASEFAMILY=1be53a8a-7dae-404d-8608-7dca48817cbe.fam
BLHA=28.30399811,113.43961542,62.139238,477.400140
TRANSFORMMATRIX=0.160423204,0.987048325,0.000001057,0.000000000,-0.987048325,0.160423204,-0.000001726,0.000000000,-0.000001873,-0.000000766,1.000000000,0.000000000,-11.931556518,-4.848642446,42.599652452,1.000000000
ENTITYNAME=Wire_Device
