OBJECTMODELPOINTER=33777c94-e4b9-4947-906f-f84480f3cb99.dev
BASEFAMILY=1bea2011-4b9b-4e70-abe3-17ce0335c57a.fam
BLHA=28.76146332,113.46687719,133.774448,236.227775
TRANSFORMMATRIX=-0.000001271,-1.000000000,0.000016798,0.000000000,1.000000000,-0.000001271,0.000000119,0.000000000,-0.000000119,0.000016798,1.000000000,0.000000000,-0.503313681,106.839828834,30.951911501,1.000000000
ENTITYNAME=Wire_Device
