OBJECTMODELPOINTER=33777c94-e4b9-4947-906f-f84480f3cb99.dev
BASEFAMILY=1c195ce9-bbd2-4e1c-bb97-0460bbb19a66.fam
BLHA=28.48305469,113.41645050,246.976349,229.813402
TRANSFORMMATRIX=-0.000008419,-1.000000000,0.000029136,0.000000000,1.000000000,-0.000008419,0.000000220,0.000000000,-0.000000221,0.000029136,1.000000000,0.000000000,-0.925931853,185.417659304,34.395991055,1.000000000
ENTITYNAME=Wire_Device
