OBJECTMODELPOINTER=33777c94-e4b9-4947-906f-f84480f3cb99.dev
BASEFAMILY=1c1b2a21-0a30-4b1b-bf95-89d035229a37.fam
BLHA=28.52337409,113.48828309,330.016596,210.734491
TRANSFORMMATRIX=0.002135471,-0.999997716,0.000094025,0.000000000,0.999997720,0.002135471,0.000000403,0.000000000,-0.000000604,0.000094024,0.999999995,0.000000000,-2.474167745,599.371219987,62.337200390,1.000000000
ENTITYNAME=Wire_Device
