OBJECTMODELPOINTER=33777c94-e4b9-4947-906f-f84480f3cb99.dev
BASEFAMILY=1c1da147-f6fc-440c-ada8-222b28ae8820.fam
BLHA=28.27757020,113.46637333,93.774105,312.669055
TRANSFORMMATRIX=-0.000896156,-0.999999598,0.000041502,0.000000000,0.999999598,-0.000896156,0.000001207,0.000000000,-0.000001170,0.000041503,0.999999999,0.000000000,-8.133742099,264.194232683,44.203547159,1.000000000
ENTITYNAME=Wire_Device
