OBJECTMODELPOINTER=33777c94-e4b9-4947-906f-f84480f3cb99.dev
BASEFAMILY=1c208b90-7dea-4d2d-a2cd-0a22a090e0ea.fam
BLHA=28.30399811,113.43961542,62.139238,477.400140
TRANSFORMMATRIX=0.101828880,0.994801930,-0.000000649,0.000000000,-0.994801930,0.101828880,-0.000001728,0.000000000,-0.000001652,0.000000822,1.000000000,0.000000000,-10.549279547,5.244417145,31.731444649,1.000000000
ENTITYNAME=Wire_Device
