OBJECTMODELPOINTER=33777c94-e4b9-4947-906f-f84480f3cb99.dev
BASEFAMILY=1c2ae141-6162-4cc2-ad18-49d664caaeb0.fam
BLHA=28.51174980,113.46636581,279.463297,210.734491
TRANSFORMMATRIX=0.002249799,-0.999997468,0.000040057,0.000000000,0.999997469,0.002249799,0.000000053,0.000000000,-0.000000143,0.000040056,0.999999999,0.000000000,-0.325835026,255.342940010,-8.946359049,1.000000000
ENTITYNAME=Wire_Device
