ENTITYNAME=WIRE
BASEFAMILY=1c489dbf-033a-414c-b555-a1a93c482b11.fam
OBJECTMODELPOINTER=81b82497-164d-48c0-b1cb-18fa700dacdf.dev
KVALUE=0.000000
SPLIT=4
POINT0.BLHA=28.35569166,113.36081333,82.536,278.143009
POINT0.MATRIX0=-0.989917611,0.141644356,0.000000000,0.000000000,-0.141644356,-0.989917611,0.000000000,0.000000000,0.000000000,-0.000000000,1.000000000,0.000000000,-13.095421298,-0.480722369,52.741099388,1.000000000
POINT0.MATRIX1=-0.989917611,0.141644356,0.000000000,0.000000000,-0.141644356,-0.989917611,0.000000000,0.000000000,0.000000000,-0.000000000,1.000000000,0.000000000,-13.095421298,-0.480722369,53.191096336,1.000000000
POINT0.MATRIX2=-0.989917611,0.141644356,0.000000000,0.000000000,-0.141644356,-0.989917611,0.000000000,0.000000000,0.000000000,-0.000000000,1.000000000,0.000000000,-13.545096764,-0.479516217,53.191096336,1.000000000
POINT0.MATRIX3=-0.989917611,0.141644356,0.000000000,0.000000000,-0.141644356,-0.989917611,0.000000000,0.000000000,0.000000000,-0.000000000,1.000000000,0.000000000,-13.545096764,-0.479516217,52.741099388,1.000000000
POINT1.BLHA=28.35569166,113.36081333,82.536,278.143009
POINT1.MATRIX0=-0.989917611,0.141644356,0.000000000,0.000000000,-0.141644356,-0.989917611,0.000000000,0.000000000,0.000000000,-0.000000000,1.000000000,0.000000000,-13.094606979,0.480807459,52.741099388,1.000000000
POINT1.MATRIX1=-0.989917611,0.141644356,0.000000000,0.000000000,-0.141644356,-0.989917611,0.000000000,0.000000000,0.000000000,-0.000000000,1.000000000,0.000000000,-13.094606979,0.480807459,53.191096336,1.000000000
POINT1.MATRIX2=-0.989917611,0.141644356,0.000000000,0.000000000,-0.141644356,-0.989917611,0.000000000,0.000000000,0.000000000,-0.000000000,1.000000000,0.000000000,-13.544835735,0.478146745,53.191096337,1.000000000
POINT1.MATRIX3=-0.989917611,0.141644356,0.000000000,0.000000000,-0.141644356,-0.989917611,0.000000000,0.000000000,0.000000000,-0.000000000,1.000000000,0.000000000,-13.544835735,0.478146745,52.741099389,1.000000000
