OBJECTMODELPOINTER=33777c94-e4b9-4947-906f-f84480f3cb99.dev
BASEFAMILY=1c50d1d3-b608-4f5c-9c15-8d3ac523c921.fam
BLHA=28.31294059,113.42646212,52.368358,335.449580
TRANSFORMMATRIX=0.000026336,-0.999999998,0.000050927,0.000000000,1.000000000,0.000026337,0.000001199,0.000000000,-0.000001201,0.000050927,0.999999999,0.000000000,-8.267859614,324.793407957,49.935853787,1.000000000
ENTITYNAME=Wire_Device
