OBJECTMODELPOINTER=33777c94-e4b9-4947-906f-f84480f3cb99.dev
BASEFAMILY=1c51b2e8-f611-427a-a330-2d28e38f74ea.fam
BLHA=28.63009153,113.46564681,168.255878,273.436520
TRANSFORMMATRIX=0.007912238,-0.999968697,0.000026494,0.000000000,0.999968698,0.007912238,-0.000002077,0.000000000,0.000001868,0.000026509,1.000000000,0.000000000,11.866237642,168.343804282,52.485241098,1.000000000
ENTITYNAME=Wire_Device
