OBJECTMODELPOINTER=30589782-1525-4141-91c2-ae896392b62e.dev
BASEFAMILY=1c544ce3-f05f-4916-bd65-b9d6ac1a5d56.fam
TRANSFORMMATRIX=0.000000387,1.000000381,-0.000000994,0.000000000,-0.999999619,0.000000066,0.000001310,0.000000000,-0.000000000,0.000000000,1.000000000,0.000000000,-12.000000000,0.000000000,36.000000001,1.000000000
ENTITYNAME=Tower_Device
