OBJECTMODELPOINTER=33777c94-e4b9-4947-906f-f84480f3cb99.dev
BASEFAMILY=1c5c90c2-3fe2-42c2-9286-08e81703ea74.fam
BLHA=28.28033977,113.46346380,83.899072,326.450928
TRANSFORMMATRIX=-0.236517040,-0.971627340,0.000050510,0.000000000,0.971627341,-0.236517041,-0.000001571,0.000000000,0.000013473,0.000048705,0.999999999,0.000000000,84.943833559,310.187486254,56.289640107,1.000000000
ENTITYNAME=Wire_Device
