OBJECTMODELPOINTER=33777c94-e4b9-4947-906f-f84480f3cb99.dev
BASEFAMILY=1c632f18-3693-403a-bc32-916719653ca2.fam
BLHA=28.26851271,113.48351910,83.112496,355.334735
TRANSFORMMATRIX=0.005708798,-0.999983704,0.000025148,0.000000000,0.999983705,0.005708798,-0.000001140,0.000000000,0.000000997,0.000025154,1.000000000,0.000000000,6.261072411,160.550047787,38.354193483,1.000000000
ENTITYNAME=Wire_Device
