OBJECTMODELPOINTER=33777c94-e4b9-4947-906f-f84480f3cb99.dev
BASEFAMILY=1c6c3c7a-c1ff-4fbb-b332-d33aab5ffb49.fam
BLHA=28.29768818,113.44194006,79.179744,287.794387
TRANSFORMMATRIX=-0.002217961,-0.999997540,0.000030397,0.000000000,0.999997540,-0.002217961,0.000001370,0.000000000,-0.000001303,0.000030400,1.000000000,0.000000000,-8.606987022,193.141879206,21.623462380,1.000000000
ENTITYNAME=Wire_Device
