OBJECTMODELPOINTER=33777c94-e4b9-4947-906f-f84480f3cb99.dev
BASEFAMILY=1c8049b0-5c2c-4442-82ab-fc27599a8e96.fam
BLHA=28.30786495,113.43629033,62.969533,307.005893
TRANSFORMMATRIX=0.000007585,-1.000000000,0.000029981,0.000000000,1.000000000,0.000007585,0.000001552,0.000000000,-0.000001552,0.000029981,1.000000000,0.000000000,-10.363693216,190.760618129,42.687163771,1.000000000
ENTITYNAME=Wire_Device
