OBJECTMODELPOINTER=2cd8726a-7ecf-4436-ab78-974c7df00540.dev
BASEFAMILY=1c8b9b3f-ff13-44b1-8ac8-13122d85359e.fam
TRANSFORMMATRIX=0.004065459,-0.999991854,-0.000000132,0.000000000,0.999991621,0.004064664,-0.000001642,0.000000000,-0.000000000,0.000000000,1.000000000,0.000000000,11.870000000,0.600000000,39.000000000,1.000000000
ENTITYNAME=Tower_Device
