ENTITYNAME=WIRE
BASEFAMILY=1c8ee8c6-3626-4163-be60-b572e98cabcf.fam
OBJECTMODELPOINTER=31970f28-780e-4bf1-8adb-439f78c329a3.dev
KVALUE=0.000225
SPLIT=1
POINT0.BLHA=28.80418340,113.50812520,199.973,227.348291
POINT0.MATRIX0=-0.735485915,-0.677540012,-0.000000000,0.000000000,0.677540012,-0.735485915,-0.000000000,0.000000000,-0.000000000,0.000000000,1.000000000,0.000000000,-9.869016572,0.309459519,54.557998585,1.000000000
POINT1.BLHA=28.80183094,113.50568524,205.478,227.348291
POINT1.MATRIX0=-0.735485915,-0.677540012,-0.000000000,0.000000000,0.677540012,-0.735485915,0.000000000,0.000000000,-0.000000000,0.000000000,1.000000000,0.000000000,-9.867481731,-0.310988300,54.557997978,1.000000000
