OBJECTMODELPOINTER=33777c94-e4b9-4947-906f-f84480f3cb99.dev
BASEFAMILY=1c94122a-f00b-4fbe-9311-b3497e36a32d.fam
BLHA=28.28912608,113.44509395,57.000023,477.961117
TRANSFORMMATRIX=-0.097658363,0.995219998,0.000000804,0.000000000,-0.995219998,-0.097658363,0.000001222,0.000000000,0.000001295,-0.000000680,1.000000000,0.000000000,8.265179088,-4.345737073,48.955592905,1.000000000
ENTITYNAME=Wire_Device
