ENTITYNAME=WIRE
BASEFAMILY=1c956198-21fe-4d6c-8b03-3b09c4d49e4e.fam
OBJECTMODELPOINTER=81b82497-164d-48c0-b1cb-18fa700dacdf.dev
KVALUE=0.000369
SPLIT=4
POINT0.BLHA=28.75094621,113.45897359,113.767,236.227775
POINT0.MATRIX0=-0.831254041,-0.555892723,-0.000000000,0.000000000,0.555892723,-0.831254041,-0.000000000,0.000000000,0.000000000,0.000000000,1.000000000,0.000000000,12.095883554,0.108163944,42.999991214,1.000000000
POINT0.MATRIX1=-0.831254041,-0.555892723,-0.000000000,0.000000000,0.555892723,-0.831254041,-0.000000000,0.000000000,0.000000000,0.000000000,1.000000000,0.000000000,12.095883554,0.108163944,43.450003420,1.000000000
POINT0.MATRIX2=-0.831254041,-0.555892723,-0.000000000,0.000000000,0.555892723,-0.831254041,-0.000000000,0.000000000,0.000000000,0.000000000,1.000000000,0.000000000,11.645453967,0.112393360,43.450003420,1.000000000
POINT0.MATRIX3=-0.831254041,-0.555892723,-0.000000000,0.000000000,0.555892723,-0.831254041,-0.000000000,0.000000000,0.000000000,0.000000000,1.000000000,0.000000000,11.645453966,0.112393360,42.999991213,1.000000000
POINT1.BLHA=28.74846038,113.45710577,102.804,427.264866
POINT1.MATRIX0=0.922301280,0.386471667,0.000000000,0.000000000,-0.386471667,0.922301280,0.000000000,0.000000000,0.000000000,-0.000000000,1.000000000,0.000000000,-6.695228783,9.471755224,29.373498036,1.000000000
POINT1.MATRIX1=0.922301280,0.386471667,0.000000000,0.000000000,-0.386471667,0.922301280,0.000000000,0.000000000,0.000000000,-0.000000000,1.000000000,0.000000000,-6.553132913,10.234362349,29.787560536,1.000000000
POINT1.MATRIX2=0.922301280,0.386471667,0.000000000,0.000000000,-0.386471667,0.922301280,0.000000000,0.000000000,0.000000000,-0.000000000,1.000000000,0.000000000,-6.061175855,10.144033910,29.787743641,1.000000000
POINT1.MATRIX3=0.922301280,0.386471667,0.000000000,0.000000000,-0.386471667,0.922301280,0.000000000,0.000000000,0.000000000,-0.000000000,1.000000000,0.000000000,-6.203271724,9.381426784,29.373437001,1.000000000
