OBJECTMODELPOINTER=0e312739-8609-4a3d-966c-75d05d59356d.dev
BASEFAMILY=1ca2b285-7f94-419f-b483-c4737e800dcc.fam
TRANSFORMMATRIX=1.000000000,-0.000000000,0.000000000,0.000000000,-0.000000000,1.000000000,0.000000000,0.000000000,0.000000000,0.000000000,1.000000000,0.000000000,-5.396973791,-5.397003824,0.000003961,1.000000000
ENTITYNAME=Tower_Device
