OBJECTMODELPOINTER=33777c94-e4b9-4947-906f-f84480f3cb99.dev
BASEFAMILY=1caa648e-8369-4199-9538-f49a689358f7.fam
BLHA=28.55326393,113.50869198,332.868298,304.990571
TRANSFORMMATRIX=-0.001095453,-0.999999399,0.000040546,0.000000000,0.999999400,-0.001095453,0.000000067,0.000000000,-0.000000023,0.000040546,0.999999999,0.000000000,-0.771318758,257.924345417,54.630105490,1.000000000
ENTITYNAME=Wire_Device
