OBJECTMODELPOINTER=681fdabf-32d5-4625-bfd2-480dbac66a46.dev
BASEFAMILY=1cb12206-03e0-4eac-a7e4-c99e924e7c63.fam
TRANSFORMMATRIX=0.007798299,0.999969204,-0.000001303,0.000000000,-0.999969979,0.007798620,-0.000001008,0.000000000,-0.000000000,0.000000000,1.000000000,0.000000000,11.870000000,-0.000000000,48.000000000,1.000000000
ENTITYNAME=Tower_Device
