OBJECTMODELPOINTER=33777c94-e4b9-4947-906f-f84480f3cb99.dev
BASEFAMILY=1cb13fe9-4adb-45ff-b6ca-25b3052c47a8.fam
BLHA=28.68956538,113.45703476,163.838478,277.425083
TRANSFORMMATRIX=-0.005017771,-0.999987410,0.000039120,0.000000000,0.999987411,-0.005017771,0.000002239,0.000000000,-0.000002043,0.000039130,0.999999999,0.000000000,-13.202976649,248.523231534,46.128176293,1.000000000
ENTITYNAME=Wire_Device
