OBJECTMODELPOINTER=33777c94-e4b9-4947-906f-f84480f3cb99.dev
BASEFAMILY=1cc4a301-4a85-4b35-a203-16aa4441598b.fam
BLHA=28.61647630,113.46664258,210.970212,273.436520
TRANSFORMMATRIX=-0.014753979,-0.999891153,0.000041480,0.000000000,0.999891154,-0.014753979,0.000002169,0.000000000,-0.000001557,0.000041508,0.999999999,0.000000000,-10.016981832,263.594394695,38.905444071,1.000000000
ENTITYNAME=Wire_Device
