OBJECTMODELPOINTER=33777c94-e4b9-4947-906f-f84480f3cb99.dev
BASEFAMILY=1ccc3b04-a154-4dce-850e-d24251d75319.fam
BLHA=28.31566161,113.38686189,71.437616,329.270898
TRANSFORMMATRIX=-0.005459544,-0.999985096,0.000037370,0.000000000,0.999985097,-0.005459544,-0.000000913,0.000000000,0.000001116,0.000037365,0.999999999,0.000000000,6.557174509,238.160464013,44.393940276,1.000000000
ENTITYNAME=Wire_Device
