OBJECTMODELPOINTER=06ae6866-fc1e-45f5-8c59-a6bd10f6a5ea.dev
BASEFAMILY=1ce2f43b-5609-4be9-8e5d-40eed882a89b.fam
TRANSFORMMATRIX=0.004798564,-0.999988070,0.000001235,0.000000000,0.999988903,0.004798565,-0.000001089,0.000000000,0.000000000,-0.000000000,1.000000000,0.000000000,11.870000000,0.600000000,39.000000000,1.000000000
ENTITYNAME=Tower_Device
