OBJECTMODELPOINTER=33777c94-e4b9-4947-906f-f84480f3cb99.dev
BASEFAMILY=1cfbeb18-bacd-42f3-86ce-206e7aa817f6.fam
BLHA=28.80841146,113.51251091,171.150662,227.348291
TRANSFORMMATRIX=-0.000004497,-1.000000000,0.000004595,0.000000000,1.000000000,-0.000004497,-0.000001833,0.000000000,0.000001833,0.000004595,1.000000000,0.000000000,11.750179552,29.277073767,42.786376758,1.000000000
ENTITYNAME=Wire_Device
