OBJECTMODELPOINTER=33777c94-e4b9-4947-906f-f84480f3cb99.dev
BASEFAMILY=1d020cd2-9107-4a1d-bcf5-feeacf7b12a6.fam
BLHA=28.75355465,113.46093365,124.778931,236.227775
TRANSFORMMATRIX=-0.000004788,-1.000000000,0.000005467,0.000000000,1.000000000,-0.000004788,0.000000042,0.000000000,-0.000000042,0.000005466,1.000000000,0.000000000,-0.183065048,34.770042684,47.634724610,1.000000000
ENTITYNAME=Wire_Device
