OBJECTMODELPOINTER=50686fcb-4f60-48cf-945a-0d64bda5e598.dev
BASEFAMILY=1d093490-dc52-4de0-a75f-ee3941215a66.fam
TRANSFORMMATRIX=-0.999997536,-0.002219904,0.000000003,0.000000000,0.002219906,-0.999997536,-0.000000000,0.000000000,-0.000000000,0.000000000,1.000000000,0.000000000,9.870000000,-0.000000000,55.000000000,1.000000000
ENTITYNAME=Tower_Device
