OBJECTMODELPOINTER=83425592-dde0-439d-8ca7-4fcef3bb3d10.dev
BASEFAMILY=1d11222b-ca14-4d36-83d7-afbd4d7aabb9.fam
TRANSFORMMATRIX=-0.000000338,1.000000116,-0.000001638,0.000000000,-0.999999884,0.000000457,0.000000129,0.000000000,-0.000000000,-0.000000000,1.000000000,0.000000000,-0.000000000,0.000000000,63.000000000,1.000000000
ENTITYNAME=Tower_Device
