OBJECTMODELPOINTER=13a78437-ad2c-452a-8fd1-0733d19ccb25.dev
BASEFAMILY=1d24c357-07a0-47fa-a49a-fa7b24ff5107.fam
TRANSFORMMATRIX=-0.000000000,-1.000000000,0.000000000,0.000000000,1.000000000,-0.000000000,-0.000000000,0.000000000,-0.000000000,0.000000000,1.000000000,0.000000000,-8.799450655,8.799940789,-0.000000875,1.000000000
ENTITYNAME=Tower_Device
