OBJECTMODELPOINTER=33777c94-e4b9-4947-906f-f84480f3cb99.dev
BASEFAMILY=1d28280e-e7a3-4868-8141-ad0040924f5d.fam
BLHA=28.73433869,113.45386444,142.659000,258.301958
TRANSFORMMATRIX=0.007941581,-0.999968463,0.000064437,0.000000000,0.999968465,0.007941581,0.000001880,0.000000000,-0.000002392,0.000064420,0.999999998,0.000000000,-14.842091226,409.159041527,22.383102900,1.000000000
ENTITYNAME=Wire_Device
