ENTITYNAME=WIRE
BASEFAMILY=1d2bfd20-adab-43b5-83ce-489165202da7.fam
OBJECTMODELPOINTER=81b82497-164d-48c0-b1cb-18fa700dacdf.dev
KVALUE=0.000373
SPLIT=4
POINT0.BLHA=28.37348418,113.36536629,69.678,286.379084
POINT0.MATRIX0=-0.959416979,0.281991241,0.000000000,0.000000000,-0.281991241,-0.959416979,0.000000000,0.000000000,0.000000000,-0.000000000,1.000000000,0.000000000,0.224819357,0.109568168,42.999989660,1.000000000
POINT0.MATRIX1=-0.959416979,0.281991241,0.000000000,0.000000000,-0.281991241,-0.959416979,0.000000000,0.000000000,0.000000000,-0.000000000,1.000000000,0.000000000,0.224819357,0.109568168,43.450001867,1.000000000
POINT0.MATRIX2=-0.959416979,0.281991241,0.000000000,0.000000000,-0.281991241,-0.959416979,0.000000000,0.000000000,0.000000000,-0.000000000,1.000000000,0.000000000,-0.224552892,0.111359921,43.450001867,1.000000000
POINT0.MATRIX3=-0.959416979,0.281991241,0.000000000,0.000000000,-0.281991241,-0.959416979,0.000000000,0.000000000,0.000000000,-0.000000000,1.000000000,0.000000000,-0.224552892,0.111359922,42.999989661,1.000000000
POINT1.BLHA=28.36995278,113.36656265,67.148,253.042546
POINT1.MATRIX0=-0.956521597,-0.291661508,0.000000000,0.000000000,0.291661508,-0.956521597,-0.000000000,0.000000000,0.000000000,0.000000000,1.000000000,0.000000000,6.841422589,-9.074412029,35.698058783,1.000000000
POINT1.MATRIX1=-0.956521597,-0.291661508,0.000000000,0.000000000,0.291661508,-0.956521597,-0.000000000,0.000000000,0.000000000,0.000000000,1.000000000,0.000000000,6.307546922,-8.585833523,36.204665839,1.000000000
POINT1.MATRIX2=-0.956521597,-0.291661508,0.000000000,0.000000000,0.291661508,-0.956521597,-0.000000000,0.000000000,0.000000000,0.000000000,1.000000000,0.000000000,5.910021815,-8.817309240,36.008483588,1.000000000
POINT1.MATRIX3=-0.956521597,-0.291661508,0.000000000,0.000000000,0.291661508,-0.956521597,-0.000000000,0.000000000,0.000000000,0.000000000,1.000000000,0.000000000,6.443327831,-9.304019540,35.501876532,1.000000000
