ENTITYNAME=WIRE
BASEFAMILY=1d359361-a1fd-42f5-939d-e01cd1425550.fam
OBJECTMODELPOINTER=81b82497-164d-48c0-b1cb-18fa700dacdf.dev
KVALUE=0.000372
SPLIT=4
POINT0.BLHA=28.33182616,113.36613124,59.967,296.260490
POINT0.MATRIX0=-0.896791752,0.442452882,-0.000000000,0.000000000,-0.442452882,-0.896791752,-0.000000000,0.000000000,0.000000000,-0.000000000,1.000000000,0.000000000,-11.646164592,0.722641078,43.741096830,1.000000000
POINT0.MATRIX1=-0.896791752,0.442452882,-0.000000000,0.000000000,-0.442452882,-0.896791752,-0.000000000,0.000000000,0.000000000,-0.000000000,1.000000000,0.000000000,-11.646164592,0.722641078,44.191093778,1.000000000
POINT0.MATRIX2=-0.896791752,0.442452882,-0.000000000,0.000000000,-0.442452882,-0.896791752,-0.000000000,0.000000000,0.000000000,-0.000000000,1.000000000,0.000000000,-12.095980617,0.718066322,44.191093778,1.000000000
POINT0.MATRIX3=-0.896791752,0.442452882,-0.000000000,0.000000000,-0.442452882,-0.896791752,-0.000000000,0.000000000,0.000000000,-0.000000000,1.000000000,0.000000000,-12.095980617,0.718066322,43.741096830,1.000000000
POINT1.BLHA=28.32854622,113.36798434,68.152,482.460958
POINT1.MATRIX0=0.843757372,-0.536724787,-0.000000000,0.000000000,0.536724787,0.843757372,-0.000000000,0.000000000,-0.000000000,0.000000000,1.000000000,0.000000000,8.268029898,9.445691998,28.603922473,1.000000000
POINT1.MATRIX1=0.843757372,-0.536724787,-0.000000000,0.000000000,0.536724787,0.843757372,-0.000000000,0.000000000,-0.000000000,0.000000000,1.000000000,0.000000000,8.364317738,10.254804844,28.946222889,1.000000000
POINT1.MATRIX2=0.843757372,-0.536724787,-0.000000000,0.000000000,0.536724787,0.843757372,-0.000000000,0.000000000,-0.000000000,0.000000000,1.000000000,0.000000000,8.859673001,10.192015677,28.946482288,1.000000000
POINT1.MATRIX3=0.843757372,-0.536724787,-0.000000000,0.000000000,0.536724787,0.843757372,-0.000000000,0.000000000,-0.000000000,0.000000000,1.000000000,0.000000000,8.763833777,9.387247049,28.603922473,1.000000000
