OBJECTMODELPOINTER=360365c9-15a2-436b-b239-fd2efb60afdb.dev
BASEFAMILY=1d38df7c-27dc-4e2d-b8a3-ef9e3e520f76.fam
TRANSFORMMATRIX=0.000000238,0.999999583,-0.000001002,0.000000000,-1.000000417,0.000000133,-0.000001300,0.000000000,-0.000000000,0.000000000,1.000000000,0.000000000,0.000000000,-0.000000000,48.000000000,1.000000000
ENTITYNAME=Tower_Device
