OBJECTMODELPOINTER=33777c94-e4b9-4947-906f-f84480f3cb99.dev
BASEFAMILY=1d5e1aeb-1f59-44a5-9e3f-28c5d85ae781.fam
BLHA=28.44721846,113.39002654,265.559825,242.026912
TRANSFORMMATRIX=-0.002839654,-0.999995968,0.000029092,0.000000000,0.999995968,-0.002839654,0.000002300,0.000000000,-0.000002217,0.000029098,1.000000000,0.000000000,-13.736535284,184.962488406,26.276798221,1.000000000
ENTITYNAME=Wire_Device
