OBJECTMODELPOINTER=33777c94-e4b9-4947-906f-f84480f3cb99.dev
BASEFAMILY=1d78ef58-2835-4a17-9ee6-2473ba8fa1fe.fam
BLHA=28.46846127,113.40263855,250.773411,415.920157
TRANSFORMMATRIX=0.662956814,0.748657641,0.000000279,0.000000000,-0.748657641,0.662956814,0.000001303,0.000000000,0.000000790,-0.000001074,1.000000000,0.000000000,5.020540167,-6.813452136,35.476216877,1.000000000
ENTITYNAME=Wire_Device
