ENTITYNAME=WIRE
BASEFAMILY=1d88619a-f458-4fc1-87e6-6d760796a252.fam
OBJECTMODELPOINTER=81b82497-164d-48c0-b1cb-18fa700dacdf.dev
KVALUE=0.000000
SPLIT=4
POINT0.BLHA=28.29096601,113.44441625,53.540,287.794387
POINT0.MATRIX0=-0.952159334,0.305602035,0.000000000,0.000000000,-0.305602035,-0.952159334,0.000000000,0.000000000,-0.000000000,-0.000000000,1.000000000,0.000000000,-6.588242517,0.000571568,61.366814892,1.000000000
POINT0.MATRIX1=-0.952159334,0.305602035,0.000000000,0.000000000,-0.305602035,-0.952159334,0.000000000,0.000000000,-0.000000000,-0.000000000,1.000000000,0.000000000,-6.401701582,0.000186480,61.830666821,1.000000000
POINT0.MATRIX2=-0.952159334,0.305602035,0.000000000,0.000000000,-0.305602035,-0.952159334,0.000000000,0.000000000,-0.000000000,-0.000000000,1.000000000,0.000000000,-6.865795289,-0.000601353,62.017327589,1.000000000
POINT0.MATRIX3=-0.952159334,0.305602035,0.000000000,0.000000000,-0.305602035,-0.952159334,0.000000000,0.000000000,-0.000000000,-0.000000000,1.000000000,0.000000000,-7.052336223,-0.000216267,61.553475660,1.000000000
POINT1.BLHA=28.29096601,113.44441625,53.540,287.794387
POINT1.MATRIX0=-0.952159334,0.305602035,0.000000000,0.000000000,-0.305602035,-0.952159334,0.000000000,0.000000000,-0.000000000,-0.000000000,1.000000000,0.000000000,-6.588242854,0.130570189,61.366814893,1.000000000
POINT1.MATRIX1=-0.952159334,0.305602035,0.000000000,0.000000000,-0.305602035,-0.952159334,0.000000000,0.000000000,-0.000000000,-0.000000000,1.000000000,0.000000000,-6.401701920,0.130185102,61.830666821,1.000000000
POINT1.MATRIX2=-0.952159334,0.305602035,0.000000000,0.000000000,-0.305602035,-0.952159334,0.000000000,0.000000000,-0.000000000,-0.000000000,1.000000000,0.000000000,-6.865795626,0.129397267,62.017327589,1.000000000
POINT1.MATRIX3=-0.952159334,0.305602035,0.000000000,0.000000000,-0.305602035,-0.952159334,0.000000000,0.000000000,-0.000000000,-0.000000000,1.000000000,0.000000000,-7.052336561,0.129782354,61.553475660,1.000000000
