OBJECTMODELPOINTER=13a78437-ad2c-452a-8fd1-0733d19ccb25.dev
BASEFAMILY=1d997a28-57b6-4883-bab1-b6fe5f4d8845.fam
TRANSFORMMATRIX=-1.000000000,0.000000000,-0.000000000,0.000000000,-0.000000000,-1.000000000,0.000000000,0.000000000,-0.000000000,-0.000000000,1.000000000,0.000000000,6.151035277,6.150704834,0.000001231,1.000000000
ENTITYNAME=Tower_Device
