OBJECTMODELPOINTER=33777c94-e4b9-4947-906f-f84480f3cb99.dev
BASEFAMILY=1d9f1578-873d-4ebd-809c-f5c574f87141.fam
BLHA=28.50209029,113.44375287,199.020645,200.251669
TRANSFORMMATRIX=0.005049232,-0.999987252,0.000038709,0.000000000,0.999987253,0.005049232,-0.000001850,0.000000000,0.000001655,0.000038717,0.999999999,0.000000000,10.928411099,247.010340090,83.404750093,1.000000000
ENTITYNAME=Wire_Device
