OBJECTMODELPOINTER=33777c94-e4b9-4947-906f-f84480f3cb99.dev
BASEFAMILY=1da30901-697b-4ed6-a4a2-d4af4a13fb1b.fam
BLHA=28.44959265,113.39143584,231.811382,242.026912
TRANSFORMMATRIX=-0.004913187,-0.999987930,0.000016873,0.000000000,0.999987930,-0.004913187,-0.000001739,0.000000000,0.000001822,0.000016864,1.000000000,0.000000000,11.849224096,107.237080551,51.847511702,1.000000000
ENTITYNAME=Wire_Device
