OBJECTMODELPOINTER=33777c94-e4b9-4947-906f-f84480f3cb99.dev
BASEFAMILY=1da37867-4b96-4662-a90f-e83d5a6d2dcd.fam
BLHA=28.34247838,113.36303113,107.750676,278.143009
TRANSFORMMATRIX=0.003128058,-0.999995107,0.000036666,0.000000000,0.999995108,0.003128058,0.000002025,0.000000000,-0.000002139,0.000036660,0.999999999,0.000000000,-13.823434422,232.818215425,8.225759788,1.000000000
ENTITYNAME=Wire_Device
