OBJECTMODELPOINTER=89e9acd9-d654-4c9e-8276-a9909282053f.dev
BASEFAMILY=1dbaa333-41a2-41cb-a6f5-3fb0e8652d62.fam
TRANSFORMMATRIX=0.000000408,0.999999928,0.000000039,0.000000000,-1.000000072,-0.000000408,0.000001644,0.000000000,0.000000000,-0.000000000,1.000000000,0.000000000,10.002000000,0.000000000,56.599999999,1.000000000
ENTITYNAME=Tower_Device
