OBJECTMODELPOINTER=33777c94-e4b9-4947-906f-f84480f3cb99.dev
BASEFAMILY=1de1d454-f334-4a6a-8e92-deb6157805e4.fam
BLHA=28.49037109,113.42431436,249.696550,224.957371
TRANSFORMMATRIX=-0.000025975,-0.999999997,0.000066361,0.000000000,1.000000000,-0.000025975,-0.000001372,0.000000000,0.000001374,0.000066361,0.999999998,0.000000000,9.845232807,422.524672663,12.972976039,1.000000000
ENTITYNAME=Wire_Device
