OBJECTMODELPOINTER=504185c2-74cf-459e-9cdf-d1796afea97a.dev
BASEFAMILY=1ded5689-9e5b-4b5d-88ba-205b8c237ed0.fam
TRANSFORMMATRIX=0.964685278,-0.067619386,-0.254577423,0.000000000,0.263396214,0.255519718,0.930232431,0.000000000,0.002147526,-0.964436259,0.264306812,0.000000000,1.384939759,1.384939759,37.000000000,1.000000000
ENTITYNAME=Tower_Device
