OBJECTMODELPOINTER=33777c94-e4b9-4947-906f-f84480f3cb99.dev
BASEFAMILY=1df0fcc5-a594-44c4-ad25-76c2edbf41dd.fam
BLHA=28.65418328,113.46214797,157.582490,277.610658
TRANSFORMMATRIX=0.000000647,-1.000000000,0.000015998,0.000000000,1.000000000,0.000000647,0.000000061,0.000000000,-0.000000061,0.000015998,1.000000000,0.000000000,-0.457345947,101.603292806,33.565781443,1.000000000
ENTITYNAME=Wire_Device
