ENTITYNAME=WIRE
BASEFAMILY=1df7745c-708b-42be-aad5-abfd92d66dd2.fam
OBJECTMODELPOINTER=81b82497-164d-48c0-b1cb-18fa700dacdf.dev
KVALUE=0.100164
SPLIT=4
POINT0.BLHA=28.56112925,113.50240150,222.763,308.993779
POINT0.MATRIX0=-0.777214288,0.629236005,0.000000000,0.000000000,-0.629236005,-0.777214288,-0.000000000,0.000000000,0.000000000,0.000000000,1.000000000,0.000000000,-10.075198440,-3.998810095,40.590001656,1.000000000
POINT0.MATRIX1=-0.777214288,0.629236005,0.000000000,0.000000000,-0.629236005,-0.777214288,-0.000000000,0.000000000,0.000000000,0.000000000,1.000000000,0.000000000,-10.075198441,-3.998810095,41.040001703,1.000000000
POINT0.MATRIX2=-0.777214288,0.629236005,0.000000000,0.000000000,-0.629236005,-0.777214288,-0.000000000,0.000000000,0.000000000,0.000000000,1.000000000,0.000000000,-10.525198626,-3.998809887,41.040001703,1.000000000
POINT0.MATRIX3=-0.777214288,0.629236005,0.000000000,0.000000000,-0.629236005,-0.777214288,-0.000000000,0.000000000,0.000000000,0.000000000,1.000000000,0.000000000,-10.525198625,-3.998809887,40.590001656,1.000000000
POINT1.BLHA=28.56112925,113.50240150,222.763,308.993779
POINT1.MATRIX0=-0.777214288,0.629236005,0.000000000,0.000000000,-0.629236005,-0.777214288,-0.000000000,0.000000000,0.000000000,0.000000000,1.000000000,0.000000000,-10.075008460,4.000112141,40.590001655,1.000000000
POINT1.MATRIX1=-0.777214288,0.629236005,0.000000000,0.000000000,-0.629236005,-0.777214288,-0.000000000,0.000000000,0.000000000,0.000000000,1.000000000,0.000000000,-10.075008461,4.000112141,41.040001703,1.000000000
POINT1.MATRIX2=-0.777214288,0.629236005,0.000000000,0.000000000,-0.629236005,-0.777214288,-0.000000000,0.000000000,0.000000000,0.000000000,1.000000000,0.000000000,-10.525008459,4.000112199,41.040001703,1.000000000
POINT1.MATRIX3=-0.777214288,0.629236005,0.000000000,0.000000000,-0.629236005,-0.777214288,-0.000000000,0.000000000,0.000000000,0.000000000,1.000000000,0.000000000,-10.525008459,4.000112199,40.590001656,1.000000000
