OBJECTMODELPOINTER=33777c94-e4b9-4947-906f-f84480f3cb99.dev
BASEFAMILY=1dfe73ad-aa9b-4150-94c3-16a98bfa14d1.fam
BLHA=28.30070252,113.44082959,73.741833,287.794387
TRANSFORMMATRIX=-0.001843462,-0.999998300,0.000049771,0.000000000,0.999998301,-0.001843462,-0.000000976,0.000000000,0.000001068,0.000049769,0.999999999,0.000000000,6.332046695,316.170078305,46.553855407,1.000000000
ENTITYNAME=Wire_Device
