OBJECTMODELPOINTER=33777c94-e4b9-4947-906f-f84480f3cb99.dev
BASEFAMILY=1e0145f2-e733-457d-9567-a3792de629b9.fam
BLHA=28.57262295,113.49015944,261.228990,312.996987
TRANSFORMMATRIX=0.000027155,-0.999999997,0.000073282,0.000000000,1.000000000,0.000027155,0.000000120,0.000000000,-0.000000123,0.000073281,0.999999997,0.000000000,-1.985109034,466.488512074,28.499221704,1.000000000
ENTITYNAME=Wire_Device
