OBJECTMODELPOINTER=33777c94-e4b9-4947-906f-f84480f3cb99.dev
BASEFAMILY=1e1c2595-1a88-41ad-82e8-ab4f4b2e64c6.fam
BLHA=28.26885822,113.47846971,85.176990,355.334735
TRANSFORMMATRIX=0.000000447,-1.000000000,0.000004694,0.000000000,1.000000000,0.000000447,-0.000001072,0.000000000,0.000001072,0.000004694,1.000000000,0.000000000,6.795157298,29.959130106,71.704136946,1.000000000
ENTITYNAME=Wire_Device
