OBJECTMODELPOINTER=33777c94-e4b9-4947-906f-f84480f3cb99.dev
BASEFAMILY=1e26d052-f419-4194-9b76-1003689b9536.fam
BLHA=28.58865070,113.47941927,287.208654,287.849619
TRANSFORMMATRIX=-0.002221621,-0.999997529,0.000085935,0.000000000,0.999997532,-0.002221621,-0.000001618,0.000000000,0.000001809,0.000085931,0.999999996,0.000000000,10.715034922,545.941406692,25.938599442,1.000000000
ENTITYNAME=Wire_Device
