OBJECTMODELPOINTER=33777c94-e4b9-4947-906f-f84480f3cb99.dev
BASEFAMILY=1e29f507-de91-4a6c-ad16-aaac2bb88db2.fam
BLHA=28.31470596,113.39701913,83.588909,4.996372
TRANSFORMMATRIX=0.000949569,-0.999999548,0.000036326,0.000000000,0.999999549,0.000949569,0.000001333,0.000000000,-0.000001369,0.000036325,0.999999999,0.000000000,-8.581806275,231.849874688,50.794569083,1.000000000
ENTITYNAME=Wire_Device
