OBJECTMODELPOINTER=33777c94-e4b9-4947-906f-f84480f3cb99.dev
BASEFAMILY=1e3fc2d6-cc30-4771-b36b-e36b4f0d1994.fam
BLHA=28.31775016,113.38284517,61.633463,329.270898
TRANSFORMMATRIX=0.001422691,-0.999998988,0.000004326,0.000000000,0.999998988,0.001422691,-0.000001224,0.000000000,0.000001218,0.000004328,1.000000000,0.000000000,7.678898022,27.567980784,48.217537286,1.000000000
ENTITYNAME=Wire_Device
