OBJECTMODELPOINTER=33777c94-e4b9-4947-906f-f84480f3cb99.dev
BASEFAMILY=1e53c3a3-4567-4f2c-8993-fe7b043da623.fam
BLHA=28.31529425,113.41760444,47.126172,0.896163
TRANSFORMMATRIX=-0.005226444,-0.999986342,0.000005026,0.000000000,0.999986342,-0.005226444,-0.000001426,0.000000000,0.000001451,0.000005019,1.000000000,0.000000000,9.222513088,32.035570968,40.508882875,1.000000000
ENTITYNAME=Wire_Device
