OBJECTMODELPOINTER=33777c94-e4b9-4947-906f-f84480f3cb99.dev
BASEFAMILY=1e5b04e1-b363-4279-acbf-6a41c75504ec.fam
BLHA=28.28149698,113.45977476,95.758412,340.232800
TRANSFORMMATRIX=-0.001551712,-0.999998795,0.000052451,0.000000000,0.999998796,-0.001551712,-0.000001091,0.000000000,0.000001172,0.000052449,0.999999999,0.000000000,6.893319465,334.573606306,21.100705489,1.000000000
ENTITYNAME=Wire_Device
