OBJECTMODELPOINTER=33777c94-e4b9-4947-906f-f84480f3cb99.dev
BASEFAMILY=1e66eef9-1d34-41cd-8f69-5a30669789ad.fam
BLHA=28.57663112,113.48588937,251.356728,312.996987
TRANSFORMMATRIX=0.000004506,-1.000000000,0.000005749,0.000000000,1.000000000,0.000004506,0.000002101,0.000000000,-0.000002101,0.000005749,1.000000000,0.000000000,-13.476803965,36.629013883,51.047335288,1.000000000
ENTITYNAME=Wire_Device
