ENTITYNAME=WIRE
BASEFAMILY=1e74213c-cfc6-4852-b33b-43343c7364e3.fam
OBJECTMODELPOINTER=81b82497-164d-48c0-b1cb-18fa700dacdf.dev
KVALUE=0.089396
SPLIT=4
POINT0.BLHA=28.28912608,113.44509395,57.000,477.961117
POINT0.MATRIX0=0.883265993,-0.468872248,0.000000000,0.000000000,0.468872248,0.883265993,-0.000000000,0.000000000,-0.000000000,-0.000000000,1.000000000,0.000000000,-6.987968577,8.675125616,52.546227511,1.000000000
POINT0.MATRIX1=0.883265993,-0.468872248,0.000000000,0.000000000,0.468872248,0.883265993,-0.000000000,0.000000000,-0.000000000,-0.000000000,1.000000000,0.000000000,-6.812456056,9.418199733,53.029217538,1.000000000
POINT0.MATRIX2=0.883265993,-0.468872248,0.000000000,0.000000000,0.468872248,0.883265993,-0.000000000,0.000000000,-0.000000000,-0.000000000,1.000000000,0.000000000,-6.320768019,9.327458948,53.029110725,1.000000000
POINT0.MATRIX3=0.883265993,-0.468872248,0.000000000,0.000000000,0.468872248,0.883265993,-0.000000000,0.000000000,-0.000000000,-0.000000000,1.000000000,0.000000000,-6.495875493,8.581958561,52.546349581,1.000000000
POINT1.BLHA=28.28912608,113.44509395,57.000,477.961117
POINT1.MATRIX0=0.883265993,-0.468872248,0.000000000,0.000000000,0.468872248,0.883265993,-0.000000000,0.000000000,-0.000000000,-0.000000000,1.000000000,0.000000000,-10.725093302,0.000826942,49.090011220,1.000000000
POINT1.MATRIX1=0.883265993,-0.468872248,0.000000000,0.000000000,0.468872248,0.883265993,-0.000000000,0.000000000,-0.000000000,-0.000000000,1.000000000,0.000000000,-10.725093302,0.000826942,49.540011223,1.000000000
POINT1.MATRIX2=0.883265993,-0.468872248,0.000000000,0.000000000,0.468872248,0.883265993,-0.000000000,0.000000000,-0.000000000,-0.000000000,1.000000000,0.000000000,-10.275093383,0.000826786,49.540011224,1.000000000
POINT1.MATRIX3=0.883265993,-0.468872248,0.000000000,0.000000000,0.468872248,0.883265993,-0.000000000,0.000000000,-0.000000000,-0.000000000,1.000000000,0.000000000,-10.275093383,0.000826786,49.090011220,1.000000000
