OBJECTMODELPOINTER=146d895a-fdff-4646-a5ce-e15abbf3f3eb.dev
BASEFAMILY=1e7ae011-ffad-4f97-850c-24d31054c3a2.fam
TRANSFORMMATRIX=1.000000000,0.000000000,-0.000000000,0.000000000,0.000000000,1.000000000,0.000000000,0.000000000,0.000000000,0.000000000,1.000000000,0.000000000,-5.809834169,-5.810079361,-0.000001994,1.000000000
ENTITYNAME=Tower_Device
