OBJECTMODELPOINTER=9fbd32da-29e9-428a-b986-32d413c09cc2.dev
BASEFAMILY=1e9b4c6d-53ae-4d75-9d06-2afb844da28a.fam
TRANSFORMMATRIX=-0.000000069,0.999999701,0.000001470,0.000000000,-1.000000299,0.000000520,0.000000733,0.000000000,0.000000000,-0.000000000,1.000000000,0.000000000,7.500000000,-4.000000001,42.999999999,1.000000000
ENTITYNAME=Tower_Device
