OBJECTMODELPOINTER=33777c94-e4b9-4947-906f-f84480f3cb99.dev
BASEFAMILY=1ea3765e-0e5e-4b5f-b802-f57ab19242bd.fam
BLHA=28.51174980,113.46636581,279.463297,210.734491
TRANSFORMMATRIX=-0.005508465,-0.999984828,0.000000669,0.000000000,0.999984828,-0.005508465,-0.000001221,0.000000000,0.000001224,0.000000663,1.000000000,0.000000000,7.794326435,4.240300853,24.956548183,1.000000000
ENTITYNAME=Wire_Device
