OBJECTMODELPOINTER=33777c94-e4b9-4947-906f-f84480f3cb99.dev
BASEFAMILY=1eb4ae41-bb88-41bd-a7d3-1814f9a00ae3.fam
BLHA=28.41408598,113.37463405,174.728080,254.006183
TRANSFORMMATRIX=-0.000005049,-0.999999999,0.000036038,0.000000000,1.000000000,-0.000005050,-0.000001851,0.000000000,0.000001852,0.000036038,0.999999999,0.000000000,12.130430399,228.952954000,35.307971842,1.000000000
ENTITYNAME=Wire_Device
