OBJECTMODELPOINTER=13a78437-ad2c-452a-8fd1-0733d19ccb25.dev
BASEFAMILY=1ec8dbdd-8cb2-4a81-b721-1bdfb3ecc087.fam
TRANSFORMMATRIX=1.000000000,-0.000000000,-0.000000000,0.000000000,-0.000000000,1.000000000,0.000000000,0.000000000,-0.000000000,-0.000000000,1.000000000,0.000000000,-6.699918365,-6.700036183,0.000004865,1.000000000
ENTITYNAME=Tower_Device
