OBJECTMODELPOINTER=6a578fb9-7d79-45ce-9544-08879f1067a2.dev
BASEFAMILY=1ec9e08d-6f82-4f7a-8ef6-64825b57ecd7.fam
TRANSFORMMATRIX=0.000000656,1.000000180,0.000000467,0.000000000,-0.999999820,-0.000000090,-0.000001577,0.000000000,-0.000000000,-0.000000000,1.000000000,0.000000000,9.315000000,0.000000000,30.000000000,1.000000000
ENTITYNAME=Tower_Device
