OBJECTMODELPOINTER=33777c94-e4b9-4947-906f-f84480f3cb99.dev
BASEFAMILY=1ecae6b3-ada0-49d4-a854-fd6e296113f1.fam
BLHA=28.68060600,113.45831192,164.595225,275.673275
TRANSFORMMATRIX=0.002377368,-0.999997174,0.000018358,0.000000000,0.999997174,0.002377368,-0.000001921,0.000000000,0.000001878,0.000018363,1.000000000,0.000000000,11.925867811,116.605131557,34.694501110,1.000000000
ENTITYNAME=Wire_Device
