OBJECTMODELPOINTER=33777c94-e4b9-4947-906f-f84480f3cb99.dev
BASEFAMILY=1ecec2c4-aa0d-4e2a-9518-08b40e6ee0dc.fam
BLHA=28.38255325,113.36304670,117.224132,441.473487
TRANSFORMMATRIX=-0.204735120,0.978817414,0.000018037,0.000000000,-0.978817414,-0.204735120,-0.000001432,0.000000000,0.000002291,-0.000017949,1.000000000,0.000000000,14.532538617,-113.972681506,10.826995934,1.000000000
ENTITYNAME=Wire_Device
