OBJECTMODELPOINTER=749b7815-76cf-40c5-bba1-bf6bd0b7f6cf.dev
BASEFAMILY=1ece3268-1123-4ba9-9307-222bb2542b5e.fam
TRANSFORMMATRIX=-0.999987970,-0.004905106,0.000000006,0.000000000,0.004905110,-0.999987970,0.000000001,0.000000000,-0.000000000,0.000000000,1.000000000,0.000000000,10.609999999,0.000000001,55.000000001,1.000000000
ENTITYNAME=Tower_Device
