OBJECTMODELPOINTER=33777c94-e4b9-4947-906f-f84480f3cb99.dev
BASEFAMILY=1ed06f3e-a792-4d62-9dbe-1e53f9f3238c.fam
BLHA=28.28033977,113.46346380,83.899072,326.450928
TRANSFORMMATRIX=-0.206207676,-0.978508250,0.000001030,0.000000000,0.978508250,-0.206207676,-0.000001430,0.000000000,0.000001611,0.000000713,1.000000000,0.000000000,10.237261206,4.519843486,31.456729294,1.000000000
ENTITYNAME=Wire_Device
