ENTITYNAME=WIRE
BASEFAMILY=1ed0cba4-453a-491c-a670-d15745f6c651.fam
OBJECTMODELPOINTER=31970f28-780e-4bf1-8adb-439f78c329a3.dev
KVALUE=0.000242
SPLIT=1
POINT0.BLHA=28.56335436,113.50003182,213.978,312.996987
POINT0.MATRIX0=-0.731389569,0.681959895,-0.000000000,0.000000000,-0.681959895,-0.731389569,0.000000000,0.000000000,0.000000000,-0.000000000,1.000000000,0.000000000,-10.612719437,0.309903179,54.557998893,1.000000000
POINT1.BLHA=28.56112925,113.50240150,222.763,308.993779
POINT1.MATRIX0=-0.777214288,0.629236005,0.000000000,0.000000000,-0.629236005,-0.777214288,-0.000000000,0.000000000,0.000000000,0.000000000,1.000000000,0.000000000,-4.733427296,-1.701813954,44.747823072,1.000000000
