OBJECTMODELPOINTER=0e312739-8609-4a3d-966c-75d05d59356d.dev
BASEFAMILY=1ed54dee-2e4f-4bdb-8087-7e804f3f2c5f.fam
TRANSFORMMATRIX=0.000000000,1.000000000,-0.000000000,0.000000000,-1.000000000,0.000000000,-0.000000000,0.000000000,0.000000000,-0.000000000,1.000000000,0.000000000,5.067139542,-5.067051307,0.000003176,1.000000000
ENTITYNAME=Tower_Device
