OBJECTMODELPOINTER=0e312739-8609-4a3d-966c-75d05d59356d.dev
BASEFAMILY=1ed8a1e1-a09a-4e56-a39c-278d10176322.fam
TRANSFORMMATRIX=0.000000000,-1.000000000,-0.000000000,0.000000000,1.000000000,0.000000000,0.000000000,0.000000000,0.000000000,0.000000000,1.000000000,0.000000000,-4.407089704,4.407976280,0.000001838,1.000000000
ENTITYNAME=Tower_Device
