OBJECTMODELPOINTER=33777c94-e4b9-4947-906f-f84480f3cb99.dev
BASEFAMILY=1edb5081-b8c3-44b2-ac6f-c34650ac29d8.fam
BLHA=28.48504373,113.41833342,235.006355,407.385386
TRANSFORMMATRIX=-0.037812443,0.999284853,0.000029479,0.000000000,-0.999284854,-0.037812443,0.000000427,0.000000000,0.000001541,-0.000029442,1.000000000,0.000000000,9.333099880,-187.383764370,40.530687562,1.000000000
ENTITYNAME=Wire_Device
