OBJECTMODELPOINTER=33777c94-e4b9-4947-906f-f84480f3cb99.dev
BASEFAMILY=1ee58f5a-0257-4519-b1ed-16e67cb9937e.fam
BLHA=28.44311633,113.38759173,262.560023,242.026912
TRANSFORMMATRIX=-0.000000977,-1.000000000,0.000005274,0.000000000,1.000000000,-0.000000977,0.000000042,0.000000000,-0.000000042,0.000005275,1.000000000,0.000000000,-0.196010627,33.527633943,43.381604044,1.000000000
ENTITYNAME=Wire_Device
