OBJECTMODELPOINTER=33777c94-e4b9-4947-906f-f84480f3cb99.dev
BASEFAMILY=1ee8a866-4e9a-4c91-b4a8-ab22709752e6.fam
BLHA=28.31775016,113.38284517,61.633463,329.270898
TRANSFORMMATRIX=0.001432670,-0.999998973,0.000025817,0.000000000,0.999998974,0.001432670,-0.000001163,0.000000000,0.000001126,0.000025818,1.000000000,0.000000000,6.784277418,164.559067776,33.817983665,1.000000000
ENTITYNAME=Wire_Device
