ENTITYNAME=WIRE
BASEFAMILY=1ee91eac-86a0-4216-a549-99c3294091e1.fam
OBJECTMODELPOINTER=81b82497-164d-48c0-b1cb-18fa700dacdf.dev
KVALUE=0.000000
SPLIT=4
POINT0.BLHA=28.43802035,113.38456732,303.278,242.026912
POINT0.MATRIX0=-0.883168008,-0.469056788,-0.000000000,0.000000000,0.469056788,-0.883168008,0.000000000,0.000000000,-0.000000000,-0.000000000,1.000000000,0.000000000,12.095232884,0.479590839,34.741100686,1.000000000
POINT0.MATRIX1=-0.883168008,-0.469056788,-0.000000000,0.000000000,0.469056788,-0.883168008,0.000000000,0.000000000,-0.000000000,-0.000000000,1.000000000,0.000000000,12.095232884,0.479590839,35.191101449,1.000000000
POINT0.MATRIX2=-0.883168008,-0.469056788,-0.000000000,0.000000000,0.469056788,-0.883168008,0.000000000,0.000000000,-0.000000000,-0.000000000,1.000000000,0.000000000,11.645266445,0.479452351,35.191101449,1.000000000
POINT0.MATRIX3=-0.883168008,-0.469056788,-0.000000000,0.000000000,0.469056788,-0.883168008,0.000000000,0.000000000,-0.000000000,-0.000000000,1.000000000,0.000000000,11.645266445,0.479452351,34.741100686,1.000000000
POINT1.BLHA=28.43802035,113.38456732,303.278,242.026912
POINT1.MATRIX0=-0.883168008,-0.469056788,-0.000000000,0.000000000,0.469056788,-0.883168008,0.000000000,0.000000000,-0.000000000,-0.000000000,1.000000000,0.000000000,12.095051750,0.599590722,34.741100686,1.000000000
POINT1.MATRIX1=-0.883168008,-0.469056788,-0.000000000,0.000000000,0.469056788,-0.883168008,0.000000000,0.000000000,-0.000000000,-0.000000000,1.000000000,0.000000000,12.095051751,0.599590723,35.191101449,1.000000000
POINT1.MATRIX2=-0.883168008,-0.469056788,-0.000000000,0.000000000,0.469056788,-0.883168008,0.000000000,0.000000000,-0.000000000,-0.000000000,1.000000000,0.000000000,11.645085300,0.599452223,35.191101449,1.000000000
POINT1.MATRIX3=-0.883168008,-0.469056788,-0.000000000,0.000000000,0.469056788,-0.883168008,0.000000000,0.000000000,-0.000000000,-0.000000000,1.000000000,0.000000000,11.645085300,0.599452223,34.741100686,1.000000000
