OBJECTMODELPOINTER=33777c94-e4b9-4947-906f-f84480f3cb99.dev
BASEFAMILY=1f1a8c92-0ba4-4a4e-b587-305a0f2d02e4.fam
BLHA=28.56928949,113.49371034,236.536103,312.996987
TRANSFORMMATRIX=0.000010541,-1.000000000,0.000029551,0.000000000,1.000000000,0.000010541,-0.000002044,0.000000000,0.000002043,0.000029551,1.000000000,0.000000000,12.525578483,188.079810814,33.734125418,1.000000000
ENTITYNAME=Wire_Device
