OBJECTMODELPOINTER=33777c94-e4b9-4947-906f-f84480f3cb99.dev
BASEFAMILY=1f257097-131c-4846-93d2-20c74b01a344.fam
BLHA=28.51174980,113.46636581,279.463297,210.734491
TRANSFORMMATRIX=0.002255159,-0.999997457,0.000028514,0.000000000,0.999997457,0.002255159,-0.000000026,0.000000000,-0.000000039,0.000028515,1.000000000,0.000000000,0.168168954,181.765955243,-0.592524353,1.000000000
ENTITYNAME=Wire_Device
