OBJECTMODELPOINTER=983f36ee-0f45-4ccf-82b7-0329843a1f54.dev
BASEFAMILY=1f2d794e-f213-429e-b7d7-2cf6c5258512.fam
TRANSFORMMATRIX=-0.006289534,0.999979802,-0.000001131,0.000000000,-0.999980640,-0.006289466,-0.000001181,0.000000000,0.000000000,0.000000000,1.000000000,0.000000000,-11.870000000,0.000000001,48.000000000,1.000000000
ENTITYNAME=Tower_Device
