ENTITYNAME=WIRE
BASEFAMILY=1f2ec018-aeea-4c60-80d2-43108fb3932e.fam
OBJECTMODELPOINTER=81b82497-164d-48c0-b1cb-18fa700dacdf.dev
KVALUE=0.000000
SPLIT=4
POINT0.BLHA=28.54536406,113.51168326,478.790,255.750198
POINT0.MATRIX0=-0.969231762,-0.246149938,0.000000000,0.000000000,0.246149938,-0.969231762,-0.000000000,0.000000000,0.000000000,-0.000000000,1.000000000,0.000000000,13.546262718,-0.107517340,58.000000809,1.000000000
POINT0.MATRIX1=-0.969231762,-0.246149938,0.000000000,0.000000000,0.246149938,-0.969231762,-0.000000000,0.000000000,0.000000000,-0.000000000,1.000000000,0.000000000,13.546262718,-0.107517341,58.450013015,1.000000000
POINT0.MATRIX2=-0.969231762,-0.246149938,0.000000000,0.000000000,0.246149938,-0.969231762,-0.000000000,0.000000000,0.000000000,-0.000000000,1.000000000,0.000000000,13.096127482,-0.112451862,58.450013014,1.000000000
POINT0.MATRIX3=-0.969231762,-0.246149938,0.000000000,0.000000000,0.246149938,-0.969231762,-0.000000000,0.000000000,0.000000000,-0.000000000,1.000000000,0.000000000,13.096127482,-0.112451862,58.000000808,1.000000000
POINT1.BLHA=28.54536406,113.51168326,478.790,255.750198
POINT1.MATRIX0=-0.969231762,-0.246149938,0.000000000,0.000000000,0.246149938,-0.969231762,-0.000000000,0.000000000,0.000000000,-0.000000000,1.000000000,0.000000000,13.545064467,0.002475058,58.000000808,1.000000000
POINT1.MATRIX1=-0.969231762,-0.246149938,0.000000000,0.000000000,0.246149938,-0.969231762,-0.000000000,0.000000000,0.000000000,-0.000000000,1.000000000,0.000000000,13.545064467,0.002475058,58.450013015,1.000000000
POINT1.MATRIX2=-0.969231762,-0.246149938,0.000000000,0.000000000,0.246149938,-0.969231762,-0.000000000,0.000000000,0.000000000,-0.000000000,1.000000000,0.000000000,13.094929231,-0.002459463,58.450013015,1.000000000
POINT1.MATRIX3=-0.969231762,-0.246149938,0.000000000,0.000000000,0.246149938,-0.969231762,-0.000000000,0.000000000,0.000000000,-0.000000000,1.000000000,0.000000000,13.094929231,-0.002459462,58.000000809,1.000000000
