OBJECTMODELPOINTER=33777c94-e4b9-4947-906f-f84480f3cb99.dev
BASEFAMILY=1f3f4e4f-f226-4987-b761-59a56742fab6.fam
BLHA=28.31534552,113.42043692,48.733934,348.172871
TRANSFORMMATRIX=-0.218056179,-0.975936218,0.000040796,0.000000000,0.975936218,-0.218056180,-0.000001560,0.000000000,0.000010419,0.000039473,0.999999999,0.000000000,65.908564157,251.837265754,43.372697561,1.000000000
ENTITYNAME=Wire_Device
