OBJECTMODELPOINTER=33777c94-e4b9-4947-906f-f84480f3cb99.dev
BASEFAMILY=1f4abadf-3847-4df1-9933-173c7e658070.fam
BLHA=28.80183094,113.50568524,205.477677,227.348291
TRANSFORMMATRIX=-0.004005250,-0.999991979,0.000025580,0.000000000,0.999991979,-0.004005250,0.000000176,0.000000000,-0.000000074,0.000025581,1.000000000,0.000000000,-0.051036052,162.835434609,33.361196567,1.000000000
ENTITYNAME=Wire_Device
