ENTITYNAME=WIRE
BASEFAMILY=1f557ed1-2c33-4ddc-b4fb-1a856db61208.fam
OBJECTMODELPOINTER=81b82497-164d-48c0-b1cb-18fa700dacdf.dev
KVALUE=0.000000
SPLIT=4
POINT0.BLHA=28.36075913,113.35996262,84.531,278.143009
POINT0.MATRIX0=-0.989917611,0.141644356,0.000000000,0.000000000,-0.141644356,-0.989917611,0.000000000,0.000000000,-0.000000000,-0.000000000,1.000000000,0.000000000,0.185177208,-0.119616278,48.111625216,1.000000000
POINT0.MATRIX1=-0.989917611,0.141644356,0.000000000,0.000000000,-0.141644356,-0.989917611,0.000000000,0.000000000,-0.000000000,-0.000000000,1.000000000,0.000000000,0.214248641,-0.119829986,48.560691379,1.000000000
POINT0.MATRIX2=-0.989917611,0.141644356,0.000000000,0.000000000,-0.141644356,-0.989917611,0.000000000,0.000000000,-0.000000000,-0.000000000,1.000000000,0.000000000,-0.234459158,-0.118762295,48.589759371,1.000000000
POINT0.MATRIX3=-0.989917611,0.141644356,0.000000000,0.000000000,-0.141644356,-0.989917611,0.000000000,0.000000000,-0.000000000,-0.000000000,1.000000000,0.000000000,-0.263530590,-0.118548586,48.140708468,1.000000000
POINT1.BLHA=28.36075913,113.35996262,84.531,278.143009
POINT1.MATRIX0=-0.989917611,0.141644356,0.000000000,0.000000000,-0.141644356,-0.989917611,0.000000000,0.000000000,-0.000000000,-0.000000000,1.000000000,0.000000000,0.185177131,0.000383288,48.111625216,1.000000000
POINT1.MATRIX1=-0.989917611,0.141644356,0.000000000,0.000000000,-0.141644356,-0.989917611,0.000000000,0.000000000,-0.000000000,-0.000000000,1.000000000,0.000000000,0.214248564,0.000169579,48.560691378,1.000000000
POINT1.MATRIX2=-0.989917611,0.141644356,0.000000000,0.000000000,-0.141644356,-0.989917611,0.000000000,0.000000000,-0.000000000,-0.000000000,1.000000000,0.000000000,-0.234460178,0.001237406,48.589759372,1.000000000
POINT1.MATRIX3=-0.989917611,0.141644356,0.000000000,0.000000000,-0.141644356,-0.989917611,0.000000000,0.000000000,-0.000000000,-0.000000000,1.000000000,0.000000000,-0.263531611,0.001451115,48.140708468,1.000000000
