OBJECTMODELPOINTER=33777c94-e4b9-4947-906f-f84480f3cb99.dev
BASEFAMILY=1f56781d-3a48-4dca-a96e-e6c258a2695a.fam
BLHA=28.41010958,113.37337020,176.661664,254.006183
TRANSFORMMATRIX=-0.000003752,-1.000000000,0.000015953,0.000000000,1.000000000,-0.000003752,0.000000105,0.000000000,-0.000000104,0.000015953,1.000000000,0.000000000,-0.527253831,101.340347696,33.777502038,1.000000000
ENTITYNAME=Wire_Device
