OBJECTMODELPOINTER=33777c94-e4b9-4947-906f-f84480f3cb99.dev
BASEFAMILY=1f5a6492-ef98-4418-be04-abb38d0a9724.fam
BLHA=28.26885822,113.47846971,85.176990,355.334735
TRANSFORMMATRIX=0.000028556,-0.999999998,0.000049825,0.000000000,1.000000000,0.000028556,-0.000001044,0.000000000,0.000001043,0.000049825,0.999999999,0.000000000,6.489395085,318.021137402,26.432903231,1.000000000
ENTITYNAME=Wire_Device
