OBJECTMODELPOINTER=33777c94-e4b9-4947-906f-f84480f3cb99.dev
BASEFAMILY=1f5c71a6-8c9f-4782-96a3-a809e568f0f7.fam
BLHA=28.33832123,113.36372877,73.392099,278.143009
TRANSFORMMATRIX=0.016147235,-0.999869625,0.000027494,0.000000000,0.999869625,0.016147235,-0.000001967,0.000000000,0.000001523,0.000027523,1.000000000,0.000000000,9.590367913,174.777377111,33.472848142,1.000000000
ENTITYNAME=Wire_Device
