OBJECTMODELPOINTER=33777c94-e4b9-4947-906f-f84480f3cb99.dev
BASEFAMILY=1f6716b5-9b06-4587-9d55-77c3a41c7f5e.fam
BLHA=28.61307891,113.46689101,233.448700,464.034761
TRANSFORMMATRIX=-0.000011694,1.000000000,-0.000000057,0.000000000,-1.000000000,-0.000011694,0.000001175,0.000000000,0.000001175,0.000000057,1.000000000,0.000000000,7.498652028,0.354119940,37.422558237,1.000000000
ENTITYNAME=Wire_Device
