OBJECTMODELPOINTER=33777c94-e4b9-4947-906f-f84480f3cb99.dev
BASEFAMILY=1f6a9b78-4ad1-4286-95d8-74c945f14b97.fam
BLHA=28.54296028,113.51100370,560.594660,255.750198
TRANSFORMMATRIX=-0.000006188,-0.999999999,0.000042004,0.000000000,1.000000000,-0.000006188,0.000002217,0.000000000,-0.000002218,0.000042005,0.999999999,0.000000000,-13.818370948,266.816691761,-19.146214791,1.000000000
ENTITYNAME=Wire_Device
