OBJECTMODELPOINTER=33777c94-e4b9-4947-906f-f84480f3cb99.dev
BASEFAMILY=1f6c41bd-5c88-4372-9460-2bfbb3f461ff.fam
BLHA=28.67391263,113.45910068,183.694474,275.673275
TRANSFORMMATRIX=0.045885164,-0.998946721,0.000004377,0.000000000,0.998946721,0.045885164,-0.000002069,0.000000000,0.000001866,0.000004467,1.000000000,0.000000000,11.897963710,28.362226060,53.494786085,1.000000000
ENTITYNAME=Wire_Device
