ENTITYNAME=WIRE
BASEFAMILY=1f7bea7b-7e40-400f-9c4c-ee4504a69f65.fam
OBJECTMODELPOINTER=81b82497-164d-48c0-b1cb-18fa700dacdf.dev
KVALUE=0.000000
SPLIT=4
POINT0.BLHA=28.30572385,113.43813150,65.831,307.005893
POINT0.MATRIX0=-0.798573609,0.601897160,0.000000000,0.000000000,-0.601897160,-0.798573609,0.000000000,0.000000000,-0.000000000,0.000000000,1.000000000,0.000000000,9.349001461,-0.129459494,48.416811557,1.000000000
POINT0.MATRIX1=-0.798573609,0.601897160,0.000000000,0.000000000,-0.601897160,-0.798573609,0.000000000,0.000000000,-0.000000000,0.000000000,1.000000000,0.000000000,9.536210805,-0.128707555,48.880663486,1.000000000
POINT0.MATRIX2=-0.798573609,0.601897160,0.000000000,0.000000000,-0.601897160,-0.798573609,0.000000000,0.000000000,-0.000000000,0.000000000,1.000000000,0.000000000,9.072293285,-0.128790501,49.067324252,1.000000000
POINT0.MATRIX3=-0.798573609,0.601897160,0.000000000,0.000000000,-0.601897160,-0.798573609,0.000000000,0.000000000,-0.000000000,0.000000000,1.000000000,0.000000000,8.885083942,-0.129542439,48.603472323,1.000000000
POINT1.BLHA=28.30572385,113.43813150,65.831,307.005893
POINT1.MATRIX0=-0.798573609,0.601897160,0.000000000,0.000000000,-0.601897160,-0.798573609,0.000000000,0.000000000,-0.000000000,0.000000000,1.000000000,0.000000000,9.349000268,0.000539655,48.416811557,1.000000000
POINT1.MATRIX1=-0.798573609,0.601897160,0.000000000,0.000000000,-0.601897160,-0.798573609,0.000000000,0.000000000,-0.000000000,0.000000000,1.000000000,0.000000000,9.536209612,0.001291593,48.880663486,1.000000000
POINT1.MATRIX2=-0.798573609,0.601897160,0.000000000,0.000000000,-0.601897160,-0.798573609,0.000000000,0.000000000,-0.000000000,0.000000000,1.000000000,0.000000000,9.072292093,0.001208647,49.067324252,1.000000000
POINT1.MATRIX3=-0.798573609,0.601897160,0.000000000,0.000000000,-0.601897160,-0.798573609,0.000000000,0.000000000,-0.000000000,0.000000000,1.000000000,0.000000000,8.885082750,0.000456709,48.603472323,1.000000000
