OBJECTMODELPOINTER=33777c94-e4b9-4947-906f-f84480f3cb99.dev
BASEFAMILY=1f865904-39e8-4058-a87c-358ab35d8618.fam
BLHA=28.28240757,113.45687165,86.867380,340.232800
TRANSFORMMATRIX=0.002227510,-0.999997519,0.000017053,0.000000000,0.999997519,0.002227510,0.000001225,0.000000000,-0.000001263,0.000017050,1.000000000,0.000000000,-8.203215306,108.779924950,35.998276889,1.000000000
ENTITYNAME=Wire_Device
