OBJECTMODELPOINTER=33777c94-e4b9-4947-906f-f84480f3cb99.dev
BASEFAMILY=1f89b14d-b5ca-44c3-b99e-aa55ea514d76.fam
BLHA=28.57663112,113.48588937,251.356728,312.996987
TRANSFORMMATRIX=0.000030215,-0.999999996,0.000080459,0.000000000,1.000000000,0.000030215,0.000000135,0.000000000,-0.000000136,0.000080460,0.999999997,0.000000000,-2.198099039,512.177563720,47.971121185,1.000000000
ENTITYNAME=Wire_Device
