OBJECTMODELPOINTER=33777c94-e4b9-4947-906f-f84480f3cb99.dev
BASEFAMILY=1f9a012d-968f-470f-bf99-756e57a4a86f.fam
BLHA=28.58307238,113.48148471,281.708531,287.849619
TRANSFORMMATRIX=0.002538101,-0.999996779,0.000026559,0.000000000,0.999996779,0.002538101,0.000000078,0.000000000,-0.000000146,0.000026558,1.000000000,0.000000000,-1.183380991,168.738274723,23.081665002,1.000000000
ENTITYNAME=Wire_Device
