OBJECTMODELPOINTER=33777c94-e4b9-4947-906f-f84480f3cb99.dev
BASEFAMILY=1fa2413e-f66d-40d4-9665-4820029c8130.fam
BLHA=28.31775016,113.38284517,61.633463,329.270898
TRANSFORMMATRIX=0.001023607,-0.999999476,0.000025816,0.000000000,0.999999476,0.001023607,-0.000001016,0.000000000,0.000000990,0.000025817,1.000000000,0.000000000,5.917557640,164.555277345,58.381988043,1.000000000
ENTITYNAME=Wire_Device
