ENTITYNAME=WIRE
BASEFAMILY=1fa6649f-5256-4167-b6de-dc47a28b7cb3.fam
OBJECTMODELPOINTER=81b82497-164d-48c0-b1cb-18fa700dacdf.dev
KVALUE=0.000369
SPLIT=4
POINT0.BLHA=28.32474464,113.37442409,71.723,330.514691
POINT0.MATRIX0=-0.492200384,0.870481925,0.000000000,0.000000000,-0.870481925,-0.492200384,0.000000000,0.000000000,0.000000000,0.000000000,1.000000000,0.000000000,14.123800095,8.905334068,40.235407018,1.000000000
POINT0.MATRIX1=-0.492200384,0.870481925,0.000000000,0.000000000,-0.870481925,-0.492200384,0.000000000,0.000000000,0.000000000,0.000000000,1.000000000,0.000000000,14.377671788,9.650761981,40.636758947,1.000000000
POINT0.MATRIX2=-0.492200384,0.870481925,0.000000000,0.000000000,-0.870481925,-0.492200384,0.000000000,0.000000000,0.000000000,0.000000000,1.000000000,0.000000000,13.903570944,9.810680266,40.636881017,1.000000000
POINT0.MATRIX3=-0.492200384,0.870481925,0.000000000,0.000000000,-0.870481925,-0.492200384,0.000000000,0.000000000,0.000000000,0.000000000,1.000000000,0.000000000,13.652859239,9.067600050,40.235284948,1.000000000
POINT1.BLHA=28.32292443,113.37625760,67.776,311.415680
POINT1.MATRIX0=-0.749930065,0.661517118,0.000000000,0.000000000,-0.661517118,-0.749930065,0.000000000,0.000000000,-0.000000000,0.000000000,1.000000000,0.000000000,9.527866270,-0.118948318,53.604044853,1.000000000
POINT1.MATRIX1=-0.749930065,0.661517118,0.000000000,0.000000000,-0.661517118,-0.749930065,0.000000000,0.000000000,-0.000000000,0.000000000,1.000000000,0.000000000,9.557630658,-0.119159541,54.053080497,1.000000000
POINT1.MATRIX2=-0.749930065,0.661517118,0.000000000,0.000000000,-0.661517118,-0.749930065,0.000000000,0.000000000,-0.000000000,0.000000000,1.000000000,0.000000000,9.108580779,-0.118920609,54.082575736,1.000000000
POINT1.MATRIX3=-0.749930065,0.661517118,0.000000000,0.000000000,-0.661517118,-0.749930065,0.000000000,0.000000000,-0.000000000,0.000000000,1.000000000,0.000000000,9.079182568,-0.119032393,53.633540092,1.000000000
