OBJECTMODELPOINTER=1351e5c6-eec3-4173-920e-1b77477e24bb.dev
BASEFAMILY=1fbfc8b5-84ae-4969-a93c-ab2c4c778923.fam
TRANSFORMMATRIX=-0.022899379,-0.071283320,-0.997193381,0.000000000,0.952084112,-0.305835757,0.000001165,0.000000000,-0.304977758,-0.949411852,0.074871239,0.000000000,7.499999999,0.738000000,53.300000000,1.000000000
ENTITYNAME=Tower_Device
