OBJECTMODELPOINTER=30b64fca-074d-454f-964e-c064abfe6284.dev
BASEFAMILY=1fc9c739-195e-492e-bd1c-e8ef667c6432.fam
TRANSFORMMATRIX=-0.002074094,-0.085199923,-0.996361832,0.000000000,-0.999703951,0.024326560,-0.000000800,0.000000000,0.024238424,0.996066957,-0.085223912,0.000000000,-6.000000000,-0.900000000,44.000000000,1.000000000
ENTITYNAME=Tower_Device
