OBJECTMODELPOINTER=33777c94-e4b9-4947-906f-f84480f3cb99.dev
BASEFAMILY=1fd13c85-6e11-4a68-b568-a79e833ca5fb.fam
BLHA=28.56928949,113.49371034,236.536103,312.996987
TRANSFORMMATRIX=0.000001390,-1.000000000,0.000004951,0.000000000,1.000000000,0.000001390,-0.000002084,0.000000000,0.000002084,0.000004952,1.000000000,0.000000000,13.187358965,31.485312577,52.317304846,1.000000000
ENTITYNAME=Wire_Device
