OBJECTMODELPOINTER=33777c94-e4b9-4947-906f-f84480f3cb99.dev
BASEFAMILY=1fd5a939-65d1-469b-ad5e-903e82cca586.fam
BLHA=28.62257154,113.46619683,208.116407,273.436520
TRANSFORMMATRIX=0.000003341,-0.999999995,0.000100198,0.000000000,1.000000000,0.000003341,-0.000001581,0.000000000,0.000001581,0.000100199,0.999999995,0.000000000,9.890097101,636.299353475,36.294929964,1.000000000
ENTITYNAME=Wire_Device
