OBJECTMODELPOINTER=33777c94-e4b9-4947-906f-f84480f3cb99.dev
BASEFAMILY=1fe6ab48-54a3-4dcb-ac92-2c8a34f24cac.fam
BLHA=28.57262295,113.49015944,261.228990,312.996987
TRANSFORMMATRIX=0.000026327,-0.999999997,0.000073296,0.000000000,1.000000000,0.000026327,-0.000001971,0.000000000,0.000001969,0.000073296,0.999999997,0.000000000,11.335050942,466.545166925,28.499189850,1.000000000
ENTITYNAME=Wire_Device
