OBJECTMODELPOINTER=33777c94-e4b9-4947-906f-f84480f3cb99.dev
BASEFAMILY=1fea210c-f235-4f50-bf07-1f72c3922b7b.fam
BLHA=28.44311633,113.38759173,262.560023,242.026912
TRANSFORMMATRIX=-0.000003643,-1.000000000,0.000016863,0.000000000,1.000000000,-0.000003643,0.000001984,0.000000000,-0.000001983,0.000016864,1.000000000,0.000000000,-12.415921626,107.180484022,44.932314536,1.000000000
ENTITYNAME=Wire_Device
