OBJECTMODELPOINTER=33777c94-e4b9-4947-906f-f84480f3cb99.dev
BASEFAMILY=1ff44872-7083-43ab-a447-47b1a61388c7.fam
BLHA=28.38255325,113.36304670,117.224132,441.473487
TRANSFORMMATRIX=-0.205539190,0.978648886,0.000007392,0.000000000,-0.978648886,-0.205539190,0.000001121,0.000000000,0.000002616,-0.000007004,1.000000000,0.000000000,16.663573705,-44.463797268,18.041037876,1.000000000
ENTITYNAME=Wire_Device
