ENTITYNAME=WIRE
BASEFAMILY=1ff88063-d813-485c-99e0-8a9c0a65b396.fam
OBJECTMODELPOINTER=81b82497-164d-48c0-b1cb-18fa700dacdf.dev
KVALUE=0.000373
SPLIT=4
POINT0.BLHA=28.37348418,113.36536629,69.678,286.379084
POINT0.MATRIX0=-0.959416979,0.281991241,0.000000000,0.000000000,-0.281991241,-0.959416979,0.000000000,0.000000000,0.000000000,-0.000000000,1.000000000,0.000000000,12.095744944,0.107984654,42.999989660,1.000000000
POINT0.MATRIX1=-0.959416979,0.281991241,0.000000000,0.000000000,-0.281991241,-0.959416979,0.000000000,0.000000000,0.000000000,-0.000000000,1.000000000,0.000000000,12.095744944,0.107984653,43.450001867,1.000000000
POINT0.MATRIX2=-0.959416979,0.281991241,0.000000000,0.000000000,-0.281991241,-0.959416979,0.000000000,0.000000000,0.000000000,-0.000000000,1.000000000,0.000000000,11.646537291,0.113799510,43.450001867,1.000000000
POINT0.MATRIX3=-0.959416979,0.281991241,0.000000000,0.000000000,-0.281991241,-0.959416979,0.000000000,0.000000000,0.000000000,-0.000000000,1.000000000,0.000000000,11.646537292,0.113799511,42.999989660,1.000000000
POINT1.BLHA=28.36995278,113.36656265,67.148,253.042546
POINT1.MATRIX0=-0.956521597,-0.291661508,0.000000000,0.000000000,0.291661508,-0.956521597,-0.000000000,0.000000000,0.000000000,0.000000000,1.000000000,0.000000000,11.544484847,-8.958934762,28.840193450,1.000000000
POINT1.MATRIX1=-0.956521597,-0.291661508,0.000000000,0.000000000,0.291661508,-0.956521597,-0.000000000,0.000000000,0.000000000,0.000000000,1.000000000,0.000000000,11.997577557,-9.621204489,29.205336272,1.000000000
POINT1.MATRIX2=-0.956521597,-0.291661508,0.000000000,0.000000000,0.291661508,-0.956521597,-0.000000000,0.000000000,0.000000000,0.000000000,1.000000000,0.000000000,11.585131338,-9.904193720,29.205580413,1.000000000
POINT1.MATRIX3=-0.956521597,-0.291661508,0.000000000,0.000000000,0.291661508,-0.956521597,-0.000000000,0.000000000,0.000000000,0.000000000,1.000000000,0.000000000,11.132038629,-9.241923992,28.840437591,1.000000000
