OBJECTMODELPOINTER=13a78437-ad2c-452a-8fd1-0733d19ccb25.dev
BASEFAMILY=2007187e-ab32-4532-8e12-b1fc1e39ac42.fam
TRANSFORMMATRIX=-1.000000000,0.000000000,-0.000000000,0.000000000,-0.000000000,-1.000000000,0.000000000,0.000000000,-0.000000000,0.000000000,1.000000000,0.000000000,8.800660808,8.800304632,-0.000000874,1.000000000
ENTITYNAME=Tower_Device
