OBJECTMODELPOINTER=33777c94-e4b9-4947-906f-f84480f3cb99.dev
BASEFAMILY=200cb728-9847-458e-a44d-3ca94b0b5e3e.fam
BLHA=28.39632770,113.36872548,122.542167,249.667673
TRANSFORMMATRIX=-0.000011039,-0.999999998,0.000057704,0.000000000,1.000000000,-0.000011039,-0.000001689,0.000000000,0.000001690,0.000057704,0.999999998,0.000000000,11.398517549,366.671938215,45.720086303,1.000000000
ENTITYNAME=Wire_Device
