OBJECTMODELPOINTER=33777c94-e4b9-4947-906f-f84480f3cb99.dev
BASEFAMILY=20138f87-af6e-4ff6-a62d-26077f0726b0.fam
BLHA=28.27407839,113.47004129,94.944746,312.669055
TRANSFORMMATRIX=0.001800791,-0.999998378,0.000029412,0.000000000,0.999998379,0.001800791,0.000001226,0.000000000,-0.000001278,0.000029411,1.000000000,0.000000000,-8.629181127,187.219497459,13.986347799,1.000000000
ENTITYNAME=Wire_Device
