OBJECTMODELPOINTER=33777c94-e4b9-4947-906f-f84480f3cb99.dev
BASEFAMILY=2017e8d0-1d6b-41fa-8fda-007cf5ccdc57.fam
BLHA=28.62772353,113.46582002,199.212660,273.436520
TRANSFORMMATRIX=0.000000828,-1.000000000,0.000016230,0.000000000,1.000000000,0.000000828,0.000000067,0.000000000,-0.000000068,0.000016230,1.000000000,0.000000000,-0.460361084,103.065706447,19.628776274,1.000000000
ENTITYNAME=Wire_Device
