OBJECTMODELPOINTER=33777c94-e4b9-4947-906f-f84480f3cb99.dev
BASEFAMILY=202d7f46-6063-4e11-a456-808f5d23a226.fam
BLHA=28.26827851,113.48694026,97.359750,314.005848
TRANSFORMMATRIX=-0.748616936,-0.663002777,0.000006245,0.000000000,0.663002777,-0.748616936,-0.000000664,0.000000000,0.000005115,0.000003643,1.000000000,0.000000000,32.506987956,23.108757056,44.197734530,1.000000000
ENTITYNAME=Wire_Device
