OBJECTMODELPOINTER=33777c94-e4b9-4947-906f-f84480f3cb99.dev
BASEFAMILY=2032f9bc-26cc-4fb4-8cc4-66a929ffd63a.fam
BLHA=28.69702652,113.45589279,149.051008,277.425083
TRANSFORMMATRIX=-0.000001335,-1.000000000,0.000004561,0.000000000,1.000000000,-0.000001335,-0.000001842,0.000000000,0.000001843,0.000004561,1.000000000,0.000000000,11.737972532,28.959355854,39.866741963,1.000000000
ENTITYNAME=Wire_Device
