ENTITYNAME=WIRE
BASEFAMILY=203541ca-bce2-42aa-a37c-de93a8c30021.fam
OBJECTMODELPOINTER=81b82497-164d-48c0-b1cb-18fa700dacdf.dev
KVALUE=0.000000
SPLIT=4
POINT0.BLHA=28.37691435,113.36420413,70.522,286.379084
POINT0.MATRIX0=-0.959416979,0.281991241,0.000000000,0.000000000,-0.281991241,-0.959416979,0.000000000,0.000000000,0.000000000,0.000000000,1.000000000,0.000000000,-11.645113088,0.479795346,40.741099925,1.000000000
POINT0.MATRIX1=-0.959416979,0.281991241,0.000000000,0.000000000,-0.281991241,-0.959416979,0.000000000,0.000000000,0.000000000,0.000000000,1.000000000,0.000000000,-11.645113088,0.479795346,41.191096874,1.000000000
POINT0.MATRIX2=-0.959416979,0.281991241,0.000000000,0.000000000,-0.281991241,-0.959416979,0.000000000,0.000000000,0.000000000,0.000000000,1.000000000,0.000000000,-12.094485337,0.481587099,41.191096874,1.000000000
POINT0.MATRIX3=-0.959416979,0.281991241,0.000000000,0.000000000,-0.281991241,-0.959416979,0.000000000,0.000000000,0.000000000,0.000000000,1.000000000,0.000000000,-12.094485337,0.481587099,40.741099925,1.000000000
POINT1.BLHA=28.37691435,113.36420413,70.522,286.379084
POINT1.MATRIX0=-0.959416979,0.281991241,0.000000000,0.000000000,-0.281991241,-0.959416979,0.000000000,0.000000000,0.000000000,0.000000000,1.000000000,0.000000000,-11.645113082,0.599795344,40.741099925,1.000000000
POINT1.MATRIX1=-0.959416979,0.281991241,0.000000000,0.000000000,-0.281991241,-0.959416979,0.000000000,0.000000000,0.000000000,0.000000000,1.000000000,0.000000000,-11.645113082,0.599795344,41.191096874,1.000000000
POINT1.MATRIX2=-0.959416979,0.281991241,0.000000000,0.000000000,-0.281991241,-0.959416979,0.000000000,0.000000000,0.000000000,0.000000000,1.000000000,0.000000000,-12.094485332,0.601587096,41.191096873,1.000000000
POINT1.MATRIX3=-0.959416979,0.281991241,0.000000000,0.000000000,-0.281991241,-0.959416979,0.000000000,0.000000000,0.000000000,0.000000000,1.000000000,0.000000000,-12.094485332,0.601587096,40.741099924,1.000000000
