OBJECTMODELPOINTER=33777c94-e4b9-4947-906f-f84480f3cb99.dev
BASEFAMILY=20458e18-3742-4fe5-8192-8c5953e43c89.fam
BLHA=28.27407839,113.47004129,94.944746,312.669055
TRANSFORMMATRIX=0.001299354,-0.999999155,0.000029413,0.000000000,0.999999156,0.001299354,0.000001108,0.000000000,-0.000001146,0.000029411,1.000000000,0.000000000,-7.788650499,187.223389929,38.536571894,1.000000000
ENTITYNAME=Wire_Device
