OBJECTMODELPOINTER=33777c94-e4b9-4947-906f-f84480f3cb99.dev
BASEFAMILY=204ad330-1a32-42a0-bfee-cb1af2a82880.fam
BLHA=28.80679371,113.51083278,186.898436,227.348291
TRANSFORMMATRIX=0.000000114,-1.000000000,0.000004942,0.000000000,1.000000000,0.000000114,-0.000001831,0.000000000,0.000001831,0.000004942,1.000000000,0.000000000,11.741041461,31.491607525,40.040943793,1.000000000
ENTITYNAME=Wire_Device
