OBJECTMODELPOINTER=33777c94-e4b9-4947-906f-f84480f3cb99.dev
BASEFAMILY=20582952-061d-4e7f-997b-87e778840b51.fam
BLHA=28.50595381,113.45544189,275.037773,205.493080
TRANSFORMMATRIX=-0.081060729,-0.996709164,0.000000736,0.000000000,0.996709164,-0.081060729,-0.000001217,0.000000000,0.000001274,0.000000635,1.000000000,0.000000000,8.099409032,4.066263730,24.625707180,1.000000000
ENTITYNAME=Wire_Device
