ENTITYNAME=WIRE
BASEFAMILY=2059b837-f517-40e9-95ea-0706f3285876.fam
OBJECTMODELPOINTER=81b82497-164d-48c0-b1cb-18fa700dacdf.dev
KVALUE=0.000370
SPLIT=4
POINT0.BLHA=28.65134658,113.46259240,159.101,277.610658
POINT0.MATRIX0=-0.991190922,0.132440763,0.000000000,0.000000000,-0.132440763,-0.991190922,0.000000000,0.000000000,0.000000000,-0.000000000,1.000000000,0.000000000,12.095048878,0.110754465,43.000003670,1.000000000
POINT0.MATRIX1=-0.991190922,0.132440763,0.000000000,0.000000000,-0.132440763,-0.991190922,0.000000000,0.000000000,0.000000000,-0.000000000,1.000000000,0.000000000,12.095048878,0.110754465,43.450000618,1.000000000
POINT0.MATRIX2=-0.991190922,0.132440763,0.000000000,0.000000000,-0.132440763,-0.991190922,0.000000000,0.000000000,0.000000000,-0.000000000,1.000000000,0.000000000,11.645156316,0.109783148,43.450000618,1.000000000
POINT0.MATRIX3=-0.991190922,0.132440763,0.000000000,0.000000000,-0.132440763,-0.991190922,0.000000000,0.000000000,0.000000000,-0.000000000,1.000000000,0.000000000,11.645156316,0.109783148,43.000003670,1.000000000
POINT1.BLHA=28.64674167,113.46331381,165.941,277.610658
POINT1.MATRIX0=-0.991190922,0.132440763,0.000000000,0.000000000,-0.132440763,-0.991190922,0.000000000,0.000000000,0.000000000,-0.000000000,1.000000000,0.000000000,12.094970878,-0.109112745,37.000001443,1.000000000
POINT1.MATRIX1=-0.991190922,0.132440763,0.000000000,0.000000000,-0.132440763,-0.991190922,0.000000000,0.000000000,0.000000000,-0.000000000,1.000000000,0.000000000,12.094970878,-0.109112745,37.449998391,1.000000000
POINT1.MATRIX2=-0.991190922,0.132440763,0.000000000,0.000000000,-0.132440763,-0.991190922,0.000000000,0.000000000,0.000000000,-0.000000000,1.000000000,0.000000000,11.645078317,-0.110084062,37.449998392,1.000000000
POINT1.MATRIX3=-0.991190922,0.132440763,0.000000000,0.000000000,-0.132440763,-0.991190922,0.000000000,0.000000000,0.000000000,-0.000000000,1.000000000,0.000000000,11.645078317,-0.110084062,37.000001444,1.000000000
