OBJECTMODELPOINTER=33777c94-e4b9-4947-906f-f84480f3cb99.dev
BASEFAMILY=20638961-1db3-4832-88b9-3bfc70e31874.fam
BLHA=28.29768818,113.44194006,79.179744,287.794387
TRANSFORMMATRIX=-0.001591902,-0.999998732,0.000040844,0.000000000,0.999998733,-0.001591902,0.000001256,0.000000000,-0.000001191,0.000040847,0.999999999,0.000000000,-7.992434482,259.507905029,43.944954580,1.000000000
ENTITYNAME=Wire_Device
