OBJECTMODELPOINTER=33777c94-e4b9-4947-906f-f84480f3cb99.dev
BASEFAMILY=20836ad7-2ef9-4f3a-b285-22f9e9916dd5.fam
BLHA=28.79959310,113.50336431,218.110050,224.374488
TRANSFORMMATRIX=-0.041157983,-0.999152651,0.000017878,0.000000000,0.999152651,-0.041157983,0.000001304,0.000000000,-0.000000567,0.000017916,1.000000000,0.000000000,-3.317884057,114.069354747,7.169456330,1.000000000
ENTITYNAME=Wire_Device
