OBJECTMODELPOINTER=33777c94-e4b9-4947-906f-f84480f3cb99.dev
BASEFAMILY=208a9a96-863a-4f8f-a5b8-b706eded219b.fam
BLHA=28.28033977,113.46346380,83.899072,326.450928
TRANSFORMMATRIX=-0.437902602,-0.899022420,0.000000011,0.000000000,0.899022420,-0.437902602,0.000001481,0.000000000,-0.000001327,0.000000658,1.000000000,0.000000000,-8.447311178,4.216099027,54.699326856,1.000000000
ENTITYNAME=Wire_Device
