OBJECTMODELPOINTER=8dc42d20-146b-49d8-b367-cd04832ddbea.dev
BASEFAMILY=2091de32-cd34-4a69-b27f-69e7ece61d3b.fam
TRANSFORMMATRIX=-0.001514667,-0.999998508,0.000000864,0.000000000,0.999999197,-0.001515133,-0.000001398,0.000000000,0.000000000,-0.000000000,1.000000000,0.000000000,-12.730000000,0.600000000,33.000000000,1.000000000
ENTITYNAME=Tower_Device
