OBJECTMODELPOINTER=33777c94-e4b9-4947-906f-f84480f3cb99.dev
BASEFAMILY=209cc067-f43a-4870-8713-a796efeedc5c.fam
BLHA=28.32474464,113.37442409,71.722945,330.514691
TRANSFORMMATRIX=-0.335744447,-0.941953113,0.000006012,0.000000000,0.941953113,-0.335744447,0.000001556,0.000000000,0.000000553,0.000006186,1.000000000,0.000000000,3.424543498,39.422679309,27.759593735,1.000000000
ENTITYNAME=Wire_Device
