OBJECTMODELPOINTER=33777c94-e4b9-4947-906f-f84480f3cb99.dev
BASEFAMILY=209f4dac-629a-42a0-a2ec-db1200b0bc85.fam
BLHA=28.47949059,113.41307678,290.814083,229.813402
TRANSFORMMATRIX=-0.000942914,-0.999999555,0.000040080,0.000000000,0.999999555,-0.000942914,-0.000001700,0.000000000,0.000001737,0.000040078,0.999999999,0.000000000,11.720346914,255.086857546,34.014979075,1.000000000
ENTITYNAME=Wire_Device
