OBJECTMODELPOINTER=33777c94-e4b9-4947-906f-f84480f3cb99.dev
BASEFAMILY=20c42376-db2d-4a07-a428-f1a6948a4d52.fam
BLHA=28.31135450,113.43043530,49.303319,335.449580
TRANSFORMMATRIX=-0.003406160,-0.999994197,0.000064364,0.000000000,0.999994199,-0.003406160,-0.000000842,0.000000000,0.000001061,0.000064361,0.999999998,0.000000000,5.939717280,410.433803601,56.372283661,1.000000000
ENTITYNAME=Wire_Device
