OBJECTMODELPOINTER=33777c94-e4b9-4947-906f-f84480f3cb99.dev
BASEFAMILY=20c50911-4bfd-4ecd-9a78-f3d82d0b8ee6.fam
BLHA=28.55813742,113.50479443,276.608256,304.990571
TRANSFORMMATRIX=-0.000937711,-0.999999559,0.000051990,0.000000000,0.999999560,-0.000937711,-0.000002003,0.000000000,0.000002052,0.000051988,0.999999999,0.000000000,12.268831163,330.670469035,41.620172209,1.000000000
ENTITYNAME=Wire_Device
