OBJECTMODELPOINTER=33777c94-e4b9-4947-906f-f84480f3cb99.dev
BASEFAMILY=20e28c71-4adb-43b4-b190-f00df37e67a5.fam
BLHA=28.31411764,113.38983103,66.771612,527.133635
TRANSFORMMATRIX=-0.306543005,0.951856810,0.000007857,0.000000000,-0.951856810,-0.306543005,0.000001335,0.000000000,0.000003679,-0.000007069,1.000000000,0.000000000,23.419352396,-45.140459213,36.264829119,1.000000000
ENTITYNAME=Wire_Device
