OBJECTMODELPOINTER=33777c94-e4b9-4947-906f-f84480f3cb99.dev
BASEFAMILY=20ee5ebd-50b5-432f-96c0-25bd1b292d3b.fam
BLHA=28.54843684,113.51255198,454.586266,280.370385
TRANSFORMMATRIX=-0.406701680,-0.913561023,0.000006515,0.000000000,0.913561023,-0.406701680,0.000001524,0.000000000,0.000001257,0.000006572,1.000000000,0.000000000,7.987570992,41.735860535,31.446116676,1.000000000
ENTITYNAME=Wire_Device
