OBJECTMODELPOINTER=33777c94-e4b9-4947-906f-f84480f3cb99.dev
BASEFAMILY=20f1b5dd-8683-4ad7-a076-c781f18643ec.fam
BLHA=28.29768818,113.44194006,79.179744,287.794387
TRANSFORMMATRIX=-0.002216238,-0.999997543,0.000040842,0.000000000,0.999997544,-0.002216237,0.000001403,0.000000000,-0.000001312,0.000040846,0.999999999,0.000000000,-8.765812570,259.502961053,19.430998856,1.000000000
ENTITYNAME=Wire_Device
