OBJECTMODELPOINTER=33777c94-e4b9-4947-906f-f84480f3cb99.dev
BASEFAMILY=20ff63b1-3144-43fc-bab5-19a1c76c215f.fam
BLHA=28.51918695,113.48038702,399.659330,210.734491
TRANSFORMMATRIX=-0.000019125,-0.999999999,0.000039425,0.000000000,1.000000000,-0.000019125,-0.000001605,0.000000000,0.000001605,0.000039425,0.999999999,0.000000000,10.782294492,251.346413953,-5.906628625,1.000000000
ENTITYNAME=Wire_Device
