OBJECTMODELPOINTER=33777c94-e4b9-4947-906f-f84480f3cb99.dev
BASEFAMILY=211ca398-e880-4539-9d9b-39fd6e1bc042.fam
BLHA=28.79022096,113.49139881,176.212376,221.400685
TRANSFORMMATRIX=-0.000028499,-0.999999997,0.000074088,0.000000000,1.000000000,-0.000028499,0.000000513,0.000000000,-0.000000510,0.000074087,0.999999997,0.000000000,-2.042764889,471.848492534,-12.191859594,1.000000000
ENTITYNAME=Wire_Device
