OBJECTMODELPOINTER=33777c94-e4b9-4947-906f-f84480f3cb99.dev
BASEFAMILY=212bf689-8bf4-4221-9f9c-c14ac7ddbd73.fam
BLHA=28.34247838,113.36303113,107.750676,278.143009
TRANSFORMMATRIX=-0.003125080,-0.999995117,0.000004517,0.000000000,0.999995117,-0.003125080,-0.000001839,0.000000000,0.000001853,0.000004512,1.000000000,0.000000000,11.805113678,28.642140136,26.987414603,1.000000000
ENTITYNAME=Wire_Device
