OBJECTMODELPOINTER=33777c94-e4b9-4947-906f-f84480f3cb99.dev
BASEFAMILY=2146f83d-1bc3-4158-b31a-989c72686d16.fam
BLHA=28.60915768,113.46895250,187.940881,294.633001
TRANSFORMMATRIX=0.001415158,-0.999998998,0.000027659,0.000000000,0.999998999,0.001415158,-0.000002021,0.000000000,0.000001981,0.000027662,1.000000000,0.000000000,12.291822586,175.794301436,53.025547346,1.000000000
ENTITYNAME=Wire_Device
