OBJECTMODELPOINTER=33777c94-e4b9-4947-906f-f84480f3cb99.dev
BASEFAMILY=21495cb9-e98a-4c1e-ad54-ba41c79560c9.fam
BLHA=28.77401473,113.47631208,189.623101,236.227775
TRANSFORMMATRIX=-0.002129376,-0.999997733,0.000015317,0.000000000,0.999997733,-0.002129376,-0.000001759,0.000000000,0.000001792,0.000015313,1.000000000,0.000000000,11.647880533,97.427350963,23.418829585,1.000000000
ENTITYNAME=Wire_Device
