OBJECTMODELPOINTER=33777c94-e4b9-4947-906f-f84480f3cb99.dev
BASEFAMILY=2166e83c-c8c3-425c-9dd2-1eb7ad87f9fd.fam
BLHA=28.79959310,113.50336431,218.110050,224.374488
TRANSFORMMATRIX=-0.062854023,-0.998022729,0.000070025,0.000000000,0.998022731,-0.062854023,-0.000000693,0.000000000,0.000005093,0.000069843,0.999999997,0.000000000,33.574893058,444.794362812,12.395517130,1.000000000
ENTITYNAME=Wire_Device
