OBJECTMODELPOINTER=33777c94-e4b9-4947-906f-f84480f3cb99.dev
BASEFAMILY=21777665-506e-46c8-8c4f-9b47c072de49.fam
BLHA=28.48504373,113.41833342,235.006355,407.385386
TRANSFORMMATRIX=-0.057821765,0.998326922,0.000017269,0.000000000,-0.998326922,-0.057821765,0.000001294,0.000000000,0.000002290,-0.000017166,1.000000000,0.000000000,14.304574099,-109.228238941,31.577559799,1.000000000
ENTITYNAME=Wire_Device
