OBJECTMODELPOINTER=33777c94-e4b9-4947-906f-f84480f3cb99.dev
BASEFAMILY=21896cbd-6f42-4555-b274-1d4ca01af5dc.fam
BLHA=28.78677028,113.48699418,119.837662,221.400685
TRANSFORMMATRIX=0.016592367,-0.999862337,0.000005293,0.000000000,0.999862337,0.016592367,-0.000002056,0.000000000,0.000001969,0.000005327,1.000000000,0.000000000,12.613706001,33.956942196,45.948874287,1.000000000
ENTITYNAME=Wire_Device
