OBJECTMODELPOINTER=1c6c7190-31eb-4c26-a7e8-0df7adb40494.dev
BASEFAMILY=2189113d-16c8-4196-92f6-dbf24ca51c3b.fam
TRANSFORMMATRIX=-0.031406208,-0.155150828,-0.987391600,0.000000000,0.980120902,-0.198400397,0.000001582,0.000000000,-0.195897826,-0.967763402,0.158297314,0.000000000,7.500000001,0.946500000,29.999999999,1.000000000
ENTITYNAME=Tower_Device
