OBJECTMODELPOINTER=3a66b69c-ee75-42b0-85ce-43bd5a462289.dev
BASEFAMILY=218c0993-ba47-4a59-a44d-d5aa6462fd57.fam
TRANSFORMMATRIX=-0.023845150,-0.106337102,-0.994044374,0.000000000,0.975765656,-0.218817266,-0.000001043,0.000000000,-0.217514006,-0.969954460,0.108977073,0.000000000,9.000000000,1.182500000,36.000000000,1.000000000
ENTITYNAME=Tower_Device
