OBJECTMODELPOINTER=33777c94-e4b9-4947-906f-f84480f3cb99.dev
BASEFAMILY=218e35ba-5c20-4228-9750-bbee0db067d1.fam
BLHA=28.31411764,113.38983103,66.771612,527.133635
TRANSFORMMATRIX=-0.313217972,0.949681263,0.000028377,0.000000000,-0.949681263,-0.313217972,-0.000001695,0.000000000,0.000007279,-0.000027480,1.000000000,0.000000000,46.429113916,-175.414982196,74.521013644,1.000000000
ENTITYNAME=Wire_Device
