OBJECTMODELPOINTER=33777c94-e4b9-4947-906f-f84480f3cb99.dev
BASEFAMILY=21b68e7b-1737-49e8-abab-a404e3277bbe.fam
BLHA=28.70605444,113.45451077,165.912680,277.425083
TRANSFORMMATRIX=-0.002576448,-0.999996679,0.000060117,0.000000000,0.999996681,-0.002576447,0.000002321,0.000000000,-0.000002166,0.000060123,0.999999998,0.000000000,-14.079734198,381.839417883,0.724787088,1.000000000
ENTITYNAME=Wire_Device
