OBJECTMODELPOINTER=13a78437-ad2c-452a-8fd1-0733d19ccb25.dev
BASEFAMILY=220249d1-7329-4b1b-a3e6-0022942d522f.fam
TRANSFORMMATRIX=1.000000000,-0.000000000,-0.000000000,0.000000000,0.000000000,1.000000000,-0.000000000,0.000000000,-0.000000000,0.000000000,1.000000000,0.000000000,-5.396373552,-5.397774012,0.000007000,1.000000000
ENTITYNAME=Tower_Device
