OBJECTMODELPOINTER=33777c94-e4b9-4947-906f-f84480f3cb99.dev
BASEFAMILY=220907ba-a426-485d-ad7e-e4fb0f28fe68.fam
BLHA=28.31435017,113.39267151,117.559440,4.996372
TRANSFORMMATRIX=0.000018858,-0.999999999,0.000038901,0.000000000,1.000000000,0.000018858,0.000001811,0.000000000,-0.000001811,0.000038901,0.999999999,0.000000000,-11.392532821,248.293785353,28.113611850,1.000000000
ENTITYNAME=Wire_Device
