OBJECTMODELPOINTER=33777c94-e4b9-4947-906f-f84480f3cb99.dev
BASEFAMILY=220fedc1-ead3-43a8-8585-fc7ec77a7f94.fam
BLHA=28.67276970,113.45923535,192.994115,456.641966
TRANSFORMMATRIX=-0.709357562,0.704848813,-0.000000318,0.000000000,-0.704848813,-0.709357562,0.000001276,0.000000000,0.000000674,0.000001130,1.000000000,0.000000000,4.295594316,7.172890163,36.633349257,1.000000000
ENTITYNAME=Wire_Device
