OBJECTMODELPOINTER=33777c94-e4b9-4947-906f-f84480f3cb99.dev
BASEFAMILY=221095fa-bca4-4df9-91e9-382ce23e70d6.fam
BLHA=28.68060600,113.45831192,164.595225,275.673275
TRANSFORMMATRIX=-0.002373728,-0.999997182,0.000041136,0.000000000,0.999997183,-0.002373728,0.000002160,0.000000000,-0.000002062,0.000041141,0.999999999,0.000000000,-13.296298149,261.279947291,37.331993849,1.000000000
ENTITYNAME=Wire_Device
