OBJECTMODELPOINTER=13a78437-ad2c-452a-8fd1-0733d19ccb25.dev
BASEFAMILY=2211aba0-18bc-4bac-b67f-476b1be5aac2.fam
TRANSFORMMATRIX=-1.000000000,-0.000000000,-0.000000000,0.000000000,0.000000000,-1.000000000,0.000000000,0.000000000,-0.000000000,-0.000000000,1.000000000,0.000000000,3.417051139,3.416465419,-0.000001833,1.000000000
ENTITYNAME=Tower_Device
