OBJECTMODELPOINTER=33777c94-e4b9-4947-906f-f84480f3cb99.dev
BASEFAMILY=2215e674-6773-4364-af2d-00ae882b8e5b.fam
BLHA=28.26907527,113.47529619,67.190721,514.001895
TRANSFORMMATRIX=-0.370296535,0.928913599,0.000044113,0.000000000,-0.928913600,-0.370296535,-0.000001259,0.000000000,0.000015165,-0.000041444,0.999999999,0.000000000,96.936150804,-264.471183790,88.592591917,1.000000000
ENTITYNAME=Wire_Device
