OBJECTMODELPOINTER=7e610e1a-ce7c-4f51-821b-d33e41e64a9e.dev
BASEFAMILY=22164cc7-5f07-4836-93e1-2d9d11e79a1a.fam
TRANSFORMMATRIX=0.000000372,-0.999999656,0.000000863,0.000000000,1.000000344,-0.000000094,-0.000001399,0.000000000,0.000000000,0.000000000,1.000000000,0.000000000,-11.870000000,0.600000001,39.000000000,1.000000000
ENTITYNAME=Tower_Device
