OBJECTMODELPOINTER=33777c94-e4b9-4947-906f-f84480f3cb99.dev
BASEFAMILY=2222f8fb-7fde-4986-a233-6c888def5be7.fam
BLHA=28.36557656,113.36066804,62.497212,414.735470
TRANSFORMMATRIX=-0.256593029,0.966519538,0.000017931,0.000000000,-0.966519538,-0.256593029,0.000001223,0.000000000,0.000005783,-0.000017016,1.000000000,0.000000000,36.584770550,-108.149453128,23.456126967,1.000000000
ENTITYNAME=Wire_Device
