OBJECTMODELPOINTER=33777c94-e4b9-4947-906f-f84480f3cb99.dev
BASEFAMILY=222fb5d3-21a6-4130-aa4c-3245aea2e034.fam
BLHA=28.37691435,113.36420413,70.521818,286.379084
TRANSFORMMATRIX=-0.000060564,-0.999999998,0.000015003,0.000000000,0.999999998,-0.000060564,0.000000061,0.000000000,-0.000000060,0.000015004,1.000000000,0.000000000,-0.521598539,95.309623763,30.600524728,1.000000000
ENTITYNAME=Wire_Device
