OBJECTMODELPOINTER=33777c94-e4b9-4947-906f-f84480f3cb99.dev
BASEFAMILY=2235bc06-8f20-464a-a06e-fab547b144ed.fam
BLHA=28.51174980,113.46636581,279.463297,210.734491
TRANSFORMMATRIX=0.002264987,-0.999997435,0.000007352,0.000000000,0.999997435,0.002264987,-0.000000169,0.000000000,0.000000152,0.000007353,1.000000000,0.000000000,1.073858239,46.874375193,25.202655897,1.000000000
ENTITYNAME=Wire_Device
