OBJECTMODELPOINTER=49719e80-270d-473d-b4b4-92cb33548118.dev
BASEFAMILY=22396f51-2cd4-4163-91fb-ad924ada63d3.fam
TRANSFORMMATRIX=0.002108235,0.022157891,-0.999752031,0.000000000,0.995504069,-0.094721217,0.000000010,0.000000000,-0.094696484,-0.995257309,-0.022259055,0.000000000,-5.500000000,0.900000000,44.000000000,1.000000000
ENTITYNAME=Tower_Device
