OBJECTMODELPOINTER=33777c94-e4b9-4947-906f-f84480f3cb99.dev
BASEFAMILY=22583b04-3c9e-48eb-bdb2-45546da04f6c.fam
BLHA=28.32854622,113.36798434,68.151851,482.460958
TRANSFORMMATRIX=-0.269997671,0.962860975,0.000000307,0.000000000,-0.962860975,-0.269997671,-0.000001436,0.000000000,-0.000001301,-0.000000683,1.000000000,0.000000000,-8.276059367,-4.323912432,25.171725735,1.000000000
ENTITYNAME=Wire_Device
