OBJECTMODELPOINTER=74751104-62c2-4e5d-8db6-95ff8a1dcd31.dev
BASEFAMILY=225c9064-8807-4577-b3f8-64e85de68baf.fam
TRANSFORMMATRIX=-0.028305471,-0.176521381,-0.983889973,0.000000000,0.987387108,-0.158323160,0.000001235,0.000000000,-0.155772320,-0.971480306,0.178776394,0.000000000,-9.000000001,1.181000000,36.000000001,1.000000000
ENTITYNAME=Tower_Device
