OBJECTMODELPOINTER=3610d798-3124-4dab-925f-b840e7e997b6.dev
BASEFAMILY=225c2df4-2d95-4b15-8ac1-96926528b70e.fam
TRANSFORMMATRIX=-0.000000360,1.000000012,0.000001639,0.000000000,-0.999999988,0.000000479,0.000000084,0.000000000,-0.000000000,0.000000000,1.000000000,0.000000000,7.500000000,-4.000000000,43.000000000,1.000000000
ENTITYNAME=Tower_Device
