OBJECTMODELPOINTER=33777c94-e4b9-4947-906f-f84480f3cb99.dev
BASEFAMILY=225d597b-856a-4385-af2b-c7bdbc77e08f.fam
BLHA=28.75094621,113.45897359,113.766966,236.227775
TRANSFORMMATRIX=0.011582494,-0.999932920,0.000036446,0.000000000,0.999932921,0.011582494,-0.000001611,0.000000000,0.000001189,0.000036463,0.999999999,0.000000000,8.129603666,231.936996957,17.768742182,1.000000000
ENTITYNAME=Wire_Device
