ENTITYNAME=WIRE
BASEFAMILY=226ce676-8e6d-4550-b26d-59c5d6ae0830.fam
OBJECTMODELPOINTER=81b82497-164d-48c0-b1cb-18fa700dacdf.dev
KVALUE=0.000000
SPLIT=4
POINT0.BLHA=28.66021577,113.46120276,152.793,277.610658
POINT0.MATRIX0=-0.991190922,0.132440763,-0.000000000,0.000000000,-0.132440763,-0.991190922,-0.000000000,0.000000000,0.000000000,0.000000000,1.000000000,0.000000000,0.224967508,0.000488763,58.000003882,1.000000000
POINT0.MATRIX1=-0.991190922,0.132440763,-0.000000000,0.000000000,-0.132440763,-0.991190922,-0.000000000,0.000000000,0.000000000,0.000000000,1.000000000,0.000000000,0.224967507,0.000488763,58.450000830,1.000000000
POINT0.MATRIX2=-0.991190922,0.132440763,-0.000000000,0.000000000,-0.132440763,-0.991190922,-0.000000000,0.000000000,0.000000000,0.000000000,1.000000000,0.000000000,-0.224925054,-0.000482554,58.450000831,1.000000000
POINT0.MATRIX3=-0.991190922,0.132440763,-0.000000000,0.000000000,-0.132440763,-0.991190922,-0.000000000,0.000000000,0.000000000,0.000000000,1.000000000,0.000000000,-0.224925054,-0.000482554,58.000003883,1.000000000
POINT1.BLHA=28.66021577,113.46120276,152.793,277.610658
POINT1.MATRIX0=-0.991190922,0.132440763,-0.000000000,0.000000000,-0.132440763,-0.991190922,-0.000000000,0.000000000,0.000000000,0.000000000,1.000000000,0.000000000,0.224966740,0.110481850,58.000003882,1.000000000
POINT1.MATRIX1=-0.991190922,0.132440763,-0.000000000,0.000000000,-0.132440763,-0.991190922,-0.000000000,0.000000000,0.000000000,0.000000000,1.000000000,0.000000000,0.224966740,0.110481850,58.450000831,1.000000000
POINT1.MATRIX2=-0.991190922,0.132440763,-0.000000000,0.000000000,-0.132440763,-0.991190922,-0.000000000,0.000000000,0.000000000,0.000000000,1.000000000,0.000000000,-0.224925822,0.109510533,58.450000831,1.000000000
POINT1.MATRIX3=-0.991190922,0.132440763,-0.000000000,0.000000000,-0.132440763,-0.991190922,-0.000000000,0.000000000,0.000000000,0.000000000,1.000000000,0.000000000,-0.224925821,0.109510533,58.000003882,1.000000000
