OBJECTMODELPOINTER=606d1b63-fb2f-47c9-b194-b88bdba94a9d.dev
BASEFAMILY=2271681f-935f-4719-b839-b04ff8b40416.fam
TRANSFORMMATRIX=-0.000000222,0.999999833,-0.000001582,0.000000000,-1.000000167,0.000000548,-0.000000437,0.000000000,-0.000000000,-0.000000000,1.000000000,0.000000000,-0.000000000,-0.000000000,62.999999999,1.000000000
ENTITYNAME=Tower_Device
