OBJECTMODELPOINTER=33777c94-e4b9-4947-906f-f84480f3cb99.dev
BASEFAMILY=227f6aeb-a821-4844-8411-7c86dca510f3.fam
BLHA=28.36075913,113.35996262,84.531423,278.143009
TRANSFORMMATRIX=-0.001108232,-0.999999385,0.000039335,0.000000000,0.999999386,-0.001108232,0.000002365,0.000000000,-0.000002321,0.000039338,0.999999999,0.000000000,-14.998262915,249.829692144,19.284480607,1.000000000
ENTITYNAME=Wire_Device
