OBJECTMODELPOINTER=33777c94-e4b9-4947-906f-f84480f3cb99.dev
BASEFAMILY=22a096ac-6ce5-432d-8d2c-0ce97dfdc3da.fam
BLHA=28.77096466,113.47401910,153.559218,236.227775
TRANSFORMMATRIX=0.001726841,-0.999998509,0.000004458,0.000000000,0.999998509,0.001726841,0.000002028,0.000000000,-0.000002036,0.000004454,1.000000000,0.000000000,-12.904155455,28.302254946,36.552614571,1.000000000
ENTITYNAME=Wire_Device
