OBJECTMODELPOINTER=33777c94-e4b9-4947-906f-f84480f3cb99.dev
BASEFAMILY=22ae00e5-54b5-438a-be53-4b8ecc2d6ed1.fam
BLHA=28.28149698,113.45977476,95.758412,340.232800
TRANSFORMMATRIX=0.004817056,-0.999988397,0.000042467,0.000000000,0.999988398,0.004817057,0.000001401,0.000000000,-0.000001606,0.000042459,0.999999999,0.000000000,-10.651941666,270.880452881,19.278149533,1.000000000
ENTITYNAME=Wire_Device
