OBJECTMODELPOINTER=33777c94-e4b9-4947-906f-f84480f3cb99.dev
BASEFAMILY=22b3de06-b7bc-4777-9265-47b741105b8e.fam
BLHA=28.34247838,113.36303113,107.750676,278.143009
TRANSFORMMATRIX=0.003127234,-0.999995110,0.000026430,0.000000000,0.999995110,0.003127234,0.000001978,0.000000000,-0.000002061,0.000026424,1.000000000,0.000000000,-13.277270723,167.813366682,10.822235365,1.000000000
ENTITYNAME=Wire_Device
