OBJECTMODELPOINTER=33777c94-e4b9-4947-906f-f84480f3cb99.dev
BASEFAMILY=22cbe3be-37fc-44cc-945d-a20edb5ced43.fam
BLHA=28.27160371,113.47264060,64.950919,312.669055
TRANSFORMMATRIX=-0.007174821,-0.999974259,0.000053419,0.000000000,0.999974261,-0.007174821,-0.000001455,0.000000000,0.000001838,0.000053408,0.999999999,0.000000000,10.821436935,339.913984679,44.438240700,1.000000000
ENTITYNAME=Wire_Device
