OBJECTMODELPOINTER=33777c94-e4b9-4947-906f-f84480f3cb99.dev
BASEFAMILY=22edcd93-60fa-477c-9386-fd7540cf1859.fam
BLHA=28.56585701,113.49736639,238.961591,312.996987
TRANSFORMMATRIX=-0.001540862,-0.999998813,0.000025106,0.000000000,0.999998813,-0.001540861,0.000002132,0.000000000,-0.000002092,0.000025110,1.000000000,0.000000000,-13.742725698,159.869810893,24.877375698,1.000000000
ENTITYNAME=Wire_Device
