OBJECTMODELPOINTER=33777c94-e4b9-4947-906f-f84480f3cb99.dev
BASEFAMILY=22ef33e6-d5d5-4d1d-bbb4-9bb3522d4d28.fam
BLHA=28.36295604,113.35959378,63.083646,458.145379
TRANSFORMMATRIX=0.024378471,0.999702801,0.000025344,0.000000000,-0.999702801,0.024378471,-0.000001131,0.000000000,-0.000001749,-0.000025309,1.000000000,0.000000000,-11.042022983,-160.715177003,49.970034588,1.000000000
ENTITYNAME=Wire_Device
