OBJECTMODELPOINTER=33777c94-e4b9-4947-906f-f84480f3cb99.dev
BASEFAMILY=22ef6d39-d1bf-4ef5-af53-ad2a2e876bf8.fam
BLHA=28.73821142,113.45475326,97.655295,258.301958
TRANSFORMMATRIX=-0.000063155,-0.999999998,0.000028285,0.000000000,0.999999998,-0.000063155,0.000000162,0.000000000,-0.000000160,0.000028286,1.000000000,0.000000000,-0.837107602,179.657952791,52.545232928,1.000000000
ENTITYNAME=Wire_Device
