OBJECTMODELPOINTER=33777c94-e4b9-4947-906f-f84480f3cb99.dev
BASEFAMILY=22f1386c-e4c9-487f-9245-bc557aaf8ec7.fam
BLHA=28.57262295,113.49015944,261.228990,312.996987
TRANSFORMMATRIX=0.000018860,-0.999999999,0.000050984,0.000000000,1.000000000,0.000018860,0.000000084,0.000000000,-0.000000085,0.000050984,0.999999999,0.000000000,-1.381123629,324.546795212,20.530739069,1.000000000
ENTITYNAME=Wire_Device
