OBJECTMODELPOINTER=33777c94-e4b9-4947-906f-f84480f3cb99.dev
BASEFAMILY=22f26ee3-3725-4838-84fd-81c153564714.fam
BLHA=28.31523299,113.41422428,48.000024,0.896163
TRANSFORMMATRIX=0.000012079,-1.000000000,0.000025966,0.000000000,1.000000000,0.000012079,0.000001620,0.000000000,-0.000001620,0.000025966,1.000000000,0.000000000,-10.277302867,165.742255409,33.460011767,1.000000000
ENTITYNAME=Wire_Device
