OBJECTMODELPOINTER=33777c94-e4b9-4947-906f-f84480f3cb99.dev
BASEFAMILY=23080d11-7391-4f71-99db-9cef5bd95852.fam
BLHA=28.77401473,113.47631208,189.623101,236.227775
TRANSFORMMATRIX=-0.002126286,-0.999997739,0.000005122,0.000000000,0.999997740,-0.002126286,-0.000001828,0.000000000,0.000001839,0.000005119,1.000000000,0.000000000,11.795470696,32.584337651,35.830683880,1.000000000
ENTITYNAME=Wire_Device
