OBJECTMODELPOINTER=33777c94-e4b9-4947-906f-f84480f3cb99.dev
BASEFAMILY=230b30d2-fa15-4668-b42e-4025c6a22c3c.fam
BLHA=28.31523299,113.41422428,48.000024,0.896163
TRANSFORMMATRIX=0.000012944,-1.000000000,0.000016625,0.000000000,1.000000000,0.000012944,0.000001259,0.000000000,-0.000001259,0.000016624,1.000000000,0.000000000,-7.988677554,106.114838791,23.945865896,1.000000000
ENTITYNAME=Wire_Device
