ENTITYNAME=WIRE
BASEFAMILY=231583b6-2a22-4c79-9a32-404aef9ab115.fam
OBJECTMODELPOINTER=81b82497-164d-48c0-b1cb-18fa700dacdf.dev
KVALUE=0.093075
SPLIT=4
POINT0.BLHA=28.52337409,113.48828309,330.017,210.734491
POINT0.MATRIX0=-0.511060437,-0.859544780,-0.000000000,0.000000000,0.859544780,-0.511060437,-0.000000000,0.000000000,-0.000000000,0.000000000,1.000000000,0.000000000,8.014736732,0.000609224,25.790002414,1.000000000
POINT0.MATRIX1=-0.511060437,-0.859544780,-0.000000000,0.000000000,0.859544780,-0.511060437,-0.000000000,0.000000000,-0.000000000,0.000000000,1.000000000,0.000000000,8.014736731,0.000609224,26.240002402,1.000000000
POINT0.MATRIX2=-0.511060437,-0.859544780,-0.000000000,0.000000000,0.859544780,-0.511060437,-0.000000000,0.000000000,-0.000000000,0.000000000,1.000000000,0.000000000,7.564736857,0.000609226,26.240002402,1.000000000
POINT0.MATRIX3=-0.511060437,-0.859544780,-0.000000000,0.000000000,0.859544780,-0.511060437,-0.000000000,0.000000000,-0.000000000,0.000000000,1.000000000,0.000000000,7.564736857,0.000609227,25.790002414,1.000000000
POINT1.BLHA=28.52337409,113.48828309,330.017,210.734491
POINT1.MATRIX0=-0.511060437,-0.859544780,-0.000000000,0.000000000,0.859544780,-0.511060437,-0.000000000,0.000000000,-0.000000000,0.000000000,1.000000000,0.000000000,8.069642142,8.907014186,28.382802256,1.000000000
POINT1.MATRIX1=-0.511060437,-0.859544780,-0.000000000,0.000000000,0.859544780,-0.511060437,-0.000000000,0.000000000,-0.000000000,0.000000000,1.000000000,0.000000000,8.110408758,9.717947120,28.781142242,1.000000000
POINT1.MATRIX2=-0.511060437,-0.859544780,-0.000000000,0.000000000,0.859544780,-0.511060437,-0.000000000,0.000000000,-0.000000000,0.000000000,1.000000000,0.000000000,7.610591346,9.721432102,28.781180389,1.000000000
POINT1.MATRIX3=-0.511060437,-0.859544780,-0.000000000,0.000000000,0.859544780,-0.511060437,-0.000000000,0.000000000,-0.000000000,0.000000000,1.000000000,0.000000000,7.569719806,8.910561554,28.382786997,1.000000000
