OBJECTMODELPOINTER=33777c94-e4b9-4947-906f-f84480f3cb99.dev
BASEFAMILY=232f1e86-a425-49d1-9dac-7feb88bb9e35.fam
BLHA=28.69702652,113.45589279,149.051008,277.425083
TRANSFORMMATRIX=0.000004924,-0.999999998,0.000060471,0.000000000,1.000000000,0.000004924,0.000000234,0.000000000,-0.000000234,0.000060471,0.999999998,0.000000000,-1.751274365,384.048608328,49.062431192,1.000000000
ENTITYNAME=Wire_Device
