OBJECTMODELPOINTER=2a097880-888c-4a59-bb72-3e7edf787d6b.dev
BASEFAMILY=2332f6aa-6257-4a1b-89ed-e841223e435a.fam
TRANSFORMMATRIX=0.000000009,0.999999590,-0.000001184,0.000000000,-1.000000410,0.000000148,-0.000001139,0.000000000,0.000000000,-0.000000000,1.000000000,0.000000000,0.000000000,-0.000000000,45.000000000,1.000000000
ENTITYNAME=Tower_Device
