OBJECTMODELPOINTER=33777c94-e4b9-4947-906f-f84480f3cb99.dev
BASEFAMILY=2335cee6-2adb-4fea-8909-d0d41e41765f.fam
BLHA=28.51284150,113.46842369,376.044241,210.734491
TRANSFORMMATRIX=0.022340692,-0.999750415,0.000029694,0.000000000,0.999750416,0.022340692,-0.000001800,0.000000000,0.000001137,0.000029728,1.000000000,0.000000000,7.657468069,189.517278382,-50.186105867,1.000000000
ENTITYNAME=Wire_Device
