OBJECTMODELPOINTER=33777c94-e4b9-4947-906f-f84480f3cb99.dev
BASEFAMILY=233b34a2-c22e-45e5-b5f7-43426c98905e.fam
BLHA=28.57953661,113.48279374,260.580940,480.423303
TRANSFORMMATRIX=-0.231479118,0.972839871,0.000053209,0.000000000,-0.972839873,-0.231479119,0.000001202,0.000000000,0.000013486,-0.000051486,0.999999999,0.000000000,86.715645228,-327.579468266,31.669158868,1.000000000
ENTITYNAME=Wire_Device
