OBJECTMODELPOINTER=1ebac12d-c405-409e-a4e5-e7b6bcdce081.dev
BASEFAMILY=23406324-a5f7-4c56-8945-4837bbd718ee.fam
TRANSFORMMATRIX=-0.999999043,-0.001383017,0.000000001,0.000000000,0.001383017,-0.999999044,-0.000000001,0.000000000,-0.000000000,0.000000000,1.000000000,0.000000000,10.610000000,0.000000001,55.000000001,1.000000000
ENTITYNAME=Tower_Device
