OBJECTMODELPOINTER=0e312739-8609-4a3d-966c-75d05d59356d.dev
BASEFAMILY=234385e1-90ce-435a-a5aa-6501541cd0aa.fam
TRANSFORMMATRIX=0.000000000,1.000000000,0.000000000,0.000000000,-1.000000000,0.000000000,-0.000000000,0.000000000,-0.000000000,-0.000000000,1.000000000,0.000000000,4.737097815,-4.737280461,-0.000004498,1.000000000
ENTITYNAME=Tower_Device
