OBJECTMODELPOINTER=33777c94-e4b9-4947-906f-f84480f3cb99.dev
BASEFAMILY=2344cf14-883a-433b-9c00-d7d9105f9b47.fam
BLHA=28.40635362,113.37217651,164.659139,254.006183
TRANSFORMMATRIX=0.010505443,-0.999944816,0.000027827,0.000000000,0.999944816,0.010505443,0.000001704,0.000000000,-0.000001995,0.000027807,1.000000000,0.000000000,-12.490108630,176.629918020,12.809374359,1.000000000
ENTITYNAME=Wire_Device
