OBJECTMODELPOINTER=33777c94-e4b9-4947-906f-f84480f3cb99.dev
BASEFAMILY=23499fd8-612b-4108-8f0b-8f184ec8a04c.fam
BLHA=28.52337409,113.48828309,330.016596,210.734491
TRANSFORMMATRIX=0.002165622,-0.999997655,0.000029138,0.000000000,0.999997655,0.002165622,-0.000000027,0.000000000,-0.000000036,0.000029137,1.000000000,0.000000000,0.191130388,185.745300986,16.666697566,1.000000000
ENTITYNAME=Wire_Device
