OBJECTMODELPOINTER=33777c94-e4b9-4947-906f-f84480f3cb99.dev
BASEFAMILY=235cac84-39c9-4727-9fd7-eaecd2b79609.fam
BLHA=28.71274605,113.45447194,199.234978,264.887951
TRANSFORMMATRIX=0.002796879,-0.999996088,0.000028395,0.000000000,0.999996089,0.002796879,0.000000142,0.000000000,-0.000000221,0.000028395,1.000000000,0.000000000,-1.328846324,180.324803163,5.619332593,1.000000000
ENTITYNAME=Wire_Device
