OBJECTMODELPOINTER=33777c94-e4b9-4947-906f-f84480f3cb99.dev
BASEFAMILY=2368b749-4123-4e98-a86a-bb93d039ac8c.fam
BLHA=28.47322316,113.40714488,338.739938,229.813402
TRANSFORMMATRIX=0.002301754,-0.999997351,0.000025804,0.000000000,0.999997351,0.002301754,-0.000001898,0.000000000,0.000001838,0.000025808,1.000000000,0.000000000,12.132323000,164.272008190,13.137952920,1.000000000
ENTITYNAME=Wire_Device
