OBJECTMODELPOINTER=33777c94-e4b9-4947-906f-f84480f3cb99.dev
BASEFAMILY=23705032-b5e5-4fad-8280-ccd6906bceb8.fam
BLHA=28.31534552,113.42043692,48.733934,348.172871
TRANSFORMMATRIX=-0.225224034,-0.974307001,0.000040543,0.000000000,0.974307002,-0.225224034,0.000001998,0.000000000,0.000007185,0.000039951,0.999999999,0.000000000,45.367531586,254.904757453,43.099803455,1.000000000
ENTITYNAME=Wire_Device
