OBJECTMODELPOINTER=33777c94-e4b9-4947-906f-f84480f3cb99.dev
BASEFAMILY=23782ce7-746c-4b28-b591-094b01a7434b.fam
BLHA=28.48504373,113.41833342,235.006355,407.385386
TRANSFORMMATRIX=0.689071848,0.724693030,0.000000246,0.000000000,-0.724693030,0.689071848,0.000001291,0.000000000,0.000000766,-0.000001068,1.000000000,0.000000000,4.862660362,-6.784939167,36.196908193,1.000000000
ENTITYNAME=Wire_Device
