OBJECTMODELPOINTER=33777c94-e4b9-4947-906f-f84480f3cb99.dev
BASEFAMILY=237b2d16-f658-403c-b271-9e264468b96a.fam
BLHA=28.71568525,113.45475484,179.580025,274.089521
TRANSFORMMATRIX=-0.173935773,-0.984756999,0.000026632,0.000000000,0.984756999,-0.173935773,-0.000000996,0.000000000,0.000005613,0.000026053,1.000000000,0.000000000,35.766903868,165.437383907,32.415920609,1.000000000
ENTITYNAME=Wire_Device
