OBJECTMODELPOINTER=33777c94-e4b9-4947-906f-f84480f3cb99.dev
BASEFAMILY=2383194e-4633-4fe3-8867-c30bfc0c4400.fam
BLHA=28.60915768,113.46895250,187.940881,294.633001
TRANSFORMMATRIX=0.001422397,-0.999998987,0.000059237,0.000000000,0.999998988,0.001422397,-0.000001944,0.000000000,0.000001860,0.000059240,0.999999998,0.000000000,11.118161887,376.510223599,74.967577352,1.000000000
ENTITYNAME=Wire_Device
