OBJECTMODELPOINTER=33777c94-e4b9-4947-906f-f84480f3cb99.dev
BASEFAMILY=23956ba3-1d66-4e01-880c-c751e51b7004.fam
BLHA=28.30070252,113.44082959,73.741833,287.794387
TRANSFORMMATRIX=-0.001312267,-0.999999139,0.000017714,0.000000000,0.999999139,-0.001312267,-0.000000958,0.000000000,0.000000981,0.000017713,1.000000000,0.000000000,6.089986681,112.517173051,56.497370854,1.000000000
ENTITYNAME=Wire_Device
