OBJECTMODELPOINTER=33777c94-e4b9-4947-906f-f84480f3cb99.dev
BASEFAMILY=23973c4b-2946-407d-a16b-ef2d2715b047.fam
BLHA=28.30786495,113.43629033,62.969533,307.005893
TRANSFORMMATRIX=0.000002543,-1.000000000,0.000005647,0.000000000,1.000000000,0.000002543,-0.000001002,0.000000000,0.000001002,0.000005647,1.000000000,0.000000000,6.295801473,35.912279967,58.421540230,1.000000000
ENTITYNAME=Wire_Device
