OBJECTMODELPOINTER=832609ba-1d28-4aa1-8540-637fc6afd987.dev
BASEFAMILY=239a8f63-42c4-4aca-8330-9f62984971a9.fam
TRANSFORMMATRIX=-1.000000000,-0.000000071,0.000000000,0.000000000,0.000000071,-1.000000000,-0.000000000,0.000000000,-0.000000000,0.000000000,1.000000000,0.000000000,-9.870000000,0.310000000,55.000000000,1.000000000
ENTITYNAME=Tower_Device
