OBJECTMODELPOINTER=59a9fdcf-bdd6-45ab-9ef8-b3d7144099a9.dev
BASEFAMILY=23b0e191-787f-4795-bb13-ce9e8868acd5.fam
TRANSFORMMATRIX=0.001109903,-0.999999501,-0.000000129,0.000000000,0.999999268,0.001109107,-0.000001640,0.000000000,-0.000000000,-0.000000000,1.000000000,0.000000000,-13.950000000,0.600000000,51.000000000,1.000000000
ENTITYNAME=Tower_Device
