OBJECTMODELPOINTER=33777c94-e4b9-4947-906f-f84480f3cb99.dev
BASEFAMILY=23d692e1-6068-4175-9d67-5b39442d0cfe.fam
BLHA=28.31502906,113.40300484,68.016258,0.896163
TRANSFORMMATRIX=0.001777617,-0.999998419,0.000053958,0.000000000,0.999998420,0.001777617,0.000001449,0.000000000,-0.000001544,0.000053956,0.999999999,0.000000000,-9.778954280,344.402085040,50.361230228,1.000000000
ENTITYNAME=Wire_Device
