OBJECTMODELPOINTER=727bd565-faa2-4ba7-b982-fcaf88a19d07.dev
BASEFAMILY=23ea1c56-2e7c-4f0c-b98a-cd7302584164.fam
TRANSFORMMATRIX=-0.000000101,0.999999712,0.000001482,0.000000000,-1.000000288,0.000000497,0.000000712,0.000000000,-0.000000000,0.000000000,1.000000000,0.000000000,7.500000000,-4.000000000,40.000000000,1.000000000
ENTITYNAME=Tower_Device
