OBJECTMODELPOINTER=33777c94-e4b9-4947-906f-f84480f3cb99.dev
BASEFAMILY=23effd58-427e-4af6-9dfb-b95d7a7c1f25.fam
BLHA=28.75094621,113.45897359,113.766966,236.227775
TRANSFORMMATRIX=0.003293265,-0.999994577,0.000025150,0.000000000,0.999994577,0.003293265,0.000000178,0.000000000,-0.000000261,0.000025149,1.000000000,0.000000000,-1.278823358,159.954011505,25.273108836,1.000000000
ENTITYNAME=Wire_Device
