OBJECTMODELPOINTER=33777c94-e4b9-4947-906f-f84480f3cb99.dev
BASEFAMILY=23fd1680-02d9-4a95-97e8-d3e94e47bcc4.fam
BLHA=28.28492071,113.44885804,59.682173,504.180323
TRANSFORMMATRIX=-0.280959757,0.959719550,0.000006217,0.000000000,-0.959719550,-0.280959757,-0.000001298,0.000000000,0.000000501,-0.000006331,1.000000000,0.000000000,3.284217448,-40.352411474,54.816980827,1.000000000
ENTITYNAME=Wire_Device
