ENTITYNAME=WIRE
BASEFAMILY=2400be2b-a7ba-4e2f-9db9-beaa6606f0b2.fam
OBJECTMODELPOINTER=31970f28-780e-4bf1-8adb-439f78c329a3.dev
KVALUE=0.000287
SPLIT=1
POINT0.BLHA=28.35190910,113.36144828,128.122,278.143009
POINT0.MATRIX0=-0.989917611,0.141644356,0.000000000,0.000000000,-0.141644356,-0.989917611,0.000000000,0.000000000,-0.000000000,-0.000000000,1.000000000,0.000000000,-9.870788676,-0.001173224,54.558005219,1.000000000
POINT1.BLHA=28.35190910,113.36144828,128.122,278.143009
POINT1.MATRIX0=-0.989917611,0.141644356,0.000000000,0.000000000,-0.141644356,-0.989917611,0.000000000,0.000000000,-0.000000000,-0.000000000,1.000000000,0.000000000,-9.869879210,-0.000270846,54.558005218,1.000000000
