OBJECTMODELPOINTER=146d895a-fdff-4646-a5ce-e15abbf3f3eb.dev
BASEFAMILY=24082b9d-bc6b-438b-8b08-23c083c16823.fam
TRANSFORMMATRIX=1.000000000,0.000000000,0.000000000,0.000000000,0.000000000,1.000000000,0.000000000,0.000000000,-0.000000000,-0.000000000,1.000000000,0.000000000,-7.174824707,-7.174829621,0.000001752,1.000000000
ENTITYNAME=Tower_Device
