OBJECTMODELPOINTER=33777c94-e4b9-4947-906f-f84480f3cb99.dev
BASEFAMILY=2414db07-aa02-4916-8277-f658b2bbf30b.fam
BLHA=28.76435807,113.46905293,179.070265,236.227775
TRANSFORMMATRIX=-0.000014533,-0.999999999,0.000045972,0.000000000,1.000000000,-0.000014533,0.000000319,0.000000000,-0.000000318,0.000045972,0.999999999,0.000000000,-1.328494732,292.400608214,-4.014299586,1.000000000
ENTITYNAME=Wire_Device
