ENTITYNAME=WIRE
BASEFAMILY=2420cf2a-8406-4c58-bef3-3ee86040319f.fam
OBJECTMODELPOINTER=31970f28-780e-4bf1-8adb-439f78c329a3.dev
KVALUE=0.000287
SPLIT=1
POINT0.BLHA=28.53408910,113.50849608,458.182,233.242345
POINT0.MATRIX0=-0.801173862,-0.598431653,0.000000000,0.000000000,0.598431653,-0.801173862,0.000000000,0.000000000,-0.000000000,0.000000000,1.000000000,0.000000000,5.181689483,-1.325894968,43.957181010,1.000000000
POINT1.BLHA=28.53408910,113.50849608,458.182,233.242345
POINT1.MATRIX0=-0.801173862,-0.598431653,0.000000000,0.000000000,0.598431653,-0.801173862,0.000000000,0.000000000,-0.000000000,0.000000000,1.000000000,0.000000000,5.178793413,1.321328254,43.916311297,1.000000000
