OBJECTMODELPOINTER=33777c94-e4b9-4947-906f-f84480f3cb99.dev
BASEFAMILY=24246541-d80b-4cc6-ac3c-8433cb74b8e8.fam
BLHA=28.40337100,113.37122865,129.378598,254.006183
TRANSFORMMATRIX=0.012027875,-0.999927660,0.000069244,0.000000000,0.999927663,0.012027875,-0.000001635,0.000000000,0.000000802,0.000069258,0.999999998,0.000000000,5.728217598,439.976296137,63.923686020,1.000000000
ENTITYNAME=Wire_Device
