OBJECTMODELPOINTER=33777c94-e4b9-4947-906f-f84480f3cb99.dev
BASEFAMILY=243c334d-658e-419f-9e21-7c9820911ca6.fam
BLHA=28.43346852,113.38186613,283.381825,242.026912
TRANSFORMMATRIX=0.002475108,-0.999996935,0.000059874,0.000000000,0.999996937,0.002475108,0.000000440,0.000000000,-0.000000588,0.000059872,0.999999998,0.000000000,-2.928455568,380.625515793,-40.274813116,1.000000000
ENTITYNAME=Wire_Device
