OBJECTMODELPOINTER=33777c94-e4b9-4947-906f-f84480f3cb99.dev
BASEFAMILY=24473e42-af64-434c-8add-a5bfab5ef9d2.fam
BLHA=28.33513056,113.36426418,74.466119,467.201749
TRANSFORMMATRIX=-0.147026900,0.989132493,0.000049220,0.000000000,-0.989132494,-0.147026900,-0.000001027,0.000000000,0.000006220,-0.000048836,0.999999999,0.000000000,40.145859290,-310.302055616,18.375959018,1.000000000
ENTITYNAME=Wire_Device
