OBJECTMODELPOINTER=33777c94-e4b9-4947-906f-f84480f3cb99.dev
BASEFAMILY=244bcbb8-cf2b-4546-a185-dd770a66bbac.fam
BLHA=28.65774704,113.46158959,182.997853,277.610658
TRANSFORMMATRIX=0.000001445,-1.000000000,0.000015077,0.000000000,1.000000000,0.000001445,0.000000057,0.000000000,-0.000000058,0.000015077,1.000000000,0.000000000,-0.431467510,95.753909586,14.252635015,1.000000000
ENTITYNAME=Wire_Device
