OBJECTMODELPOINTER=33777c94-e4b9-4947-906f-f84480f3cb99.dev
BASEFAMILY=244e9a87-fb6b-4efe-9d45-099a6ca49c5f.fam
BLHA=28.74846038,113.45710577,102.803547,427.264866
TRANSFORMMATRIX=-0.183476678,0.983024063,0.000007375,0.000000000,-0.983024063,-0.183476678,-0.000001218,0.000000000,0.000000156,-0.000007473,1.000000000,0.000000000,0.904426303,-47.494037935,19.337950900,1.000000000
ENTITYNAME=Wire_Device
