OBJECTMODELPOINTER=33777c94-e4b9-4947-906f-f84480f3cb99.dev
BASEFAMILY=2455ca3b-3513-49c2-a37f-e63987deee74.fam
BLHA=28.66573943,113.46033717,166.408962,277.610658
TRANSFORMMATRIX=0.002350703,-0.999997236,0.000038923,0.000000000,0.999997237,0.002350703,0.000002008,0.000000000,-0.000002099,0.000038918,0.999999999,0.000000000,-13.566804266,247.173557907,9.747006333,1.000000000
ENTITYNAME=Wire_Device
