OBJECTMODELPOINTER=33777c94-e4b9-4947-906f-f84480f3cb99.dev
BASEFAMILY=2483d51c-4567-41f6-ad1e-b0ee53dcdddc.fam
BLHA=28.75094621,113.45897359,113.766966,236.227775
TRANSFORMMATRIX=0.011579793,-0.999932951,0.000045558,0.000000000,0.999932952,0.011579793,-0.000001548,0.000000000,0.000001020,0.000045573,0.999999999,0.000000000,7.194544244,289.880182649,17.620194757,1.000000000
ENTITYNAME=Wire_Device
