ENTITYNAME=WIRE
BASEFAMILY=249dc3d9-2251-41cb-b892-47d0862b81e2.fam
OBJECTMODELPOINTER=81b82497-164d-48c0-b1cb-18fa700dacdf.dev
KVALUE=0.000000
SPLIT=4
POINT0.BLHA=28.31566161,113.38686189,71.438,329.270898
POINT0.MATRIX0=-0.510979593,0.859592843,-0.000000000,0.000000000,-0.859592843,-0.510979593,-0.000000000,0.000000000,-0.000000000,-0.000000000,1.000000000,0.000000000,-9.335753130,-0.000146034,51.416814128,1.000000000
POINT0.MATRIX1=-0.510979593,0.859592843,-0.000000000,0.000000000,-0.859592843,-0.510979593,-0.000000000,0.000000000,-0.000000000,-0.000000000,1.000000000,0.000000000,-9.149181621,-0.000575180,51.880666056,1.000000000
POINT0.MATRIX2=-0.510979593,0.859592843,-0.000000000,0.000000000,-0.859592843,-0.510979593,-0.000000000,0.000000000,-0.000000000,-0.000000000,1.000000000,0.000000000,-9.612933496,-0.000183200,52.067326823,1.000000000
POINT0.MATRIX3=-0.510979593,0.859592843,-0.000000000,0.000000000,-0.859592843,-0.510979593,-0.000000000,0.000000000,-0.000000000,-0.000000000,1.000000000,0.000000000,-9.799255504,-0.000173777,51.603474894,1.000000000
POINT1.BLHA=28.31566161,113.38686189,71.438,329.270898
POINT1.MATRIX0=-0.510979593,0.859592843,-0.000000000,0.000000000,-0.859592843,-0.510979593,-0.000000000,0.000000000,-0.000000000,-0.000000000,1.000000000,0.000000000,-9.335748035,0.129848901,51.416814128,1.000000000
POINT1.MATRIX1=-0.510979593,0.859592843,-0.000000000,0.000000000,-0.859592843,-0.510979593,-0.000000000,0.000000000,-0.000000000,-0.000000000,1.000000000,0.000000000,-9.149176526,0.129419755,51.880666057,1.000000000
POINT1.MATRIX2=-0.510979593,0.859592843,-0.000000000,0.000000000,-0.859592843,-0.510979593,-0.000000000,0.000000000,-0.000000000,-0.000000000,1.000000000,0.000000000,-9.612928402,0.129811735,52.067326823,1.000000000
POINT1.MATRIX3=-0.510979593,0.859592843,-0.000000000,0.000000000,-0.859592843,-0.510979593,-0.000000000,0.000000000,-0.000000000,-0.000000000,1.000000000,0.000000000,-9.799250410,0.129821158,51.603474894,1.000000000
