OBJECTMODELPOINTER=33777c94-e4b9-4947-906f-f84480f3cb99.dev
BASEFAMILY=24a87386-6c34-493d-8ad3-b48a19c6e1e0.fam
BLHA=28.80418340,113.50812520,199.973454,227.348291
TRANSFORMMATRIX=-0.000012415,-1.000000000,0.000027738,0.000000000,1.000000000,-0.000012415,0.000002050,0.000000000,-0.000002050,0.000027738,1.000000000,0.000000000,-12.599900896,176.532153024,34.314613554,1.000000000
ENTITYNAME=Wire_Device
