OBJECTMODELPOINTER=1bb4a058-b9e3-43eb-b90e-bc31db7efee7.dev
BASEFAMILY=24b36507-f3d3-41d4-a27a-22dbba3baff0.fam
TRANSFORMMATRIX=-1.000000000,0.000000282,-0.000000000,0.000000000,-0.000000282,-1.000000000,0.000000000,0.000000000,0.000000000,-0.000000000,1.000000000,0.000000000,11.320000000,0.000000000,69.999999999,1.000000000
ENTITYNAME=Tower_Device
