OBJECTMODELPOINTER=33777c94-e4b9-4947-906f-f84480f3cb99.dev
BASEFAMILY=24b6c849-133b-4ae1-91f7-8e4d05553018.fam
BLHA=28.41408598,113.37463405,174.728080,254.006183
TRANSFORMMATRIX=-0.000000433,-1.000000000,0.000004347,0.000000000,1.000000000,-0.000000433,-0.000002059,0.000000000,0.000002059,0.000004347,1.000000000,0.000000000,13.176324422,27.631802888,50.780351839,1.000000000
ENTITYNAME=Wire_Device
