OBJECTMODELPOINTER=33777c94-e4b9-4947-906f-f84480f3cb99.dev
BASEFAMILY=25115416-5f33-4ca2-a133-b5b772735b29.fam
BLHA=28.47508033,113.40890253,351.780005,229.813402
TRANSFORMMATRIX=-0.000009700,-1.000000000,0.000026979,0.000000000,1.000000000,-0.000009700,0.000000206,0.000000000,-0.000000206,0.000026978,1.000000000,0.000000000,-0.870331125,171.692453540,39.251576227,1.000000000
ENTITYNAME=Wire_Device
