OBJECTMODELPOINTER=6a0badee-6e87-4802-9d21-a0aa9d7a765d.dev
BASEFAMILY=252743f1-bd58-4bc5-aa20-41439bf4ed18.fam
TRANSFORMMATRIX=-0.000000360,1.000000012,0.000001639,0.000000000,-0.999999988,0.000000479,0.000000084,0.000000000,-0.000000000,0.000000000,1.000000000,0.000000000,-10.000000000,0.000000000,29.999999999,1.000000000
ENTITYNAME=Tower_Device
