OBJECTMODELPOINTER=33777c94-e4b9-4947-906f-f84480f3cb99.dev
BASEFAMILY=254a12ab-e747-4740-975e-be3c57cd60c3.fam
BLHA=28.33182616,113.36613124,59.967362,296.260490
TRANSFORMMATRIX=0.010640674,-0.999943386,0.000036296,0.000000000,0.999943386,0.010640674,-0.000001749,0.000000000,0.000001363,0.000036313,0.999999999,0.000000000,8.213276550,230.800315107,25.619280222,1.000000000
ENTITYNAME=Wire_Device
