OBJECTMODELPOINTER=1f7edee9-79e6-4531-aa53-4dc4acea6f92.dev
BASEFAMILY=25508761-6a2e-4d9a-82d2-eeea0f623407.fam
TRANSFORMMATRIX=-0.999973849,-0.007231592,0.000000005,0.000000000,0.007231590,-0.999973855,-0.000000006,0.000000000,0.000000000,0.000000000,1.000000000,0.000000000,-9.870000001,0.000000000,49.000000000,1.000000000
ENTITYNAME=Tower_Device
