OBJECTMODELPOINTER=1c5f6890-2238-4e29-a95d-4bd8c69a8323.dev
BASEFAMILY=25586099-9ac6-4546-a993-d5b2debe2ad5.fam
TRANSFORMMATRIX=0.000000387,1.000000413,-0.000001253,0.000000000,-0.999999587,0.000000416,0.000001065,0.000000000,-0.000000000,-0.000000000,1.000000000,0.000000000,-12.415000000,0.000000001,47.000000001,1.000000000
ENTITYNAME=Tower_Device
