OBJECTMODELPOINTER=33777c94-e4b9-4947-906f-f84480f3cb99.dev
BASEFAMILY=2563cfcb-4eff-4db6-8635-06c8fcc0d161.fam
BLHA=28.40635362,113.37217651,164.659139,254.006183
TRANSFORMMATRIX=0.010506766,-0.999944802,0.000018387,0.000000000,0.999944802,0.010506766,0.000001642,0.000000000,-0.000001835,0.000018369,1.000000000,0.000000000,-11.547469281,116.675738418,16.092320686,1.000000000
ENTITYNAME=Wire_Device
