OBJECTMODELPOINTER=33777c94-e4b9-4947-906f-f84480f3cb99.dev
BASEFAMILY=25659819-7900-4c74-b1ec-9e88aa667409.fam
BLHA=28.41408598,113.37463405,174.728080,254.006183
TRANSFORMMATRIX=-0.000001996,-1.000000000,0.000015863,0.000000000,1.000000000,-0.000001996,0.000000104,0.000000000,-0.000000104,0.000015863,1.000000000,0.000000000,-0.523326602,100.770262922,41.676548373,1.000000000
ENTITYNAME=Wire_Device
