OBJECTMODELPOINTER=33777c94-e4b9-4947-906f-f84480f3cb99.dev
BASEFAMILY=256b38ff-24d4-4aec-a1ee-a8aab8e36a73.fam
BLHA=28.34901903,113.36193338,109.289234,278.143009
TRANSFORMMATRIX=-0.004082694,-0.999991665,0.000028101,0.000000000,0.999991666,-0.004082694,-0.000001731,0.000000000,0.000001846,0.000028093,1.000000000,0.000000000,11.651242600,178.403491831,16.882258200,1.000000000
ENTITYNAME=Wire_Device
