OBJECTMODELPOINTER=33777c94-e4b9-4947-906f-f84480f3cb99.dev
BASEFAMILY=256dae9c-c10e-459a-9cb7-dc9f4ae380a8.fam
BLHA=28.46688419,113.40170203,216.340862,242.026912
TRANSFORMMATRIX=-0.000010611,-0.999999999,0.000051329,0.000000000,1.000000000,-0.000010611,0.000000370,0.000000000,-0.000000369,0.000051329,0.999999999,0.000000000,-1.649426158,326.314631810,26.662541016,1.000000000
ENTITYNAME=Wire_Device
