OBJECTMODELPOINTER=33777c94-e4b9-4947-906f-f84480f3cb99.dev
BASEFAMILY=25829955-120a-4d70-bb2e-3f70df226bc1.fam
BLHA=28.38255325,113.36304670,117.224132,441.473487
TRANSFORMMATRIX=0.034910106,0.999390456,-0.000000182,0.000000000,-0.999390456,0.034910106,0.000001456,0.000000000,0.000001462,0.000000131,1.000000000,0.000000000,9.329992349,0.840591126,19.376650649,1.000000000
ENTITYNAME=Wire_Device
