ENTITYNAME=WIRE
BASEFAMILY=258e3bbe-64f9-473e-ab52-df9db41e7d54.fam
OBJECTMODELPOINTER=31970f28-780e-4bf1-8adb-439f78c329a3.dev
KVALUE=0.000287
SPLIT=1
POINT0.BLHA=28.54843684,113.51255198,454.586,280.370385
POINT0.MATRIX0=-0.983664647,0.180010728,0.000000000,0.000000000,-0.180010728,-0.983664647,-0.000000000,0.000000000,0.000000000,0.000000000,1.000000000,0.000000000,5.688017792,-1.298068830,43.849957555,1.000000000
POINT1.BLHA=28.54843684,113.51255198,454.586,280.370385
POINT1.MATRIX0=-0.983664647,0.180010728,0.000000000,0.000000000,-0.180010728,-0.983664647,-0.000000000,0.000000000,0.000000000,0.000000000,1.000000000,0.000000000,5.701599693,1.318508275,44.022314817,1.000000000
