OBJECTMODELPOINTER=59351f98-aa77-4517-8ff6-35d0d942dd92.dev
BASEFAMILY=25964c23-7b27-4c8b-985c-f629d7f60280.fam
TRANSFORMMATRIX=-0.000000048,-0.999999634,0.000001463,0.000000000,1.000000366,0.000000349,-0.000000747,0.000000000,-0.000000000,-0.000000000,1.000000000,0.000000000,-11.870000000,-0.600000000,48.000000000,1.000000000
ENTITYNAME=Tower_Device
