OBJECTMODELPOINTER=33777c94-e4b9-4947-906f-f84480f3cb99.dev
BASEFAMILY=25aeb8f8-e0ce-49a3-b571-c049b7a64b19.fam
BLHA=28.31523299,113.41422428,48.000024,0.896163
TRANSFORMMATRIX=0.000018001,-0.999999999,0.000025978,0.000000000,1.000000000,0.000018001,-0.000000889,0.000000000,0.000000889,0.000025978,1.000000000,0.000000000,5.658600511,165.819887885,46.409996972,1.000000000
ENTITYNAME=Wire_Device
