OBJECTMODELPOINTER=33777c94-e4b9-4947-906f-f84480f3cb99.dev
BASEFAMILY=25b5eac4-203e-4841-aa75-8f333b56f550.fam
BLHA=28.75355465,113.46093365,124.778931,236.227775
TRANSFORMMATRIX=-0.000014983,-0.999999999,0.000039243,0.000000000,1.000000000,-0.000014983,0.000000275,0.000000000,-0.000000275,0.000039243,0.999999999,0.000000000,-1.154670064,249.600881783,29.838913223,1.000000000
ENTITYNAME=Wire_Device
