ENTITYNAME=WIRE
BASEFAMILY=25c0a5fc-c463-46d3-92ca-7aabec25ba0e.fam
OBJECTMODELPOINTER=81b82497-164d-48c0-b1cb-18fa700dacdf.dev
KVALUE=0.000000
SPLIT=4
POINT0.BLHA=28.64054809,113.46428400,121.847,277.610658
POINT0.MATRIX0=-0.991190922,0.132440763,0.000000000,0.000000000,-0.132440763,-0.991190922,0.000000000,0.000000000,0.000000000,-0.000000000,1.000000000,0.000000000,13.544971200,-0.109263333,54.999990729,1.000000000
POINT0.MATRIX1=-0.991190922,0.132440763,0.000000000,0.000000000,-0.132440763,-0.991190922,0.000000000,0.000000000,0.000000000,-0.000000000,1.000000000,0.000000000,13.544971200,-0.109263333,55.450002936,1.000000000
POINT0.MATRIX2=-0.991190922,0.132440763,0.000000000,0.000000000,-0.132440763,-0.991190922,0.000000000,0.000000000,0.000000000,-0.000000000,1.000000000,0.000000000,13.095078638,-0.110234651,55.450002936,1.000000000
POINT0.MATRIX3=-0.991190922,0.132440763,0.000000000,0.000000000,-0.132440763,-0.991190922,0.000000000,0.000000000,0.000000000,-0.000000000,1.000000000,0.000000000,13.095078638,-0.110234651,54.999990729,1.000000000
POINT1.BLHA=28.64054809,113.46428400,121.847,277.610658
POINT1.MATRIX0=-0.991190922,0.132440763,0.000000000,0.000000000,-0.132440763,-0.991190922,0.000000000,0.000000000,0.000000000,-0.000000000,1.000000000,0.000000000,13.544971443,0.000737316,54.999990729,1.000000000
POINT1.MATRIX1=-0.991190922,0.132440763,0.000000000,0.000000000,-0.132440763,-0.991190922,0.000000000,0.000000000,0.000000000,-0.000000000,1.000000000,0.000000000,13.544971443,0.000737316,55.450002936,1.000000000
POINT1.MATRIX2=-0.991190922,0.132440763,0.000000000,0.000000000,-0.132440763,-0.991190922,0.000000000,0.000000000,0.000000000,-0.000000000,1.000000000,0.000000000,13.095078882,-0.000234001,55.450002936,1.000000000
POINT1.MATRIX3=-0.991190922,0.132440763,0.000000000,0.000000000,-0.132440763,-0.991190922,0.000000000,0.000000000,0.000000000,-0.000000000,1.000000000,0.000000000,13.095078881,-0.000234002,54.999990729,1.000000000
