OBJECTMODELPOINTER=33777c94-e4b9-4947-906f-f84480f3cb99.dev
BASEFAMILY=25ca7a4d-e50e-4fbc-849e-615be2c96692.fam
BLHA=28.59994740,113.47379389,183.494205,294.633001
TRANSFORMMATRIX=0.000000808,-1.000000000,0.000005431,0.000000000,1.000000000,0.000000808,0.000000013,0.000000000,-0.000000013,0.000005431,1.000000000,0.000000000,-0.151831183,34.518609496,49.812627700,1.000000000
ENTITYNAME=Wire_Device
