OBJECTMODELPOINTER=33777c94-e4b9-4947-906f-f84480f3cb99.dev
BASEFAMILY=25d04423-4ac2-467f-9e22-a64e58a70866.fam
BLHA=28.81363020,113.51792493,127.559863,396.804576
TRANSFORMMATRIX=-0.325392441,0.945579060,0.000000233,0.000000000,-0.945579060,-0.325392441,-0.000001482,0.000000000,-0.000001326,-0.000000703,1.000000000,0.000000000,-8.446754872,-4.496535239,25.336261272,1.000000000
ENTITYNAME=Wire_Device
