OBJECTMODELPOINTER=33777c94-e4b9-4947-906f-f84480f3cb99.dev
BASEFAMILY=25d4f13c-1a14-4477-acc3-bc32215cf858.fam
BLHA=28.49878841,113.43376617,260.859889,392.604520
TRANSFORMMATRIX=-0.344285506,0.938865001,0.000000240,0.000000000,-0.938865001,-0.344285506,-0.000001472,0.000000000,-0.000001299,-0.000000732,1.000000000,0.000000000,-8.273243980,-4.688249867,25.938488852,1.000000000
ENTITYNAME=Wire_Device
