OBJECTMODELPOINTER=33777c94-e4b9-4947-906f-f84480f3cb99.dev
BASEFAMILY=25d7cd0e-9c76-4d6a-a0ae-597e779147f5.fam
BLHA=28.56585701,113.49736639,238.961591,312.996987
TRANSFORMMATRIX=0.001564576,-0.999998775,0.000034698,0.000000000,0.999998776,0.001564576,-0.000002037,0.000000000,0.000001983,0.000034701,0.999999999,0.000000000,12.051276950,220.860906159,19.455439300,1.000000000
ENTITYNAME=Wire_Device
