OBJECTMODELPOINTER=33777c94-e4b9-4947-906f-f84480f3cb99.dev
BASEFAMILY=25eac096-d19d-4ed8-8ff2-272c4144ac29.fam
BLHA=28.34247838,113.36303113,107.750676,278.143009
TRANSFORMMATRIX=0.000001785,-1.000000000,0.000004417,0.000000000,1.000000000,0.000001785,0.000000024,0.000000000,-0.000000024,0.000004417,1.000000000,0.000000000,-0.173212323,28.050719097,27.046630459,1.000000000
ENTITYNAME=Wire_Device
