OBJECTMODELPOINTER=6ca9a924-72a4-4366-a767-007e261a7442.dev
BASEFAMILY=25f9e8c6-859b-4f5b-8ade-6efa01e951ca.fam
TRANSFORMMATRIX=0.000000825,1.000000404,0.000001109,0.000000000,-0.999999596,0.000000647,-0.000001213,0.000000000,-0.000000000,0.000000000,1.000000000,0.000000000,-12.415000001,0.000000000,47.000000000,1.000000000
ENTITYNAME=Tower_Device
