OBJECTMODELPOINTER=71011a61-f219-4bc3-a865-def9dbe89e5b.dev
BASEFAMILY=25ff80d9-e9fc-4dea-bd45-0fc95c5cd5dc.fam
TRANSFORMMATRIX=-0.999987306,-0.005039003,0.000000005,0.000000000,0.005039006,-0.999987303,0.000000003,0.000000000,0.000000000,-0.000000000,1.000000000,0.000000000,-9.870000000,-0.310000000,52.000000000,1.000000000
ENTITYNAME=Tower_Device
