OBJECTMODELPOINTER=7e7c39fa-6657-4eba-8622-e628df850eda.dev
BASEFAMILY=260f5182-b7e2-4b7a-ae6a-c26984e90efa.fam
TRANSFORMMATRIX=-0.032815397,-0.144631722,-0.988941254,0.000000000,0.975212791,-0.221269119,-0.000000344,0.000000000,-0.218821558,-0.964428497,0.148306442,0.000000000,-6.000000000,0.900000000,44.000000001,1.000000000
ENTITYNAME=Tower_Device
