OBJECTMODELPOINTER=33777c94-e4b9-4947-906f-f84480f3cb99.dev
BASEFAMILY=2615127d-556f-41b5-ad80-67d9c8d9f60d.fam
BLHA=28.80418340,113.50812520,199.973454,227.348291
TRANSFORMMATRIX=-0.000006488,-1.000000000,0.000017761,0.000000000,1.000000000,-0.000006488,0.000000123,0.000000000,-0.000000123,0.000017760,1.000000000,0.000000000,-0.492006969,113.054407545,35.618813699,1.000000000
ENTITYNAME=Wire_Device
