OBJECTMODELPOINTER=33777c94-e4b9-4947-906f-f84480f3cb99.dev
BASEFAMILY=26150bb3-4dd3-41ca-a3cd-e3c3bbe91920.fam
BLHA=28.39175425,113.36683981,143.500019,249.667673
TRANSFORMMATRIX=-0.000005727,-1.000000000,0.000027839,0.000000000,1.000000000,-0.000005727,0.000000197,0.000000000,-0.000000197,0.000027840,1.000000000,0.000000000,-0.955303134,176.888211873,21.739628086,1.000000000
ENTITYNAME=Wire_Device
