OBJECTMODELPOINTER=33777c94-e4b9-4947-906f-f84480f3cb99.dev
BASEFAMILY=26204da8-4304-4631-ba05-99bb748f4212.fam
BLHA=28.40635362,113.37217651,164.659139,254.006183
TRANSFORMMATRIX=0.000072575,-0.999999997,0.000018402,0.000000000,0.999999997,0.000072575,0.000000121,0.000000000,-0.000000122,0.000018401,1.000000000,0.000000000,-0.617876443,116.895341609,22.002736789,1.000000000
ENTITYNAME=Wire_Device
