OBJECTMODELPOINTER=4e8a8777-07d3-4c6e-b74d-209aba4d5929.dev
BASEFAMILY=26228418-0409-4f36-b54e-7d36d20adfe7.fam
TRANSFORMMATRIX=-0.030302291,0.162308223,-0.986274457,0.000000000,-0.983015883,-0.183521884,-0.000000728,0.000000000,-0.181002334,0.969523356,0.165113949,0.000000000,-6.000000000,-0.900000000,44.000000000,1.000000000
ENTITYNAME=Tower_Device
