OBJECTMODELPOINTER=33777c94-e4b9-4947-906f-f84480f3cb99.dev
BASEFAMILY=26317bbc-6dce-44c6-bff7-952a7615b5e7.fam
BLHA=28.31402241,113.42375188,48.067305,335.449580
TRANSFORMMATRIX=0.001590219,-0.999998736,0.000005508,0.000000000,0.999998736,0.001590219,-0.000001074,0.000000000,0.000001065,0.000005510,1.000000000,0.000000000,6.702452414,35.123625407,65.123457793,1.000000000
ENTITYNAME=Wire_Device
