OBJECTMODELPOINTER=33777c94-e4b9-4947-906f-f84480f3cb99.dev
BASEFAMILY=263341ca-5fff-43ef-a481-ae6a6f3044d3.fam
BLHA=28.46166988,113.39860583,270.672858,242.026912
TRANSFORMMATRIX=-0.000003739,-1.000000000,0.000014714,0.000000000,1.000000000,-0.000003739,0.000000109,0.000000000,-0.000000109,0.000014713,1.000000000,0.000000000,-0.493931860,93.541505690,18.737082165,1.000000000
ENTITYNAME=Wire_Device
