OBJECTMODELPOINTER=33777c94-e4b9-4947-906f-f84480f3cb99.dev
BASEFAMILY=263570de-4670-4636-992a-77e3abe149bc.fam
BLHA=28.28368001,113.45281448,67.001736,340.232800
TRANSFORMMATRIX=0.000015886,-0.999999999,0.000038398,0.000000000,1.000000000,0.000015886,-0.000001340,0.000000000,0.000001339,0.000038398,0.999999999,0.000000000,8.101702583,244.936721158,45.289301556,1.000000000
ENTITYNAME=Wire_Device
