ENTITYNAME=WIRE
BASEFAMILY=263a38d1-f7f8-46a1-85c9-efd968b100d2.fam
OBJECTMODELPOINTER=81b82497-164d-48c0-b1cb-18fa700dacdf.dev
KVALUE=0.000000
SPLIT=4
POINT0.BLHA=28.78677028,113.48699418,119.838,221.400685
POINT0.MATRIX0=-0.661320829,-0.750103167,-0.000000000,0.000000000,0.750103167,-0.661320829,-0.000000000,0.000000000,-0.000000000,0.000000000,1.000000000,0.000000000,-13.093726079,-0.109028015,51.999989182,1.000000000
POINT0.MATRIX1=-0.661320829,-0.750103167,-0.000000000,0.000000000,0.750103167,-0.661320829,-0.000000000,0.000000000,-0.000000000,0.000000000,1.000000000,0.000000000,-13.093726079,-0.109028016,52.450001389,1.000000000
POINT0.MATRIX2=-0.661320829,-0.750103167,-0.000000000,0.000000000,0.750103167,-0.661320829,-0.000000000,0.000000000,-0.000000000,0.000000000,1.000000000,0.000000000,-13.543980946,-0.111749995,52.450001388,1.000000000
POINT0.MATRIX3=-0.661320829,-0.750103167,-0.000000000,0.000000000,0.750103167,-0.661320829,-0.000000000,0.000000000,-0.000000000,0.000000000,1.000000000,0.000000000,-13.543980946,-0.111749995,51.999989182,1.000000000
POINT1.BLHA=28.78677028,113.48699418,119.838,221.400685
POINT1.MATRIX0=-0.661320829,-0.750103167,-0.000000000,0.000000000,0.750103167,-0.661320829,-0.000000000,0.000000000,-0.000000000,0.000000000,1.000000000,0.000000000,-13.094374582,0.000964716,51.999989182,1.000000000
POINT1.MATRIX1=-0.661320829,-0.750103167,-0.000000000,0.000000000,0.750103167,-0.661320829,-0.000000000,0.000000000,-0.000000000,0.000000000,1.000000000,0.000000000,-13.094374583,0.000964715,52.450001389,1.000000000
POINT1.MATRIX2=-0.661320829,-0.750103167,-0.000000000,0.000000000,0.750103167,-0.661320829,-0.000000000,0.000000000,-0.000000000,0.000000000,1.000000000,0.000000000,-13.544629450,-0.001757264,52.450001389,1.000000000
POINT1.MATRIX3=-0.661320829,-0.750103167,-0.000000000,0.000000000,0.750103167,-0.661320829,-0.000000000,0.000000000,-0.000000000,0.000000000,1.000000000,0.000000000,-13.544629450,-0.001757264,51.999989182,1.000000000
