OBJECTMODELPOINTER=33777c94-e4b9-4947-906f-f84480f3cb99.dev
BASEFAMILY=263df8ed-7be0-487c-8e9c-d5927ed48bdc.fam
BLHA=28.79327466,113.49529712,200.216421,221.400685
TRANSFORMMATRIX=-0.000026940,-0.999999998,0.000063965,0.000000000,1.000000000,-0.000026940,0.000002437,0.000000000,-0.000002435,0.000063964,0.999999998,0.000000000,-14.457871446,407.346558601,8.712164102,1.000000000
ENTITYNAME=Wire_Device
