OBJECTMODELPOINTER=33777c94-e4b9-4947-906f-f84480f3cb99.dev
BASEFAMILY=263e845f-2f0d-4708-b1e4-54df8cd5b38e.fam
BLHA=28.42958283,113.37956045,205.551749,428.016547
TRANSFORMMATRIX=-0.118152878,0.992995417,0.000006664,0.000000000,-0.992995417,-0.118152878,0.000001192,0.000000000,0.000001972,-0.000006475,1.000000000,0.000000000,12.500223120,-41.131600678,22.328872771,1.000000000
ENTITYNAME=Wire_Device
