OBJECTMODELPOINTER=33777c94-e4b9-4947-906f-f84480f3cb99.dev
BASEFAMILY=2640f0f3-3aad-4c3a-8e0f-e5bdd9a3aa48.fam
BLHA=28.36995278,113.36656265,67.148041,253.042546
TRANSFORMMATRIX=-0.542982536,-0.839743988,0.000006347,0.000000000,0.839743988,-0.542982536,0.000001477,0.000000000,0.000002205,0.000006132,1.000000000,0.000000000,14.130833859,38.976826118,25.438614751,1.000000000
ENTITYNAME=Wire_Device
