OBJECTMODELPOINTER=33777c94-e4b9-4947-906f-f84480f3cb99.dev
BASEFAMILY=26420cda-263b-4d06-b85b-6534cefb0887.fam
BLHA=28.28033977,113.46346380,83.899072,326.450928
TRANSFORMMATRIX=-0.241014643,-0.970521478,0.000050309,0.000000000,0.970521479,-0.241014643,0.000001414,0.000000000,0.000010753,0.000049167,0.999999999,0.000000000,67.637742451,313.171357707,68.851936131,1.000000000
ENTITYNAME=Wire_Device
