OBJECTMODELPOINTER=33777c94-e4b9-4947-906f-f84480f3cb99.dev
BASEFAMILY=2647f75d-c413-4356-b27d-f7c9550bd644.fam
BLHA=28.62257154,113.46619683,208.116407,273.436520
TRANSFORMMATRIX=0.000002298,-0.999999998,0.000066088,0.000000000,1.000000000,0.000002298,0.000000273,0.000000000,-0.000000272,0.000066088,0.999999998,0.000000000,-1.873082944,419.684394239,5.116518355,1.000000000
ENTITYNAME=Wire_Device
