OBJECTMODELPOINTER=33777c94-e4b9-4947-906f-f84480f3cb99.dev
BASEFAMILY=2650ac8a-d172-44b7-8179-78ba3eb8e4e5.fam
BLHA=28.77096466,113.47401910,153.559218,236.227775
TRANSFORMMATRIX=-0.000009509,-1.000000000,0.000028886,0.000000000,1.000000000,-0.000009509,0.000000201,0.000000000,-0.000000201,0.000028886,1.000000000,0.000000000,-0.836918890,183.727201360,12.240708594,1.000000000
ENTITYNAME=Wire_Device
