OBJECTMODELPOINTER=51d85899-b706-48ed-8889-7d64289667fc.dev
BASEFAMILY=26589024-796f-420b-aa17-ba7f1e5e20c9.fam
TRANSFORMMATRIX=-0.003366701,-0.027991218,-0.999602485,0.000000000,0.992846924,-0.119394365,0.000000701,0.000000000,-0.119345564,-0.992452428,0.028192449,0.000000000,5.500000000,0.900000000,44.000000000,1.000000000
ENTITYNAME=Tower_Device
