OBJECTMODELPOINTER=55d93c48-8f52-4078-9af7-0f4fd774272f.dev
BASEFAMILY=26658470-618b-4e10-a6c1-73fc8599e199.fam
TRANSFORMMATRIX=-0.999988093,-0.004879656,0.000000006,0.000000000,0.004879659,-0.999988096,-0.000000001,0.000000000,0.000000000,0.000000000,1.000000000,0.000000000,9.870000000,0.310000001,55.000000000,1.000000000
ENTITYNAME=Tower_Device
