OBJECTMODELPOINTER=33777c94-e4b9-4947-906f-f84480f3cb99.dev
BASEFAMILY=267db06f-08ba-4694-88d6-3eb0def25e24.fam
BLHA=28.36788990,113.36378392,64.428624,219.706007
TRANSFORMMATRIX=0.009738964,-0.999952574,0.000055251,0.000000000,0.999952575,0.009738964,-0.000001432,0.000000000,0.000000894,0.000055262,0.999999998,0.000000000,6.584530894,352.006154470,22.905697540,1.000000000
ENTITYNAME=Wire_Device
