OBJECTMODELPOINTER=33777c94-e4b9-4947-906f-f84480f3cb99.dev
BASEFAMILY=2682b68c-95c2-4519-a9c0-4ea4e7f9cdd6.fam
BLHA=28.64279778,113.46393161,145.776199,277.610658
TRANSFORMMATRIX=-0.005765678,-0.999983378,0.000025381,0.000000000,0.999983378,-0.005765678,-0.000001763,0.000000000,0.000001909,0.000025370,1.000000000,0.000000000,12.075390182,161.118633264,28.034765413,1.000000000
ENTITYNAME=Wire_Device
