OBJECTMODELPOINTER=50f39de3-ee48-4f51-b64a-8a2669e4b89c.dev
BASEFAMILY=26890d47-ae53-4718-9495-60877f01d95d.fam
TRANSFORMMATRIX=-0.999996322,0.002712307,-0.000000003,0.000000000,-0.002712310,-0.999996322,-0.000000000,0.000000000,0.000000000,-0.000000000,1.000000000,0.000000000,9.870000001,-0.310000000,55.000000000,1.000000000
ENTITYNAME=Tower_Device
