ENTITYNAME=WIRE
BASEFAMILY=268f1e78-8330-4f5e-979c-fcaeddd1aac8.fam
OBJECTMODELPOINTER=81b82497-164d-48c0-b1cb-18fa700dacdf.dev
KVALUE=0.000370
SPLIT=4
POINT0.BLHA=28.70605444,113.45451077,165.913,277.425083
POINT0.MATRIX0=-0.991614682,0.129229724,-0.000000000,0.000000000,-0.129229724,-0.991614682,0.000000000,0.000000000,-0.000000000,-0.000000000,1.000000000,0.000000000,13.544511030,0.110770248,52.000000556,1.000000000
POINT0.MATRIX1=-0.991614682,0.129229724,-0.000000000,0.000000000,-0.129229724,-0.991614682,0.000000000,0.000000000,-0.000000000,-0.000000000,1.000000000,0.000000000,13.544511030,0.110770248,52.449997504,1.000000000
POINT0.MATRIX2=-0.991614682,0.129229724,-0.000000000,0.000000000,-0.129229724,-0.991614682,0.000000000,0.000000000,-0.000000000,-0.000000000,1.000000000,0.000000000,13.094634282,0.110310087,52.449997504,1.000000000
POINT0.MATRIX3=-0.991614682,0.129229724,-0.000000000,0.000000000,-0.129229724,-0.991614682,0.000000000,0.000000000,-0.000000000,-0.000000000,1.000000000,0.000000000,13.094634282,0.110310087,52.000000556,1.000000000
POINT1.BLHA=28.70103226,113.45527961,136.731,277.425083
POINT1.MATRIX0=-0.991614682,0.129229724,0.000000000,0.000000000,-0.129229724,-0.991614682,0.000000000,0.000000000,0.000000000,-0.000000000,1.000000000,0.000000000,12.094734253,-0.110726806,42.999989659,1.000000000
POINT1.MATRIX1=-0.991614682,0.129229724,0.000000000,0.000000000,-0.129229724,-0.991614682,0.000000000,0.000000000,0.000000000,-0.000000000,1.000000000,0.000000000,12.094734253,-0.110726807,43.450001866,1.000000000
POINT1.MATRIX2=-0.991614682,0.129229724,0.000000000,0.000000000,-0.129229724,-0.991614682,0.000000000,0.000000000,0.000000000,-0.000000000,1.000000000,0.000000000,11.644615412,-0.111155418,43.450001866,1.000000000
POINT1.MATRIX3=-0.991614682,0.129229724,0.000000000,0.000000000,-0.129229724,-0.991614682,0.000000000,0.000000000,0.000000000,-0.000000000,1.000000000,0.000000000,11.644615412,-0.111155417,42.999989659,1.000000000
