OBJECTMODELPOINTER=146d895a-fdff-4646-a5ce-e15abbf3f3eb.dev
BASEFAMILY=26bb2998-969d-4ff5-a5b3-022beb3cdc22.fam
TRANSFORMMATRIX=-0.000000000,1.000000000,-0.000000000,0.000000000,-1.000000000,-0.000000000,-0.000000000,0.000000000,-0.000000000,0.000000000,1.000000000,0.000000000,5.809904601,-5.809815422,0.000000301,1.000000000
ENTITYNAME=Tower_Device
