ENTITYNAME=WIRE
BASEFAMILY=26bc4055-0508-4cc7-9912-64946d787827.fam
OBJECTMODELPOINTER=31970f28-780e-4bf1-8adb-439f78c329a3.dev
KVALUE=0.000204
SPLIT=1
POINT0.BLHA=28.81479133,113.52057006,101.431,372.952022
POINT0.MATRIX0=0.224135070,0.974558090,0.000000000,0.000000000,-0.974558090,0.224135070,-0.000000000,0.000000000,-0.000000000,0.000000000,1.000000000,0.000000000,-7.319914110,-1.539427972,44.021235305,1.000000000
POINT1.BLHA=28.81363020,113.51792493,127.560,396.804576
POINT1.MATRIX0=0.599087552,0.800683524,-0.000000000,0.000000000,-0.800683524,0.599087552,0.000000000,0.000000000,0.000000000,0.000000000,1.000000000,0.000000000,5.591740867,1.551455291,43.901441595,1.000000000
