OBJECTMODELPOINTER=33777c94-e4b9-4947-906f-f84480f3cb99.dev
BASEFAMILY=26bd8753-ddd6-4528-b849-029fbb166e0f.fam
BLHA=28.31294059,113.42646212,52.368358,335.449580
TRANSFORMMATRIX=0.000003502,-1.000000000,0.000005387,0.000000000,1.000000000,0.000003502,-0.000001119,0.000000000,0.000001118,0.000005387,1.000000000,0.000000000,7.047018906,34.342621151,34.928608240,1.000000000
ENTITYNAME=Wire_Device
