OBJECTMODELPOINTER=33777c94-e4b9-4947-906f-f84480f3cb99.dev
BASEFAMILY=26c7b977-6077-40fd-9fe7-68cd700eef2c.fam
BLHA=28.55326393,113.50869198,332.868298,304.990571
TRANSFORMMATRIX=-0.001078369,-0.999999414,0.000095260,0.000000000,0.999999419,-0.001078369,0.000000155,0.000000000,-0.000000053,0.000095260,0.999999995,0.000000000,-1.811955470,605.981969968,140.041067702,1.000000000
ENTITYNAME=Wire_Device
