OBJECTMODELPOINTER=33777c94-e4b9-4947-906f-f84480f3cb99.dev
BASEFAMILY=26c95aa5-3fcb-4a2f-85be-a644d18e2a59.fam
BLHA=28.43346852,113.38186613,283.381825,242.026912
TRANSFORMMATRIX=0.010651756,-0.999943268,0.000018085,0.000000000,0.999943268,0.010651756,-0.000001867,0.000000000,0.000001674,0.000018104,1.000000000,0.000000000,10.921465661,115.115071760,3.258462570,1.000000000
ENTITYNAME=Wire_Device
