OBJECTMODELPOINTER=33777c94-e4b9-4947-906f-f84480f3cb99.dev
BASEFAMILY=26d8ed8a-4795-47fd-9680-a76477ea0857.fam
BLHA=28.72596649,113.45194319,126.516960,450.796525
TRANSFORMMATRIX=-0.233186416,0.972432051,0.000028641,0.000000000,-0.972432052,-0.233186416,0.000001204,0.000000000,0.000007850,-0.000027571,1.000000000,0.000000000,50.117868181,-175.087153098,30.169103927,1.000000000
ENTITYNAME=Wire_Device
