OBJECTMODELPOINTER=6d44c3b4-ff0b-4547-a516-ca5648e95149.dev
BASEFAMILY=26dd149b-a080-49d0-9447-47392b81a2ce.fam
TRANSFORMMATRIX=-0.003999899,0.102533289,-0.994721437,0.000000000,-0.999240086,-0.038979961,0.000000024,0.000000000,-0.038775315,0.993965602,0.102610221,0.000000000,-7.500000000,-0.953000000,24.000000000,1.000000000
ENTITYNAME=Tower_Device
