OBJECTMODELPOINTER=33777c94-e4b9-4947-906f-f84480f3cb99.dev
BASEFAMILY=26e8b9c9-898b-45a3-b44f-e3f6896debc0.fam
BLHA=28.29509828,113.44289412,61.743516,287.794387
TRANSFORMMATRIX=0.000005712,-1.000000000,0.000027294,0.000000000,1.000000000,0.000005712,0.000001255,0.000000000,-0.000001256,0.000027293,1.000000000,0.000000000,-8.273043466,173.408152273,14.226295496,1.000000000
ENTITYNAME=Wire_Device
