OBJECTMODELPOINTER=33777c94-e4b9-4947-906f-f84480f3cb99.dev
BASEFAMILY=26eac7fc-b815-4fb3-b6b6-2311f0f1bd6a.fam
BLHA=28.50209029,113.44375287,199.020645,200.251669
TRANSFORMMATRIX=-0.005075384,-0.999987120,0.000016254,0.000000000,0.999987120,-0.005075384,0.000002200,0.000000000,-0.000002117,0.000016265,1.000000000,0.000000000,-13.278912351,103.735188043,60.181886716,1.000000000
ENTITYNAME=Wire_Device
