OBJECTMODELPOINTER=5489bf4b-5c7e-4928-bbdf-e22330d07708.dev
BASEFAMILY=26f29488-7295-40ff-9894-54afb322eca6.fam
TRANSFORMMATRIX=-0.024327544,-0.082588263,-0.996287002,0.000000000,0.959252702,-0.282548780,0.000001213,0.000000000,-0.281499345,-0.955691101,0.086096683,0.000000000,-10.000000000,1.171500000,36.000000000,1.000000000
ENTITYNAME=Tower_Device
