OBJECTMODELPOINTER=33777c94-e4b9-4947-906f-f84480f3cb99.dev
BASEFAMILY=26ff2b4b-1613-409a-bd92-f9ed32458cd3.fam
BLHA=28.77096466,113.47401910,153.559218,236.227775
TRANSFORMMATRIX=-0.000005484,-1.000000000,0.000015563,0.000000000,1.000000000,-0.000005484,0.000000110,0.000000000,-0.000000110,0.000015562,1.000000000,0.000000000,-0.462560353,98.985283438,24.091525382,1.000000000
ENTITYNAME=Wire_Device
