OBJECTMODELPOINTER=33777c94-e4b9-4947-906f-f84480f3cb99.dev
BASEFAMILY=270206ea-a18c-4e60-9326-cabf7f2be149.fam
BLHA=28.39175425,113.36683981,143.500019,249.667673
TRANSFORMMATRIX=-0.000015660,-0.999999997,0.000081741,0.000000000,1.000000000,-0.000015660,0.000000571,0.000000000,-0.000000570,0.000081742,0.999999997,0.000000000,-2.754645322,519.377221286,25.914240500,1.000000000
ENTITYNAME=Wire_Device
