ENTITYNAME=WIRE
BASEFAMILY=2704fd22-4bdd-439b-82df-85f57007720e.fam
OBJECTMODELPOINTER=81b82497-164d-48c0-b1cb-18fa700dacdf.dev
KVALUE=0.000000
SPLIT=4
POINT0.BLHA=28.67734470,113.45869625,172.237,275.673275
POINT0.MATRIX0=-0.995101789,0.098855601,0.000000000,0.000000000,-0.098855601,-0.995101789,0.000000000,0.000000000,0.000000000,-0.000000000,1.000000000,0.000000000,12.095002121,-0.601123401,40.741104521,1.000000000
POINT0.MATRIX1=-0.995101789,0.098855601,0.000000000,0.000000000,-0.098855601,-0.995101789,0.000000000,0.000000000,0.000000000,-0.000000000,1.000000000,0.000000000,12.095002121,-0.601123401,41.191101469,1.000000000
POINT0.MATRIX2=-0.995101789,0.098855601,0.000000000,0.000000000,-0.098855601,-0.995101789,0.000000000,0.000000000,0.000000000,-0.000000000,1.000000000,0.000000000,11.644950761,-0.599594564,41.191101469,1.000000000
POINT0.MATRIX3=-0.995101789,0.098855601,0.000000000,0.000000000,-0.098855601,-0.995101789,0.000000000,0.000000000,0.000000000,-0.000000000,1.000000000,0.000000000,11.644950761,-0.599594564,40.741104521,1.000000000
POINT1.BLHA=28.67734470,113.45869625,172.237,275.673275
POINT1.MATRIX0=-0.995101789,0.098855601,0.000000000,0.000000000,-0.098855601,-0.995101789,0.000000000,0.000000000,0.000000000,-0.000000000,1.000000000,0.000000000,12.095286042,-0.481123724,40.741104521,1.000000000
POINT1.MATRIX1=-0.995101789,0.098855601,0.000000000,0.000000000,-0.098855601,-0.995101789,0.000000000,0.000000000,0.000000000,-0.000000000,1.000000000,0.000000000,12.095286042,-0.481123724,41.191101470,1.000000000
POINT1.MATRIX2=-0.995101789,0.098855601,0.000000000,0.000000000,-0.098855601,-0.995101789,0.000000000,0.000000000,0.000000000,-0.000000000,1.000000000,0.000000000,11.645234668,-0.479594886,41.191101469,1.000000000
POINT1.MATRIX3=-0.995101789,0.098855601,0.000000000,0.000000000,-0.098855601,-0.995101789,0.000000000,0.000000000,0.000000000,-0.000000000,1.000000000,0.000000000,11.645234668,-0.479594887,40.741104521,1.000000000
