OBJECTMODELPOINTER=33777c94-e4b9-4947-906f-f84480f3cb99.dev
BASEFAMILY=2707212d-ae1e-49f8-a917-1314fdacca4d.fam
BLHA=28.73821142,113.45475326,97.655295,258.301958
TRANSFORMMATRIX=-0.008240429,-0.999966046,0.000051172,0.000000000,0.999966047,-0.008240429,0.000002375,0.000000000,-0.000001954,0.000051190,0.999999999,0.000000000,-12.130866094,325.127278486,57.357855461,1.000000000
ENTITYNAME=Wire_Device
