OBJECTMODELPOINTER=05ee9c47-e633-4377-93a4-d12c6f7f532c.dev
BASEFAMILY=271aecd9-906c-44cd-b556-2cef996a4696.fam
TRANSFORMMATRIX=-0.999999907,0.000432253,-0.000000000,0.000000000,-0.000432253,-0.999999907,0.000000000,0.000000000,-0.000000000,0.000000000,1.000000000,0.000000000,-11.500000000,0.000000000,79.100000000,1.000000000
ENTITYNAME=Tower_Device
