OBJECTMODELPOINTER=33777c94-e4b9-4947-906f-f84480f3cb99.dev
BASEFAMILY=271d780e-aea6-462c-8181-9ee1b967bea9.fam
BLHA=28.47508033,113.40890253,351.780005,229.813402
TRANSFORMMATRIX=-0.000012514,-0.999999999,0.000036183,0.000000000,1.000000000,-0.000012514,-0.000001820,0.000000000,0.000001821,0.000036183,0.999999999,0.000000000,12.187626217,230.304201368,38.579023768,1.000000000
ENTITYNAME=Wire_Device
