OBJECTMODELPOINTER=146d895a-fdff-4646-a5ce-e15abbf3f3eb.dev
BASEFAMILY=27365b15-b5ef-4e1a-b0f9-c0f2cd853d63.fam
TRANSFORMMATRIX=1.000000000,-0.000000000,0.000000000,0.000000000,-0.000000000,1.000000000,-0.000000000,0.000000000,-0.000000000,0.000000000,1.000000000,0.000000000,-5.810145490,-5.810379912,0.000000301,1.000000000
ENTITYNAME=Tower_Device
