ENTITYNAME=WIRE
BASEFAMILY=273874d8-c946-40ca-9caf-59187e39b102.fam
OBJECTMODELPOINTER=81b82497-164d-48c0-b1cb-18fa700dacdf.dev
KVALUE=0.000370
SPLIT=4
POINT0.BLHA=28.69273331,113.45654991,185.538,277.425083
POINT0.MATRIX0=-0.991614682,0.129229724,-0.000000000,0.000000000,-0.129229724,-0.991614682,-0.000000000,0.000000000,-0.000000000,0.000000000,1.000000000,0.000000000,0.224941642,0.109257199,31.000004810,1.000000000
POINT0.MATRIX1=-0.991614682,0.129229724,-0.000000000,0.000000000,-0.129229724,-0.991614682,-0.000000000,0.000000000,-0.000000000,0.000000000,1.000000000,0.000000000,0.224941642,0.109257199,31.450001760,1.000000000
POINT0.MATRIX2=-0.991614682,0.129229724,-0.000000000,0.000000000,-0.129229724,-0.991614682,-0.000000000,0.000000000,-0.000000000,0.000000000,1.000000000,0.000000000,-0.225177199,0.108828589,31.450001760,1.000000000
POINT0.MATRIX3=-0.991614682,0.129229724,-0.000000000,0.000000000,-0.129229724,-0.991614682,-0.000000000,0.000000000,-0.000000000,0.000000000,1.000000000,0.000000000,-0.225177199,0.108828588,31.000004811,1.000000000
POINT1.BLHA=28.68956538,113.45703476,163.838,277.425083
POINT1.MATRIX0=-0.991614682,0.129229724,0.000000000,0.000000000,-0.129229724,-0.991614682,0.000000000,0.000000000,-0.000000000,-0.000000000,1.000000000,0.000000000,0.225148539,-0.108980280,58.000004786,1.000000000
POINT1.MATRIX1=-0.991614682,0.129229724,0.000000000,0.000000000,-0.129229724,-0.991614682,0.000000000,0.000000000,-0.000000000,-0.000000000,1.000000000,0.000000000,0.225148539,-0.108980280,58.450001734,1.000000000
POINT1.MATRIX2=-0.991614682,0.129229724,0.000000000,0.000000000,-0.129229724,-0.991614682,0.000000000,0.000000000,-0.000000000,-0.000000000,1.000000000,0.000000000,-0.224970302,-0.109408890,58.450001735,1.000000000
POINT1.MATRIX3=-0.991614682,0.129229724,0.000000000,0.000000000,-0.129229724,-0.991614682,0.000000000,0.000000000,-0.000000000,-0.000000000,1.000000000,0.000000000,-0.224970302,-0.109408890,58.000004786,1.000000000
