OBJECTMODELPOINTER=33777c94-e4b9-4947-906f-f84480f3cb99.dev
BASEFAMILY=273f0cbe-feb1-4c30-915d-3983892ecafc.fam
BLHA=28.32474464,113.37442409,71.722945,330.514691
TRANSFORMMATRIX=-0.364982641,-0.931014324,-0.000000019,0.000000000,0.931014324,-0.364982641,0.000001814,0.000000000,-0.000001696,0.000000644,1.000000000,0.000000000,-10.795375835,4.130361594,36.550093661,1.000000000
ENTITYNAME=Wire_Device
