OBJECTMODELPOINTER=86d3888f-a103-4d3d-aa1f-a27e1023efad.dev
BASEFAMILY=275210ac-fc42-40eb-972c-77749ce537ff.fam
TRANSFORMMATRIX=0.000000585,1.000000067,-0.000000238,0.000000000,-0.999999933,-0.000000231,0.000001627,0.000000000,0.000000000,-0.000000000,1.000000000,0.000000000,-8.002000000,-0.000000000,57.000000000,1.000000000
ENTITYNAME=Tower_Device
