OBJECTMODELPOINTER=33777c94-e4b9-4947-906f-f84480f3cb99.dev
BASEFAMILY=276335f4-df3f-43f6-863f-9a845e4a0775.fam
BLHA=28.39913011,113.36988101,173.073049,251.836928
TRANSFORMMATRIX=-0.701419469,-0.712748714,-0.000000240,0.000000000,0.712748714,-0.701419469,-0.000001284,0.000000000,0.000000747,-0.000001071,1.000000000,0.000000000,4.752651341,-6.802841439,35.166122985,1.000000000
ENTITYNAME=Wire_Device
