OBJECTMODELPOINTER=146d895a-fdff-4646-a5ce-e15abbf3f3eb.dev
BASEFAMILY=2766604a-b3b2-4308-a4bf-877cffc38317.fam
TRANSFORMMATRIX=0.000000000,1.000000000,-0.000000000,0.000000000,-1.000000000,0.000000000,0.000000000,0.000000000,0.000000000,0.000000000,1.000000000,0.000000000,5.809923357,-5.810309652,-0.000001995,1.000000000
ENTITYNAME=Tower_Device
