OBJECTMODELPOINTER=33777c94-e4b9-4947-906f-f84480f3cb99.dev
BASEFAMILY=2770a395-aec7-44e1-99aa-364f034714fa.fam
BLHA=28.53971514,113.51008635,497.099735,255.750198
TRANSFORMMATRIX=0.010354927,-0.999946386,0.000027780,0.000000000,0.999946386,0.010354927,-0.000001849,0.000000000,0.000001561,0.000027797,1.000000000,0.000000000,10.181917619,176.595408907,-3.774136086,1.000000000
ENTITYNAME=Wire_Device
