OBJECTMODELPOINTER=33777c94-e4b9-4947-906f-f84480f3cb99.dev
BASEFAMILY=278a45f8-6e5b-4e75-9c96-c042e1dd5fe9.fam
BLHA=28.30399811,113.43961542,62.139238,477.400140
TRANSFORMMATRIX=0.380622319,0.924730583,0.000000159,0.000000000,-0.924730583,0.380622319,0.000001377,0.000000000,0.000001213,-0.000000671,1.000000000,0.000000000,7.741442436,-4.284619793,54.368271607,1.000000000
ENTITYNAME=Wire_Device
