OBJECTMODELPOINTER=33777c94-e4b9-4947-906f-f84480f3cb99.dev
BASEFAMILY=279c91dd-a59e-41b4-9b84-d2838a4ff57f.fam
BLHA=28.36295604,113.35959378,63.083646,458.145379
TRANSFORMMATRIX=0.005681479,0.999983860,0.000033545,0.000000000,-0.999983860,0.005681479,0.000000375,0.000000000,0.000000185,-0.000033547,0.999999999,0.000000000,1.333171164,-213.038919704,62.745581884,1.000000000
ENTITYNAME=Wire_Device
