OBJECTMODELPOINTER=33777c94-e4b9-4947-906f-f84480f3cb99.dev
BASEFAMILY=279f59b3-ee0e-4e46-8651-7770d82ee33a.fam
BLHA=28.78112316,113.48165670,163.744709,236.227775
TRANSFORMMATRIX=-0.000003425,-1.000000000,0.000004810,0.000000000,1.000000000,-0.000003425,-0.000001830,0.000000000,0.000001830,0.000004810,1.000000000,0.000000000,11.736221118,30.624261709,43.230651513,1.000000000
ENTITYNAME=Wire_Device
