OBJECTMODELPOINTER=33777c94-e4b9-4947-906f-f84480f3cb99.dev
BASEFAMILY=27c735ee-2cf8-48f6-babd-5af8151c4d04.fam
BLHA=28.51918695,113.48038702,399.659330,210.734491
TRANSFORMMATRIX=-0.000008041,-1.000000000,0.000017749,0.000000000,1.000000000,-0.000008041,0.000000118,0.000000000,-0.000000117,0.000017749,1.000000000,0.000000000,-0.489883341,113.143620862,11.987177971,1.000000000
ENTITYNAME=Wire_Device
