OBJECTMODELPOINTER=0e312739-8609-4a3d-966c-75d05d59356d.dev
BASEFAMILY=27d173d0-1bf3-4313-9945-bce2931a20f2.fam
TRANSFORMMATRIX=0.000000000,1.000000000,-0.000000000,0.000000000,-1.000000000,0.000000000,-0.000000000,0.000000000,0.000000000,0.000000000,1.000000000,0.000000000,4.737153713,-4.737533541,0.000002141,1.000000000
ENTITYNAME=Tower_Device
