OBJECTMODELPOINTER=33777c94-e4b9-4947-906f-f84480f3cb99.dev
BASEFAMILY=27db2b5d-437b-48a6-b2c6-2365a3460bd0.fam
BLHA=28.39913011,113.36988101,173.073049,251.836928
TRANSFORMMATRIX=-0.055680615,-0.998448630,0.000037852,0.000000000,0.998448631,-0.055680615,-0.000000901,0.000000000,0.000003008,0.000037743,0.999999999,0.000000000,19.558678381,239.821506668,6.355808378,1.000000000
ENTITYNAME=Wire_Device
