OBJECTMODELPOINTER=7d562681-54d6-41fe-96ea-361b74b24f0c.dev
BASEFAMILY=27ea035b-0942-47af-af7d-8f40e9b69cfc.fam
TRANSFORMMATRIX=0.002824336,-0.999995668,0.000000862,0.000000000,0.999996357,0.002823870,-0.000001402,0.000000000,-0.000000000,0.000000000,1.000000000,0.000000000,-13.320000000,0.600000001,57.000000000,1.000000000
ENTITYNAME=Tower_Device
