OBJECTMODELPOINTER=33777c94-e4b9-4947-906f-f84480f3cb99.dev
BASEFAMILY=27eadac1-2289-4206-84bc-3dd1888228d6.fam
BLHA=28.60915768,113.46895250,187.940881,294.633001
TRANSFORMMATRIX=0.000013225,-0.999999998,0.000059227,0.000000000,1.000000000,0.000013225,0.000000145,0.000000000,-0.000000146,0.000059227,0.999999998,0.000000000,-1.670709469,376.453298119,74.967625292,1.000000000
ENTITYNAME=Wire_Device
