OBJECTMODELPOINTER=33777c94-e4b9-4947-906f-f84480f3cb99.dev
BASEFAMILY=27ef221f-ab7a-4eba-867f-4fc8bab74ce9.fam
BLHA=28.33832123,113.36372877,73.392099,278.143009
TRANSFORMMATRIX=-0.017097487,-0.999853827,0.000017485,0.000000000,0.999853827,-0.017097487,0.000002169,0.000000000,-0.000001869,0.000017520,1.000000000,0.000000000,-12.016527586,111.265626088,40.171652533,1.000000000
ENTITYNAME=Wire_Device
