OBJECTMODELPOINTER=33777c94-e4b9-4947-906f-f84480f3cb99.dev
BASEFAMILY=27fa2883-211b-43d5-a322-6aa2c01571f2.fam
BLHA=28.40337100,113.37122865,129.378598,254.006183
TRANSFORMMATRIX=-0.011878771,-0.999929445,0.000004507,0.000000000,0.999929445,-0.011878771,0.000002118,0.000000000,-0.000002064,0.000004532,1.000000000,0.000000000,-13.129342583,28.769816679,49.286696672,1.000000000
ENTITYNAME=Wire_Device
