OBJECTMODELPOINTER=3a7f10b5-650a-4078-aff6-035eb13eea33.dev
BASEFAMILY=27fa0cd2-f992-4998-a99f-a61cb6fea10a.fam
TRANSFORMMATRIX=0.001028445,0.008856462,-0.999960067,0.000000000,0.993321765,-0.115378684,0.000000246,0.000000000,-0.115372723,-0.993282248,-0.008916892,0.000000000,7.500000000,0.953000000,27.000000000,1.000000000
ENTITYNAME=Tower_Device
