OBJECTMODELPOINTER=33777c94-e4b9-4947-906f-f84480f3cb99.dev
BASEFAMILY=28069407-8699-4260-9b4c-725a8ad695cb.fam
BLHA=28.79327466,113.49529712,200.216421,221.400685
TRANSFORMMATRIX=-0.000007942,-1.000000000,0.000017600,0.000000000,1.000000000,-0.000007942,0.000002120,0.000000000,-0.000002119,0.000017600,1.000000000,0.000000000,-13.205596192,112.061369110,21.484555274,1.000000000
ENTITYNAME=Wire_Device
