OBJECTMODELPOINTER=6f8a0549-52dc-45af-9002-9bc99a5f5687.dev
BASEFAMILY=280f5a8f-1e91-4f49-a5bf-33785cd0720d.fam
TRANSFORMMATRIX=1.000000000,0.000000000,-0.000000000,0.000000000,-0.000000000,1.000000000,-0.000000000,0.000000000,-0.000000000,-0.000000000,1.000000000,0.000000000,-6.198447357,-6.199681688,0.000006062,1.000000000
ENTITYNAME=Tower_Device
