ENTITYNAME=WIRE
BASEFAMILY=2811138c-97b3-4a13-9d61-c2e2ddd47b2a.fam
OBJECTMODELPOINTER=81b82497-164d-48c0-b1cb-18fa700dacdf.dev
KVALUE=0.078334
SPLIT=4
POINT0.BLHA=28.38255325,113.36304670,117.224,441.473487
POINT0.MATRIX0=0.988947360,0.148267054,-0.000000000,0.000000000,-0.148267054,0.988947360,0.000000000,0.000000000,0.000000000,0.000000000,1.000000000,0.000000000,-11.724867450,-0.000068086,19.790005019,1.000000000
POINT0.MATRIX1=0.988947360,0.148267054,-0.000000000,0.000000000,-0.148267054,0.988947360,0.000000000,0.000000000,0.000000000,0.000000000,1.000000000,0.000000000,-11.724867450,-0.000068086,20.240005007,1.000000000
POINT0.MATRIX2=0.988947360,0.148267054,-0.000000000,0.000000000,-0.148267054,0.988947360,0.000000000,0.000000000,0.000000000,0.000000000,1.000000000,0.000000000,-11.274867508,-0.000067927,20.240005007,1.000000000
POINT0.MATRIX3=0.988947360,0.148267054,-0.000000000,0.000000000,-0.148267054,0.988947360,0.000000000,0.000000000,0.000000000,0.000000000,1.000000000,0.000000000,-11.274867507,-0.000067927,19.790005019,1.000000000
POINT1.BLHA=28.38255325,113.36304670,117.224,441.473487
POINT1.MATRIX0=0.988947360,0.148267054,-0.000000000,0.000000000,-0.148267054,0.988947360,0.000000000,0.000000000,0.000000000,0.000000000,1.000000000,0.000000000,-8.368548829,-9.958528884,22.503819933,1.000000000
POINT1.MATRIX1=0.988947360,0.148267054,-0.000000000,0.000000000,-0.148267054,0.988947360,0.000000000,0.000000000,0.000000000,0.000000000,1.000000000,0.000000000,-8.238197747,-10.752773012,22.914439192,1.000000000
POINT1.MATRIX2=0.988947360,0.148267054,-0.000000000,0.000000000,-0.148267054,0.988947360,0.000000000,0.000000000,0.000000000,0.000000000,1.000000000,0.000000000,-7.748067769,-10.649666409,22.914439192,1.000000000
POINT1.MATRIX3=0.988947360,0.148267054,-0.000000000,0.000000000,-0.148267054,0.988947360,0.000000000,0.000000000,0.000000000,0.000000000,1.000000000,0.000000000,-7.879674323,-9.853635553,22.504109849,1.000000000
