OBJECTMODELPOINTER=33777c94-e4b9-4947-906f-f84480f3cb99.dev
BASEFAMILY=281fa96a-41c1-4b18-bc29-dbb30a7fa240.fam
BLHA=28.32474464,113.37442409,71.722945,330.514691
TRANSFORMMATRIX=-0.332917525,-0.942955948,0.000036635,0.000000000,0.942955949,-0.332917525,0.000001391,0.000000000,0.000010885,0.000035008,0.999999999,0.000000000,68.704635880,223.022863428,58.365611305,1.000000000
ENTITYNAME=Wire_Device
