OBJECTMODELPOINTER=33777c94-e4b9-4947-906f-f84480f3cb99.dev
BASEFAMILY=281ffc9f-dbb7-4c03-89de-672c9470ead2.fam
BLHA=28.43346852,113.38186613,283.381825,242.026912
TRANSFORMMATRIX=0.002483314,-0.999996916,0.000026954,0.000000000,0.999996917,0.002483314,0.000000200,0.000000000,-0.000000267,0.000026953,1.000000000,0.000000000,-1.332347325,171.348156123,-8.733456760,1.000000000
ENTITYNAME=Wire_Device
