OBJECTMODELPOINTER=33777c94-e4b9-4947-906f-f84480f3cb99.dev
BASEFAMILY=28239178-1b06-4123-88aa-8ed21892e3dd.fam
BLHA=28.56928949,113.49371034,236.536103,312.996987
TRANSFORMMATRIX=0.000024664,-0.999999998,0.000065617,0.000000000,1.000000000,0.000024665,0.000000106,0.000000000,-0.000000108,0.000065617,0.999999998,0.000000000,-1.765004403,417.696022724,39.231905893,1.000000000
ENTITYNAME=Wire_Device
