OBJECTMODELPOINTER=146d895a-fdff-4646-a5ce-e15abbf3f3eb.dev
BASEFAMILY=28316f68-2471-42a3-ae0d-a83e0ea6e510.fam
TRANSFORMMATRIX=-1.000000000,0.000000000,-0.000000000,0.000000000,-0.000000000,-1.000000000,0.000000000,0.000000000,0.000000000,-0.000000000,1.000000000,0.000000000,5.809770573,5.809746000,-0.000002537,1.000000000
ENTITYNAME=Tower_Device
