OBJECTMODELPOINTER=6cd40041-3e3f-4456-b657-6463e33f6677.dev
BASEFAMILY=2840938b-31bb-49d6-8ddb-b9942baf8c79.fam
TRANSFORMMATRIX=-0.036546418,0.253025214,-0.966769317,0.000000000,0.989729319,0.142953010,0.000000947,0.000000000,0.138201523,-0.956840129,-0.255650750,0.000000000,13.500000000,0.001999999,34.000000000,1.000000000
ENTITYNAME=Tower_Device
