OBJECTMODELPOINTER=33777c94-e4b9-4947-906f-f84480f3cb99.dev
BASEFAMILY=284f5386-9d46-4498-8305-a5adcd4c4180.fam
BLHA=28.77883021,113.47993260,194.739259,236.227775
TRANSFORMMATRIX=-0.000013021,-0.999999999,0.000049273,0.000000000,1.000000000,-0.000013021,0.000000337,0.000000000,-0.000000336,0.000049274,0.999999999,0.000000000,-1.395067413,313.401756115,35.620976042,1.000000000
ENTITYNAME=Wire_Device
