ENTITYNAME=WIRE
BASEFAMILY=285756fd-3684-4269-8b86-d973c4c5ee8b.fam
OBJECTMODELPOINTER=81b82497-164d-48c0-b1cb-18fa700dacdf.dev
KVALUE=0.000369
SPLIT=4
POINT0.BLHA=28.43346852,113.38186613,283.382,242.026912
POINT0.MATRIX0=-0.883168008,-0.469056788,0.000000000,0.000000000,0.469056788,-0.883168008,0.000000000,0.000000000,0.000000000,0.000000000,1.000000000,0.000000000,-12.506418269,0.721904228,40.741098780,1.000000000
POINT0.MATRIX1=-0.883168008,-0.469056788,0.000000000,0.000000000,0.469056788,-0.883168008,0.000000000,0.000000000,0.000000000,0.000000000,1.000000000,0.000000000,-12.506418269,0.721904229,41.191103358,1.000000000
POINT0.MATRIX2=-0.883168008,-0.469056788,0.000000000,0.000000000,0.469056788,-0.883168008,0.000000000,0.000000000,0.000000000,0.000000000,1.000000000,0.000000000,-12.956277404,0.717399728,41.191103359,1.000000000
POINT0.MATRIX3=-0.883168008,-0.469056788,0.000000000,0.000000000,0.469056788,-0.883168008,0.000000000,0.000000000,0.000000000,0.000000000,1.000000000,0.000000000,-12.956277404,0.717399728,40.741098780,1.000000000
POINT1.BLHA=28.42958283,113.37956045,205.552,428.016547
POINT1.MATRIX0=0.927292005,0.374338801,0.000000000,0.000000000,-0.374338801,0.927292005,0.000000000,0.000000000,-0.000000000,0.000000000,1.000000000,0.000000000,8.247750962,9.561983186,26.852007071,1.000000000
POINT1.MATRIX1=0.927292005,0.374338801,0.000000000,0.000000000,-0.374338801,0.927292005,0.000000000,0.000000000,-0.000000000,0.000000000,1.000000000,0.000000000,8.334954413,10.311211052,27.308763663,1.000000000
POINT1.MATRIX2=0.927292005,0.374338801,0.000000000,0.000000000,-0.374338801,0.927292005,0.000000000,0.000000000,-0.000000000,0.000000000,1.000000000,0.000000000,8.831566486,10.253670769,27.308756034,1.000000000
POINT1.MATRIX3=0.927292005,0.374338801,0.000000000,0.000000000,-0.374338801,0.927292005,0.000000000,0.000000000,-0.000000000,0.000000000,1.000000000,0.000000000,8.743910255,9.504260119,26.851999442,1.000000000
