OBJECTMODELPOINTER=33777c94-e4b9-4947-906f-f84480f3cb99.dev
BASEFAMILY=285bfe98-f773-43a0-a98f-9d5c8f74cbdf.fam
BLHA=28.30399811,113.43961542,62.139238,477.400140
TRANSFORMMATRIX=0.170944349,0.985280684,0.000054526,0.000000000,-0.985280686,0.170944349,0.000001591,0.000000000,-0.000007753,-0.000053995,0.999999998,0.000000000,-48.704857077,-343.136522827,42.648802342,1.000000000
ENTITYNAME=Wire_Device
