OBJECTMODELPOINTER=33777c94-e4b9-4947-906f-f84480f3cb99.dev
BASEFAMILY=2862d0b3-ca72-4b6e-96a0-52bc7285ca1c.fam
BLHA=28.50118026,113.44100017,250.748283,200.251669
TRANSFORMMATRIX=-0.000006916,-1.000000000,0.000015845,0.000000000,1.000000000,-0.000006916,0.000000105,0.000000000,-0.000000105,0.000015845,1.000000000,0.000000000,-0.495790520,101.079593870,25.324034011,1.000000000
ENTITYNAME=Wire_Device
