OBJECTMODELPOINTER=33777c94-e4b9-4947-906f-f84480f3cb99.dev
BASEFAMILY=2866d494-c1a9-41c3-80c0-6daf283c1eed.fam
BLHA=28.48504373,113.41833342,235.006355,407.385386
TRANSFORMMATRIX=0.000014935,1.000000000,-0.000000078,0.000000000,-1.000000000,0.000014935,0.000001177,0.000000000,0.000001177,0.000000078,1.000000000,0.000000000,7.497760472,0.516668809,37.434817601,1.000000000
ENTITYNAME=Wire_Device
