OBJECTMODELPOINTER=7deffe6f-e72c-4b1c-9e24-5db85b250274.dev
BASEFAMILY=287be15c-2da7-4356-a79e-f05c1ca9be6a.fam
TRANSFORMMATRIX=-0.999967318,-0.008084551,0.000000009,0.000000000,0.008084556,-0.999967321,-0.000000002,0.000000000,0.000000000,0.000000000,1.000000000,0.000000000,9.870000000,-0.310000000,55.000000000,1.000000000
ENTITYNAME=Tower_Device
