OBJECTMODELPOINTER=33777c94-e4b9-4947-906f-f84480f3cb99.dev
BASEFAMILY=287d0734-9ab3-4add-b259-b184693968fc.fam
BLHA=28.64054809,113.46428400,121.846877,277.610658
TRANSFORMMATRIX=-0.002762332,-0.999996182,0.000075891,0.000000000,0.999996185,-0.002762331,0.000002374,0.000000000,-0.000002165,0.000075896,0.999999997,0.000000000,-14.145515860,482.018081314,55.787723252,1.000000000
ENTITYNAME=Wire_Device
