OBJECTMODELPOINTER=33777c94-e4b9-4947-906f-f84480f3cb99.dev
BASEFAMILY=288b25fc-dd36-47b4-a327-58f22bca8af4.fam
BLHA=28.29096601,113.44441625,53.539724,287.794387
TRANSFORMMATRIX=0.002457842,-0.999996979,0.000026256,0.000000000,0.999996980,0.002457842,0.000001134,0.000000000,-0.000001199,0.000026253,1.000000000,0.000000000,-7.902410338,166.795208120,54.962155678,1.000000000
ENTITYNAME=Wire_Device
