OBJECTMODELPOINTER=8d6725a7-9ec5-4fe7-9a66-47e0357e2662.dev
BASEFAMILY=289268c4-0d85-4541-8da9-d0fc111dba4e.fam
TRANSFORMMATRIX=-0.000000168,1.000000197,0.000001616,0.000000000,-0.999999803,0.000000570,-0.000000293,0.000000000,0.000000000,-0.000000000,1.000000000,0.000000000,7.500000000,4.000000001,43.000000000,1.000000000
ENTITYNAME=Tower_Device
