OBJECTMODELPOINTER=33777c94-e4b9-4947-906f-f84480f3cb99.dev
BASEFAMILY=28994b2a-176d-41d5-9509-f9faffaab673.fam
BLHA=28.81363020,113.51792493,127.559863,396.804576
TRANSFORMMATRIX=-0.175078889,0.984554407,0.000048504,0.000000000,-0.984554408,-0.175078890,-0.000000940,0.000000000,0.000007566,-0.000047920,0.999999999,0.000000000,47.382232750,-305.199965069,31.150057880,1.000000000
ENTITYNAME=Wire_Device
