OBJECTMODELPOINTER=33777c94-e4b9-4947-906f-f84480f3cb99.dev
BASEFAMILY=289c0019-8794-4d48-8aca-69baf1ab2a68.fam
BLHA=28.31925198,113.37995663,64.126344,500.343289
TRANSFORMMATRIX=-0.158630629,0.987337998,0.000037459,0.000000000,-0.987337999,-0.158630629,-0.000001623,0.000000000,0.000004340,-0.000037242,0.999999999,0.000000000,28.220649511,-237.289843225,49.791321161,1.000000000
ENTITYNAME=Wire_Device
