ENTITYNAME=WIRE
BASEFAMILY=28a5f14c-ee40-4cee-ba5b-648c51a21451.fam
OBJECTMODELPOINTER=81b82497-164d-48c0-b1cb-18fa700dacdf.dev
KVALUE=0.216272
SPLIT=4
POINT0.BLHA=28.56112925,113.50240150,222.763,308.993779
POINT0.MATRIX0=-0.777214288,0.629236005,0.000000000,0.000000000,-0.629236005,-0.777214288,-0.000000000,0.000000000,0.000000000,0.000000000,1.000000000,0.000000000,-9.733774183,-10.087636666,29.266353203,1.000000000
POINT0.MATRIX1=-0.777214288,0.629236005,0.000000000,0.000000000,-0.629236005,-0.777214288,-0.000000000,0.000000000,0.000000000,0.000000000,1.000000000,0.000000000,-9.235172489,-10.056875078,29.266337943,1.000000000
POINT0.MATRIX2=-0.777214288,0.629236005,0.000000000,0.000000000,-0.629236005,-0.777214288,-0.000000000,0.000000000,0.000000000,0.000000000,1.000000000,0.000000000,-9.248142025,-9.268200341,28.823938442,1.000000000
POINT0.MATRIX3=-0.777214288,0.629236005,0.000000000,0.000000000,-0.629236005,-0.777214288,-0.000000000,0.000000000,0.000000000,0.000000000,1.000000000,0.000000000,-9.747430463,-9.299034184,28.823923182,1.000000000
POINT1.BLHA=28.56112925,113.50240150,222.763,308.993779
POINT1.MATRIX0=-0.777214288,0.629236005,0.000000000,0.000000000,-0.629236005,-0.777214288,-0.000000000,0.000000000,0.000000000,0.000000000,1.000000000,0.000000000,-6.167962390,-12.581052373,26.240002466,1.000000000
POINT1.MATRIX1=-0.777214288,0.629236005,0.000000000,0.000000000,-0.629236005,-0.777214288,-0.000000000,0.000000000,0.000000000,0.000000000,1.000000000,0.000000000,-5.717962429,-12.581052477,26.240002466,1.000000000
POINT1.MATRIX2=-0.777214288,0.629236005,0.000000000,0.000000000,-0.629236005,-0.777214288,-0.000000000,0.000000000,0.000000000,0.000000000,1.000000000,0.000000000,-5.717962429,-12.581052478,25.790002478,1.000000000
POINT1.MATRIX3=-0.777214288,0.629236005,0.000000000,0.000000000,-0.629236005,-0.777214288,-0.000000000,0.000000000,0.000000000,0.000000000,1.000000000,0.000000000,-6.167962390,-12.581052373,25.790002478,1.000000000
