OBJECTMODELPOINTER=041949b1-6b88-41cc-9f5b-50ce0b482364.dev
BASEFAMILY=28b1ec1e-527a-4a2a-918d-ef33e97b1a6a.fam
TRANSFORMMATRIX=0.000000253,1.000000416,-0.000001271,0.000000000,-0.999999584,0.000000311,0.000001040,0.000000000,0.000000000,-0.000000000,1.000000000,0.000000000,0.000000000,-0.000000000,63.000000000,1.000000000
ENTITYNAME=Tower_Device
