OBJECTMODELPOINTER=33777c94-e4b9-4947-906f-f84480f3cb99.dev
BASEFAMILY=28b26742-69e0-4c41-9ab4-8ea248a75d6a.fam
BLHA=28.28033977,113.46346380,83.899072,326.450928
TRANSFORMMATRIX=-0.236513860,-0.971628113,0.000059452,0.000000000,0.971628115,-0.236513861,-0.000001555,0.000000000,0.000015572,0.000057398,0.999999998,0.000000000,98.162396660,365.553491666,65.896377745,1.000000000
ENTITYNAME=Wire_Device
