OBJECTMODELPOINTER=33777c94-e4b9-4947-906f-f84480f3cb99.dev
BASEFAMILY=28bab0d8-f5cb-44eb-a0aa-e959d668d463.fam
BLHA=28.38706938,113.36490839,130.458199,249.667673
TRANSFORMMATRIX=-0.000004195,-1.000000000,0.000014937,0.000000000,1.000000000,-0.000004195,0.000000108,0.000000000,-0.000000108,0.000014937,1.000000000,0.000000000,-0.525621815,94.908860647,37.955341988,1.000000000
ENTITYNAME=Wire_Device
