OBJECTMODELPOINTER=8c277a29-1f0b-4f58-99d1-7b0e9e5e79b4.dev
BASEFAMILY=28bcc502-9ecb-4c2b-840b-fe4d6a6f3300.fam
TRANSFORMMATRIX=0.903743347,-0.075565926,-0.421352315,0.000000000,0.426403166,0.072008303,0.901662423,0.000000000,-0.037793627,-0.994537405,0.097298471,0.000000000,1.384939759,1.384939759,37.000000000,1.000000000
ENTITYNAME=Tower_Device
