OBJECTMODELPOINTER=33777c94-e4b9-4947-906f-f84480f3cb99.dev
BASEFAMILY=28c507be-8607-442b-b007-4fd53a54b36b.fam
BLHA=28.28240757,113.45687165,86.867380,340.232800
TRANSFORMMATRIX=0.002227567,-0.999997519,0.000017051,0.000000000,0.999997519,0.002227567,0.000001539,0.000000000,-0.000001577,0.000017048,1.000000000,0.000000000,-10.203802993,108.770905594,47.566248425,1.000000000
ENTITYNAME=Wire_Device
