OBJECTMODELPOINTER=5ed250cd-4909-4bfa-bdf5-291b367206bf.dev
BASEFAMILY=28c6fbc8-0088-44fb-b792-d860226fffd6.fam
TRANSFORMMATRIX=-0.037260786,-0.099123021,-0.994377550,0.000000000,0.936053964,-0.351855832,0.000001170,0.000000000,-0.349877231,-0.930791166,0.105894894,0.000000000,5.000000000,0.900000000,44.000000000,1.000000000
ENTITYNAME=Tower_Device
