OBJECTMODELPOINTER=33777c94-e4b9-4947-906f-f84480f3cb99.dev
BASEFAMILY=28d4af47-f04a-4ac8-a6dd-63c0a80bf66b.fam
BLHA=28.33832123,113.36372877,73.392099,278.143009
TRANSFORMMATRIX=0.003159408,-0.999995009,0.000027322,0.000000000,0.999995009,0.003159408,0.000000127,0.000000000,-0.000000213,0.000027322,1.000000000,0.000000000,-1.487876036,173.509457418,37.385989072,1.000000000
ENTITYNAME=Wire_Device
