OBJECTMODELPOINTER=33777c94-e4b9-4947-906f-f84480f3cb99.dev
BASEFAMILY=28d8bb86-6ef1-453d-99ad-af1dcddc66e3.fam
BLHA=28.31566161,113.38686189,71.437616,329.270898
TRANSFORMMATRIX=0.000547792,-0.999999850,0.000005122,0.000000000,0.999999850,0.000547792,0.000001072,0.000000000,-0.000001075,0.000005121,1.000000000,0.000000000,-6.910872328,32.658653851,59.442112528,1.000000000
ENTITYNAME=Wire_Device
