OBJECTMODELPOINTER=91740213-5174-42bf-b1e9-93dc016eb9ee.dev
BASEFAMILY=28da9585-42ba-4d07-a626-d128a1041d55.fam
TRANSFORMMATRIX=0.000913895,0.999999383,-0.000001563,0.000000000,-0.999999781,0.000914628,-0.000000506,0.000000000,-0.000000000,-0.000000000,1.000000000,0.000000000,-12.730000000,-0.000000000,33.000000000,1.000000000
ENTITYNAME=Tower_Device
