OBJECTMODELPOINTER=33777c94-e4b9-4947-906f-f84480f3cb99.dev
BASEFAMILY=28ddd6fa-4856-44ed-a2a3-5eb5e2922d2c.fam
BLHA=28.69273331,113.45654991,185.538391,277.425083
TRANSFORMMATRIX=-0.004096233,-0.999991610,0.000005610,0.000000000,0.999991610,-0.004096233,-0.000001838,0.000000000,0.000001861,0.000005603,1.000000000,0.000000000,11.853017450,35.572432272,27.567609140,1.000000000
ENTITYNAME=Wire_Device
