OBJECTMODELPOINTER=096be80f-8554-4604-8a78-5ce26c9226b5.dev
BASEFAMILY=28e0d5b4-91f6-403b-94f0-d1066bdef559.fam
TRANSFORMMATRIX=0.000000177,1.000000241,-0.000001594,0.000000000,-0.999999759,0.000000850,0.000000402,0.000000000,-0.000000000,-0.000000000,1.000000000,0.000000000,-8.002000000,-0.000000000,50.999999999,1.000000000
ENTITYNAME=Tower_Device
