OBJECTMODELPOINTER=33777c94-e4b9-4947-906f-f84480f3cb99.dev
BASEFAMILY=28ea9bf4-7def-4ec8-a962-3a28ca7d3758.fam
BLHA=28.45855791,113.39675815,237.532667,242.026912
TRANSFORMMATRIX=-0.004362472,-0.999990484,0.000016853,0.000000000,0.999990484,-0.004362472,0.000002211,0.000000000,-0.000002137,0.000016863,1.000000000,0.000000000,-13.394069246,107.175778062,49.218114139,1.000000000
ENTITYNAME=Wire_Device
