OBJECTMODELPOINTER=33777c94-e4b9-4947-906f-f84480f3cb99.dev
BASEFAMILY=28eaac10-b24d-4ae3-8ec8-8e6713fc9454.fam
BLHA=28.31529425,113.41760444,47.126172,0.896163
TRANSFORMMATRIX=-0.004766073,-0.999988642,0.000005025,0.000000000,0.999988642,-0.004766073,-0.000001111,0.000000000,0.000001134,0.000005021,1.000000000,0.000000000,7.207662686,32.042371047,29.019840253,1.000000000
ENTITYNAME=Wire_Device
