OBJECTMODELPOINTER=6d896631-24c4-4d67-a2d9-d93dd7b2ef89.dev
BASEFAMILY=28ed2344-64c2-4724-8da7-7008958963f2.fam
TRANSFORMMATRIX=-0.005944891,0.999981962,-0.000000749,0.000000000,-0.999982694,-0.005945289,-0.000001457,0.000000000,-0.000000000,-0.000000000,1.000000000,0.000000000,11.870000000,-0.000000000,48.000000000,1.000000000
ENTITYNAME=Tower_Device
