OBJECTMODELPOINTER=33777c94-e4b9-4947-906f-f84480f3cb99.dev
BASEFAMILY=28fafa6d-958d-4739-829f-4d41f78028e4.fam
BLHA=28.31515909,113.41015274,70.673124,0.896163
TRANSFORMMATRIX=0.000000566,-1.000000000,0.000005030,0.000000000,1.000000000,0.000000566,-0.000001425,0.000000000,0.000001424,0.000005030,1.000000000,0.000000000,9.052193275,32.106117087,42.239770868,1.000000000
ENTITYNAME=Wire_Device
