OBJECTMODELPOINTER=33777c94-e4b9-4947-906f-f84480f3cb99.dev
BASEFAMILY=28fd1f50-3711-42c8-aa97-805e46133f8d.fam
BLHA=28.79669223,113.49966037,193.055862,221.400685
TRANSFORMMATRIX=-0.000013247,-0.999999999,0.000039381,0.000000000,1.000000000,-0.000013247,0.000002267,0.000000000,-0.000002267,0.000039382,0.999999999,0.000000000,-13.784478856,250.779673264,16.850324610,1.000000000
ENTITYNAME=Wire_Device
