OBJECTMODELPOINTER=33777c94-e4b9-4947-906f-f84480f3cb99.dev
BASEFAMILY=29077d2c-715a-4985-a0b5-a9feb0c56c2a.fam
BLHA=28.79959310,113.50336431,218.110050,224.374488
TRANSFORMMATRIX=-0.049116779,-0.998793043,0.000006077,0.000000000,0.998793043,-0.049116779,-0.000000166,0.000000000,0.000000464,0.000006062,1.000000000,0.000000000,3.052476202,38.603026522,23.986251994,1.000000000
ENTITYNAME=Wire_Device
