OBJECTMODELPOINTER=33777c94-e4b9-4947-906f-f84480f3cb99.dev
BASEFAMILY=2908e3d9-c558-4f5e-9753-e9535ec7ecab.fam
BLHA=28.27407839,113.47004129,94.944746,312.669055
TRANSFORMMATRIX=-0.001715211,-0.999998528,0.000052950,0.000000000,0.999998529,-0.001715211,-0.000001353,0.000000000,0.000001444,0.000052948,0.999999999,0.000000000,8.317942507,336.995390069,25.745549458,1.000000000
ENTITYNAME=Wire_Device
