OBJECTMODELPOINTER=0e312739-8609-4a3d-966c-75d05d59356d.dev
BASEFAMILY=291285f9-b5f0-48f0-8240-cf09e863755c.fam
TRANSFORMMATRIX=0.000000000,-1.000000000,-0.000000000,0.000000000,1.000000000,0.000000000,-0.000000000,0.000000000,-0.000000000,0.000000000,1.000000000,0.000000000,-5.396866703,5.397425245,-0.000001502,1.000000000
ENTITYNAME=Tower_Device
