OBJECTMODELPOINTER=33777c94-e4b9-4947-906f-f84480f3cb99.dev
BASEFAMILY=29295f9e-4d82-4939-a994-f4e4aa7b22c4.fam
BLHA=28.27160371,113.47264060,64.950919,312.669055
TRANSFORMMATRIX=-0.005694057,-0.999983788,0.000029597,0.000000000,0.999983789,-0.005694057,-0.000001036,0.000000000,0.000001204,0.000029591,1.000000000,0.000000000,7.177195211,188.327515837,52.808845257,1.000000000
ENTITYNAME=Wire_Device
