OBJECTMODELPOINTER=33777c94-e4b9-4947-906f-f84480f3cb99.dev
BASEFAMILY=292c70f4-82d9-473a-8fb2-c7f61b17f3fb.fam
BLHA=28.68698006,113.45743042,187.111712,277.425083
TRANSFORMMATRIX=-0.010537187,-0.999944481,0.000048389,0.000000000,0.999944482,-0.010537187,0.000002049,0.000000000,-0.000001539,0.000048407,0.999999999,0.000000000,-10.028193428,307.438339297,18.890655144,1.000000000
ENTITYNAME=Wire_Device
