ENTITYNAME=WIRE
BASEFAMILY=2933341d-d081-4f50-933a-bd79e9c3c481.fam
OBJECTMODELPOINTER=81b82497-164d-48c0-b1cb-18fa700dacdf.dev
KVALUE=0.000000
SPLIT=4
POINT0.BLHA=28.34247838,113.36303113,107.751,278.143009
POINT0.MATRIX0=-0.989917611,0.141644356,-0.000000000,0.000000000,-0.141644356,-0.989917611,-0.000000000,0.000000000,0.000000000,-0.000000000,1.000000000,0.000000000,12.094609675,-0.600996372,31.741108502,1.000000000
POINT0.MATRIX1=-0.989917611,0.141644356,-0.000000000,0.000000000,-0.141644356,-0.989917611,-0.000000000,0.000000000,0.000000000,-0.000000000,1.000000000,0.000000000,12.094609674,-0.600996372,32.191105450,1.000000000
POINT0.MATRIX2=-0.989917611,0.141644356,-0.000000000,0.000000000,-0.141644356,-0.989917611,-0.000000000,0.000000000,0.000000000,-0.000000000,1.000000000,0.000000000,11.644934216,-0.599790221,32.191105450,1.000000000
POINT0.MATRIX3=-0.989917611,0.141644356,-0.000000000,0.000000000,-0.141644356,-0.989917611,-0.000000000,0.000000000,0.000000000,-0.000000000,1.000000000,0.000000000,11.644934216,-0.599790221,31.741108502,1.000000000
POINT1.BLHA=28.34247838,113.36303113,107.751,278.143009
POINT1.MATRIX0=-0.989917611,0.141644356,-0.000000000,0.000000000,-0.141644356,-0.989917611,-0.000000000,0.000000000,0.000000000,-0.000000000,1.000000000,0.000000000,12.095072261,-0.480997256,31.741108503,1.000000000
POINT1.MATRIX1=-0.989917611,0.141644356,-0.000000000,0.000000000,-0.141644356,-0.989917611,-0.000000000,0.000000000,0.000000000,-0.000000000,1.000000000,0.000000000,12.095072260,-0.480997256,32.191105451,1.000000000
POINT1.MATRIX2=-0.989917611,0.141644356,-0.000000000,0.000000000,-0.141644356,-0.989917611,-0.000000000,0.000000000,0.000000000,-0.000000000,1.000000000,0.000000000,11.645396802,-0.479791105,32.191105451,1.000000000
POINT1.MATRIX3=-0.989917611,0.141644356,-0.000000000,0.000000000,-0.141644356,-0.989917611,-0.000000000,0.000000000,0.000000000,-0.000000000,1.000000000,0.000000000,11.645396802,-0.479791105,31.741108503,1.000000000
