OBJECTMODELPOINTER=33777c94-e4b9-4947-906f-f84480f3cb99.dev
BASEFAMILY=29410097-aaa5-4dcb-af91-881b28bde0dc.fam
BLHA=28.46166988,113.39860583,270.672858,242.026912
TRANSFORMMATRIX=-0.001534026,-0.999998822,0.000046512,0.000000000,0.999998823,-0.001534027,-0.000001664,0.000000000,0.000001735,0.000046509,0.999999999,0.000000000,11.699676464,295.708284696,16.411863091,1.000000000
ENTITYNAME=Wire_Device
