OBJECTMODELPOINTER=05e5d44b-3b06-4793-928b-6f7b4497d953.dev
BASEFAMILY=29534f60-7774-464c-af82-86b849028015.fam
TRANSFORMMATRIX=-0.999999385,0.001109634,-0.000000001,0.000000000,-0.001109634,-0.999999384,0.000000001,0.000000000,0.000000000,-0.000000000,1.000000000,0.000000000,11.320000000,-0.320000000,64.000000001,1.000000000
ENTITYNAME=Tower_Device
