OBJECTMODELPOINTER=5e4be755-3128-4f8d-b00c-6ea9e5a2bbc6.dev
BASEFAMILY=29553354-be5e-4097-910a-03a74e3430b2.fam
TRANSFORMMATRIX=-0.000000022,1.000000317,-0.000001534,0.000000000,-0.999999683,0.000000523,0.000000586,0.000000000,-0.000000000,0.000000000,1.000000000,0.000000000,-0.000000000,-0.000000000,47.999999999,1.000000000
ENTITYNAME=Tower_Device
