OBJECTMODELPOINTER=0e312739-8609-4a3d-966c-75d05d59356d.dev
BASEFAMILY=296cfe13-3f8e-4c23-b8c2-31e2af789b9a.fam
TRANSFORMMATRIX=-0.000000000,-1.000000000,-0.000000000,0.000000000,1.000000000,-0.000000000,0.000000000,0.000000000,-0.000000000,-0.000000000,1.000000000,0.000000000,-4.407041208,4.407135911,-0.000003095,1.000000000
ENTITYNAME=Tower_Device
