OBJECTMODELPOINTER=6aaa3988-ddf9-4763-a833-53ecbcf259e6.dev
BASEFAMILY=2971edd1-43fe-4b5e-8257-14c3341ebf74.fam
TRANSFORMMATRIX=-0.003420906,-0.999994264,-0.000000126,0.000000000,0.999994031,-0.003421701,-0.000001636,0.000000000,-0.000000000,-0.000000000,1.000000000,0.000000000,11.870000000,-0.600000001,48.000000000,1.000000000
ENTITYNAME=Tower_Device
