OBJECTMODELPOINTER=33777c94-e4b9-4947-906f-f84480f3cb99.dev
BASEFAMILY=297a6219-cddc-4b74-9ab6-05c1943556ec.fam
BLHA=28.56112925,113.50240150,222.763342,308.993779
TRANSFORMMATRIX=0.068565290,-0.997646631,-0.000000933,0.000000000,0.997646631,0.068565290,-0.000001572,0.000000000,0.000001632,-0.000000823,1.000000000,0.000000000,10.411617072,-5.262428825,33.675131240,1.000000000
ENTITYNAME=Wire_Device
