ENTITYNAME=WIRE
BASEFAMILY=297ec219-abcd-4793-bca7-8633501edf0b.fam
OBJECTMODELPOINTER=81b82497-164d-48c0-b1cb-18fa700dacdf.dev
KVALUE=0.000369
SPLIT=4
POINT0.BLHA=28.48504373,113.41833342,235.006,407.385386
POINT0.MATRIX0=0.735924420,0.677063695,-0.000000000,0.000000000,-0.677063695,0.735924420,0.000000000,0.000000000,-0.000000000,0.000000000,1.000000000,0.000000000,7.748930691,-9.578786095,29.537330126,1.000000000
POINT0.MATRIX1=0.735924420,0.677063695,-0.000000000,0.000000000,-0.677063695,0.735924420,0.000000000,0.000000000,-0.000000000,0.000000000,1.000000000,0.000000000,7.793704937,-10.349709328,29.966243243,1.000000000
POINT0.MATRIX2=0.735924420,0.677063695,-0.000000000,0.000000000,-0.677063695,0.735924420,0.000000000,0.000000000,-0.000000000,0.000000000,1.000000000,0.000000000,8.293038161,-10.320921227,29.966243244,1.000000000
POINT0.MATRIX3=0.735924420,0.677063695,-0.000000000,0.000000000,-0.677063695,0.735924420,0.000000000,0.000000000,-0.000000000,0.000000000,1.000000000,0.000000000,8.248263914,-9.549997995,29.537345386,1.000000000
POINT1.BLHA=28.48305469,113.41645050,246.976,229.813402
POINT1.MATRIX0=-0.763946986,-0.645279012,0.000000000,0.000000000,0.645279012,-0.763946986,-0.000000000,0.000000000,0.000000000,-0.000000000,1.000000000,0.000000000,-11.646754930,-0.723522005,40.741101072,1.000000000
POINT1.MATRIX1=-0.763946986,-0.645279012,0.000000000,0.000000000,0.645279012,-0.763946986,-0.000000000,0.000000000,0.000000000,-0.000000000,1.000000000,0.000000000,-11.646754930,-0.723522005,41.191101834,1.000000000
POINT1.MATRIX2=-0.763946986,-0.645279012,0.000000000,0.000000000,0.645279012,-0.763946986,-0.000000000,0.000000000,0.000000000,-0.000000000,1.000000000,0.000000000,-12.096941569,-0.716450248,41.191101834,1.000000000
POINT1.MATRIX3=-0.763946986,-0.645279012,0.000000000,0.000000000,0.645279012,-0.763946986,-0.000000000,0.000000000,0.000000000,-0.000000000,1.000000000,0.000000000,-12.096941569,-0.716450248,40.741101072,1.000000000
