ENTITYNAME=WIRE
BASEFAMILY=297e1ef0-a778-4b08-af1f-4dd29919ef78.fam
OBJECTMODELPOINTER=81b82497-164d-48c0-b1cb-18fa700dacdf.dev
KVALUE=0.000322
SPLIT=4
POINT0.BLHA=28.26827851,113.48694026,97.360,314.005848
POINT0.MATRIX0=-0.719268901,0.694731781,-0.000000000,0.000000000,-0.694731781,-0.719268901,-0.000000000,0.000000000,-0.000000000,0.000000000,1.000000000,0.000000000,13.454954120,5.676326436,55.652914724,1.000000000
POINT0.MATRIX1=-0.719268901,0.694731781,-0.000000000,0.000000000,-0.694731781,-0.719268901,-0.000000000,0.000000000,-0.000000000,0.000000000,1.000000000,0.000000000,14.111661997,6.258534518,55.739523611,1.000000000
POINT0.MATRIX2=-0.719268901,0.694731781,-0.000000000,0.000000000,-0.694731781,-0.719268901,-0.000000000,0.000000000,-0.000000000,0.000000000,1.000000000,0.000000000,13.779867917,6.633318402,55.739523611,1.000000000
POINT0.MATRIX3=-0.719268901,0.694731781,-0.000000000,0.000000000,-0.694731781,-0.719268901,-0.000000000,0.000000000,-0.000000000,0.000000000,1.000000000,0.000000000,13.121803143,6.049705497,55.652029714,1.000000000
POINT1.BLHA=28.26762350,113.48697800,100.998,272.676960
POINT1.MATRIX0=-0.998908737,0.046704776,-0.000000000,0.000000000,-0.046704776,-0.998908737,-0.000000000,0.000000000,-0.000000000,-0.000000000,1.000000000,0.000000000,12.844958383,-8.419355681,29.396211805,1.000000000
POINT1.MATRIX1=-0.998908737,0.046704776,-0.000000000,0.000000000,-0.046704776,-0.998908737,-0.000000000,0.000000000,-0.000000000,-0.000000000,1.000000000,0.000000000,12.460625800,-8.254741501,29.669801894,1.000000000
POINT1.MATRIX2=-0.998908737,0.046704776,-0.000000000,0.000000000,-0.046704776,-0.998908737,-0.000000000,0.000000000,-0.000000000,-0.000000000,1.000000000,0.000000000,12.090735592,-9.056700385,29.632768813,1.000000000
POINT1.MATRIX3=-0.998908737,0.046704776,-0.000000000,0.000000000,-0.046704776,-0.998908737,-0.000000000,0.000000000,-0.000000000,-0.000000000,1.000000000,0.000000000,12.475555924,-9.221337371,29.359178724,1.000000000
