OBJECTMODELPOINTER=7bc82992-e960-4787-9076-9bb6666e480d.dev
BASEFAMILY=298ce81e-42a0-43b8-ac11-56a366cc0a92.fam
TRANSFORMMATRIX=0.000000225,1.000000338,0.000001505,0.000000000,-0.999999662,0.000000702,-0.000000663,0.000000000,0.000000000,0.000000000,1.000000000,0.000000000,-11.000000000,0.652000000,36.000000000,1.000000000
ENTITYNAME=Tower_Device
