OBJECTMODELPOINTER=33777c94-e4b9-4947-906f-f84480f3cb99.dev
BASEFAMILY=298cb14b-5ed1-4b38-8ea0-4c19b7389fc2.fam
BLHA=28.62257154,113.46619683,208.116407,273.436520
TRANSFORMMATRIX=0.000001478,-0.999999999,0.000042644,0.000000000,1.000000000,0.000001478,0.000000176,0.000000000,-0.000000176,0.000042644,0.999999999,0.000000000,-1.208674125,270.803131296,3.762252953,1.000000000
ENTITYNAME=Wire_Device
