ENTITYNAME=WIRE
BASEFAMILY=298d84a2-0ddb-4485-97ff-ecd1abf896df.fam
OBJECTMODELPOINTER=31970f28-780e-4bf1-8adb-439f78c329a3.dev
KVALUE=0.000241
SPLIT=1
POINT0.BLHA=28.54296028,113.51100370,560.595,255.750198
POINT0.MATRIX0=-0.969231762,-0.246149938,0.000000000,0.000000000,0.246149938,-0.969231762,0.000000000,0.000000000,-0.000000000,-0.000000000,1.000000000,0.000000000,-10.610630541,0.309914629,39.557987902,1.000000000
POINT1.BLHA=28.53971514,113.51008635,497.100,255.750198
POINT1.MATRIX0=-0.969231762,-0.246149938,-0.000000000,0.000000000,0.246149938,-0.969231762,-0.000000000,0.000000000,-0.000000000,-0.000000000,1.000000000,0.000000000,-10.608482991,-0.309925459,51.558011245,1.000000000
