ENTITYNAME=WIRE
BASEFAMILY=2994715e-76ef-4251-8828-c441f8144bc0.fam
OBJECTMODELPOINTER=81b82497-164d-48c0-b1cb-18fa700dacdf.dev
KVALUE=0.000000
SPLIT=4
POINT0.BLHA=28.38706938,113.36490839,130.458,249.667673
POINT0.MATRIX0=-0.937693038,-0.347464771,-0.000000000,0.000000000,0.347464771,-0.937693038,0.000000000,0.000000000,-0.000000000,0.000000000,1.000000000,0.000000000,0.180033814,-0.119092710,43.762688113,1.000000000
POINT0.MATRIX1=-0.937693038,-0.347464771,-0.000000000,0.000000000,0.347464771,-0.937693038,0.000000000,0.000000000,-0.000000000,0.000000000,1.000000000,0.000000000,0.217292222,-0.119866834,44.211143925,1.000000000
POINT0.MATRIX2=-0.937693038,-0.347464771,-0.000000000,0.000000000,0.347464771,-0.937693038,0.000000000,0.000000000,-0.000000000,0.000000000,1.000000000,0.000000000,-0.231214826,-0.119430015,44.248405887,1.000000000
POINT0.MATRIX3=-0.937693038,-0.347464771,-0.000000000,0.000000000,0.347464771,-0.937693038,0.000000000,0.000000000,-0.000000000,0.000000000,1.000000000,0.000000000,-0.268473233,-0.118655892,43.799965335,1.000000000
POINT1.BLHA=28.38706938,113.36490839,130.458,249.667673
POINT1.MATRIX0=-0.937693038,-0.347464771,-0.000000000,0.000000000,0.347464771,-0.937693038,0.000000000,0.000000000,-0.000000000,0.000000000,1.000000000,0.000000000,0.180034439,0.000902346,43.762688114,1.000000000
POINT1.MATRIX1=-0.937693038,-0.347464771,-0.000000000,0.000000000,0.347464771,-0.937693038,0.000000000,0.000000000,-0.000000000,0.000000000,1.000000000,0.000000000,0.217292847,0.000128222,44.211143925,1.000000000
POINT1.MATRIX2=-0.937693038,-0.347464771,-0.000000000,0.000000000,0.347464771,-0.937693038,0.000000000,0.000000000,-0.000000000,0.000000000,1.000000000,0.000000000,-0.231214200,0.000565040,44.248405887,1.000000000
POINT1.MATRIX3=-0.937693038,-0.347464771,-0.000000000,0.000000000,0.347464771,-0.937693038,0.000000000,0.000000000,-0.000000000,0.000000000,1.000000000,0.000000000,-0.268472607,0.001339164,43.799965335,1.000000000
