OBJECTMODELPOINTER=33777c94-e4b9-4947-906f-f84480f3cb99.dev
BASEFAMILY=29a37dae-0562-4bb2-99a7-e9725f729569.fam
BLHA=28.28912608,113.44509395,57.000023,477.961117
TRANSFORMMATRIX=0.392948205,0.919560606,-0.000000144,0.000000000,-0.919560606,0.392948205,-0.000001513,0.000000000,-0.000001335,0.000000728,1.000000000,0.000000000,-8.521486754,4.641598870,48.931104846,1.000000000
ENTITYNAME=Wire_Device
