OBJECTMODELPOINTER=06f05956-1627-4ae3-b0e7-71b97d1d6213.dev
BASEFAMILY=29a4368d-33fd-42e5-825a-f9ec31d8c583.fam
TRANSFORMMATRIX=0.000000225,1.000000338,0.000001505,0.000000000,-0.999999662,0.000000702,-0.000000663,0.000000000,0.000000000,0.000000000,1.000000000,0.000000000,-11.305000000,-0.000000000,47.000000000,1.000000000
ENTITYNAME=Tower_Device
