ENTITYNAME=WIRE
BASEFAMILY=29ce4230-c8e9-4e84-8fc2-14d0139df123.fam
OBJECTMODELPOINTER=31970f28-780e-4bf1-8adb-439f78c329a3.dev
KVALUE=0.000287
SPLIT=1
POINT0.BLHA=28.49878841,113.43376617,260.860,392.604520
POINT0.MATRIX0=0.538837238,0.842409895,0.000000000,0.000000000,-0.842409895,0.538837238,-0.000000000,0.000000000,0.000000000,-0.000000000,1.000000000,0.000000000,5.608029503,1.348639688,43.942798158,1.000000000
POINT1.BLHA=28.49878841,113.43376617,260.860,392.604520
POINT1.MATRIX0=0.538837238,0.842409895,0.000000000,0.000000000,-0.842409895,0.538837238,-0.000000000,0.000000000,0.000000000,-0.000000000,1.000000000,0.000000000,5.607651854,-1.350628671,44.042890389,1.000000000
