OBJECTMODELPOINTER=33777c94-e4b9-4947-906f-f84480f3cb99.dev
BASEFAMILY=29e331b3-35c3-42ff-9c67-b41c10128832.fam
BLHA=28.29768818,113.44194006,79.179744,287.794387
TRANSFORMMATRIX=-0.002222034,-0.999997531,0.000005707,0.000000000,0.999997531,-0.002222034,0.000001294,0.000000000,-0.000001282,0.000005710,1.000000000,0.000000000,-8.231575030,36.288309507,39.929006053,1.000000000
ENTITYNAME=Wire_Device
