ENTITYNAME=WIRE
BASEFAMILY=29f24a12-3079-4471-a965-b6d7229a74dc.fam
OBJECTMODELPOINTER=81b82497-164d-48c0-b1cb-18fa700dacdf.dev
KVALUE=0.000000
SPLIT=4
POINT0.BLHA=28.80679371,113.51083278,186.898,227.348291
POINT0.MATRIX0=-0.735485915,-0.677540012,0.000000000,0.000000000,0.677540012,-0.735485915,-0.000000000,0.000000000,0.000000000,-0.000000000,1.000000000,0.000000000,12.095447642,-0.110067801,42.999998569,1.000000000
POINT0.MATRIX1=-0.735485915,-0.677540012,0.000000000,0.000000000,0.677540012,-0.735485915,-0.000000000,0.000000000,0.000000000,-0.000000000,1.000000000,0.000000000,12.095447642,-0.110067801,43.449995517,1.000000000
POINT0.MATRIX2=-0.735485915,-0.677540012,0.000000000,0.000000000,0.677540012,-0.735485915,-0.000000000,0.000000000,0.000000000,-0.000000000,1.000000000,0.000000000,11.645523610,-0.110277233,43.449995517,1.000000000
POINT0.MATRIX3=-0.735485915,-0.677540012,0.000000000,0.000000000,0.677540012,-0.735485915,-0.000000000,0.000000000,0.000000000,-0.000000000,1.000000000,0.000000000,11.645523610,-0.110277233,42.999998568,1.000000000
POINT1.BLHA=28.80679371,113.51083278,186.898,227.348291
POINT1.MATRIX0=-0.735485915,-0.677540012,0.000000000,0.000000000,0.677540012,-0.735485915,-0.000000000,0.000000000,0.000000000,-0.000000000,1.000000000,0.000000000,12.095450142,-0.000067335,42.999998569,1.000000000
POINT1.MATRIX1=-0.735485915,-0.677540012,0.000000000,0.000000000,0.677540012,-0.735485915,-0.000000000,0.000000000,0.000000000,-0.000000000,1.000000000,0.000000000,12.095450142,-0.000067335,43.449995517,1.000000000
POINT1.MATRIX2=-0.735485915,-0.677540012,0.000000000,0.000000000,0.677540012,-0.735485915,-0.000000000,0.000000000,0.000000000,-0.000000000,1.000000000,0.000000000,11.645526110,-0.000276767,43.449995517,1.000000000
POINT1.MATRIX3=-0.735485915,-0.677540012,0.000000000,0.000000000,0.677540012,-0.735485915,-0.000000000,0.000000000,0.000000000,-0.000000000,1.000000000,0.000000000,11.645526110,-0.000276767,42.999998569,1.000000000
