OBJECTMODELPOINTER=18503b21-5498-40f6-b106-60c48e4f315b.dev
BASEFAMILY=29f7877b-c473-4eb6-bb8b-a4aa1bd0c131.fam
TRANSFORMMATRIX=-0.011222683,0.151088028,-0.988456246,0.000000000,-0.997253084,-0.074074256,-0.000000404,0.000000000,-0.073218243,0.985740908,0.151505611,0.000000000,-5.500000000,-0.900000000,44.000000000,1.000000000
ENTITYNAME=Tower_Device
