ENTITYNAME=WIRE
BASEFAMILY=29f9e4ee-06e0-4865-a7a6-98c950d10e63.fam
OBJECTMODELPOINTER=81b82497-164d-48c0-b1cb-18fa700dacdf.dev
KVALUE=0.097801
SPLIT=4
POINT0.BLHA=28.51174980,113.46636581,279.463,210.734491
POINT0.MATRIX0=-0.511060437,-0.859544780,-0.000000000,0.000000000,0.859544780,-0.511060437,0.000000000,0.000000000,-0.000000000,0.000000000,1.000000000,0.000000000,7.724909574,4.001051355,38.789999782,1.000000000
POINT0.MATRIX1=-0.511060437,-0.859544780,-0.000000000,0.000000000,0.859544780,-0.511060437,0.000000000,0.000000000,-0.000000000,0.000000000,1.000000000,0.000000000,7.724909574,4.001051355,39.239999830,1.000000000
POINT0.MATRIX2=-0.511060437,-0.859544780,-0.000000000,0.000000000,0.859544780,-0.511060437,0.000000000,0.000000000,-0.000000000,0.000000000,1.000000000,0.000000000,7.274909639,4.001051254,39.239999829,1.000000000
POINT0.MATRIX3=-0.511060437,-0.859544780,-0.000000000,0.000000000,0.859544780,-0.511060437,0.000000000,0.000000000,-0.000000000,0.000000000,1.000000000,0.000000000,7.274909639,4.001051254,38.789999781,1.000000000
POINT1.BLHA=28.51174980,113.46636581,279.463,210.734491
POINT1.MATRIX0=-0.511060437,-0.859544780,-0.000000000,0.000000000,0.859544780,-0.511060437,0.000000000,0.000000000,-0.000000000,0.000000000,1.000000000,0.000000000,1.162172995,9.948272772,34.764676033,1.000000000
POINT1.MATRIX1=-0.511060437,-0.859544780,-0.000000000,0.000000000,0.859544780,-0.511060437,0.000000000,0.000000000,-0.000000000,0.000000000,1.000000000,0.000000000,1.293762252,10.075958836,35.229792057,1.000000000
POINT1.MATRIX2=-0.511060437,-0.859544780,-0.000000000,0.000000000,0.859544780,-0.511060437,0.000000000,0.000000000,-0.000000000,0.000000000,1.000000000,0.000000000,1.792622894,9.322790053,35.257846444,1.000000000
POINT1.MATRIX3=-0.511060437,-0.859544780,-0.000000000,0.000000000,0.859544780,-0.511060437,0.000000000,0.000000000,-0.000000000,0.000000000,1.000000000,0.000000000,1.661033637,9.195103988,34.792730300,1.000000000
