OBJECTMODELPOINTER=33777c94-e4b9-4947-906f-f84480f3cb99.dev
BASEFAMILY=29fbe0b9-b0a8-4769-9cbb-159dccde96ad.fam
BLHA=28.53971514,113.51008635,497.099735,255.750198
TRANSFORMMATRIX=0.010352186,-0.999946414,0.000049605,0.000000000,0.999946415,0.010352185,-0.000001734,0.000000000,0.000001221,0.000049620,0.999999999,0.000000000,8.179338619,315.220777036,-21.932743866,1.000000000
ENTITYNAME=Wire_Device
