OBJECTMODELPOINTER=8e4a2f2b-1b0d-43ed-9e05-b0d658201b0b.dev
BASEFAMILY=29fdf857-d144-41e5-8d35-454857631528.fam
TRANSFORMMATRIX=-0.000000223,0.999999833,-0.000001582,0.000000000,-1.000000167,0.000000548,-0.000000438,0.000000000,-0.000000000,0.000000000,1.000000000,0.000000000,0.000000000,0.000000001,63.000000000,1.000000000
ENTITYNAME=Tower_Device
