OBJECTMODELPOINTER=33777c94-e4b9-4947-906f-f84480f3cb99.dev
BASEFAMILY=2a0f987a-c1ff-46d4-804b-18c85fe6d385.fam
BLHA=28.56112925,113.50240150,222.763342,308.993779
TRANSFORMMATRIX=-0.061095952,-0.998131896,0.000058816,0.000000000,0.998131897,-0.061095952,0.000001634,0.000000000,0.000001962,0.000058806,0.999999998,0.000000000,11.552808191,374.176676756,101.171779422,1.000000000
ENTITYNAME=Wire_Device
