OBJECTMODELPOINTER=33777c94-e4b9-4947-906f-f84480f3cb99.dev
BASEFAMILY=2a1ca17a-01e4-4c83-a88a-b7469b53c013.fam
BLHA=28.36995278,113.36656265,67.148041,253.042546
TRANSFORMMATRIX=-0.567502450,-0.823371708,0.000019367,0.000000000,0.823371708,-0.567502450,-0.000000508,0.000000000,0.000011409,0.000015658,1.000000000,0.000000000,72.938860770,99.576719436,21.514001674,1.000000000
ENTITYNAME=Wire_Device
