OBJECTMODELPOINTER=92d7e317-2592-450b-a9e6-8fbf6a511a50.dev
BASEFAMILY=2a2220c5-cd01-4d67-af31-b6b9903f6f83.fam
TRANSFORMMATRIX=-0.030430383,-0.144659511,-0.989013523,0.000000000,0.978583233,-0.205851220,0.000000722,0.000000000,-0.203588382,-0.967832386,0.147825042,0.000000000,-8.000000001,0.951000000,30.000000000,1.000000000
ENTITYNAME=Tower_Device
