OBJECTMODELPOINTER=33777c94-e4b9-4947-906f-f84480f3cb99.dev
BASEFAMILY=2a28df62-f0ec-4a7e-9ff4-21351d993cd8.fam
BLHA=28.31529425,113.41760444,47.126172,0.896163
TRANSFORMMATRIX=-0.002511641,-0.999996846,0.000015053,0.000000000,0.999996846,-0.002511641,-0.000000944,0.000000000,0.000000982,0.000015051,1.000000000,0.000000000,6.240533496,96.066629638,51.019106041,1.000000000
ENTITYNAME=Wire_Device
