OBJECTMODELPOINTER=33777c94-e4b9-4947-906f-f84480f3cb99.dev
BASEFAMILY=2a51292b-938f-4b7f-9755-7d4d8ebb4e28.fam
BLHA=28.65134658,113.46259240,159.100648,277.610658
TRANSFORMMATRIX=0.000002017,-1.000000000,0.000017848,0.000000000,1.000000000,0.000002017,0.000001928,0.000000000,-0.000001928,0.000017848,1.000000000,0.000000000,-12.379907636,113.357059899,26.512418950,1.000000000
ENTITYNAME=Wire_Device
