OBJECTMODELPOINTER=99ff5a10-746b-469d-ad48-a27230a6a384.dev
BASEFAMILY=2a52bb5c-2cf3-4952-8093-28ff28cf5662.fam
TRANSFORMMATRIX=-0.059553377,0.146613624,-0.987399593,0.000000000,-0.926484455,-0.376332885,0.000000672,0.000000000,-0.371592162,0.914809963,0.158246631,0.000000000,-8.500000000,-0.945999999,30.000000000,1.000000000
ENTITYNAME=Tower_Device
