OBJECTMODELPOINTER=33777c94-e4b9-4947-906f-f84480f3cb99.dev
BASEFAMILY=2a63f8cf-0784-44af-920b-12178a7f3974.fam
BLHA=28.30786495,113.43629033,62.969533,307.005893
TRANSFORMMATRIX=0.000006229,-1.000000000,0.000016887,0.000000000,1.000000000,0.000006229,-0.000001095,0.000000000,0.000001094,0.000016887,1.000000000,0.000000000,6.708847881,107.417983530,30.339568329,1.000000000
ENTITYNAME=Wire_Device
