OBJECTMODELPOINTER=33777c94-e4b9-4947-906f-f84480f3cb99.dev
BASEFAMILY=2a74f84d-212f-4e37-aa61-239ab05d7672.fam
BLHA=28.39913011,113.36988101,173.073049,251.836928
TRANSFORMMATRIX=0.205086461,-0.978743860,-0.000000502,0.000000000,0.978743860,0.205086461,0.000001454,0.000000000,-0.000001320,-0.000000789,1.000000000,0.000000000,-8.429488026,-5.025933274,25.172611237,1.000000000
ENTITYNAME=Wire_Device
