OBJECTMODELPOINTER=33777c94-e4b9-4947-906f-f84480f3cb99.dev
BASEFAMILY=2a7cba67-44a1-4fc5-b42f-b0130bb771c4.fam
BLHA=28.77096466,113.47401910,153.559218,236.227775
TRANSFORMMATRIX=-0.001744113,-0.999998478,0.000051099,0.000000000,0.999998479,-0.001744113,-0.000001649,0.000000000,0.000001738,0.000051096,0.999999999,0.000000000,11.855382361,325.021292269,2.537132305,1.000000000
ENTITYNAME=Wire_Device
