OBJECTMODELPOINTER=33777c94-e4b9-4947-906f-f84480f3cb99.dev
BASEFAMILY=2a7fb4c8-2866-45b3-8cd4-d52799c38e57.fam
BLHA=28.28368001,113.45281448,67.001736,340.232800
TRANSFORMMATRIX=0.000008897,-1.000000000,0.000015904,0.000000000,1.000000000,0.000008897,-0.000001089,0.000000000,0.000001089,0.000015904,1.000000000,0.000000000,6.751287133,101.444615776,32.097491261,1.000000000
ENTITYNAME=Wire_Device
