OBJECTMODELPOINTER=33777c94-e4b9-4947-906f-f84480f3cb99.dev
BASEFAMILY=2a93c358-4848-40ee-9d06-46a7fca83ee3.fam
BLHA=28.53971514,113.51008635,497.099735,255.750198
TRANSFORMMATRIX=-0.001210330,-0.999999267,0.000039803,0.000000000,0.999999268,-0.001210330,0.000000211,0.000000000,-0.000000163,0.000039802,0.999999999,0.000000000,-0.728462234,252.845162926,-12.844508428,1.000000000
ENTITYNAME=Wire_Device
