OBJECTMODELPOINTER=0e312739-8609-4a3d-966c-75d05d59356d.dev
BASEFAMILY=2a98c021-cba3-401a-8259-c958baf25427.fam
TRANSFORMMATRIX=1.000000000,0.000000000,0.000000000,0.000000000,0.000000000,1.000000000,-0.000000000,0.000000000,-0.000000000,-0.000000000,1.000000000,0.000000000,-3.746906672,-3.746361025,0.000005931,1.000000000
ENTITYNAME=Tower_Device
