OBJECTMODELPOINTER=33777c94-e4b9-4947-906f-f84480f3cb99.dev
BASEFAMILY=2aac0e9a-ac95-412f-8e80-edc52aa148da.fam
BLHA=28.31498130,113.40038482,72.539572,2.946268
TRANSFORMMATRIX=-0.028914391,-0.999581891,0.000034838,0.000000000,0.999581892,-0.028914391,-0.000001235,0.000000000,0.000002241,0.000034788,0.999999999,0.000000000,14.295178012,222.053115452,32.836191482,1.000000000
ENTITYNAME=Wire_Device
