OBJECTMODELPOINTER=33777c94-e4b9-4947-906f-f84480f3cb99.dev
BASEFAMILY=2ab0cfab-04be-44da-8730-ae6cae7e60b8.fam
BLHA=28.37691435,113.36420413,70.521818,286.379084
TRANSFORMMATRIX=-0.000054207,-0.999999997,0.000056210,0.000000000,0.999999999,-0.000054207,0.000000220,0.000000000,-0.000000217,0.000056211,0.999999998,0.000000000,-1.885658044,357.080494695,36.931941203,1.000000000
ENTITYNAME=Wire_Device
