ENTITYNAME=WIRE
BASEFAMILY=2ab225fb-36b5-46cf-8f80-357fe579aa3a.fam
OBJECTMODELPOINTER=81b82497-164d-48c0-b1cb-18fa700dacdf.dev
KVALUE=0.000000
SPLIT=4
POINT0.BLHA=28.62257154,113.46619683,208.116,273.436520
POINT0.MATRIX0=-0.998201823,0.059942640,-0.000000000,0.000000000,-0.059942640,-0.998201823,0.000000000,0.000000000,0.000000000,-0.000000000,1.000000000,0.000000000,-12.504968884,0.000649672,43.000001278,1.000000000
POINT0.MATRIX1=-0.998201823,0.059942640,-0.000000000,0.000000000,-0.059942640,-0.998201823,0.000000000,0.000000000,0.000000000,-0.000000000,1.000000000,0.000000000,-12.504968884,0.000649672,43.450005856,1.000000000
POINT0.MATRIX2=-0.998201823,0.059942640,-0.000000000,0.000000000,-0.059942640,-0.998201823,0.000000000,0.000000000,0.000000000,-0.000000000,1.000000000,0.000000000,-12.955018915,0.000282449,43.450005855,1.000000000
POINT0.MATRIX3=-0.998201823,0.059942640,-0.000000000,0.000000000,-0.059942640,-0.998201823,0.000000000,0.000000000,0.000000000,-0.000000000,1.000000000,0.000000000,-12.955018916,0.000282449,43.000001277,1.000000000
POINT1.BLHA=28.62257154,113.46619683,208.116,273.436520
POINT1.MATRIX0=-0.998201823,0.059942640,-0.000000000,0.000000000,-0.059942640,-0.998201823,0.000000000,0.000000000,0.000000000,-0.000000000,1.000000000,0.000000000,-12.504892738,0.110645145,43.000001278,1.000000000
POINT1.MATRIX1=-0.998201823,0.059942640,-0.000000000,0.000000000,-0.059942640,-0.998201823,0.000000000,0.000000000,0.000000000,-0.000000000,1.000000000,0.000000000,-12.504892738,0.110645145,43.450005856,1.000000000
POINT1.MATRIX2=-0.998201823,0.059942640,-0.000000000,0.000000000,-0.059942640,-0.998201823,0.000000000,0.000000000,0.000000000,-0.000000000,1.000000000,0.000000000,-12.954942770,0.110277922,43.450005856,1.000000000
POINT1.MATRIX3=-0.998201823,0.059942640,-0.000000000,0.000000000,-0.059942640,-0.998201823,0.000000000,0.000000000,0.000000000,-0.000000000,1.000000000,0.000000000,-12.954942770,0.110277922,43.000001278,1.000000000
