OBJECTMODELPOINTER=33777c94-e4b9-4947-906f-f84480f3cb99.dev
BASEFAMILY=2aba8da1-4b25-4ffa-8f60-18d918af5e0d.fam
BLHA=28.31534552,113.42043692,48.733934,348.172871
TRANSFORMMATRIX=-0.225229783,-0.974305673,0.000028489,0.000000000,0.974305673,-0.225229783,0.000001964,0.000000000,0.000004503,0.000028199,1.000000000,0.000000000,28.412273914,179.926654173,38.990407856,1.000000000
ENTITYNAME=Wire_Device
