OBJECTMODELPOINTER=33777c94-e4b9-4947-906f-f84480f3cb99.dev
BASEFAMILY=2ac41a59-8ec1-4bf8-b105-46ae5b8ae526.fam
BLHA=28.28492071,113.44885804,59.682173,504.180323
TRANSFORMMATRIX=-0.274287617,0.961647701,0.000038258,0.000000000,-0.961647702,-0.274287618,0.000001753,0.000000000,0.000012179,-0.000036309,0.999999999,0.000000000,78.047726736,-231.545680242,39.050124326,1.000000000
ENTITYNAME=Wire_Device
