OBJECTMODELPOINTER=33777c94-e4b9-4947-906f-f84480f3cb99.dev
BASEFAMILY=2ac87ea9-4a29-4ad0-a20f-da719540dd2b.fam
BLHA=28.26885822,113.47846971,85.176990,355.334735
TRANSFORMMATRIX=0.000031317,-0.999999998,0.000062274,0.000000000,1.000000000,0.000031317,-0.000000849,0.000000000,0.000000847,0.000062274,0.999999998,0.000000000,5.211609137,397.483421706,56.205628038,1.000000000
ENTITYNAME=Wire_Device
