OBJECTMODELPOINTER=0e312739-8609-4a3d-966c-75d05d59356d.dev
BASEFAMILY=2ad17279-3f96-4cd9-9c83-7b23636ee4f0.fam
TRANSFORMMATRIX=-1.000000000,0.000000000,-0.000000000,0.000000000,-0.000000000,-1.000000000,-0.000000000,0.000000000,0.000000000,0.000000000,1.000000000,0.000000000,4.406724455,4.407965528,0.000001838,1.000000000
ENTITYNAME=Tower_Device
