OBJECTMODELPOINTER=33777c94-e4b9-4947-906f-f84480f3cb99.dev
BASEFAMILY=2ad51b2e-8183-459e-931f-b6577ffa9d8f.fam
BLHA=28.57953661,113.48279374,260.580940,480.423303
TRANSFORMMATRIX=-0.205999126,0.978552175,0.000040835,0.000000000,-0.978552175,-0.205999127,-0.000001190,0.000000000,0.000007248,-0.000040204,0.999999999,0.000000000,46.782377961,-255.752481362,23.622550265,1.000000000
ENTITYNAME=Wire_Device
