OBJECTMODELPOINTER=33777c94-e4b9-4947-906f-f84480f3cb99.dev
BASEFAMILY=2ae9994c-d39e-4418-b1a1-941747e1486f.fam
BLHA=28.74846038,113.45710577,102.803547,427.264866
TRANSFORMMATRIX=-0.200721590,0.979648325,0.000042074,0.000000000,-0.979648326,-0.200721590,0.000001353,0.000000000,0.000009771,-0.000040945,0.999999999,0.000000000,61.842569837,-260.105639522,-7.903217225,1.000000000
ENTITYNAME=Wire_Device
