OBJECTMODELPOINTER=87bf9917-0c9d-48b1-88a2-e8405fef467f.dev
BASEFAMILY=2aecee27-777e-465b-806d-36dae51b3d3c.fam
TRANSFORMMATRIX=0.000000336,1.000000364,-0.000000928,0.000000000,-0.999999636,-0.000000060,0.000001357,0.000000000,0.000000000,-0.000000000,1.000000000,0.000000000,8.002000000,-0.000000000,57.000000001,1.000000000
ENTITYNAME=Tower_Device
