OBJECTMODELPOINTER=33777c94-e4b9-4947-906f-f84480f3cb99.dev
BASEFAMILY=2af76384-9248-4df6-93fd-495bac8db96a.fam
BLHA=28.58865070,113.47941927,287.208654,287.849619
TRANSFORMMATRIX=-0.002229141,-0.999997515,0.000040989,0.000000000,0.999997515,-0.002229142,-0.000001744,0.000000000,0.000001836,0.000040985,0.999999999,0.000000000,11.318168329,260.375458278,8.049664823,1.000000000
ENTITYNAME=Wire_Device
