OBJECTMODELPOINTER=1d42a4d4-0ec7-42da-a544-9aeb218f08f7.dev
BASEFAMILY=2af90854-8826-42b5-a886-8ba71209a795.fam
TRANSFORMMATRIX=0.000402385,0.999999844,-0.000001622,0.000000000,-0.999999993,0.000403210,-0.000000253,0.000000000,-0.000000000,0.000000000,1.000000000,0.000000000,11.870000000,-0.000000001,39.000000000,1.000000000
ENTITYNAME=Tower_Device
