OBJECTMODELPOINTER=33777c94-e4b9-4947-906f-f84480f3cb99.dev
BASEFAMILY=2b067da4-08c1-45b6-8d7b-0d6810d67226.fam
BLHA=28.30786495,113.43629033,62.969533,307.005893
TRANSFORMMATRIX=0.000006248,-1.000000000,0.000030002,0.000000000,1.000000000,0.000006248,-0.000001381,0.000000000,0.000001381,0.000030002,1.000000000,0.000000000,8.319858938,190.847977078,42.687142402,1.000000000
ENTITYNAME=Wire_Device
