OBJECTMODELPOINTER=33777c94-e4b9-4947-906f-f84480f3cb99.dev
BASEFAMILY=2b08b03c-57f6-4dc0-bdc0-6a057d6cad48.fam
BLHA=28.51918695,113.48038702,399.659330,210.734491
TRANSFORMMATRIX=-0.000039288,-0.999999996,0.000082769,0.000000000,0.999999999,-0.000039288,-0.000001315,0.000000000,0.000001318,0.000082769,0.999999996,0.000000000,9.586059175,527.650530279,0.508083039,1.000000000
ENTITYNAME=Wire_Device
