OBJECTMODELPOINTER=33777c94-e4b9-4947-906f-f84480f3cb99.dev
BASEFAMILY=2b1aeba6-a057-46d9-bf24-5a5251abe69c.fam
BLHA=28.31529425,113.41760444,47.126172,0.896163
TRANSFORMMATRIX=-0.005214792,-0.999986403,0.000026656,0.000000000,0.999986403,-0.005214792,-0.000001320,0.000000000,0.000001460,0.000026649,1.000000000,0.000000000,9.278858364,170.100781581,39.667884466,1.000000000
ENTITYNAME=Wire_Device
