OBJECTMODELPOINTER=33777c94-e4b9-4947-906f-f84480f3cb99.dev
BASEFAMILY=2b2c9cda-748d-460e-8b26-50fc0c47360c.fam
BLHA=28.80183094,113.50568524,205.477677,227.348291
TRANSFORMMATRIX=-0.004012845,-0.999991947,0.000046030,0.000000000,0.999991949,-0.004012845,0.000000314,0.000000000,-0.000000130,0.000046030,0.999999999,0.000000000,-0.071935826,293.008860759,39.110275630,1.000000000
ENTITYNAME=Wire_Device
