OBJECTMODELPOINTER=33777c94-e4b9-4947-906f-f84480f3cb99.dev
BASEFAMILY=2b36b5b6-6ec0-433c-9c37-c20129f90086.fam
BLHA=28.39632770,113.36872548,122.542167,249.667673
TRANSFORMMATRIX=0.000000128,-1.000000000,0.000005187,0.000000000,1.000000000,0.000000128,0.000002124,0.000000000,-0.000002124,0.000005188,1.000000000,0.000000000,-13.492378252,32.933921786,53.797619308,1.000000000
ENTITYNAME=Wire_Device
