OBJECTMODELPOINTER=33777c94-e4b9-4947-906f-f84480f3cb99.dev
BASEFAMILY=2b657685-6ff1-4b60-b4fa-8b8ae787ffdf.fam
BLHA=28.52451102,113.49042735,376.991440,210.734491
TRANSFORMMATRIX=-0.005809081,-0.999983127,0.000013990,0.000000000,0.999983127,-0.005809081,0.000000096,0.000000000,-0.000000014,0.000013991,1.000000000,0.000000000,0.112253958,89.185075240,19.484599967,1.000000000
ENTITYNAME=Wire_Device
