OBJECTMODELPOINTER=33777c94-e4b9-4947-906f-f84480f3cb99.dev
BASEFAMILY=2b6a61c2-80a2-4b81-94af-b8f020df6025.fam
BLHA=28.60915768,113.46895250,187.940881,294.633001
TRANSFORMMATRIX=-0.001407296,-0.999999010,0.000005264,0.000000000,0.999999010,-0.001407296,0.000002101,0.000000000,-0.000002094,0.000005266,1.000000000,0.000000000,-13.420926564,33.503769296,55.480966690,1.000000000
ENTITYNAME=Wire_Device
