OBJECTMODELPOINTER=6a66b1ee-eb6d-4e2a-a1c7-6a3403651fe6.dev
BASEFAMILY=2b6dfd9a-8ae3-487f-a43e-2d5629717760.fam
TRANSFORMMATRIX=0.004065459,-0.999991854,-0.000000133,0.000000000,0.999991621,0.004064664,-0.000001642,0.000000000,-0.000000000,0.000000000,1.000000000,0.000000000,13.320000000,-0.600000000,56.999999999,1.000000000
ENTITYNAME=Tower_Device
