OBJECTMODELPOINTER=33777c94-e4b9-4947-906f-f84480f3cb99.dev
BASEFAMILY=2b6f473b-0105-4f4a-ab4f-87b664bd4b59.fam
BLHA=28.28492071,113.44885804,59.682173,504.180323
TRANSFORMMATRIX=-0.282882852,0.959154466,0.000058189,0.000000000,-0.959154467,-0.282882852,-0.000001393,0.000000000,0.000015124,-0.000056206,0.999999998,0.000000000,97.096030356,-358.369153489,40.724571683,1.000000000
ENTITYNAME=Wire_Device
