ENTITYNAME=WIRE
BASEFAMILY=2b7560bb-e34d-4f0f-bfab-c177d8b31478.fam
OBJECTMODELPOINTER=81b82497-164d-48c0-b1cb-18fa700dacdf.dev
KVALUE=0.083282
SPLIT=4
POINT0.BLHA=28.31411764,113.38983103,66.772,527.133635
POINT0.MATRIX0=0.222677850,-0.974892084,0.000000000,0.000000000,0.974892084,0.222677850,-0.000000000,0.000000000,-0.000000000,-0.000000000,1.000000000,0.000000000,-7.455813703,8.825193628,29.044387675,1.000000000
POINT0.MATRIX1=0.222677850,-0.974892084,0.000000000,0.000000000,0.974892084,0.222677850,-0.000000000,0.000000000,-0.000000000,-0.000000000,1.000000000,0.000000000,-7.177978638,9.550224326,29.508188344,1.000000000
POINT0.MATRIX2=0.222677850,-0.974892084,0.000000000,0.000000000,0.974892084,0.222677850,-0.000000000,0.000000000,-0.000000000,-0.000000000,1.000000000,0.000000000,-6.703357190,9.393179888,29.508310414,1.000000000
POINT0.MATRIX3=0.222677850,-0.974892084,0.000000000,0.000000000,0.974892084,0.222677850,-0.000000000,0.000000000,-0.000000000,-0.000000000,1.000000000,0.000000000,-6.981192255,8.668149190,29.044387675,1.000000000
POINT1.BLHA=28.31411764,113.38983103,66.772,527.133635
POINT1.MATRIX0=0.222677850,-0.974892084,0.000000000,0.000000000,0.974892084,0.222677850,-0.000000000,0.000000000,-0.000000000,-0.000000000,1.000000000,0.000000000,-12.226224057,0.000413447,25.790010370,1.000000000
POINT1.MATRIX1=0.222677850,-0.974892084,0.000000000,0.000000000,0.974892084,0.222677850,-0.000000000,0.000000000,-0.000000000,-0.000000000,1.000000000,0.000000000,-12.226224057,0.000413447,26.240010358,1.000000000
POINT1.MATRIX2=0.222677850,-0.974892084,0.000000000,0.000000000,0.974892084,0.222677850,-0.000000000,0.000000000,-0.000000000,-0.000000000,1.000000000,0.000000000,-11.776224069,0.000413290,26.240010358,1.000000000
POINT1.MATRIX3=0.222677850,-0.974892084,0.000000000,0.000000000,0.974892084,0.222677850,-0.000000000,0.000000000,-0.000000000,-0.000000000,1.000000000,0.000000000,-11.776224069,0.000413290,25.790010370,1.000000000
