OBJECTMODELPOINTER=33777c94-e4b9-4947-906f-f84480f3cb99.dev
BASEFAMILY=2b83c69e-44ad-47f8-9128-cbdb67e6ac85.fam
BLHA=28.63586389,113.46501767,148.649697,277.610658
TRANSFORMMATRIX=-0.015692573,-0.999876864,0.000026954,0.000000000,0.999876864,-0.015692573,0.000001964,0.000000000,-0.000001540,0.000026982,1.000000000,0.000000000,-9.948905082,171.359643417,38.009587465,1.000000000
ENTITYNAME=Wire_Device
