OBJECTMODELPOINTER=33777c94-e4b9-4947-906f-f84480f3cb99.dev
BASEFAMILY=2b893d10-85a5-493c-b7df-256a2aabf5ed.fam
BLHA=28.28033977,113.46346380,83.899072,326.450928
TRANSFORMMATRIX=-0.241018755,-0.970520458,0.000038676,0.000000000,0.970520458,-0.241018755,0.000001393,0.000000000,0.000007970,0.000037871,0.999999999,0.000000000,50.109087262,241.229497712,59.846119273,1.000000000
ENTITYNAME=Wire_Device
