OBJECTMODELPOINTER=876909d6-0b0c-47c4-888a-8510a0358fb6.dev
BASEFAMILY=2b8ebf30-6abe-4524-951f-ccae4db92445.fam
TRANSFORMMATRIX=-0.999998968,0.001436967,-0.000000002,0.000000000,-0.001436968,-0.999998967,0.000000000,0.000000000,0.000000000,-0.000000000,1.000000000,0.000000000,-9.870000000,0.310000000,52.000000000,1.000000000
ENTITYNAME=Tower_Device
