OBJECTMODELPOINTER=33777c94-e4b9-4947-906f-f84480f3cb99.dev
BASEFAMILY=2baa8099-7aaa-462c-a2f8-804f1c8dfd2d.fam
BLHA=28.36075913,113.35996262,84.531423,278.143009
TRANSFORMMATRIX=0.000009172,-0.999999996,0.000084022,0.000000000,1.000000000,0.000009172,0.000000386,0.000000000,-0.000000387,0.000084021,0.999999996,0.000000000,-2.857318962,533.593894735,44.709408157,1.000000000
ENTITYNAME=Wire_Device
