OBJECTMODELPOINTER=0184b33c-3770-4a6e-b8f6-49b21a4752cb.dev
BASEFAMILY=2bbbb4dc-d315-4cf6-941b-b8caa6047848.fam
TRANSFORMMATRIX=-0.999781198,-0.020918036,0.000000023,0.000000000,0.020918051,-0.999781190,0.000000007,0.000000000,0.000000000,0.000000000,1.000000000,0.000000000,-10.610000000,0.325000000,55.000000000,1.000000000
ENTITYNAME=Tower_Device
