ENTITYNAME=WIRE
BASEFAMILY=2bc09328-f3f4-4081-917a-5611d460b4ac.fam
OBJECTMODELPOINTER=81b82497-164d-48c0-b1cb-18fa700dacdf.dev
KVALUE=0.000000
SPLIT=4
POINT0.BLHA=28.44721846,113.39002654,265.560,242.026912
POINT0.MATRIX0=-0.883168008,-0.469056788,0.000000000,0.000000000,0.469056788,-0.883168008,-0.000000000,0.000000000,-0.000000000,0.000000000,1.000000000,0.000000000,-13.095546940,-0.721506607,52.741100184,1.000000000
POINT0.MATRIX1=-0.883168008,-0.469056788,0.000000000,0.000000000,0.469056788,-0.883168008,-0.000000000,0.000000000,-0.000000000,0.000000000,1.000000000,0.000000000,-13.095546940,-0.721506608,53.191100947,1.000000000
POINT0.MATRIX2=-0.883168008,-0.469056788,0.000000000,0.000000000,0.469056788,-0.883168008,-0.000000000,0.000000000,-0.000000000,0.000000000,1.000000000,0.000000000,-13.545567048,-0.719462106,53.191100947,1.000000000
POINT0.MATRIX3=-0.883168008,-0.469056788,0.000000000,0.000000000,0.469056788,-0.883168008,-0.000000000,0.000000000,-0.000000000,0.000000000,1.000000000,0.000000000,-13.545567048,-0.719462106,52.741100184,1.000000000
POINT1.BLHA=28.44721846,113.39002654,265.560,242.026912
POINT1.MATRIX0=-0.883168008,-0.469056788,0.000000000,0.000000000,0.469056788,-0.883168008,-0.000000000,0.000000000,-0.000000000,0.000000000,1.000000000,0.000000000,-13.094960444,-0.601515020,52.741100184,1.000000000
POINT1.MATRIX1=-0.883168008,-0.469056788,0.000000000,0.000000000,0.469056788,-0.883168008,-0.000000000,0.000000000,-0.000000000,0.000000000,1.000000000,0.000000000,-13.094960444,-0.601515020,53.191100947,1.000000000
POINT1.MATRIX2=-0.883168008,-0.469056788,0.000000000,0.000000000,0.469056788,-0.883168008,-0.000000000,0.000000000,-0.000000000,0.000000000,1.000000000,0.000000000,-13.544980553,-0.599470518,53.191100947,1.000000000
POINT1.MATRIX3=-0.883168008,-0.469056788,0.000000000,0.000000000,0.469056788,-0.883168008,-0.000000000,0.000000000,-0.000000000,0.000000000,1.000000000,0.000000000,-13.544980553,-0.599470518,52.741100184,1.000000000
