OBJECTMODELPOINTER=33777c94-e4b9-4947-906f-f84480f3cb99.dev
BASEFAMILY=2be30615-5a0e-4da7-ba4f-f01acbc9a71f.fam
BLHA=28.31510010,113.40690744,78.265120,0.896163
TRANSFORMMATRIX=-0.001517808,-0.999998848,0.000004997,0.000000000,0.999998848,-0.001517808,0.000001161,0.000000000,-0.000001153,0.000004999,1.000000000,0.000000000,-7.318435977,31.903863463,66.216693340,1.000000000
ENTITYNAME=Wire_Device
