OBJECTMODELPOINTER=3c9c9a80-5be1-4b99-b77e-c6fd9a0bbd84.dev
BASEFAMILY=2bee0586-865e-450b-a594-b73edca65cbb.fam
TRANSFORMMATRIX=-0.000000307,1.000000188,-0.000001618,0.000000000,-0.999999812,0.000000443,0.000000273,0.000000000,0.000000000,-0.000000000,1.000000000,0.000000000,0.000000000,-0.000000000,47.999999999,1.000000000
ENTITYNAME=Tower_Device
