OBJECTMODELPOINTER=33777c94-e4b9-4947-906f-f84480f3cb99.dev
BASEFAMILY=2bf124f4-eb96-4c9f-b4e1-d934a85a8568.fam
BLHA=28.31402241,113.42375188,48.067305,335.449580
TRANSFORMMATRIX=0.002237591,-0.999997496,0.000029264,0.000000000,0.999997497,0.002237591,-0.000001469,0.000000000,0.000001404,0.000029267,1.000000000,0.000000000,8.554069097,186.631164747,48.521501081,1.000000000
ENTITYNAME=Wire_Device
