OBJECTMODELPOINTER=33777c94-e4b9-4947-906f-f84480f3cb99.dev
BASEFAMILY=2c06905c-e2db-4fcc-b56a-0d87209842aa.fam
BLHA=28.47322316,113.40714488,338.739938,229.813402
TRANSFORMMATRIX=-0.002320591,-0.999997307,0.000025793,0.000000000,0.999997307,-0.002320591,0.000002285,0.000000000,-0.000002226,0.000025799,1.000000000,0.000000000,-13.752424217,164.144289766,13.137963877,1.000000000
ENTITYNAME=Wire_Device
