OBJECTMODELPOINTER=33777c94-e4b9-4947-906f-f84480f3cb99.dev
BASEFAMILY=2c0dfab9-863f-4101-9dad-a51e313f8adc.fam
BLHA=28.74269478,113.45578230,73.560853,258.301958
TRANSFORMMATRIX=-0.000002708,-1.000000000,0.000017650,0.000000000,1.000000000,-0.000002708,-0.000001989,0.000000000,0.000001989,0.000017650,1.000000000,0.000000000,12.807533779,112.123663669,47.353170912,1.000000000
ENTITYNAME=Wire_Device
