OBJECTMODELPOINTER=13a78437-ad2c-452a-8fd1-0733d19ccb25.dev
BASEFAMILY=2c0e80c6-6fca-47e9-a01f-78414afdddb8.fam
TRANSFORMMATRIX=0.000000000,-1.000000000,0.000000000,0.000000000,1.000000000,0.000000000,-0.000000000,0.000000000,0.000000000,-0.000000000,1.000000000,0.000000000,-5.396984604,5.396802789,-0.000004620,1.000000000
ENTITYNAME=Tower_Device
