OBJECTMODELPOINTER=30bf121d-544b-4af4-9398-885ef78ca78f.dev
BASEFAMILY=2c2341cf-2cd2-4ab5-9be2-93d7cb60d953.fam
TRANSFORMMATRIX=-0.005024956,0.999986957,-0.000001003,0.000000000,-0.999987792,-0.005025061,-0.000001294,0.000000000,0.000000000,-0.000000000,1.000000000,0.000000000,12.730000000,0.000000000,48.000000000,1.000000000
ENTITYNAME=Tower_Device
