OBJECTMODELPOINTER=33777c94-e4b9-4947-906f-f84480f3cb99.dev
BASEFAMILY=2c251e03-f0b1-45ee-b837-1814c733a27d.fam
BLHA=28.26885822,113.47846971,85.176990,355.334735
TRANSFORMMATRIX=0.000022716,-0.999999999,0.000038931,0.000000000,1.000000000,0.000022716,-0.000001086,0.000000000,0.000001085,0.000038932,0.999999999,0.000000000,6.789251987,248.489816212,25.761121954,1.000000000
ENTITYNAME=Wire_Device
