OBJECTMODELPOINTER=4d580649-8a2d-4d17-b4f1-38d1975ca0fe.dev
BASEFAMILY=2c30abb4-c33b-43a8-b97e-454045e5cb02.fam
TRANSFORMMATRIX=-0.000447433,0.001121533,-0.999999303,0.000000000,-0.929097483,-0.369834834,-0.000000926,0.000000000,-0.369834849,0.929096728,0.001206379,0.000000000,-9.500000000,-0.734000000,59.299999999,1.000000000
ENTITYNAME=Tower_Device
