OBJECTMODELPOINTER=99be8ded-60c4-4ff8-9ee2-c22ca9e2f2ed.dev
BASEFAMILY=2c466727-98c4-48cb-bf58-e7cfd8cef036.fam
TRANSFORMMATRIX=-0.032124364,-0.173863578,-0.984245655,0.000000000,0.983354901,-0.181695105,-0.000000276,0.000000000,-0.178832003,-0.967863131,0.176805185,0.000000000,7.500000000,0.946500000,30.000000001,1.000000000
ENTITYNAME=Tower_Device
