OBJECTMODELPOINTER=33777c94-e4b9-4947-906f-f84480f3cb99.dev
BASEFAMILY=2c4f223a-b326-4190-9afd-f0a7645576ac.fam
BLHA=28.42194077,113.37713088,216.761088,254.006183
TRANSFORMMATRIX=0.001182872,-0.999999298,0.000071705,0.000000000,0.999999300,0.001182872,0.000002463,0.000000000,-0.000002548,0.000071703,0.999999997,0.000000000,-15.629797240,455.476359825,3.641539861,1.000000000
ENTITYNAME=Wire_Device
