ENTITYNAME=WIRE
BASEFAMILY=2c55fb72-5084-4a9d-ae42-248678300661.fam
OBJECTMODELPOINTER=81b82497-164d-48c0-b1cb-18fa700dacdf.dev
KVALUE=0.000000
SPLIT=4
POINT0.BLHA=28.75094621,113.45897359,113.767,236.227775
POINT0.MATRIX0=-0.831254041,-0.555892723,-0.000000000,0.000000000,0.555892723,-0.831254041,-0.000000000,0.000000000,0.000000000,0.000000000,1.000000000,0.000000000,0.181135433,-0.000891424,43.762682710,1.000000000
POINT0.MATRIX1=-0.831254041,-0.555892723,-0.000000000,0.000000000,0.555892723,-0.831254041,-0.000000000,0.000000000,0.000000000,0.000000000,1.000000000,0.000000000,0.217766459,0.000109078,44.211138522,1.000000000
POINT0.MATRIX2=-0.831254041,-0.555892723,-0.000000000,0.000000000,0.555892723,-0.831254041,-0.000000000,0.000000000,0.000000000,0.000000000,1.000000000,0.000000000,-0.230014773,-0.000939282,44.248400485,1.000000000
POINT0.MATRIX3=-0.831254041,-0.555892723,-0.000000000,0.000000000,0.555892723,-0.831254041,-0.000000000,0.000000000,0.000000000,0.000000000,1.000000000,0.000000000,-0.267731527,-0.000316241,43.799944673,1.000000000
POINT1.BLHA=28.75094621,113.45897359,113.767,236.227775
POINT1.MATRIX0=-0.831254041,-0.555892723,-0.000000000,0.000000000,0.555892723,-0.831254041,-0.000000000,0.000000000,0.000000000,0.000000000,1.000000000,0.000000000,0.181126284,0.119116266,43.762682710,1.000000000
POINT1.MATRIX1=-0.831254041,-0.555892723,-0.000000000,0.000000000,0.555892723,-0.831254041,-0.000000000,0.000000000,0.000000000,0.000000000,1.000000000,0.000000000,0.217757310,0.120116768,44.211138522,1.000000000
POINT1.MATRIX2=-0.831254041,-0.555892723,-0.000000000,0.000000000,0.555892723,-0.831254041,-0.000000000,0.000000000,0.000000000,0.000000000,1.000000000,0.000000000,-0.230023921,0.119068407,44.248400485,1.000000000
POINT1.MATRIX3=-0.831254041,-0.555892723,-0.000000000,0.000000000,0.555892723,-0.831254041,-0.000000000,0.000000000,0.000000000,0.000000000,1.000000000,0.000000000,-0.267740676,0.119691448,43.799944673,1.000000000
