OBJECTMODELPOINTER=33777c94-e4b9-4947-906f-f84480f3cb99.dev
BASEFAMILY=2c5cbdc5-ef4e-463e-a38a-391a4e375d9c.fam
BLHA=28.75355465,113.46093365,124.778931,236.227775
TRANSFORMMATRIX=-0.004185753,-0.999991240,0.000005452,0.000000000,0.999991240,-0.004185753,0.000002128,0.000000000,-0.000002105,0.000005461,1.000000000,0.000000000,-13.331756558,34.702348993,46.212114566,1.000000000
ENTITYNAME=Wire_Device
