OBJECTMODELPOINTER=33777c94-e4b9-4947-906f-f84480f3cb99.dev
BASEFAMILY=2c6efb2b-4c5b-4c60-a2d5-e1ee5a77dc63.fam
BLHA=28.74846038,113.45710577,102.803547,427.264866
TRANSFORMMATRIX=-0.183474213,0.983024523,0.000029650,0.000000000,-0.983024523,-0.183474213,-0.000001094,0.000000000,0.000004365,-0.000029346,1.000000000,0.000000000,27.497304622,-186.456781653,-2.543131630,1.000000000
ENTITYNAME=Wire_Device
