OBJECTMODELPOINTER=33777c94-e4b9-4947-906f-f84480f3cb99.dev
BASEFAMILY=2c73cd92-a721-482f-bd25-b046f936dc35.fam
BLHA=28.27757020,113.46637333,93.774105,312.669055
TRANSFORMMATRIX=-0.000909480,-0.999999586,0.000004990,0.000000000,0.999999586,-0.000909480,0.000001141,0.000000000,-0.000001137,0.000004991,1.000000000,0.000000000,-7.320303005,31.790141444,70.648824501,1.000000000
ENTITYNAME=Wire_Device
