ENTITYNAME=WIRE
BASEFAMILY=2c785409-2920-4b5d-927f-831c7e0cb5c4.fam
OBJECTMODELPOINTER=31970f28-780e-4bf1-8adb-439f78c329a3.dev
KVALUE=0.000237
SPLIT=1
POINT0.BLHA=28.66573943,113.46033717,166.409,277.610658
POINT0.MATRIX0=-0.991190922,0.132440763,-0.000000000,0.000000000,-0.132440763,-0.991190922,-0.000000000,0.000000000,0.000000000,0.000000000,1.000000000,0.000000000,9.870007688,0.310234274,54.558003604,1.000000000
POINT1.BLHA=28.66021577,113.46120276,152.793,277.610658
POINT1.MATRIX0=-0.991190922,0.132440763,-0.000000000,0.000000000,-0.132440763,-0.991190922,-0.000000000,0.000000000,0.000000000,0.000000000,1.000000000,0.000000000,11.319806449,-0.310188444,69.558006355,1.000000000
