OBJECTMODELPOINTER=33777c94-e4b9-4947-906f-f84480f3cb99.dev
BASEFAMILY=2c7d8082-659f-4e72-99e1-0f442fb8e96d.fam
BLHA=28.31435017,113.39267151,117.559440,4.996372
TRANSFORMMATRIX=0.000025360,-0.999999998,0.000050972,0.000000000,1.000000000,0.000025360,0.000001415,0.000000000,-0.000001416,0.000050972,0.999999999,0.000000000,-8.844816973,325.341213729,42.984177976,1.000000000
ENTITYNAME=Wire_Device
