OBJECTMODELPOINTER=33777c94-e4b9-4947-906f-f84480f3cb99.dev
BASEFAMILY=2c7f6e5d-1eb2-4a59-9dcd-3f742497c656.fam
BLHA=28.68327588,113.45799727,190.105481,276.549179
TRANSFORMMATRIX=-0.033026032,-0.999454492,0.000007018,0.000000000,0.999454492,-0.033026032,-0.000001141,0.000000000,0.000001372,0.000006976,1.000000000,0.000000000,8.729636330,44.302177274,24.131561676,1.000000000
ENTITYNAME=Wire_Device
