OBJECTMODELPOINTER=33777c94-e4b9-4947-906f-f84480f3cb99.dev
BASEFAMILY=2c98e103-ae0c-4ea4-84b7-f804125274a8.fam
BLHA=28.57953661,113.48279374,260.580940,480.423303
TRANSFORMMATRIX=-0.205986875,0.978554754,0.000006755,0.000000000,-0.978554754,-0.205986875,-0.000001248,0.000000000,0.000000170,-0.000006868,1.000000000,0.000000000,1.182366142,-43.671688316,25.432904075,1.000000000
ENTITYNAME=Wire_Device
