OBJECTMODELPOINTER=33777c94-e4b9-4947-906f-f84480f3cb99.dev
BASEFAMILY=2ca211b2-a771-4572-9273-2e6af346f002.fam
BLHA=28.80418340,113.50812520,199.973454,227.348291
TRANSFORMMATRIX=-0.000010179,-1.000000000,0.000027740,0.000000000,1.000000000,-0.000010179,0.000000190,0.000000000,-0.000000190,0.000027740,1.000000000,0.000000000,-0.754766487,176.580432919,35.096525290,1.000000000
ENTITYNAME=Wire_Device
