OBJECTMODELPOINTER=0e312739-8609-4a3d-966c-75d05d59356d.dev
BASEFAMILY=2ca55576-9a7d-4701-802e-07f9ed359926.fam
TRANSFORMMATRIX=-1.000000000,0.000000000,0.000000000,0.000000000,-0.000000000,-1.000000000,-0.000000000,0.000000000,-0.000000000,-0.000000000,1.000000000,0.000000000,7.855284643,7.855184780,0.000000790,1.000000000
ENTITYNAME=Tower_Device
