OBJECTMODELPOINTER=33777c94-e4b9-4947-906f-f84480f3cb99.dev
BASEFAMILY=2cabcaf8-86dc-4321-8933-2f713814b324.fam
BLHA=28.79959310,113.50336431,218.110050,224.374488
TRANSFORMMATRIX=-0.041162212,-0.999152477,0.000028306,0.000000000,0.999152477,-0.041162212,0.000001375,0.000000000,-0.000000208,0.000028339,1.000000000,0.000000000,-0.862010271,180.436777199,1.717143547,1.000000000
ENTITYNAME=Wire_Device
