OBJECTMODELPOINTER=33777c94-e4b9-4947-906f-f84480f3cb99.dev
BASEFAMILY=2cb21fd5-adfc-4413-b265-c35c0e514802.fam
BLHA=28.79669223,113.49966037,193.055862,221.400685
TRANSFORMMATRIX=-0.000028845,-0.999999997,0.000073383,0.000000000,1.000000000,-0.000028845,0.000000503,0.000000000,-0.000000501,0.000073383,0.999999997,0.000000000,-1.991359454,467.361732218,32.853860375,1.000000000
ENTITYNAME=Wire_Device
