OBJECTMODELPOINTER=33777c94-e4b9-4947-906f-f84480f3cb99.dev
BASEFAMILY=2cc58d58-e8b5-4d29-a991-dafd7e6bdb23.fam
BLHA=28.66842498,113.45991630,145.503245,277.610658
TRANSFORMMATRIX=0.000000130,-1.000000000,0.000005691,0.000000000,1.000000000,0.000000130,0.000000022,0.000000000,-0.000000022,0.000005691,1.000000000,0.000000000,-0.163589505,36.140556448,55.408613618,1.000000000
ENTITYNAME=Wire_Device
