OBJECTMODELPOINTER=33777c94-e4b9-4947-906f-f84480f3cb99.dev
BASEFAMILY=2cd288ea-b106-4435-818b-dbe1057d52b3.fam
BLHA=28.35569166,113.36081333,82.535643,278.143009
TRANSFORMMATRIX=0.003438164,-0.999994088,0.000050664,0.000000000,0.999994089,0.003438164,-0.000001858,0.000000000,0.000001684,0.000050670,0.999999999,0.000000000,10.512674930,321.781147857,68.582389206,1.000000000
ENTITYNAME=Wire_Device
