OBJECTMODELPOINTER=33777c94-e4b9-4947-906f-f84480f3cb99.dev
BASEFAMILY=2cd3735e-3782-45e3-a38d-e372580ae39b.fam
BLHA=28.31510010,113.40690744,78.265120,0.896163
TRANSFORMMATRIX=-0.002101164,-0.999997793,0.000004995,0.000000000,0.999997793,-0.002101164,0.000001308,0.000000000,-0.000001297,0.000004998,1.000000000,0.000000000,-8.233524411,31.899423247,41.627013307,1.000000000
ENTITYNAME=Wire_Device
