OBJECTMODELPOINTER=33777c94-e4b9-4947-906f-f84480f3cb99.dev
BASEFAMILY=2cda6664-72fe-4e7c-95ff-61a3317fe830.fam
BLHA=28.44721846,113.39002654,265.559825,242.026912
TRANSFORMMATRIX=-0.002848583,-0.999995941,0.000064525,0.000000000,0.999995943,-0.002848583,0.000002556,0.000000000,-0.000002372,0.000064532,0.999999998,0.000000000,-14.240618755,410.230116629,27.827320413,1.000000000
ENTITYNAME=Wire_Device
