OBJECTMODELPOINTER=457402f8-050c-49b8-b91b-174c7ecda979.dev
BASEFAMILY=2ce8b123-ac3f-4855-9b1d-ca977a8a052b.fam
TRANSFORMMATRIX=-0.999999156,0.001299147,-0.000000001,0.000000000,-0.001299148,-0.999999156,0.000000000,0.000000000,-0.000000000,-0.000000000,1.000000000,0.000000000,-9.870000001,0.310000000,45.999999999,1.000000000
ENTITYNAME=Tower_Device
