OBJECTMODELPOINTER=3eec8026-c5fe-4a90-b820-734bcdac9d50.dev
BASEFAMILY=2cf31fd5-b62b-48d6-b3a9-e3e301894333.fam
TRANSFORMMATRIX=-0.023005542,0.058743150,-0.998008116,0.000000000,-0.931145582,-0.364647355,-0.000000948,0.000000000,-0.363921253,0.929290829,0.063086265,0.000000000,7.000000000,-0.929000000,30.000000000,1.000000000
ENTITYNAME=Tower_Device
