OBJECTMODELPOINTER=6944c2f0-881b-4dca-8280-cebcb46b0133.dev
BASEFAMILY=2cf7a6a2-a6fe-4bab-88bf-74ab351d63ac.fam
TRANSFORMMATRIX=-0.999999288,0.001192933,0.000000001,0.000000000,-0.001192933,-0.999999289,0.000000001,0.000000000,-0.000000000,0.000000000,1.000000000,0.000000000,-11.500000000,-0.000000000,94.100000001,1.000000000
ENTITYNAME=Tower_Device
