OBJECTMODELPOINTER=33777c94-e4b9-4947-906f-f84480f3cb99.dev
BASEFAMILY=2cf7198a-d5f0-4973-8240-77a4b183d288.fam
BLHA=28.79959310,113.50336431,218.110050,224.374488
TRANSFORMMATRIX=-0.049142888,-0.998791756,0.000070011,0.000000000,0.998791758,-0.049142889,0.000000268,0.000000000,0.000003173,0.000069940,0.999999997,0.000000000,21.352719938,445.376331525,14.327811959,1.000000000
ENTITYNAME=Wire_Device
