OBJECTMODELPOINTER=33777c94-e4b9-4947-906f-f84480f3cb99.dev
BASEFAMILY=2d0c8c1c-9e7a-4755-98af-f9805aa8b764.fam
BLHA=28.56335436,113.50003182,213.977894,312.996987
TRANSFORMMATRIX=0.000330995,-0.999999944,0.000046384,0.000000000,0.999999945,0.000330995,0.000000073,0.000000000,-0.000000088,0.000046383,0.999999999,0.000000000,-1.324503092,295.262086031,42.219384877,1.000000000
ENTITYNAME=Wire_Device
