ENTITYNAME=WIRE
BASEFAMILY=2d1dea7b-de59-4028-9a0f-75e3160f97aa.fam
OBJECTMODELPOINTER=81b82497-164d-48c0-b1cb-18fa700dacdf.dev
KVALUE=0.000000
SPLIT=4
POINT0.BLHA=28.81044857,113.51462416,146.504,227.348291
POINT0.MATRIX0=-0.735485915,-0.677540012,0.000000000,0.000000000,0.677540012,-0.735485915,0.000000000,0.000000000,-0.000000000,-0.000000000,1.000000000,0.000000000,-11.645437994,-0.111331479,43.000006842,1.000000000
POINT0.MATRIX1=-0.735485915,-0.677540012,0.000000000,0.000000000,0.677540012,-0.735485915,0.000000000,0.000000000,-0.000000000,-0.000000000,1.000000000,0.000000000,-11.645437993,-0.111331479,43.450003791,1.000000000
POINT0.MATRIX2=-0.735485915,-0.677540012,0.000000000,0.000000000,0.677540012,-0.735485915,0.000000000,0.000000000,-0.000000000,-0.000000000,1.000000000,0.000000000,-12.096572171,-0.107344599,43.450003791,1.000000000
POINT0.MATRIX3=-0.735485915,-0.677540012,0.000000000,0.000000000,0.677540012,-0.735485915,0.000000000,0.000000000,-0.000000000,-0.000000000,1.000000000,0.000000000,-12.096572171,-0.107344599,43.000006842,1.000000000
POINT1.BLHA=28.81044857,113.51462416,146.504,227.348291
POINT1.MATRIX0=-0.735485915,-0.677540012,0.000000000,0.000000000,0.677540012,-0.735485915,0.000000000,0.000000000,-0.000000000,-0.000000000,1.000000000,0.000000000,-11.644782167,-0.001330809,43.000006842,1.000000000
POINT1.MATRIX1=-0.735485915,-0.677540012,0.000000000,0.000000000,0.677540012,-0.735485915,0.000000000,0.000000000,-0.000000000,-0.000000000,1.000000000,0.000000000,-11.644782167,-0.001330809,43.450003790,1.000000000
POINT1.MATRIX2=-0.735485915,-0.677540012,0.000000000,0.000000000,0.677540012,-0.735485915,0.000000000,0.000000000,-0.000000000,-0.000000000,1.000000000,0.000000000,-12.095916344,0.002656071,43.450003790,1.000000000
POINT1.MATRIX3=-0.735485915,-0.677540012,0.000000000,0.000000000,0.677540012,-0.735485915,0.000000000,0.000000000,-0.000000000,-0.000000000,1.000000000,0.000000000,-12.095916344,0.002656071,43.000006841,1.000000000
