OBJECTMODELPOINTER=33777c94-e4b9-4947-906f-f84480f3cb99.dev
BASEFAMILY=2d20538a-98b9-448f-88cc-3986359ae20f.fam
BLHA=28.37691435,113.36420413,70.521818,286.379084
TRANSFORMMATRIX=0.000002689,-1.000000000,0.000015062,0.000000000,1.000000000,0.000002689,0.000001918,0.000000000,-0.000001918,0.000015063,1.000000000,0.000000000,-12.374268365,95.703155654,30.603124939,1.000000000
ENTITYNAME=Wire_Device
