OBJECTMODELPOINTER=33777c94-e4b9-4947-906f-f84480f3cb99.dev
BASEFAMILY=2d258bb5-7438-46a3-af50-99727eda1720.fam
BLHA=28.76146332,113.46687719,133.774448,236.227775
TRANSFORMMATRIX=-0.001945396,-0.999998107,0.000029389,0.000000000,0.999998108,-0.001945396,-0.000001661,0.000000000,0.000001718,0.000029386,1.000000000,0.000000000,11.394468355,186.933306119,25.619057591,1.000000000
ENTITYNAME=Wire_Device
