OBJECTMODELPOINTER=3b473392-c52d-42f3-98c4-4c62af4bd4bc.dev
BASEFAMILY=2d276707-b5d2-4a8a-a029-fe8c10aa0df0.fam
TRANSFORMMATRIX=-0.999984636,-0.005542832,0.000000004,0.000000000,0.005542831,-0.999984641,-0.000000005,0.000000000,-0.000000000,0.000000000,1.000000000,0.000000000,11.320000000,-0.000000000,70.000000000,1.000000000
ENTITYNAME=Tower_Device
