ENTITYNAME=WIRE
BASEFAMILY=2d2810cb-5a68-465a-a9c7-cebbf40266d3.fam
OBJECTMODELPOINTER=81b82497-164d-48c0-b1cb-18fa700dacdf.dev
KVALUE=0.000000
SPLIT=4
POINT0.BLHA=28.71274605,113.45447194,199.235,264.887951
POINT0.MATRIX0=-0.996022350,-0.089103753,-0.000000000,0.000000000,0.089103753,-0.996022350,-0.000000000,0.000000000,-0.000000000,-0.000000000,1.000000000,0.000000000,-11.644964109,-0.000446449,34.000006328,1.000000000
POINT0.MATRIX1=-0.996022350,-0.089103753,-0.000000000,0.000000000,0.089103753,-0.996022350,-0.000000000,0.000000000,-0.000000000,-0.000000000,1.000000000,0.000000000,-11.644964109,-0.000446449,34.450003276,1.000000000
POINT0.MATRIX2=-0.996022350,-0.089103753,-0.000000000,0.000000000,0.089103753,-0.996022350,-0.000000000,0.000000000,-0.000000000,-0.000000000,1.000000000,0.000000000,-12.094903961,-0.001479387,34.450003276,1.000000000
POINT0.MATRIX3=-0.996022350,-0.089103753,-0.000000000,0.000000000,0.089103753,-0.996022350,-0.000000000,0.000000000,-0.000000000,-0.000000000,1.000000000,0.000000000,-12.094903961,-0.001479387,34.000006327,1.000000000
POINT1.BLHA=28.71274605,113.45447194,199.235,264.887951
POINT1.MATRIX0=-0.996022350,-0.089103753,-0.000000000,0.000000000,0.089103753,-0.996022350,-0.000000000,0.000000000,-0.000000000,-0.000000000,1.000000000,0.000000000,-11.644934775,0.109551805,34.000006327,1.000000000
POINT1.MATRIX1=-0.996022350,-0.089103753,-0.000000000,0.000000000,0.089103753,-0.996022350,-0.000000000,0.000000000,-0.000000000,-0.000000000,1.000000000,0.000000000,-11.644934775,0.109551805,34.450003276,1.000000000
POINT1.MATRIX2=-0.996022350,-0.089103753,-0.000000000,0.000000000,0.089103753,-0.996022350,-0.000000000,0.000000000,-0.000000000,-0.000000000,1.000000000,0.000000000,-12.094874628,0.108518867,34.450003276,1.000000000
POINT1.MATRIX3=-0.996022350,-0.089103753,-0.000000000,0.000000000,0.089103753,-0.996022350,-0.000000000,0.000000000,-0.000000000,-0.000000000,1.000000000,0.000000000,-12.094874628,0.108518867,34.000006327,1.000000000
