ENTITYNAME=WIRE
BASEFAMILY=2d2d2b07-0f28-4d57-8ed9-68c6afdb2bc2.fam
OBJECTMODELPOINTER=81b82497-164d-48c0-b1cb-18fa700dacdf.dev
KVALUE=0.088632
SPLIT=4
POINT0.BLHA=28.78468964,113.48433856,117.864,408.814230
POINT0.MATRIX0=0.752578474,0.658502575,-0.000000000,0.000000000,-0.658502575,0.752578474,-0.000000000,0.000000000,0.000000000,-0.000000000,1.000000000,0.000000000,-6.577343159,8.986264089,29.251870754,1.000000000
POINT0.MATRIX1=0.752578474,0.658502575,-0.000000000,0.000000000,-0.658502575,0.752578474,-0.000000000,0.000000000,0.000000000,-0.000000000,1.000000000,0.000000000,-6.456346408,9.739848709,29.735379817,1.000000000
POINT0.MATRIX2=0.752578474,0.658502575,-0.000000000,0.000000000,-0.658502575,0.752578474,-0.000000000,0.000000000,0.000000000,-0.000000000,1.000000000,0.000000000,-5.958425948,9.682430318,29.735440853,1.000000000
POINT0.MATRIX3=0.752578474,0.658502575,-0.000000000,0.000000000,-0.658502575,0.752578474,-0.000000000,0.000000000,0.000000000,-0.000000000,1.000000000,0.000000000,-6.083097384,8.930820855,29.251870754,1.000000000
POINT1.BLHA=28.78468964,113.48433856,117.864,408.814230
POINT1.MATRIX0=0.752578474,0.658502575,-0.000000000,0.000000000,-0.658502575,0.752578474,-0.000000000,0.000000000,0.000000000,-0.000000000,1.000000000,0.000000000,-9.724307382,0.000731143,25.790005135,1.000000000
POINT1.MATRIX1=0.752578474,0.658502575,-0.000000000,0.000000000,-0.658502575,0.752578474,-0.000000000,0.000000000,0.000000000,-0.000000000,1.000000000,0.000000000,-9.724307382,0.000731143,26.240005138,1.000000000
POINT1.MATRIX2=0.752578474,0.658502575,-0.000000000,0.000000000,-0.658502575,0.752578474,-0.000000000,0.000000000,0.000000000,-0.000000000,1.000000000,0.000000000,-9.274307436,0.000731094,26.240005138,1.000000000
POINT1.MATRIX3=0.752578474,0.658502575,-0.000000000,0.000000000,-0.658502575,0.752578474,-0.000000000,0.000000000,0.000000000,-0.000000000,1.000000000,0.000000000,-9.274307436,0.000731094,25.790005135,1.000000000
