OBJECTMODELPOINTER=33777c94-e4b9-4947-906f-f84480f3cb99.dev
BASEFAMILY=2d362891-bc5f-42b1-a28e-9f81b6c6efed.fam
BLHA=28.69273331,113.45654991,185.538391,277.425083
TRANSFORMMATRIX=0.000002340,-0.999999999,0.000040159,0.000000000,1.000000000,0.000002340,0.000000155,0.000000000,-0.000000156,0.000040159,0.999999999,0.000000000,-1.161390417,255.044320457,25.654772904,1.000000000
ENTITYNAME=Wire_Device
