OBJECTMODELPOINTER=244919a6-4446-47d5-9e18-c8ec7670258f.dev
BASEFAMILY=2d3f871c-0b47-4aa7-8053-ed575647432f.fam
TRANSFORMMATRIX=1.000000000,0.000000000,-0.000000000,0.000000000,0.000000000,1.000000000,-0.000000000,0.000000000,-0.000000000,-0.000000000,1.000000000,0.000000000,-0.000000000,-0.000000000,-0.000000000,1.000000000
ENTITYNAME=Tower_Device
