OBJECTMODELPOINTER=33777c94-e4b9-4947-906f-f84480f3cb99.dev
BASEFAMILY=2d42bab9-13b0-44df-b202-7631dbb88cac.fam
BLHA=28.47322316,113.40714488,338.739938,229.813402
TRANSFORMMATRIX=-0.000002021,-1.000000000,0.000005665,0.000000000,1.000000000,-0.000002021,0.000000046,0.000000000,-0.000000047,0.000005665,1.000000000,0.000000000,-0.203624345,36.051050841,43.239622791,1.000000000
ENTITYNAME=Wire_Device
