OBJECTMODELPOINTER=33777c94-e4b9-4947-906f-f84480f3cb99.dev
BASEFAMILY=2d4e0095-f368-429a-bc52-8f0c09e35726.fam
BLHA=28.51174980,113.46636581,279.463297,210.734491
TRANSFORMMATRIX=0.002235505,-0.999997499,0.000070837,0.000000000,0.999997501,0.002235505,0.000000262,0.000000000,-0.000000420,0.000070836,0.999999997,0.000000000,-1.643160471,451.548648533,-11.694400832,1.000000000
ENTITYNAME=Wire_Device
