ENTITYNAME=WIRE
BASEFAMILY=2d5f3277-018a-42ab-af4a-00413b9760bf.fam
OBJECTMODELPOINTER=81b82497-164d-48c0-b1cb-18fa700dacdf.dev
KVALUE=0.083666
SPLIT=4
POINT0.BLHA=28.28492071,113.44885804,59.682,504.180323
POINT0.MATRIX0=0.585236184,-0.810862879,-0.000000000,0.000000000,0.810862879,0.585236184,-0.000000000,0.000000000,-0.000000000,-0.000000000,1.000000000,0.000000000,-7.709492363,8.899237661,35.002335491,1.000000000
POINT0.MATRIX1=0.585236184,-0.810862879,-0.000000000,0.000000000,0.810862879,0.585236184,-0.000000000,0.000000000,-0.000000000,-0.000000000,1.000000000,0.000000000,-7.453850647,9.634702559,35.462311926,1.000000000
POINT0.MATRIX2=0.585236184,-0.810862879,-0.000000000,0.000000000,0.810862879,0.585236184,-0.000000000,0.000000000,-0.000000000,-0.000000000,1.000000000,0.000000000,-6.974598943,9.494644932,35.462144079,1.000000000
POINT0.MATRIX3=0.585236184,-0.810862879,-0.000000000,0.000000000,0.810862879,0.585236184,-0.000000000,0.000000000,-0.000000000,-0.000000000,1.000000000,0.000000000,-7.229526190,8.758190114,35.002335491,1.000000000
POINT1.BLHA=28.28492071,113.44885804,59.682,504.180323
POINT1.MATRIX0=0.585236184,-0.810862879,-0.000000000,0.000000000,0.810862879,0.585236184,-0.000000000,0.000000000,-0.000000000,-0.000000000,1.000000000,0.000000000,-12.225930189,0.000340821,31.790002349,1.000000000
POINT1.MATRIX1=0.585236184,-0.810862879,-0.000000000,0.000000000,0.810862879,0.585236184,-0.000000000,0.000000000,-0.000000000,-0.000000000,1.000000000,0.000000000,-12.225930189,0.000340821,32.240002337,1.000000000
POINT1.MATRIX2=0.585236184,-0.810862879,-0.000000000,0.000000000,0.810862879,0.585236184,-0.000000000,0.000000000,-0.000000000,-0.000000000,1.000000000,0.000000000,-11.775930178,0.000340627,32.240002337,1.000000000
POINT1.MATRIX3=0.585236184,-0.810862879,-0.000000000,0.000000000,0.810862879,0.585236184,-0.000000000,0.000000000,-0.000000000,-0.000000000,1.000000000,0.000000000,-11.775930178,0.000340627,31.790002349,1.000000000
