OBJECTMODELPOINTER=33777c94-e4b9-4947-906f-f84480f3cb99.dev
BASEFAMILY=2d6157c2-0259-46d7-9982-f36c8cb0de84.fam
BLHA=28.55326393,113.50869198,332.868298,304.990571
TRANSFORMMATRIX=-0.006793955,-0.999976921,0.000006106,0.000000000,0.999976921,-0.006793955,0.000002199,0.000000000,-0.000002159,0.000006121,1.000000000,0.000000000,-13.846280991,38.967096764,46.420394332,1.000000000
ENTITYNAME=Wire_Device
