OBJECTMODELPOINTER=33777c94-e4b9-4947-906f-f84480f3cb99.dev
BASEFAMILY=2d6f3dc8-80e2-406f-934e-d9af10e2c3f3.fam
BLHA=28.31515909,113.41015274,70.673124,0.896163
TRANSFORMMATRIX=0.000023466,-0.999999999,0.000047549,0.000000000,1.000000000,0.000023466,-0.000000782,0.000000000,0.000000780,0.000047549,0.999999999,0.000000000,4.981179358,303.506364231,31.206075746,1.000000000
ENTITYNAME=Wire_Device
