OBJECTMODELPOINTER=33777c94-e4b9-4947-906f-f84480f3cb99.dev
BASEFAMILY=2d72df8d-0eab-4df0-a880-98aa5ae144df.fam
BLHA=28.43802035,113.38456732,303.277751,242.026912
TRANSFORMMATRIX=-0.000020102,-0.999999996,0.000084215,0.000000000,1.000000000,-0.000020102,0.000000616,0.000000000,-0.000000614,0.000084216,0.999999996,0.000000000,-2.764231376,535.388927939,15.807717343,1.000000000
ENTITYNAME=Wire_Device
