OBJECTMODELPOINTER=33777c94-e4b9-4947-906f-f84480f3cb99.dev
BASEFAMILY=2d7f5760-88db-4271-86f7-b670fbc13f4a.fam
BLHA=28.30572385,113.43813150,65.831158,307.005893
TRANSFORMMATRIX=0.006626643,-0.999978043,0.000013123,0.000000000,0.999978044,0.006626643,0.000001201,0.000000000,-0.000001288,0.000013114,1.000000000,0.000000000,-8.413906968,83.453181357,30.442528504,1.000000000
ENTITYNAME=Wire_Device
