OBJECTMODELPOINTER=33777c94-e4b9-4947-906f-f84480f3cb99.dev
BASEFAMILY=2d8d9d4d-196c-4cff-ae8e-be198a10c43d.fam
BLHA=28.26827851,113.48694026,97.359750,314.005848
TRANSFORMMATRIX=0.424434667,-0.905458566,-0.000001273,0.000000000,0.905458565,0.424434667,-0.000001357,0.000000000,0.000001770,-0.000000576,1.000000000,0.000000000,11.271950302,-3.701159396,55.218181855,1.000000000
ENTITYNAME=Wire_Device
