ENTITYNAME=WIRE
BASEFAMILY=2d92b6da-5cc1-4606-84ae-3a0e4a0acd3e.fam
OBJECTMODELPOINTER=81b82497-164d-48c0-b1cb-18fa700dacdf.dev
KVALUE=0.000322
SPLIT=4
POINT0.BLHA=28.26827851,113.48694026,97.360,314.005848
POINT0.MATRIX0=-0.719268901,0.694731781,-0.000000000,0.000000000,-0.694731781,-0.719268901,-0.000000000,0.000000000,-0.000000000,0.000000000,1.000000000,0.000000000,14.691608019,7.567506736,34.783014974,1.000000000
POINT0.MATRIX1=-0.719268901,0.694731781,-0.000000000,0.000000000,-0.694731781,-0.719268901,-0.000000000,0.000000000,-0.000000000,0.000000000,1.000000000,0.000000000,15.209910160,8.185643472,35.142252646,1.000000000
POINT0.MATRIX2=-0.719268901,0.694731781,-0.000000000,0.000000000,-0.694731781,-0.719268901,-0.000000000,0.000000000,-0.000000000,0.000000000,1.000000000,0.000000000,14.827910854,8.508448938,35.142039022,1.000000000
POINT0.MATRIX3=-0.719268901,0.694731781,-0.000000000,0.000000000,-0.694731781,-0.719268901,-0.000000000,0.000000000,-0.000000000,0.000000000,1.000000000,0.000000000,14.308251816,7.888907381,34.782770834,1.000000000
POINT1.BLHA=28.26762350,113.48697800,100.998,272.676960
POINT1.MATRIX0=-0.998908737,0.046704776,-0.000000000,0.000000000,-0.046704776,-0.998908737,-0.000000000,0.000000000,-0.000000000,-0.000000000,1.000000000,0.000000000,5.022678839,-9.104787979,26.603320779,1.000000000
POINT1.MATRIX1=-0.998908737,0.046704776,-0.000000000,0.000000000,-0.046704776,-0.998908737,-0.000000000,0.000000000,-0.000000000,-0.000000000,1.000000000,0.000000000,4.734479105,-9.079581418,27.010974707,1.000000000
POINT1.MATRIX2=-0.998908737,0.046704776,-0.000000000,0.000000000,-0.046704776,-0.998908737,-0.000000000,0.000000000,-0.000000000,-0.000000000,1.000000000,0.000000000,4.383365350,-9.866776141,26.812518778,1.000000000
POINT1.MATRIX3=-0.998908737,0.046704776,-0.000000000,0.000000000,-0.046704776,-0.998908737,-0.000000000,0.000000000,-0.000000000,-0.000000000,1.000000000,0.000000000,4.672052834,-9.892005507,26.404864969,1.000000000
