OBJECTMODELPOINTER=5494cc6f-7591-4358-a0d2-7dc1d0856366.dev
BASEFAMILY=2d9e366d-e48a-4241-8b76-1efec314162c.fam
TRANSFORMMATRIX=-0.999984418,0.005582806,-0.000000004,0.000000000,-0.005582805,-0.999984414,0.000000005,0.000000000,-0.000000000,0.000000000,1.000000000,0.000000000,-11.320000000,0.000000000,70.000000001,1.000000000
ENTITYNAME=Tower_Device
