OBJECTMODELPOINTER=33777c94-e4b9-4947-906f-f84480f3cb99.dev
BASEFAMILY=2daa6e6a-7a15-4a39-8c6b-c11e3c7294ec.fam
BLHA=28.32292443,113.37625760,67.775568,311.415680
TRANSFORMMATRIX=-0.003215767,-0.999994829,0.000027004,0.000000000,0.999994829,-0.003215767,-0.000001080,0.000000000,0.000001166,0.000027001,1.000000000,0.000000000,6.983464707,171.821176951,15.382481288,1.000000000
ENTITYNAME=Wire_Device
