OBJECTMODELPOINTER=33777c94-e4b9-4947-906f-f84480f3cb99.dev
BASEFAMILY=2dafd402-2fcf-4697-a322-a011f38c37d7.fam
BLHA=28.75811652,113.46436186,140.284510,236.227775
TRANSFORMMATRIX=-0.000002488,-1.000000000,0.000005737,0.000000000,1.000000000,-0.000002488,0.000000043,0.000000000,-0.000000043,0.000005738,1.000000000,0.000000000,-0.190368493,36.491764990,30.983660502,1.000000000
ENTITYNAME=Wire_Device
