OBJECTMODELPOINTER=33777c94-e4b9-4947-906f-f84480f3cb99.dev
BASEFAMILY=2db10c85-7351-45d9-8e16-a5c8535390fa.fam
BLHA=28.48504373,113.41833342,235.006355,407.385386
TRANSFORMMATRIX=-0.202222052,0.979339697,0.000000429,0.000000000,-0.979339697,-0.202222052,-0.000001456,0.000000000,-0.000001339,-0.000000715,1.000000000,0.000000000,-8.542605496,-4.570614317,25.615917609,1.000000000
ENTITYNAME=Wire_Device
