OBJECTMODELPOINTER=56fd235d-435d-47e9-b821-0d9c28004c4d.dev
BASEFAMILY=2dcdf370-54b0-4197-bd35-132b64441e18.fam
TRANSFORMMATRIX=0.000000336,1.000000364,-0.000000929,0.000000000,-0.999999636,-0.000000060,0.000001358,0.000000000,-0.000000000,-0.000000000,1.000000000,0.000000000,9.342000000,0.000000000,56.550000000,1.000000000
ENTITYNAME=Tower_Device
