OBJECTMODELPOINTER=33777c94-e4b9-4947-906f-f84480f3cb99.dev
BASEFAMILY=2dee9a25-e3be-4f7a-83c5-8ae79a86c6c5.fam
BLHA=28.70879307,113.45409149,169.216562,451.156517
TRANSFORMMATRIX=-0.055256156,0.998472212,0.000000772,0.000000000,-0.998472212,-0.055256156,0.000001222,0.000000000,0.000001263,-0.000000704,1.000000000,0.000000000,8.059827777,-4.470082528,25.597907671,1.000000000
ENTITYNAME=Wire_Device
