OBJECTMODELPOINTER=33777c94-e4b9-4947-906f-f84480f3cb99.dev
BASEFAMILY=2df87bfb-4f99-46b0-aed5-ce6eaa0466d8.fam
BLHA=28.28240757,113.45687165,86.867380,340.232800
TRANSFORMMATRIX=-0.002150783,-0.999997687,0.000005711,0.000000000,0.999997687,-0.002150783,-0.000001433,0.000000000,0.000001446,0.000005709,1.000000000,0.000000000,9.125178934,36.400197624,47.371208720,1.000000000
ENTITYNAME=Wire_Device
