OBJECTMODELPOINTER=33777c94-e4b9-4947-906f-f84480f3cb99.dev
BASEFAMILY=2dfd61a0-eb25-4350-a085-a3c538743a93.fam
BLHA=28.53408910,113.50849608,458.182485,233.242345
TRANSFORMMATRIX=-0.390556693,-0.920578877,0.000008309,0.000000000,0.920578877,-0.390556693,-0.000000903,0.000000000,0.000004077,0.000007296,1.000000000,0.000000000,26.091837841,46.485219752,18.150448783,1.000000000
ENTITYNAME=Wire_Device
