OBJECTMODELPOINTER=3315968b-5b6c-400c-bf34-1f9e424f65e9.dev
BASEFAMILY=2e00ec21-b323-49ed-9573-055198d71fc5.fam
TRANSFORMMATRIX=0.000000342,0.999999730,-0.000000468,0.000000000,-1.000000270,-0.000000291,-0.000001575,0.000000000,-0.000000000,-0.000000000,1.000000000,0.000000000,0.000000000,-0.000000001,56.999999999,1.000000000
ENTITYNAME=Tower_Device
