OBJECTMODELPOINTER=33777c94-e4b9-4947-906f-f84480f3cb99.dev
BASEFAMILY=2e009194-d3fb-4911-a5d3-07a89d2c3769.fam
BLHA=28.54536406,113.51168326,478.790289,255.750198
TRANSFORMMATRIX=-0.002147380,-0.999997694,0.000005190,0.000000000,0.999997694,-0.002147380,0.000002115,0.000000000,-0.000002104,0.000005195,1.000000000,0.000000000,-13.383887396,32.982055886,61.469387189,1.000000000
ENTITYNAME=Wire_Device
