OBJECTMODELPOINTER=33777c94-e4b9-4947-906f-f84480f3cb99.dev
BASEFAMILY=2e08d375-e01b-40f9-bcaf-5f5298879cf2.fam
BLHA=28.76435807,113.46905293,179.070265,236.227775
TRANSFORMMATRIX=-0.000011246,-0.999999999,0.000035088,0.000000000,1.000000000,-0.000011246,0.000000244,0.000000000,-0.000000244,0.000035088,0.999999999,0.000000000,-1.019863543,223.176164007,-1.921714629,1.000000000
ENTITYNAME=Wire_Device
