OBJECTMODELPOINTER=33777c94-e4b9-4947-906f-f84480f3cb99.dev
BASEFAMILY=2e1383e8-2abe-45e9-918e-619e1663c2ea.fam
BLHA=28.27757020,113.46637333,93.774105,312.669055
TRANSFORMMATRIX=0.000886983,-0.999999606,0.000029900,0.000000000,0.999999607,0.000886983,-0.000001034,0.000000000,0.000001008,0.000029901,1.000000000,0.000000000,5.919049798,190.308702668,48.254347360,1.000000000
ENTITYNAME=Wire_Device
