OBJECTMODELPOINTER=46bba510-f53a-475e-bf02-c78f9803e400.dev
BASEFAMILY=2e259f8b-6d93-47f1-9900-edac0542cc91.fam
TRANSFORMMATRIX=-0.000000000,1.000000000,-0.000000000,0.000000000,-1.000000000,-0.000000000,0.000000000,0.000000000,0.000000000,0.000000000,1.000000000,0.000000000,4.736998009,-4.736917614,0.000005805,1.000000000
ENTITYNAME=Tower_Device
