OBJECTMODELPOINTER=33777c94-e4b9-4947-906f-f84480f3cb99.dev
BASEFAMILY=2e29692b-f2e5-44fa-9fd0-4ae1d6d0d33f.fam
BLHA=28.58307238,113.48148471,281.708531,287.849619
TRANSFORMMATRIX=0.012869511,-0.999917184,0.000015336,0.000000000,0.999917184,0.012869511,-0.000002047,0.000000000,0.000001849,0.000015360,1.000000000,0.000000000,11.653607317,97.579697772,31.259434231,1.000000000
ENTITYNAME=Wire_Device
