OBJECTMODELPOINTER=33777c94-e4b9-4947-906f-f84480f3cb99.dev
BASEFAMILY=2e2d028a-df91-4afb-baf1-f6a1197cec21.fam
BLHA=28.54536406,113.51168326,478.790289,255.750198
TRANSFORMMATRIX=0.002142805,-0.999997704,0.000016432,0.000000000,0.999997704,0.002142805,-0.000002000,0.000000000,0.000001965,0.000016437,1.000000000,0.000000000,12.670604793,104.429158820,71.260253970,1.000000000
ENTITYNAME=Wire_Device
