OBJECTMODELPOINTER=33777c94-e4b9-4947-906f-f84480f3cb99.dev
BASEFAMILY=2e3a541c-26c3-4d34-be7d-4ffcb80e6508.fam
BLHA=28.32292443,113.37625760,67.775568,311.415680
TRANSFORMMATRIX=0.002502359,-0.999996866,0.000078829,0.000000000,0.999996869,0.002502359,0.000001357,0.000000000,-0.000001555,0.000078826,0.999999997,0.000000000,-11.197680559,501.700920434,25.466432594,1.000000000
ENTITYNAME=Wire_Device
