OBJECTMODELPOINTER=33777c94-e4b9-4947-906f-f84480f3cb99.dev
BASEFAMILY=2e3b094d-6c6a-486c-ab53-7617446fd26a.fam
BLHA=28.34901903,113.36193338,109.289234,278.143009
TRANSFORMMATRIX=0.000005261,-0.999999999,0.000050532,0.000000000,1.000000000,0.000005261,0.000000233,0.000000000,-0.000000233,0.000050532,0.999999999,0.000000000,-1.722817629,320.910498998,19.961949006,1.000000000
ENTITYNAME=Wire_Device
