OBJECTMODELPOINTER=33777c94-e4b9-4947-906f-f84480f3cb99.dev
BASEFAMILY=2e4411c8-1b28-42b1-bfde-f9e52c28cf5f.fam
BLHA=28.79959310,113.50336431,218.110050,224.374488
TRANSFORMMATRIX=0.213014544,-0.977049029,-0.000000470,0.000000000,0.977049029,0.213014544,0.000001453,0.000000000,-0.000001320,-0.000000769,1.000000000,0.000000000,-8.415346812,-4.917550778,19.506680072,1.000000000
ENTITYNAME=Wire_Device
