OBJECTMODELPOINTER=33777c94-e4b9-4947-906f-f84480f3cb99.dev
BASEFAMILY=2e44ebd6-58cf-461c-9430-cab78b13555a.fam
BLHA=28.47322316,113.40714488,338.739938,229.813402
TRANSFORMMATRIX=-0.000012092,-0.999999999,0.000034702,0.000000000,1.000000000,-0.000012092,0.000000264,0.000000000,-0.000000264,0.000034702,0.999999999,0.000000000,-1.115180911,220.838966584,4.828259141,1.000000000
ENTITYNAME=Wire_Device
