OBJECTMODELPOINTER=97e5f3fb-11db-4695-8af7-9d0036425951.dev
BASEFAMILY=2e4fb82b-df79-40b1-aef0-139c26b2b03f.fam
TRANSFORMMATRIX=0.000000374,1.000000355,-0.000000898,0.000000000,-0.999999645,-0.000000053,0.000001377,0.000000000,0.000000000,0.000000000,1.000000000,0.000000000,9.500000000,0.000000000,53.499999999,1.000000000
ENTITYNAME=Tower_Device
