ENTITYNAME=WIRE
BASEFAMILY=2e50e34b-9cdc-40d2-a931-35c30c3217c9.fam
OBJECTMODELPOINTER=81b82497-164d-48c0-b1cb-18fa700dacdf.dev
KVALUE=0.000000
SPLIT=4
POINT0.BLHA=28.68327588,113.45799727,190.105,276.549179
POINT0.MATRIX0=-0.993474323,0.114055990,-0.000000000,0.000000000,-0.114055990,-0.993474323,-0.000000000,0.000000000,-0.000000000,0.000000000,1.000000000,0.000000000,-9.275002206,-0.001274949,25.789996046,1.000000000
POINT0.MATRIX1=-0.993474323,0.114055990,-0.000000000,0.000000000,-0.114055990,-0.993474323,-0.000000000,0.000000000,-0.000000000,0.000000000,1.000000000,0.000000000,-9.275002206,-0.001274949,26.239996034,1.000000000
POINT0.MATRIX2=-0.993474323,0.114055990,-0.000000000,0.000000000,-0.114055990,-0.993474323,-0.000000000,0.000000000,-0.000000000,0.000000000,1.000000000,0.000000000,-9.725002251,-0.001275071,26.239996034,1.000000000
POINT0.MATRIX3=-0.993474323,0.114055990,-0.000000000,0.000000000,-0.114055990,-0.993474323,-0.000000000,0.000000000,-0.000000000,0.000000000,1.000000000,0.000000000,-9.725002250,-0.001275070,25.789996046,1.000000000
POINT1.BLHA=28.68327588,113.45799727,190.105,276.549179
POINT1.MATRIX0=-0.993474323,0.114055990,-0.000000000,0.000000000,-0.114055990,-0.993474323,-0.000000000,0.000000000,-0.000000000,0.000000000,1.000000000,0.000000000,-9.275002252,0.000724608,25.789996046,1.000000000
POINT1.MATRIX1=-0.993474323,0.114055990,-0.000000000,0.000000000,-0.114055990,-0.993474323,-0.000000000,0.000000000,-0.000000000,0.000000000,1.000000000,0.000000000,-9.275002253,0.000724608,26.239996034,1.000000000
POINT1.MATRIX2=-0.993474323,0.114055990,-0.000000000,0.000000000,-0.114055990,-0.993474323,-0.000000000,0.000000000,-0.000000000,0.000000000,1.000000000,0.000000000,-9.725002242,0.000724960,26.239996034,1.000000000
POINT1.MATRIX3=-0.993474323,0.114055990,-0.000000000,0.000000000,-0.114055990,-0.993474323,-0.000000000,0.000000000,-0.000000000,0.000000000,1.000000000,0.000000000,-9.725002242,0.000724961,25.789996046,1.000000000
