OBJECTMODELPOINTER=33777c94-e4b9-4947-906f-f84480f3cb99.dev
BASEFAMILY=2e574c2b-f0b7-403d-8312-2441a4a5ac9e.fam
BLHA=28.64279778,113.46393161,145.776199,277.610658
TRANSFORMMATRIX=0.005770159,-0.999983352,0.000034074,0.000000000,0.999983352,0.005770159,0.000001987,0.000000000,-0.000002184,0.000034061,0.999999999,0.000000000,-14.087145279,216.329180060,29.303570725,1.000000000
ENTITYNAME=Wire_Device
