OBJECTMODELPOINTER=33777c94-e4b9-4947-906f-f84480f3cb99.dev
BASEFAMILY=2e5cf097-da95-475e-96bc-35973c433c73.fam
BLHA=28.31498130,113.40038482,72.539572,2.946268
TRANSFORMMATRIX=-0.038826838,-0.999245953,0.000034808,0.000000000,0.999245954,-0.038826838,0.000001359,0.000000000,-0.000000007,0.000034835,0.999999999,0.000000000,0.018027219,222.349927393,57.109624448,1.000000000
ENTITYNAME=Wire_Device
