OBJECTMODELPOINTER=0e312739-8609-4a3d-966c-75d05d59356d.dev
BASEFAMILY=2e7d01fa-fd31-4e05-bd30-f9833a4f9d01.fam
TRANSFORMMATRIX=-1.000000000,-0.000000000,-0.000000000,0.000000000,0.000000000,-1.000000000,-0.000000000,0.000000000,0.000000000,0.000000000,1.000000000,0.000000000,5.397188147,5.396828552,-0.000003065,1.000000000
ENTITYNAME=Tower_Device
