OBJECTMODELPOINTER=33777c94-e4b9-4947-906f-f84480f3cb99.dev
BASEFAMILY=2e827a71-93d3-4660-977a-d42b50aaf3e9.fam
BLHA=28.65134658,113.46259240,159.100648,277.610658
TRANSFORMMATRIX=0.000001480,-1.000000000,0.000017857,0.000000000,1.000000000,0.000001480,0.000000068,0.000000000,-0.000000068,0.000017858,1.000000000,0.000000000,-0.509927956,113.410611941,26.512417505,1.000000000
ENTITYNAME=Wire_Device
