OBJECTMODELPOINTER=3b48c0b7-989c-461f-8bd9-fbea14d01326.dev
BASEFAMILY=2e894afb-99eb-4001-8f4e-24fecd7bc4f2.fam
TRANSFORMMATRIX=-0.999998339,0.001822962,-0.000000002,0.000000000,-0.001822963,-0.999998338,0.000000000,0.000000000,0.000000000,-0.000000000,1.000000000,0.000000000,-10.610000000,0.325000000,40.000000000,1.000000000
ENTITYNAME=Tower_Device
