OBJECTMODELPOINTER=33777c94-e4b9-4947-906f-f84480f3cb99.dev
BASEFAMILY=2e8dbecf-934e-4b2c-bd8c-f36b73a49e50.fam
BLHA=28.32292443,113.37625760,67.775568,311.415680
TRANSFORMMATRIX=-0.003057440,-0.999995324,0.000057419,0.000000000,0.999995326,-0.003057440,-0.000001316,0.000000000,0.000001491,0.000057415,0.999999998,0.000000000,8.554932770,365.388160562,22.363608241,1.000000000
ENTITYNAME=Wire_Device
