OBJECTMODELPOINTER=33777c94-e4b9-4947-906f-f84480f3cb99.dev
BASEFAMILY=2e902496-afaa-4e3b-85d2-3f396887ad35.fam
BLHA=28.68327588,113.45799727,190.105481,276.549179
TRANSFORMMATRIX=-0.010588815,-0.999943936,0.000030553,0.000000000,0.999943937,-0.010588815,-0.000000093,0.000000000,0.000000417,0.000030551,1.000000000,0.000000000,2.544909752,194.017478080,17.898631746,1.000000000
ENTITYNAME=Wire_Device
