OBJECTMODELPOINTER=33777c94-e4b9-4947-906f-f84480f3cb99.dev
BASEFAMILY=2e9e3279-48b0-481e-ae36-0ded15060b81.fam
BLHA=28.66573943,113.46033717,166.408962,277.610658
TRANSFORMMATRIX=-0.002341887,-0.999997254,0.000081745,0.000000000,0.999997258,-0.002341887,-0.000001547,0.000000000,0.000001738,0.000081741,0.999999997,0.000000000,10.742632931,519.121764576,25.273541925,1.000000000
ENTITYNAME=Wire_Device
