OBJECTMODELPOINTER=078db5e8-770a-429d-989e-14293585933b.dev
BASEFAMILY=2e9f3d76-23de-4b8b-b1f5-b0006e7f9c77.fam
TRANSFORMMATRIX=0.000098951,1.000000387,-0.000001404,0.000000000,-0.999999603,0.000099237,0.000000853,0.000000000,0.000000000,0.000000000,1.000000000,0.000000000,0.000000000,-0.000000000,63.000000001,1.000000000
ENTITYNAME=Tower_Device
