OBJECTMODELPOINTER=33777c94-e4b9-4947-906f-f84480f3cb99.dev
BASEFAMILY=2ea53dd8-ec0e-41e8-99d4-463d27a375d0.fam
BLHA=28.30786495,113.43629033,62.969533,307.005893
TRANSFORMMATRIX=0.000013841,-0.999999999,0.000040302,0.000000000,1.000000000,0.000013841,-0.000001045,0.000000000,0.000001044,0.000040302,0.999999999,0.000000000,6.013704796,256.382174766,35.525574713,1.000000000
ENTITYNAME=Wire_Device
