OBJECTMODELPOINTER=33777c94-e4b9-4947-906f-f84480f3cb99.dev
BASEFAMILY=2eb01067-3d13-448c-9b78-748e359042ed.fam
BLHA=28.47144509,113.40546217,294.357908,229.813402
TRANSFORMMATRIX=0.002781910,-0.999996129,0.000059479,0.000000000,0.999996130,0.002781910,0.000000451,0.000000000,-0.000000617,0.000059477,0.999999998,0.000000000,-2.958522870,378.500429436,-7.673157767,1.000000000
ENTITYNAME=Wire_Device
