OBJECTMODELPOINTER=33777c94-e4b9-4947-906f-f84480f3cb99.dev
BASEFAMILY=2eb24cba-b375-470e-b6be-24c86c2dd42f.fam
BLHA=28.76146332,113.46687719,133.774448,236.227775
TRANSFORMMATRIX=-0.001952595,-0.999998092,0.000053160,0.000000000,0.999998094,-0.001952595,-0.000001497,0.000000000,0.000001601,0.000053156,0.999999999,0.000000000,11.010255237,338.128457118,30.254418773,1.000000000
ENTITYNAME=Wire_Device
