OBJECTMODELPOINTER=33777c94-e4b9-4947-906f-f84480f3cb99.dev
BASEFAMILY=2eb5a666-a748-4d6b-bfde-bcd001c98f6e.fam
BLHA=28.31135450,113.43043530,49.303319,335.449580
TRANSFORMMATRIX=-0.003429268,-0.999994120,0.000017186,0.000000000,0.999994120,-0.003429268,-0.000000970,0.000000000,0.000001029,0.000017183,1.000000000,0.000000000,6.323814995,109.567006364,50.191338241,1.000000000
ENTITYNAME=Wire_Device
