OBJECTMODELPOINTER=33777c94-e4b9-4947-906f-f84480f3cb99.dev
BASEFAMILY=2eb6f6e2-09ca-46f4-b096-834de07ffb04.fam
BLHA=28.32292443,113.37625760,67.775568,311.415680
TRANSFORMMATRIX=0.002533195,-0.999996791,0.000026843,0.000000000,0.999996791,0.002533195,0.000001540,0.000000000,-0.000001607,0.000026840,1.000000000,0.000000000,-10.679791096,170.841913772,27.002008102,1.000000000
ENTITYNAME=Wire_Device
