OBJECTMODELPOINTER=33777c94-e4b9-4947-906f-f84480f3cb99.dev
BASEFAMILY=2ec6a1da-acca-4e2e-86c3-7f895aee86ae.fam
BLHA=28.69273331,113.45654991,185.538391,277.425083
TRANSFORMMATRIX=0.000003071,-0.999999999,0.000050194,0.000000000,1.000000000,0.000003071,0.000000194,0.000000000,-0.000000194,0.000050194,0.999999999,0.000000000,-1.451572685,318.778448505,31.795241362,1.000000000
ENTITYNAME=Wire_Device
