OBJECTMODELPOINTER=38d412cc-ead8-4c36-95ee-b38de6a22525.dev
BASEFAMILY=2ec66b9b-ca53-413e-a756-a9ac79c899fa.fam
TRANSFORMMATRIX=0.000000387,1.000000381,-0.000000994,0.000000000,-0.999999619,0.000000066,0.000001310,0.000000000,-0.000000000,0.000000000,1.000000000,0.000000000,7.815000000,-0.000000000,59.300000000,1.000000000
ENTITYNAME=Tower_Device
