ENTITYNAME=WIRE
BASEFAMILY=2ed969d1-8bde-4a8f-900b-230649d9fb06.fam
OBJECTMODELPOINTER=31970f28-780e-4bf1-8adb-439f78c329a3.dev
KVALUE=0.000237
SPLIT=1
POINT0.BLHA=28.64054809,113.46428400,121.847,277.610658
POINT0.MATRIX0=-0.991190922,0.132440763,0.000000000,0.000000000,-0.132440763,-0.991190922,0.000000000,0.000000000,0.000000000,-0.000000000,1.000000000,0.000000000,-11.319805111,0.309906972,66.557999638,1.000000000
POINT1.BLHA=28.63586389,113.46501767,148.650,277.610658
POINT1.MATRIX0=-0.991190922,0.132440763,-0.000000000,0.000000000,-0.132440763,-0.991190922,0.000000000,0.000000000,0.000000000,0.000000000,1.000000000,0.000000000,-9.867969857,-0.310640223,48.558006520,1.000000000
