OBJECTMODELPOINTER=33777c94-e4b9-4947-906f-f84480f3cb99.dev
BASEFAMILY=2edcc520-41a9-4b99-98e0-8361aef0443a.fam
BLHA=28.68698006,113.45743042,187.111712,277.425083
TRANSFORMMATRIX=-0.003301366,-0.999994550,0.000036903,0.000000000,0.999994550,-0.003301366,0.000000143,0.000000000,-0.000000021,0.000036903,0.999999999,0.000000000,-0.291553213,234.369196632,18.066126624,1.000000000
ENTITYNAME=Wire_Device
