OBJECTMODELPOINTER=33777c94-e4b9-4947-906f-f84480f3cb99.dev
BASEFAMILY=2edca27b-5686-473c-a92e-7cdf58fc7fe1.fam
BLHA=28.57663112,113.48588937,251.356728,312.996987
TRANSFORMMATRIX=0.000015960,-0.999999999,0.000047914,0.000000000,1.000000000,0.000015960,-0.000002011,0.000000000,0.000002010,0.000047914,0.999999999,0.000000000,12.011163482,304.968429794,28.788097215,1.000000000
ENTITYNAME=Wire_Device
