OBJECTMODELPOINTER=33777c94-e4b9-4947-906f-f84480f3cb99.dev
BASEFAMILY=2ee06c47-00f9-4c18-a257-d574fc99ffe3.fam
BLHA=28.39913011,113.36988101,173.073049,251.836928
TRANSFORMMATRIX=-0.049162827,-0.998790777,0.000000735,0.000000000,0.998790777,-0.049162827,-0.000001215,0.000000000,0.000001249,0.000000675,1.000000000,0.000000000,7.977060783,4.298705216,25.157726285,1.000000000
ENTITYNAME=Wire_Device
