OBJECTMODELPOINTER=33777c94-e4b9-4947-906f-f84480f3cb99.dev
BASEFAMILY=2eeb153b-8b97-4061-9a53-0d729ef3c903.fam
BLHA=28.31566161,113.38686189,71.437616,329.270898
TRANSFORMMATRIX=0.002491181,-0.999996897,0.000025460,0.000000000,0.999996897,0.002491181,0.000001561,0.000000000,-0.000001625,0.000025456,1.000000000,0.000000000,-10.699990332,162.289720352,33.856322851,1.000000000
ENTITYNAME=Wire_Device
