OBJECTMODELPOINTER=33777c94-e4b9-4947-906f-f84480f3cb99.dev
BASEFAMILY=2ef6068b-63d4-473e-a0fd-2c6faaf300c1.fam
BLHA=28.28240757,113.45687165,86.867380,340.232800
TRANSFORMMATRIX=-0.001525454,-0.999998836,0.000005707,0.000000000,0.999998836,-0.001525454,-0.000001001,0.000000000,0.000001009,0.000005706,1.000000000,0.000000000,6.354876463,36.387450794,60.327207436,1.000000000
ENTITYNAME=Wire_Device
