OBJECTMODELPOINTER=33777c94-e4b9-4947-906f-f84480f3cb99.dev
BASEFAMILY=2ef66db9-790d-47b7-830b-4aa3ee0b64ee.fam
BLHA=28.34901903,113.36193338,109.289234,278.143009
TRANSFORMMATRIX=0.000001721,-1.000000000,0.000005631,0.000000000,1.000000000,0.000001721,0.000000030,0.000000000,-0.000000029,0.000005630,1.000000000,0.000000000,-0.214610506,35.762645154,29.546009196,1.000000000
ENTITYNAME=Wire_Device
