OBJECTMODELPOINTER=33777c94-e4b9-4947-906f-f84480f3cb99.dev
BASEFAMILY=2ef84ea5-2614-4deb-960b-84b84142474a.fam
BLHA=28.50885387,113.46090739,244.701846,210.734491
TRANSFORMMATRIX=-0.000025596,-0.999999998,0.000053455,0.000000000,1.000000000,-0.000025596,-0.000001502,0.000000000,0.000001504,0.000053454,0.999999999,0.000000000,10.340010748,340.775570011,47.485607598,1.000000000
ENTITYNAME=Wire_Device
