OBJECTMODELPOINTER=33777c94-e4b9-4947-906f-f84480f3cb99.dev
BASEFAMILY=2ef9f3cc-02c2-486a-943d-0d70a03b3cbe.fam
BLHA=28.36995278,113.36656265,67.148041,253.042546
TRANSFORMMATRIX=-0.548504316,-0.836147724,0.000007131,0.000000000,0.836147724,-0.548504316,-0.000000011,0.000000000,0.000003920,0.000005957,1.000000000,0.000000000,25.068893142,37.878071063,31.743434379,1.000000000
ENTITYNAME=Wire_Device
