ENTITYNAME=WIRE
BASEFAMILY=2f071476-950d-4473-8fb5-f1af045b32e3.fam
OBJECTMODELPOINTER=31970f28-780e-4bf1-8adb-439f78c329a3.dev
KVALUE=0.000226
SPLIT=1
POINT0.BLHA=28.37974338,113.36324559,104.025,459.829193
POINT0.MATRIX0=0.985321048,-0.170711550,-0.000000000,0.000000000,0.170711550,0.985321048,-0.000000000,0.000000000,-0.000000000,0.000000000,1.000000000,0.000000000,-7.429075867,-1.555208961,34.916897902,1.000000000
POINT1.BLHA=28.37691435,113.36420413,70.522,286.379084
POINT1.MATRIX0=-0.959416979,0.281991241,0.000000000,0.000000000,-0.281991241,-0.959416979,0.000000000,0.000000000,0.000000000,0.000000000,1.000000000,0.000000000,9.871766202,-0.620669322,51.558000894,1.000000000
