OBJECTMODELPOINTER=33777c94-e4b9-4947-906f-f84480f3cb99.dev
BASEFAMILY=2f1f5632-5a51-4507-a34a-5f3a68955035.fam
BLHA=28.69273331,113.45654991,185.538391,277.425083
TRANSFORMMATRIX=0.004100312,-0.999991592,0.000050192,0.000000000,0.999991594,0.004100312,0.000002053,0.000000000,-0.000002258,0.000050183,0.999999999,0.000000000,-14.626499942,318.717358108,31.795218824,1.000000000
ENTITYNAME=Wire_Device
