OBJECTMODELPOINTER=33777c94-e4b9-4947-906f-f84480f3cb99.dev
BASEFAMILY=2f36a333-93b9-488d-a117-e753883cdfb7.fam
BLHA=28.56335436,113.50003182,213.977894,312.996987
TRANSFORMMATRIX=0.009230287,-0.999957399,0.000046344,0.000000000,0.999957400,0.009230287,-0.000001927,0.000000000,0.000001499,0.000046359,0.999999999,0.000000000,8.782075293,295.082454419,34.782945564,1.000000000
ENTITYNAME=Wire_Device
