OBJECTMODELPOINTER=33777c94-e4b9-4947-906f-f84480f3cb99.dev
BASEFAMILY=2f403660-c14d-4601-b0b3-79d4f2cc6bcc.fam
BLHA=28.45855791,113.39675815,237.532667,242.026912
TRANSFORMMATRIX=-0.000006028,-1.000000000,0.000016835,0.000000000,1.000000000,-0.000006028,0.000000125,0.000000000,-0.000000124,0.000016835,1.000000000,0.000000000,-0.562756350,107.024642345,49.678051280,1.000000000
ENTITYNAME=Wire_Device
