OBJECTMODELPOINTER=13a78437-ad2c-452a-8fd1-0733d19ccb25.dev
BASEFAMILY=2f44e016-f71a-4ad7-bd72-fb49c0832851.fam
TRANSFORMMATRIX=-1.000000000,0.000000000,-0.000000000,0.000000000,-0.000000000,-1.000000000,0.000000000,0.000000000,0.000000000,-0.000000000,1.000000000,0.000000000,4.737204312,4.737060159,-0.000002563,1.000000000
ENTITYNAME=Tower_Device
