OBJECTMODELPOINTER=8ab5423e-7b5c-45da-91cd-f333b74b4874.dev
BASEFAMILY=2f46c393-ab6b-4712-a0f6-f96e6d62f32e.fam
TRANSFORMMATRIX=-0.999943907,0.010591861,-0.000000005,0.000000000,-0.010591854,-0.999943902,0.000000011,0.000000000,0.000000000,-0.000000000,1.000000000,0.000000000,9.870000000,0.310000000,54.999999999,1.000000000
ENTITYNAME=Tower_Device
