OBJECTMODELPOINTER=0e312739-8609-4a3d-966c-75d05d59356d.dev
BASEFAMILY=2f529514-3bd8-4de0-83a1-c3b8983e183b.fam
TRANSFORMMATRIX=0.000000000,-1.000000000,-0.000000000,0.000000000,1.000000000,0.000000000,0.000000000,0.000000000,0.000000000,0.000000000,1.000000000,0.000000000,-5.396623485,5.396586334,-0.000003065,1.000000000
ENTITYNAME=Tower_Device
