OBJECTMODELPOINTER=18d20817-a65d-4245-a852-8fd9982388f6.dev
BASEFAMILY=2f5348eb-6a33-4199-9f06-63d61770133e.fam
TRANSFORMMATRIX=-1.000000000,0.000000139,-0.000000000,0.000000000,-0.000000139,-1.000000000,0.000000000,0.000000000,0.000000000,0.000000000,1.000000000,0.000000000,9.870000001,0.310000000,46.000000000,1.000000000
ENTITYNAME=Tower_Device
