OBJECTMODELPOINTER=6647b5a9-9984-409b-b44c-cb321f7df64a.dev
BASEFAMILY=2f5f9857-2122-410b-b6e0-79dac6227a0a.fam
TRANSFORMMATRIX=0.000000347,0.999999634,-0.000000747,0.000000000,-1.000000366,-0.000000051,-0.000001463,0.000000000,-0.000000000,0.000000000,1.000000000,0.000000000,-9.500000000,0.000000001,30.000000000,1.000000000
ENTITYNAME=Tower_Device
