OBJECTMODELPOINTER=33777c94-e4b9-4947-906f-f84480f3cb99.dev
BASEFAMILY=2f651c95-17f0-4187-80fd-e6ed55daee1b.fam
BLHA=28.51174980,113.46636581,279.463297,210.734491
TRANSFORMMATRIX=0.006993286,-0.999975543,0.000082299,0.000000000,0.999975547,0.006993286,0.000001737,0.000000000,-0.000002313,0.000082285,0.999999997,0.000000000,-13.513142136,524.505694453,-6.543516614,1.000000000
ENTITYNAME=Wire_Device
