ENTITYNAME=WIRE
BASEFAMILY=2f68a523-cbf4-4746-8b6a-8312dac6aede.fam
OBJECTMODELPOINTER=31970f28-780e-4bf1-8adb-439f78c329a3.dev
KVALUE=0.000287
SPLIT=1
POINT0.BLHA=28.74846038,113.45710577,102.804,427.264866
POINT0.MATRIX0=0.922301280,0.386471667,0.000000000,0.000000000,-0.386471667,0.922301280,0.000000000,0.000000000,0.000000000,-0.000000000,1.000000000,0.000000000,-5.916437539,1.357592962,43.988461031,1.000000000
POINT1.BLHA=28.74846038,113.45710577,102.804,427.264866
POINT1.MATRIX0=0.922301280,0.386471667,0.000000000,0.000000000,-0.386471667,0.922301280,0.000000000,0.000000000,0.000000000,-0.000000000,1.000000000,0.000000000,-5.915983529,-1.349814808,43.918294741,1.000000000
