ENTITYNAME=WIRE
BASEFAMILY=2f7bdc01-d3e2-4254-9995-09f3f73ca2ab.fam
OBJECTMODELPOINTER=31970f28-780e-4bf1-8adb-439f78c329a3.dev
KVALUE=0.000287
SPLIT=1
POINT0.BLHA=28.36075913,113.35996262,84.531,278.143009
POINT0.MATRIX0=-0.989917611,0.141644356,0.000000000,0.000000000,-0.141644356,-0.989917611,0.000000000,0.000000000,-0.000000000,-0.000000000,1.000000000,0.000000000,11.942280591,-0.014313283,57.558008942,1.000000000
POINT1.BLHA=28.36075913,113.35996262,84.531,278.143009
POINT1.MATRIX0=-0.989917611,0.141644356,0.000000000,0.000000000,-0.141644356,-0.989917611,0.000000000,0.000000000,-0.000000000,-0.000000000,1.000000000,0.000000000,11.949989115,0.015553115,57.558008941,1.000000000
