OBJECTMODELPOINTER=33777c94-e4b9-4947-906f-f84480f3cb99.dev
BASEFAMILY=2f88e0e6-24f6-47fa-af6c-4f90ec2e733a.fam
BLHA=28.32529000,113.37096013,66.626202,509.137564
TRANSFORMMATRIX=-0.369925538,0.929061405,0.000047880,0.000000000,-0.929061406,-0.369925538,0.000000336,0.000000000,0.000018024,-0.000044359,0.999999999,0.000000000,115.255685934,-283.023359202,51.843853850,1.000000000
ENTITYNAME=Wire_Device
