OBJECTMODELPOINTER=33777c94-e4b9-4947-906f-f84480f3cb99.dev
BASEFAMILY=2f88b57c-384a-475a-aa5a-ccf6b20da674.fam
BLHA=28.57262295,113.49015944,261.228990,312.996987
TRANSFORMMATRIX=0.000010565,-1.000000000,0.000028686,0.000000000,1.000000000,0.000010565,0.000000048,0.000000000,-0.000000048,0.000028686,1.000000000,0.000000000,-0.777118745,182.605874380,27.413541031,1.000000000
ENTITYNAME=Wire_Device
