OBJECTMODELPOINTER=33777c94-e4b9-4947-906f-f84480f3cb99.dev
BASEFAMILY=2f8d2b7c-5aa6-4e67-9555-ae316f6552be.fam
BLHA=28.71973492,113.45364743,163.020408,283.291091
TRANSFORMMATRIX=-0.002483266,-0.999996915,0.000053998,0.000000000,0.999996917,-0.002483265,0.000000184,0.000000000,-0.000000051,0.000053999,0.999999999,0.000000000,-0.717906056,343.000080036,34.398735173,1.000000000
ENTITYNAME=Wire_Device
