OBJECTMODELPOINTER=33777c94-e4b9-4947-906f-f84480f3cb99.dev
BASEFAMILY=2f9b14fb-f912-4b8d-ba6d-2aded912f6e8.fam
BLHA=28.28912608,113.44509395,57.000023,477.961117
TRANSFORMMATRIX=-0.176397339,0.984319043,0.000029642,0.000000000,-0.984319043,-0.176397339,0.000001198,0.000000000,0.000006408,-0.000028965,1.000000000,0.000000000,41.254525718,-184.231117125,58.450189111,1.000000000
ENTITYNAME=Wire_Device
