OBJECTMODELPOINTER=33777c94-e4b9-4947-906f-f84480f3cb99.dev
BASEFAMILY=2f9c15f5-3e4c-410a-9440-cf50639a16a4.fam
BLHA=28.73821142,113.45475326,97.655295,258.301958
TRANSFORMMATRIX=-0.000065631,-0.999999997,0.000051168,0.000000000,0.999999998,-0.000065631,0.000000290,0.000000000,-0.000000287,0.000051168,0.999999999,0.000000000,-1.493357784,324.998412576,64.070208136,1.000000000
ENTITYNAME=Wire_Device
