OBJECTMODELPOINTER=33777c94-e4b9-4947-906f-f84480f3cb99.dev
BASEFAMILY=2fa34d29-aa8f-47e5-bd90-b42f4b450fbc.fam
BLHA=28.60573334,113.47075261,228.044876,294.633001
TRANSFORMMATRIX=0.001851054,-0.999998285,0.000067821,0.000000000,0.999998287,0.001851054,-0.000001832,0.000000000,0.000001706,0.000067824,0.999999998,0.000000000,10.032717610,431.070210263,10.030896454,1.000000000
ENTITYNAME=Wire_Device
