OBJECTMODELPOINTER=33777c94-e4b9-4947-906f-f84480f3cb99.dev
BASEFAMILY=2fb65ba5-04f7-4977-a5f9-7b430436d9e7.fam
BLHA=28.65774704,113.46158959,182.997853,277.610658
TRANSFORMMATRIX=0.000000697,-1.000000000,0.000005037,0.000000000,1.000000000,0.000000697,0.000000019,0.000000000,-0.000000019,0.000005037,1.000000000,0.000000000,-0.144094287,31.991581517,22.807489628,1.000000000
ENTITYNAME=Wire_Device
