OBJECTMODELPOINTER=33777c94-e4b9-4947-906f-f84480f3cb99.dev
BASEFAMILY=2fbf0477-23f2-417d-aa66-a942ee99fe20.fam
BLHA=28.57663112,113.48588937,251.356728,312.996987
TRANSFORMMATRIX=0.000035863,-0.999999995,0.000090021,0.000000000,0.999999999,0.000035864,0.000002242,0.000000000,-0.000002245,0.000090021,0.999999996,0.000000000,-15.779871481,573.081933491,59.692770816,1.000000000
ENTITYNAME=Wire_Device
