OBJECTMODELPOINTER=33777c94-e4b9-4947-906f-f84480f3cb99.dev
BASEFAMILY=2fc3d640-0e2f-4d7d-8331-b95ad27a3182.fam
BLHA=28.36075913,113.35996262,84.531423,278.143009
TRANSFORMMATRIX=0.000008326,-0.999999997,0.000073298,0.000000000,1.000000000,0.000008326,0.000000337,0.000000000,-0.000000337,0.000073298,0.999999997,0.000000000,-2.495802082,465.490105638,33.358122191,1.000000000
ENTITYNAME=Wire_Device
