OBJECTMODELPOINTER=33777c94-e4b9-4947-906f-f84480f3cb99.dev
BASEFAMILY=2fcd0c21-8f33-4926-87c2-cbabd030aeb1.fam
BLHA=28.31135450,113.43043530,49.303319,335.449580
TRANSFORMMATRIX=-0.004722073,-0.999988850,0.000041421,0.000000000,0.999988851,-0.004722073,-0.000001021,0.000000000,0.000001217,0.000041416,0.999999999,0.000000000,7.216203113,264.103788069,21.203781998,1.000000000
ENTITYNAME=Wire_Device
