OBJECTMODELPOINTER=33777c94-e4b9-4947-906f-f84480f3cb99.dev
BASEFAMILY=2fd3a39a-d12c-4cc0-9cf4-c14c53aaefab.fam
BLHA=28.30961923,113.43478171,54.752520,501.227736
TRANSFORMMATRIX=0.236799448,0.971558552,0.000025275,0.000000000,-0.971558553,0.236799448,-0.000001428,0.000000000,-0.000007373,-0.000024217,1.000000000,0.000000000,-46.516438972,-154.149906944,37.084022370,1.000000000
ENTITYNAME=Wire_Device
