OBJECTMODELPOINTER=33777c94-e4b9-4947-906f-f84480f3cb99.dev
BASEFAMILY=2fe7f9e8-1c42-4765-bb6b-8dc2766e7ba3.fam
BLHA=28.45855791,113.39675815,237.532667,242.026912
TRANSFORMMATRIX=-0.004367769,-0.999990461,0.000037797,0.000000000,0.999990461,-0.004367769,0.000002361,0.000000000,-0.000002196,0.000037808,0.999999999,0.000000000,-13.481655226,240.329119159,48.831905987,1.000000000
ENTITYNAME=Wire_Device
