OBJECTMODELPOINTER=33777c94-e4b9-4947-906f-f84480f3cb99.dev
BASEFAMILY=2ff02ba9-8a2b-47d2-aedf-3efeaabd9214.fam
BLHA=28.66573943,113.46033717,166.408962,277.610658
TRANSFORMMATRIX=0.002349819,-0.999997239,0.000027250,0.000000000,0.999997239,0.002349819,0.000001963,0.000000000,-0.000002028,0.000027245,1.000000000,0.000000000,-13.057882930,173.038430561,15.009781400,1.000000000
ENTITYNAME=Wire_Device
