ENTITYNAME=WIRE
BASEFAMILY=2ff3dbc4-df50-4c25-ad17-4bd3d0f45f5e.fam
OBJECTMODELPOINTER=81b82497-164d-48c0-b1cb-18fa700dacdf.dev
KVALUE=0.000000
SPLIT=4
POINT0.BLHA=28.27757020,113.46637333,93.774,312.669055
POINT0.MATRIX0=-0.735280751,0.677762655,0.000000000,0.000000000,-0.677762655,-0.735280751,0.000000000,0.000000000,-0.000000000,-0.000000000,1.000000000,0.000000000,8.001091448,-0.129241241,52.466967585,1.000000000
POINT0.MATRIX1=-0.735280751,0.677762655,0.000000000,0.000000000,-0.677762655,-0.735280751,0.000000000,0.000000000,-0.000000000,-0.000000000,1.000000000,0.000000000,8.183758106,-0.130271819,52.932070734,1.000000000
POINT0.MATRIX2=-0.735280751,0.677762655,0.000000000,0.000000000,-0.677762655,-0.735280751,0.000000000,0.000000000,-0.000000000,-0.000000000,1.000000000,0.000000000,7.719137347,-0.129660522,53.115603449,1.000000000
POINT0.MATRIX3=-0.735280751,0.677762655,0.000000000,0.000000000,-0.677762655,-0.735280751,0.000000000,0.000000000,-0.000000000,-0.000000000,1.000000000,0.000000000,7.535146933,-0.130066039,52.650500299,1.000000000
POINT1.BLHA=28.27757020,113.46637333,93.774,312.669055
POINT1.MATRIX0=-0.735280751,0.677762655,0.000000000,0.000000000,-0.677762655,-0.735280751,0.000000000,0.000000000,-0.000000000,-0.000000000,1.000000000,0.000000000,8.001091359,0.000751438,52.466967584,1.000000000
POINT1.MATRIX1=-0.735280751,0.677762655,0.000000000,0.000000000,-0.677762655,-0.735280751,0.000000000,0.000000000,-0.000000000,-0.000000000,1.000000000,0.000000000,8.183758018,-0.000279141,52.932070734,1.000000000
POINT1.MATRIX2=-0.735280751,0.677762655,0.000000000,0.000000000,-0.677762655,-0.735280751,0.000000000,0.000000000,-0.000000000,-0.000000000,1.000000000,0.000000000,7.719137258,0.000332156,53.115603448,1.000000000
POINT1.MATRIX3=-0.735280751,0.677762655,0.000000000,0.000000000,-0.677762655,-0.735280751,0.000000000,0.000000000,-0.000000000,-0.000000000,1.000000000,0.000000000,7.535146844,-0.000073360,52.650500299,1.000000000
