OBJECTMODELPOINTER=53f9445d-b6bb-4d1d-93c1-259d86a252b3.dev
BASEFAMILY=301ed9c7-d63e-464f-89c2-ed2f8d4111ea.fam
TRANSFORMMATRIX=-0.340305511,-0.177029745,0.923500661,0.000000000,0.940241217,-0.051759173,0.336551034,0.000000000,-0.011779591,0.982843747,0.184063604,0.000000000,1.384939759,-1.384939759,37.000000001,1.000000000
ENTITYNAME=Tower_Device
