OBJECTMODELPOINTER=678fcb31-b415-42ad-aaee-d9365107a287.dev
BASEFAMILY=301e6734-2a58-4eb5-bb27-f2271109845f.fam
TRANSFORMMATRIX=0.915722996,-0.153327608,-0.371404619,0.000000000,0.388168582,0.098772688,0.916280392,0.000000000,-0.103806241,-0.983226634,0.149965500,0.000000000,1.384939759,1.384939759,37.000000000,1.000000000
ENTITYNAME=Tower_Device
