OBJECTMODELPOINTER=33777c94-e4b9-4947-906f-f84480f3cb99.dev
BASEFAMILY=301fde59-164e-4233-be16-b0117d554ad1.fam
BLHA=28.60189794,113.47276867,201.465001,294.633001
TRANSFORMMATRIX=-0.006089221,-0.999981461,0.000004536,0.000000000,0.999981461,-0.006089221,-0.000001850,0.000000000,0.000001877,0.000004524,1.000000000,0.000000000,11.917805842,28.733717975,37.660549578,1.000000000
ENTITYNAME=Wire_Device
