OBJECTMODELPOINTER=33777c94-e4b9-4947-906f-f84480f3cb99.dev
BASEFAMILY=302616b7-bbec-443f-9f2b-e074a6da9e76.fam
BLHA=28.26907527,113.47529619,67.190721,514.001895
TRANSFORMMATRIX=-0.366703684,0.930337792,0.000007558,0.000000000,-0.930337792,-0.366703684,0.000001011,0.000000000,0.000003713,-0.000006661,1.000000000,0.000000000,23.681912961,-42.519638121,60.104373199,1.000000000
ENTITYNAME=Wire_Device
