OBJECTMODELPOINTER=3363602f-3398-4024-a5d2-0f0001c1e05f.dev
BASEFAMILY=30480f00-0b8c-464e-b6dc-f6a9e5a02aca.fam
TRANSFORMMATRIX=-0.000633063,-0.092103402,-0.995748961,0.000000000,0.999976701,-0.006867756,0.000000263,0.000000000,-0.006839871,-0.995725665,0.092106547,0.000000000,5.500000000,0.900000001,44.000000000,1.000000000
ENTITYNAME=Tower_Device
