OBJECTMODELPOINTER=33777c94-e4b9-4947-906f-f84480f3cb99.dev
BASEFAMILY=30493c87-264f-482d-85cd-ca6b5eb66152.fam
BLHA=28.45391595,113.39400228,204.515406,242.026912
TRANSFORMMATRIX=-0.006461079,-0.999979127,0.000000719,0.000000000,0.999979127,-0.006461079,-0.000001217,0.000000000,0.000001221,0.000000711,1.000000000,0.000000000,7.796276007,4.534616766,25.378770217,1.000000000
ENTITYNAME=Wire_Device
