OBJECTMODELPOINTER=33777c94-e4b9-4947-906f-f84480f3cb99.dev
BASEFAMILY=304b4d14-d8e8-41e6-a7ec-de6cb71346cb.fam
BLHA=28.61647630,113.46664258,210.970212,273.436520
TRANSFORMMATRIX=0.012421275,-0.999922852,0.000052280,0.000000000,0.999922853,0.012421275,-0.000001782,0.000000000,0.000001132,0.000052298,0.999999999,0.000000000,7.126511718,332.116178473,45.737781779,1.000000000
ENTITYNAME=Wire_Device
