OBJECTMODELPOINTER=33777c94-e4b9-4947-906f-f84480f3cb99.dev
BASEFAMILY=304eb470-3cfb-44fd-aa69-4171f39f3d45.fam
BLHA=28.40337100,113.37122865,129.378598,254.006183
TRANSFORMMATRIX=-0.002795134,-0.999996093,0.000037632,0.000000000,0.999996094,-0.002795134,0.000000252,0.000000000,-0.000000147,0.000037632,0.999999999,0.000000000,-0.606926988,239.061813859,44.931685169,1.000000000
ENTITYNAME=Wire_Device
