OBJECTMODELPOINTER=33777c94-e4b9-4947-906f-f84480f3cb99.dev
BASEFAMILY=30581a77-d17e-45db-830f-d67b1c8d055c.fam
BLHA=28.48305469,113.41645050,246.976349,229.813402
TRANSFORMMATRIX=0.001654465,-0.999998629,0.000064667,0.000000000,0.999998631,0.001654465,0.000002344,0.000000000,-0.000002451,0.000064663,0.999999998,0.000000000,-14.556933045,411.473158985,60.284553068,1.000000000
ENTITYNAME=Wire_Device
