OBJECTMODELPOINTER=33777c94-e4b9-4947-906f-f84480f3cb99.dev
BASEFAMILY=305bdbb2-f86b-48e7-af15-0842ee831ad1.fam
BLHA=28.31470596,113.39701913,83.588909,4.996372
TRANSFORMMATRIX=0.002693032,-0.999996374,0.000005055,0.000000000,0.999996374,0.002693032,0.000001310,0.000000000,-0.000001324,0.000005051,1.000000000,0.000000000,-8.391571018,32.238351232,54.570509797,1.000000000
ENTITYNAME=Wire_Device
