OBJECTMODELPOINTER=33777c94-e4b9-4947-906f-f84480f3cb99.dev
BASEFAMILY=305fc223-2760-4975-975a-2d3fe5ef745d.fam
BLHA=28.76435807,113.46905293,179.070265,236.227775
TRANSFORMMATRIX=-0.000007865,-1.000000000,0.000025418,0.000000000,1.000000000,-0.000007865,-0.000001688,0.000000000,0.000001689,0.000025418,1.000000000,0.000000000,11.149239172,161.695644618,2.129790764,1.000000000
ENTITYNAME=Wire_Device
