OBJECTMODELPOINTER=33777c94-e4b9-4947-906f-f84480f3cb99.dev
BASEFAMILY=306c3e7c-b9b2-4651-addd-1268183993a3.fam
BLHA=28.31470596,113.39701913,83.588909,4.996372
TRANSFORMMATRIX=-0.003296960,-0.999994564,0.000036223,0.000000000,0.999994565,-0.003296960,-0.000001041,0.000000000,0.000001160,0.000036219,0.999999999,0.000000000,7.472066638,231.185821855,27.374137726,1.000000000
ENTITYNAME=Wire_Device
