OBJECTMODELPOINTER=33777c94-e4b9-4947-906f-f84480f3cb99.dev
BASEFAMILY=3071ee5a-85b7-4df6-a87d-da3eef14ef33.fam
BLHA=28.53408910,113.50849608,458.182485,233.242345
TRANSFORMMATRIX=-0.377942231,-0.925829179,0.000043868,0.000000000,0.925829180,-0.377942232,0.000001576,0.000000000,0.000015121,0.000041209,0.999999999,0.000000000,96.997827446,262.427533753,-13.686306633,1.000000000
ENTITYNAME=Wire_Device
