OBJECTMODELPOINTER=33777c94-e4b9-4947-906f-f84480f3cb99.dev
BASEFAMILY=30737853-3cbc-43c4-8ea0-90550dc7216f.fam
BLHA=28.27160371,113.47264060,64.950919,312.669055
TRANSFORMMATRIX=-0.007187285,-0.999974171,0.000019021,0.000000000,0.999974171,-0.007187285,-0.000001515,0.000000000,0.000001651,0.000019010,1.000000000,0.000000000,10.200854561,120.969348148,43.612001350,1.000000000
ENTITYNAME=Wire_Device
