OBJECTMODELPOINTER=33777c94-e4b9-4947-906f-f84480f3cb99.dev
BASEFAMILY=30a61f10-65c4-4bb4-8b76-6786e5e52e74.fam
BLHA=28.81044857,113.51462416,146.504318,227.348291
TRANSFORMMATRIX=-0.000001750,-1.000000000,0.000004816,0.000000000,1.000000000,-0.000001750,0.000001896,0.000000000,-0.000001896,0.000004816,1.000000000,0.000000000,-11.994813611,30.623610015,42.539085696,1.000000000
ENTITYNAME=Wire_Device
