OBJECTMODELPOINTER=33777c94-e4b9-4947-906f-f84480f3cb99.dev
BASEFAMILY=30a81485-870a-4b5f-9a40-12b046af2097.fam
BLHA=28.70879307,113.45409149,169.216562,451.156517
TRANSFORMMATRIX=0.653077533,0.757291051,0.000000280,0.000000000,-0.757291051,0.653077533,0.000001304,0.000000000,0.000000804,-0.000001064,1.000000000,0.000000000,5.136100280,-6.754005787,36.153452934,1.000000000
ENTITYNAME=Wire_Device
