OBJECTMODELPOINTER=33777c94-e4b9-4947-906f-f84480f3cb99.dev
BASEFAMILY=30ac75a3-aa90-4ab0-89f1-91e251e05510.fam
BLHA=28.35190910,113.36144828,128.122186,278.143009
TRANSFORMMATRIX=0.000003791,-0.999999999,0.000036650,0.000000000,1.000000000,0.000003791,0.000002026,0.000000000,-0.000002026,0.000036651,0.999999999,0.000000000,-13.101771668,232.760694617,16.118393191,1.000000000
ENTITYNAME=Wire_Device
