OBJECTMODELPOINTER=33777c94-e4b9-4947-906f-f84480f3cb99.dev
BASEFAMILY=30bc1b9f-2147-45ca-8207-3704be7ef75d.fam
BLHA=28.31294059,113.42646212,52.368358,335.449580
TRANSFORMMATRIX=0.000020420,-0.999999999,0.000038869,0.000000000,1.000000000,0.000020420,0.000001166,0.000000000,-0.000001167,0.000038869,0.999999999,0.000000000,-7.902696590,247.891877902,46.330513683,1.000000000
ENTITYNAME=Wire_Device
