OBJECTMODELPOINTER=4b8df456-2a5e-45dd-b407-5bcc5dd8cdf2.dev
BASEFAMILY=30bde575-9f79-4236-8119-659c10a43558.fam
TRANSFORMMATRIX=0.000000071,1.000000411,-0.000001299,0.000000000,-0.999999589,0.000000175,0.000001008,0.000000000,-0.000000000,0.000000000,1.000000000,0.000000000,-7.342000000,0.000000000,45.000000000,1.000000000
ENTITYNAME=Tower_Device
