ENTITYNAME=WIRE
BASEFAMILY=30e4022a-02ff-45f9-8a4f-bfde39072eba.fam
OBJECTMODELPOINTER=81b82497-164d-48c0-b1cb-18fa700dacdf.dev
KVALUE=0.000375
SPLIT=4
POINT0.BLHA=28.31470596,113.39701913,83.589,4.996372
POINT0.MATRIX0=0.087092668,0.996200214,-0.000000000,0.000000000,-0.996200214,0.087092668,0.000000000,0.000000000,-0.000000000,0.000000000,1.000000000,0.000000000,-8.004026514,0.130064035,61.466952403,1.000000000
POINT0.MATRIX1=0.087092668,0.996200214,-0.000000000,0.000000000,-0.996200214,0.087092668,0.000000000,0.000000000,-0.000000000,0.000000000,1.000000000,0.000000000,-7.819769558,0.129639994,61.932040294,1.000000000
POINT0.MATRIX2=0.087092668,0.996200214,-0.000000000,0.000000000,-0.996200214,0.087092668,0.000000000,0.000000000,-0.000000000,0.000000000,1.000000000,0.000000000,-8.284430932,0.129581024,62.115573009,1.000000000
POINT0.MATRIX3=0.087092668,0.996200214,-0.000000000,0.000000000,-0.996200214,0.087092668,0.000000000,0.000000000,-0.000000000,0.000000000,1.000000000,0.000000000,-8.468687888,0.130005066,61.650469859,1.000000000
POINT1.BLHA=28.31498130,113.40038482,72.540,2.946268
POINT1.MATRIX0=0.051399410,0.998678177,0.000000000,0.000000000,-0.998678177,0.051399410,-0.000000000,0.000000000,-0.000000000,0.000000000,1.000000000,0.000000000,-8.414502868,-9.796736186,35.680718114,1.000000000
POINT1.MATRIX1=0.051399410,0.998678177,0.000000000,0.000000000,-0.998678177,0.051399410,-0.000000000,0.000000000,-0.000000000,0.000000000,1.000000000,0.000000000,-8.385373198,-10.560717892,36.122399021,1.000000000
POINT1.MATRIX2=0.051399410,0.998678177,0.000000000,0.000000000,-0.998678177,0.051399410,-0.000000000,0.000000000,-0.000000000,0.000000000,1.000000000,0.000000000,-8.887021245,-10.579880684,36.122399021,1.000000000
POINT1.MATRIX3=0.051399410,0.998678177,0.000000000,0.000000000,-0.998678177,0.051399410,-0.000000000,0.000000000,-0.000000000,0.000000000,1.000000000,0.000000000,-8.914200371,-9.815999367,35.680718113,1.000000000
