OBJECTMODELPOINTER=33777c94-e4b9-4947-906f-f84480f3cb99.dev
BASEFAMILY=30e6f231-646c-4b07-bbea-bef787a971e5.fam
BLHA=28.32854622,113.36798434,68.151851,482.460958
TRANSFORMMATRIX=-0.107176894,0.994239967,0.000030874,0.000000000,-0.994239968,-0.107176895,0.000000276,0.000000000,0.000003583,-0.000030666,1.000000000,0.000000000,23.296761991,-195.073240517,18.675863224,1.000000000
ENTITYNAME=Wire_Device
