OBJECTMODELPOINTER=33777c94-e4b9-4947-906f-f84480f3cb99.dev
BASEFAMILY=30e8a486-818e-4b99-b558-907154377eb9.fam
BLHA=28.32529000,113.37096013,66.626202,509.137564
TRANSFORMMATRIX=-0.369910814,0.929067268,0.000018120,0.000000000,-0.929067268,-0.369910814,0.000000205,0.000000000,0.000006893,-0.000016759,1.000000000,0.000000000,44.078718589,-106.925079448,35.511586802,1.000000000
ENTITYNAME=Wire_Device
