OBJECTMODELPOINTER=146d895a-fdff-4646-a5ce-e15abbf3f3eb.dev
BASEFAMILY=30f00807-cf29-456a-9d2c-0bf084d4a93b.fam
TRANSFORMMATRIX=-0.000000000,1.000000000,0.000000000,0.000000000,-1.000000000,-0.000000000,-0.000000000,0.000000000,0.000000000,-0.000000000,1.000000000,0.000000000,5.810210299,-5.810140597,-0.000003478,1.000000000
ENTITYNAME=Tower_Device
