OBJECTMODELPOINTER=4348b25d-5b8a-4fd4-9c93-b78e736a5cf4.dev
BASEFAMILY=30f14787-c6f8-4301-b2f9-db91d5d24a29.fam
TRANSFORMMATRIX=0.000000071,1.000000411,-0.000001299,0.000000000,-0.999999589,0.000000175,0.000001008,0.000000000,-0.000000000,0.000000000,1.000000000,0.000000000,-6.595000000,-0.000000000,69.500000000,1.000000000
ENTITYNAME=Tower_Device
