OBJECTMODELPOINTER=33777c94-e4b9-4947-906f-f84480f3cb99.dev
BASEFAMILY=30f6877d-86a8-40fb-afd3-0b19b0f0e8f2.fam
BLHA=28.65134658,113.46259240,159.100648,277.610658
TRANSFORMMATRIX=0.000005704,-0.999999997,0.000074622,0.000000000,1.000000000,0.000005704,0.000000283,0.000000000,-0.000000284,0.000074621,0.999999997,0.000000000,-2.131167974,473.913115831,36.723513664,1.000000000
ENTITYNAME=Wire_Device
