OBJECTMODELPOINTER=33777c94-e4b9-4947-906f-f84480f3cb99.dev
BASEFAMILY=30f8109d-84da-4249-a1a2-65e21398dc6c.fam
BLHA=28.68698006,113.45743042,187.111712,277.425083
TRANSFORMMATRIX=-0.010536589,-0.999944487,0.000057305,0.000000000,0.999944489,-0.010536589,0.000002084,0.000000000,-0.000001480,0.000057323,0.999999998,0.000000000,-9.688666666,364.061776520,25.373410336,1.000000000
ENTITYNAME=Wire_Device
