OBJECTMODELPOINTER=33777c94-e4b9-4947-906f-f84480f3cb99.dev
BASEFAMILY=30face20-8898-4506-be0b-3187426bff0a.fam
BLHA=28.36788990,113.36378392,64.428624,219.706007
TRANSFORMMATRIX=0.002427959,-0.999997052,0.000025604,0.000000000,0.999997053,0.002427959,0.000000205,0.000000000,-0.000000267,0.000025604,1.000000000,0.000000000,-1.282268210,163.079646645,22.524266953,1.000000000
ENTITYNAME=Wire_Device
