ENTITYNAME=WIRE
BASEFAMILY=30fc6823-5a3b-40e2-b867-9be9ee782094.fam
OBJECTMODELPOINTER=31970f28-780e-4bf1-8adb-439f78c329a3.dev
KVALUE=0.000287
SPLIT=1
POINT0.BLHA=28.49379582,113.42815973,297.068,224.957371
POINT0.MATRIX0=-0.706580481,-0.707632690,-0.000000000,0.000000000,0.707632690,-0.706580481,-0.000000000,0.000000000,0.000000000,0.000000000,1.000000000,0.000000000,11.318513098,-0.009901293,69.557999216,1.000000000
POINT1.BLHA=28.49379582,113.42815973,297.068,224.957371
POINT1.MATRIX0=-0.706580481,-0.707632690,-0.000000000,0.000000000,0.707632690,-0.706580481,-0.000000000,0.000000000,0.000000000,0.000000000,1.000000000,0.000000000,11.319341048,0.009802506,69.557999216,1.000000000
