OBJECTMODELPOINTER=33777c94-e4b9-4947-906f-f84480f3cb99.dev
BASEFAMILY=31038262-be36-4a46-a614-66900f177162.fam
BLHA=28.29509828,113.44289412,61.743516,287.794387
TRANSFORMMATRIX=-0.000000481,-1.000000000,0.000004574,0.000000000,1.000000000,-0.000000481,-0.000001116,0.000000000,0.000001116,0.000004574,1.000000000,0.000000000,7.075885046,29.048290078,31.789276626,1.000000000
ENTITYNAME=Wire_Device
