OBJECTMODELPOINTER=33777c94-e4b9-4947-906f-f84480f3cb99.dev
BASEFAMILY=31044afc-3b94-4ec9-93ec-bfe22b88fce5.fam
BLHA=28.31925198,113.37995663,64.126344,500.343289
TRANSFORMMATRIX=-0.047550549,0.998868833,-0.000000727,0.000000000,-0.998868833,-0.047550549,0.000001725,0.000000000,0.000001689,0.000000809,1.000000000,0.000000000,10.732537718,5.122026040,31.337804862,1.000000000
ENTITYNAME=Wire_Device
