OBJECTMODELPOINTER=33777c94-e4b9-4947-906f-f84480f3cb99.dev
BASEFAMILY=31045a38-5a70-4267-b307-4a897d188d81.fam
BLHA=28.49379582,113.42815973,297.068153,224.957371
TRANSFORMMATRIX=-0.000030391,-0.999999996,0.000078919,0.000000000,1.000000000,-0.000030391,0.000000587,0.000000000,-0.000000585,0.000078919,0.999999997,0.000000000,-2.417677373,502.453791182,-5.612587215,1.000000000
ENTITYNAME=Wire_Device
