OBJECTMODELPOINTER=33777c94-e4b9-4947-906f-f84480f3cb99.dev
BASEFAMILY=31146f2b-3e21-483a-a3e7-a61934d4f9b2.fam
BLHA=28.31566161,113.38686189,71.437616,329.270898
TRANSFORMMATRIX=-0.005469135,-0.999985044,0.000016628,0.000000000,0.999985044,-0.005469135,-0.000000970,0.000000000,0.000001061,0.000016622,1.000000000,0.000000000,6.504161671,105.939410916,50.432512495,1.000000000
ENTITYNAME=Wire_Device
