OBJECTMODELPOINTER=33777c94-e4b9-4947-906f-f84480f3cb99.dev
BASEFAMILY=3120d34f-b115-4171-ba3f-a03f52c98167.fam
BLHA=28.60915768,113.46895250,187.940881,294.633001
TRANSFORMMATRIX=0.000006008,-1.000000000,0.000027649,0.000000000,1.000000000,0.000006008,0.000000068,0.000000000,-0.000000068,0.000027648,1.000000000,0.000000000,-0.780046700,175.736267000,53.025630091,1.000000000
ENTITYNAME=Wire_Device
