OBJECTMODELPOINTER=1698e3f4-1b74-46c2-8695-7e6b070482c2.dev
BASEFAMILY=3122b3be-5a30-4503-afd5-03fd6dd5bc64.fam
TRANSFORMMATRIX=0.000000072,1.000000365,0.000001467,0.000000000,-0.999999635,0.000000479,-0.000000738,0.000000000,-0.000000000,-0.000000000,1.000000000,0.000000000,7.500000000,4.000000000,42.999999999,1.000000000
ENTITYNAME=Tower_Device
