OBJECTMODELPOINTER=33777c94-e4b9-4947-906f-f84480f3cb99.dev
BASEFAMILY=3127978d-97b5-4767-823f-52806ce6e18f.fam
BLHA=28.30961923,113.43478171,54.752520,501.227736
TRANSFORMMATRIX=0.239231953,0.970962447,0.000006239,0.000000000,-0.970962447,0.239231953,-0.000001256,0.000000000,-0.000002712,-0.000005757,1.000000000,0.000000000,-17.161451480,-36.632025570,57.999120037,1.000000000
ENTITYNAME=Wire_Device
