OBJECTMODELPOINTER=33777c94-e4b9-4947-906f-f84480f3cb99.dev
BASEFAMILY=31412645-416d-476e-965b-9eb4e8652f22.fam
BLHA=28.46166988,113.39860583,270.672858,242.026912
TRANSFORMMATRIX=0.001520903,-0.999998843,0.000004994,0.000000000,0.999998843,0.001520903,0.000002032,0.000000000,-0.000002040,0.000004990,1.000000000,0.000000000,-12.936086217,31.700580381,24.609721618,1.000000000
ENTITYNAME=Wire_Device
