OBJECTMODELPOINTER=33777c94-e4b9-4947-906f-f84480f3cb99.dev
BASEFAMILY=3151fdc7-aef3-4719-b27d-cfaa67709009.fam
BLHA=28.29096601,113.44441625,53.539724,287.794387
TRANSFORMMATRIX=-0.009471422,-0.999955145,0.000026643,0.000000000,0.999955145,-0.009471422,-0.000000930,0.000000000,0.000001182,0.000026633,1.000000000,0.000000000,7.287103673,169.188009378,54.888132566,1.000000000
ENTITYNAME=Wire_Device
