OBJECTMODELPOINTER=33777c94-e4b9-4947-906f-f84480f3cb99.dev
BASEFAMILY=31569b14-3e04-4d9d-81d2-ad85e4b98c39.fam
BLHA=28.30961923,113.43478171,54.752520,501.227736
TRANSFORMMATRIX=-0.229141146,0.973393207,-0.000000385,0.000000000,-0.973393207,-0.229141146,0.000001747,0.000000000,0.000001612,0.000000775,1.000000000,0.000000000,10.248016753,4.910770238,42.384652556,1.000000000
ENTITYNAME=Wire_Device
