OBJECTMODELPOINTER=33777c94-e4b9-4947-906f-f84480f3cb99.dev
BASEFAMILY=3178be7f-4f0f-4f75-95ae-8b4ba6ddebce.fam
BLHA=28.31135450,113.43043530,49.303319,335.449580
TRANSFORMMATRIX=0.001571421,-0.999998764,0.000057691,0.000000000,0.999998765,0.001571421,0.000001216,0.000000000,-0.000001307,0.000057689,0.999999998,0.000000000,-9.028019429,367.917677702,50.871164745,1.000000000
ENTITYNAME=Wire_Device
