OBJECTMODELPOINTER=33777c94-e4b9-4947-906f-f84480f3cb99.dev
BASEFAMILY=317e4aa8-dbde-4ea4-aeb6-90acd5cafbff.fam
BLHA=28.60573334,113.47075261,228.044876,294.633001
TRANSFORMMATRIX=0.000000877,-1.000000000,0.000004439,0.000000000,1.000000000,0.000000876,0.000000011,0.000000000,-0.000000010,0.000004439,1.000000000,0.000000000,-0.124829841,28.212613718,36.849368564,1.000000000
ENTITYNAME=Wire_Device
