OBJECTMODELPOINTER=33777c94-e4b9-4947-906f-f84480f3cb99.dev
BASEFAMILY=318891cd-9624-4b51-a80a-266308de1c18.fam
BLHA=28.30572385,113.43813150,65.831158,307.005893
TRANSFORMMATRIX=-0.006189026,-0.999980847,0.000030932,0.000000000,0.999980848,-0.006189026,-0.000001065,0.000000000,0.000001257,0.000030925,1.000000000,0.000000000,7.513434508,196.720894995,30.029171479,1.000000000
ENTITYNAME=Wire_Device
