OBJECTMODELPOINTER=33777c94-e4b9-4947-906f-f84480f3cb99.dev
BASEFAMILY=31c4e5e5-1628-4f62-a211-b22eee445d20.fam
BLHA=28.36557656,113.36066804,62.497212,414.735470
TRANSFORMMATRIX=-0.256594941,0.966519030,0.000007214,0.000000000,-0.966519030,-0.256594941,0.000001149,0.000000000,0.000002961,-0.000006677,1.000000000,0.000000000,18.763513349,-42.428953101,26.528984063,1.000000000
ENTITYNAME=Wire_Device
