OBJECTMODELPOINTER=1b503f1c-9bec-45d3-92f5-993f4dbaa7a6.dev
BASEFAMILY=31d52e42-bdac-4902-be6b-2c28ecb45130.fam
TRANSFORMMATRIX=-0.999999645,0.000842547,-0.000000001,0.000000000,-0.000842547,-0.999999645,0.000000000,0.000000000,0.000000000,-0.000000000,1.000000000,0.000000000,11.950000000,-0.000000000,55.000000000,1.000000000
ENTITYNAME=Tower_Device
