OBJECTMODELPOINTER=33777c94-e4b9-4947-906f-f84480f3cb99.dev
BASEFAMILY=31dba9ac-18da-46ca-9675-cb1c33f50b55.fam
BLHA=28.66573943,113.46033717,166.408962,277.610658
TRANSFORMMATRIX=0.000005064,-0.999999998,0.000070057,0.000000000,1.000000000,0.000005064,0.000000267,0.000000000,-0.000000268,0.000070058,0.999999997,0.000000000,-2.010206060,444.926126176,15.601422877,1.000000000
ENTITYNAME=Wire_Device
