ENTITYNAME=WIRE
BASEFAMILY=31f401b0-4d68-4102-9750-b517d446883e.fam
OBJECTMODELPOINTER=81b82497-164d-48c0-b1cb-18fa700dacdf.dev
KVALUE=0.000000
SPLIT=4
POINT0.BLHA=28.45588678,113.39517230,249.934,242.026912
POINT0.MATRIX0=-0.883168008,-0.469056788,-0.000000000,0.000000000,0.469056788,-0.883168008,-0.000000000,0.000000000,0.000000000,0.000000000,1.000000000,0.000000000,-11.643163372,0.484799491,43.741101275,1.000000000
POINT0.MATRIX1=-0.883168008,-0.469056788,-0.000000000,0.000000000,0.469056788,-0.883168008,-0.000000000,0.000000000,0.000000000,0.000000000,1.000000000,0.000000000,-11.643163372,0.484799491,44.191102037,1.000000000
POINT0.MATRIX2=-0.883168008,-0.469056788,-0.000000000,0.000000000,0.469056788,-0.883168008,-0.000000000,0.000000000,0.000000000,0.000000000,1.000000000,0.000000000,-12.092915206,0.475928985,44.191102038,1.000000000
POINT0.MATRIX3=-0.883168008,-0.469056788,-0.000000000,0.000000000,0.469056788,-0.883168008,-0.000000000,0.000000000,0.000000000,0.000000000,1.000000000,0.000000000,-12.092915206,0.475928985,43.741101275,1.000000000
POINT1.BLHA=28.45588678,113.39517230,249.934,242.026912
POINT1.MATRIX0=-0.883168008,-0.469056788,-0.000000000,0.000000000,0.469056788,-0.883168008,-0.000000000,0.000000000,0.000000000,0.000000000,1.000000000,0.000000000,-11.645291981,0.604780623,43.741101274,1.000000000
POINT1.MATRIX1=-0.883168008,-0.469056788,-0.000000000,0.000000000,0.469056788,-0.883168008,-0.000000000,0.000000000,0.000000000,0.000000000,1.000000000,0.000000000,-11.645291981,0.604780623,44.191102037,1.000000000
POINT1.MATRIX2=-0.883168008,-0.469056788,-0.000000000,0.000000000,0.469056788,-0.883168008,-0.000000000,0.000000000,0.000000000,0.000000000,1.000000000,0.000000000,-12.095043800,0.595910120,44.191102037,1.000000000
POINT1.MATRIX3=-0.883168008,-0.469056788,-0.000000000,0.000000000,0.469056788,-0.883168008,-0.000000000,0.000000000,0.000000000,0.000000000,1.000000000,0.000000000,-12.095043800,0.595910120,43.741101274,1.000000000
