OBJECTMODELPOINTER=33777c94-e4b9-4947-906f-f84480f3cb99.dev
BASEFAMILY=31f92dfc-c5fb-4eed-9b45-426b231178a6.fam
BLHA=28.79669223,113.49966037,193.055862,221.400685
TRANSFORMMATRIX=-0.000030005,-0.999999997,0.000073387,0.000000000,1.000000000,-0.000030005,-0.000001501,0.000000000,0.000001503,0.000073387,0.999999997,0.000000000,10.763830864,467.421688920,31.358477681,1.000000000
ENTITYNAME=Wire_Device
