OBJECTMODELPOINTER=33777c94-e4b9-4947-906f-f84480f3cb99.dev
BASEFAMILY=31fbf5f4-34c8-41c6-a58b-84049382d59a.fam
BLHA=28.31515909,113.41015274,70.673124,0.896163
TRANSFORMMATRIX=0.000012018,-1.000000000,0.000026290,0.000000000,1.000000000,0.000012018,-0.000001319,0.000000000,0.000001318,0.000026291,1.000000000,0.000000000,8.389832781,167.812703724,23.284791105,1.000000000
ENTITYNAME=Wire_Device
