OBJECTMODELPOINTER=5a4d240b-cf72-48ac-84bc-9e80f7050561.dev
BASEFAMILY=31fd3e14-d023-4f88-b8e0-1acaa8c269f6.fam
TRANSFORMMATRIX=-0.011309022,-0.999936377,-0.000000620,0.000000000,0.999935719,-0.011309526,-0.000001513,0.000000000,0.000000000,-0.000000000,1.000000000,0.000000000,-11.870000000,-0.600000000,48.000000000,1.000000000
ENTITYNAME=Tower_Device
