OBJECTMODELPOINTER=33777c94-e4b9-4947-906f-f84480f3cb99.dev
BASEFAMILY=31ffc222-ab86-41a9-96e8-48f2bb62c4fa.fam
BLHA=28.28149698,113.45977476,95.758412,340.232800
TRANSFORMMATRIX=-0.000477438,-0.999999886,0.000029212,0.000000000,0.999999886,-0.000477438,-0.000001008,0.000000000,0.000001021,0.000029211,1.000000000,0.000000000,6.183536538,186.335859286,46.090167733,1.000000000
ENTITYNAME=Wire_Device
