OBJECTMODELPOINTER=33777c94-e4b9-4947-906f-f84480f3cb99.dev
BASEFAMILY=320a1978-b924-46a6-876b-4775f69920b6.fam
BLHA=28.57953661,113.48279374,260.580940,480.423303
TRANSFORMMATRIX=-0.205990796,0.978553929,0.000017661,0.000000000,-0.978553929,-0.205990796,-0.000001230,0.000000000,0.000002434,-0.000017535,1.000000000,0.000000000,15.774366420,-111.537483098,21.080378802,1.000000000
ENTITYNAME=Wire_Device
