OBJECTMODELPOINTER=46bba510-f53a-475e-bf02-c78f9803e400.dev
BASEFAMILY=323998fb-1f7e-4f16-b737-8435259a7354.fam
TRANSFORMMATRIX=0.000000000,-1.000000000,0.000000000,0.000000000,1.000000000,0.000000000,-0.000000000,0.000000000,0.000000000,0.000000000,1.000000000,0.000000000,-4.735952028,4.736368833,0.000005805,1.000000000
ENTITYNAME=Tower_Device
