OBJECTMODELPOINTER=72d8cffe-5a74-46e6-8a6b-b353dc58b55b.dev
BASEFAMILY=323b6b46-b83c-4873-995a-e5093d19bc0c.fam
TRANSFORMMATRIX=-0.053047735,0.145681093,-0.987908349,0.000000000,-0.939639955,-0.342164881,0.000000900,0.000000000,-0.338026645,0.928278429,0.155039174,0.000000000,-12.100000000,-0.842000000,40.999999999,1.000000000
ENTITYNAME=Tower_Device
