OBJECTMODELPOINTER=0cc61fa8-3e20-406d-8ee1-117688fbcb0a.dev
BASEFAMILY=3251e084-ee0b-4daf-b6f9-778b963009d6.fam
TRANSFORMMATRIX=-0.999996557,-0.002623689,0.000000003,0.000000000,0.002623690,-0.999996559,-0.000000001,0.000000000,0.000000000,0.000000000,1.000000000,0.000000000,-11.320000000,0.320000000,64.000000000,1.000000000
ENTITYNAME=Tower_Device
