OBJECTMODELPOINTER=0e312739-8609-4a3d-966c-75d05d59356d.dev
BASEFAMILY=325d4113-8685-4abc-9263-feeb01a1908d.fam
TRANSFORMMATRIX=0.000000000,1.000000000,0.000000000,0.000000000,-1.000000000,0.000000000,-0.000000000,0.000000000,-0.000000000,0.000000000,1.000000000,0.000000000,5.396528556,-5.395982145,0.000002338,1.000000000
ENTITYNAME=Tower_Device
