OBJECTMODELPOINTER=33777c94-e4b9-4947-906f-f84480f3cb99.dev
BASEFAMILY=3261cf88-a57c-48c0-b538-bb651ec357ba.fam
BLHA=28.73032666,113.45294372,113.432437,258.301958
TRANSFORMMATRIX=0.002115596,-0.999997760,0.000060770,0.000000000,0.999997762,0.002115596,0.000000344,0.000000000,-0.000000472,0.000060769,0.999999998,0.000000000,-2.615961548,385.985777093,37.084577615,1.000000000
ENTITYNAME=Wire_Device
