OBJECTMODELPOINTER=33777c94-e4b9-4947-906f-f84480f3cb99.dev
BASEFAMILY=32614d69-8876-4bdf-8f51-28ce32a3348e.fam
BLHA=28.32292443,113.37625760,67.775568,311.415680
TRANSFORMMATRIX=0.001267573,-0.999999194,0.000068853,0.000000000,0.999999197,0.001267573,0.000001215,0.000000000,-0.000001303,0.000068852,0.999999998,0.000000000,-9.426503809,438.220273157,40.489028156,1.000000000
ENTITYNAME=Wire_Device
