OBJECTMODELPOINTER=33777c94-e4b9-4947-906f-f84480f3cb99.dev
BASEFAMILY=3265a161-f39b-4163-9439-b98e539e74c3.fam
BLHA=28.64674167,113.46331381,165.940967,277.610658
TRANSFORMMATRIX=0.000002404,-0.999999999,0.000052806,0.000000000,1.000000000,0.000002404,-0.000001660,0.000000000,0.000001660,0.000052806,0.999999999,0.000000000,10.364327649,335.356167598,8.736581161,1.000000000
ENTITYNAME=Wire_Device
