OBJECTMODELPOINTER=33777c94-e4b9-4947-906f-f84480f3cb99.dev
BASEFAMILY=326db20c-7d76-4310-97dc-77d7f7654962.fam
BLHA=28.36995278,113.36656265,67.148041,253.042546
TRANSFORMMATRIX=-0.000018763,-1.000000000,-0.000000046,0.000000000,1.000000000,-0.000018763,-0.000001176,0.000000000,0.000001175,-0.000000046,1.000000000,0.000000000,7.501808933,-0.281414414,37.422515623,1.000000000
ENTITYNAME=Wire_Device
