OBJECTMODELPOINTER=33777c94-e4b9-4947-906f-f84480f3cb99.dev
BASEFAMILY=327fd71a-0db7-44b7-8503-21cf8a3515a2.fam
BLHA=28.65774704,113.46158959,182.997853,277.610658
TRANSFORMMATRIX=0.000004527,-0.999999998,0.000056492,0.000000000,1.000000000,0.000004527,0.000000215,0.000000000,-0.000000215,0.000056492,0.999999998,0.000000000,-1.616828417,358.773501444,10.843535036,1.000000000
ENTITYNAME=Wire_Device
