OBJECTMODELPOINTER=33777c94-e4b9-4947-906f-f84480f3cb99.dev
BASEFAMILY=32826173-338c-44d8-9829-bb488e930b7d.fam
BLHA=28.36075913,113.35996262,84.531423,278.143009
TRANSFORMMATRIX=0.001117792,-0.999999373,0.000073249,0.000000000,0.999999375,0.001117791,-0.000001853,0.000000000,0.000001771,0.000073251,0.999999997,0.000000000,10.964855351,465.177839601,32.565680484,1.000000000
ENTITYNAME=Wire_Device
