OBJECTMODELPOINTER=1c2ca226-2a52-4a16-a1c5-953a90448c9a.dev
BASEFAMILY=328cf140-1bce-4294-a34b-ecd208bbf37e.fam
TRANSFORMMATRIX=-0.999996011,-0.002824157,0.000000003,0.000000000,0.002824159,-0.999996013,-0.000000001,0.000000000,0.000000000,0.000000000,1.000000000,0.000000000,-9.870000000,-0.309999999,55.000000001,1.000000000
ENTITYNAME=Tower_Device
