OBJECTMODELPOINTER=33777c94-e4b9-4947-906f-f84480f3cb99.dev
BASEFAMILY=328fa441-d14a-485b-a91e-4633fc019911.fam
BLHA=28.79022096,113.49139881,176.212376,221.400685
TRANSFORMMATRIX=-0.001054613,-0.999999441,0.000074094,0.000000000,0.999999444,-0.001054613,-0.000001491,0.000000000,0.000001569,0.000074092,0.999999997,0.000000000,11.196417377,471.911234495,-13.687259892,1.000000000
ENTITYNAME=Wire_Device
