OBJECTMODELPOINTER=33777c94-e4b9-4947-906f-f84480f3cb99.dev
BASEFAMILY=329f6897-acdf-4e6b-bf02-d6d7b5aac51e.fam
BLHA=28.81044857,113.51462416,146.504318,227.348291
TRANSFORMMATRIX=-0.000004237,-1.000000000,0.000015382,0.000000000,1.000000000,-0.000004237,0.000000106,0.000000000,-0.000000106,0.000015382,1.000000000,0.000000000,-0.424903413,97.910234794,44.269376484,1.000000000
ENTITYNAME=Wire_Device
