OBJECTMODELPOINTER=32f7a64d-2084-4265-ae06-c6db7df43132.dev
BASEFAMILY=32a06b10-17ee-4719-8915-244c250aca5c.fam
TRANSFORMMATRIX=0.000000225,1.000000338,0.000001505,0.000000000,-0.999999662,0.000000702,-0.000000663,0.000000000,0.000000000,0.000000000,1.000000000,0.000000000,-9.500000000,-0.000000001,59.000000000,1.000000000
ENTITYNAME=Tower_Device
