OBJECTMODELPOINTER=33777c94-e4b9-4947-906f-f84480f3cb99.dev
BASEFAMILY=32cc1c3a-947c-4663-83ae-267a01e9afd9.fam
BLHA=28.31515909,113.41015274,70.673124,0.896163
TRANSFORMMATRIX=0.000028158,-0.999999998,0.000056293,0.000000000,1.000000000,0.000028158,0.000001456,0.000000000,-0.000001458,0.000056293,0.999999998,0.000000000,-9.228255502,359.316326367,8.665926572,1.000000000
ENTITYNAME=Wire_Device
