OBJECTMODELPOINTER=33777c94-e4b9-4947-906f-f84480f3cb99.dev
BASEFAMILY=32d88c49-97be-485a-921b-3c85700ebdc0.fam
BLHA=28.77883021,113.47993260,194.739259,236.227775
TRANSFORMMATRIX=0.004155273,-0.999991366,0.000039428,0.000000000,0.999991367,0.004155273,0.000002128,0.000000000,-0.000002292,0.000039419,0.999999999,0.000000000,-14.009158880,250.692885061,30.201612726,1.000000000
ENTITYNAME=Wire_Device
