OBJECTMODELPOINTER=33777c94-e4b9-4947-906f-f84480f3cb99.dev
BASEFAMILY=32f575c0-46a6-4e25-8451-e950d3347de4.fam
BLHA=28.43802035,113.38456732,303.277751,242.026912
TRANSFORMMATRIX=-0.000008883,-0.999999999,0.000039430,0.000000000,1.000000000,-0.000008883,0.000000290,0.000000000,-0.000000289,0.000039430,0.999999999,0.000000000,-1.307673391,250.670603839,-0.399718411,1.000000000
ENTITYNAME=Wire_Device
