OBJECTMODELPOINTER=33777c94-e4b9-4947-906f-f84480f3cb99.dev
BASEFAMILY=32fea411-7328-4293-b9c5-57eed2a8a198.fam
BLHA=28.26907527,113.47529619,67.190721,514.001895
TRANSFORMMATRIX=-0.372207692,0.928149467,0.000024933,0.000000000,-0.928149467,-0.372207692,-0.000001584,0.000000000,0.000007810,-0.000023731,1.000000000,0.000000000,49.954655305,-151.424834287,44.594986969,1.000000000
ENTITYNAME=Wire_Device
