OBJECTMODELPOINTER=33777c94-e4b9-4947-906f-f84480f3cb99.dev
BASEFAMILY=331402e5-8be7-46f4-be94-fb95cc2e13e9.fam
BLHA=28.31523299,113.41422428,48.000024,0.896163
TRANSFORMMATRIX=0.000017977,-0.999999999,0.000025968,0.000000000,1.000000000,0.000017977,0.000001305,0.000000000,-0.000001306,0.000025968,1.000000000,0.000000000,-8.278098852,165.751631332,21.909962032,1.000000000
ENTITYNAME=Wire_Device
