OBJECTMODELPOINTER=582ef196-a131-4366-9da0-d101695b06db.dev
BASEFAMILY=33162a7f-aca3-413f-85cd-837214ac6300.fam
TRANSFORMMATRIX=-0.002472984,0.063394713,-0.997985331,0.000000000,-0.999240214,-0.038977810,0.000000028,0.000000000,-0.038900427,0.997227101,0.063441837,0.000000000,-5.500000000,-0.900000000,37.999999999,1.000000000
ENTITYNAME=Tower_Device
