OBJECTMODELPOINTER=33777c94-e4b9-4947-906f-f84480f3cb99.dev
BASEFAMILY=3318862a-1c1b-4deb-bff2-0268afb1538f.fam
BLHA=28.49037109,113.42431436,249.696550,224.957371
TRANSFORMMATRIX=-0.000024379,-0.999999998,0.000066352,0.000000000,1.000000000,-0.000024379,0.000002356,0.000000000,-0.000002354,0.000066352,0.999999998,0.000000000,-13.894655464,422.410953045,12.972976006,1.000000000
ENTITYNAME=Wire_Device
