OBJECTMODELPOINTER=33777c94-e4b9-4947-906f-f84480f3cb99.dev
BASEFAMILY=331ea2d6-e71e-4b18-9177-f45128568f80.fam
BLHA=28.49573132,113.43033310,334.786047,224.957371
TRANSFORMMATRIX=0.004824359,-0.999988363,0.000005786,0.000000000,0.999988363,0.004824359,0.000001906,0.000000000,-0.000001934,0.000005777,1.000000000,0.000000000,-12.218152830,36.749459616,29.762454576,1.000000000
ENTITYNAME=Wire_Device
