OBJECTMODELPOINTER=33777c94-e4b9-4947-906f-f84480f3cb99.dev
BASEFAMILY=33210576-dfdd-4c7d-9b8c-b93749ae30a5.fam
BLHA=28.68698006,113.45743042,187.111712,277.425083
TRANSFORMMATRIX=0.010620759,-0.999943597,0.000048379,0.000000000,0.999943598,0.010620759,-0.000001676,0.000000000,0.000001162,0.000048394,0.999999999,0.000000000,7.212040467,307.342030357,18.904321164,1.000000000
ENTITYNAME=Wire_Device
