OBJECTMODELPOINTER=0e312739-8609-4a3d-966c-75d05d59356d.dev
BASEFAMILY=332ad69d-9ade-4cab-b6b1-e3ba3e755cb0.fam
TRANSFORMMATRIX=-1.000000000,0.000000000,-0.000000000,0.000000000,-0.000000000,-1.000000000,-0.000000000,0.000000000,-0.000000000,-0.000000000,1.000000000,0.000000000,4.406959740,4.406353286,0.000002513,1.000000000
ENTITYNAME=Tower_Device
