OBJECTMODELPOINTER=33777c94-e4b9-4947-906f-f84480f3cb99.dev
BASEFAMILY=334da97b-0ef2-4b3d-b1a6-f69ff4535936.fam
BLHA=28.66573943,113.46033717,166.408962,277.610658
TRANSFORMMATRIX=0.002352324,-0.999997232,0.000060324,0.000000000,0.999997233,0.002352324,0.000002089,0.000000000,-0.000002231,0.000060319,0.999999998,0.000000000,-14.499827786,383.088288352,10.663501234,1.000000000
ENTITYNAME=Wire_Device
