OBJECTMODELPOINTER=33777c94-e4b9-4947-906f-f84480f3cb99.dev
BASEFAMILY=33683c3e-dc21-490d-9256-474f034b239f.fam
BLHA=28.79327466,113.49529712,200.216421,221.400685
TRANSFORMMATRIX=-0.000019205,-0.999999999,0.000039990,0.000000000,1.000000000,-0.000019205,-0.000001727,0.000000000,0.000001728,0.000039989,0.999999999,0.000000000,11.649680109,254.720613446,7.300621978,1.000000000
ENTITYNAME=Wire_Device
