OBJECTMODELPOINTER=33777c94-e4b9-4947-906f-f84480f3cb99.dev
BASEFAMILY=336dd12d-4b62-4c3e-950e-9d3ccede540e.fam
BLHA=28.42194077,113.37713088,216.761088,254.006183
TRANSFORMMATRIX=-0.001195482,-0.999999285,0.000017171,0.000000000,0.999999285,-0.001195482,-0.000001883,0.000000000,0.000001904,0.000017169,1.000000000,0.000000000,12.295311544,109.084691677,19.692118241,1.000000000
ENTITYNAME=Wire_Device
