OBJECTMODELPOINTER=33777c94-e4b9-4947-906f-f84480f3cb99.dev
BASEFAMILY=33704922-7162-4e29-8a66-0ac819a07278.fam
BLHA=28.26907527,113.47529619,67.190721,514.001895
TRANSFORMMATRIX=-0.370286982,0.928917408,0.000024941,0.000000000,-0.928917408,-0.370286982,-0.000001335,0.000000000,0.000007996,-0.000023662,1.000000000,0.000000000,51.129971820,-150.988730838,68.562773089,1.000000000
ENTITYNAME=Wire_Device
