OBJECTMODELPOINTER=33777c94-e4b9-4947-906f-f84480f3cb99.dev
BASEFAMILY=337670ae-6057-4570-ab8f-a597f1a09170.fam
BLHA=28.50118026,113.44100017,250.748283,200.251669
TRANSFORMMATRIX=-0.000022271,-0.999999999,0.000046059,0.000000000,1.000000000,-0.000022271,0.000000298,0.000000000,-0.000000296,0.000046058,0.999999999,0.000000000,-1.393270976,293.820430686,16.538481890,1.000000000
ENTITYNAME=Wire_Device
