OBJECTMODELPOINTER=33777c94-e4b9-4947-906f-f84480f3cb99.dev
BASEFAMILY=3386050a-3a90-4763-ab96-2349b0233712.fam
BLHA=28.49878841,113.43376617,260.859889,392.604520
TRANSFORMMATRIX=-0.209928951,0.977716644,0.000006325,0.000000000,-0.977716644,-0.209928951,0.000000216,0.000000000,0.000001539,-0.000006140,1.000000000,0.000000000,9.694156043,-39.105797649,39.610842203,1.000000000
ENTITYNAME=Wire_Device
