OBJECTMODELPOINTER=45985e9d-a79a-4c38-96fd-c57cb0847732.dev
BASEFAMILY=339616d8-057e-4cae-afad-a564a60433bc.fam
TRANSFORMMATRIX=-0.005882242,0.999982282,-0.000001003,0.000000000,-0.999983116,-0.005882347,-0.000001293,0.000000000,-0.000000000,0.000000000,1.000000000,0.000000000,-13.320000000,-0.000000000,57.000000000,1.000000000
ENTITYNAME=Tower_Device
