OBJECTMODELPOINTER=0e312739-8609-4a3d-966c-75d05d59356d.dev
BASEFAMILY=33a765d2-aa72-4014-9e33-59f0df1035a2.fam
TRANSFORMMATRIX=0.000000000,-1.000000000,-0.000000000,0.000000000,1.000000000,0.000000000,0.000000000,0.000000000,-0.000000000,0.000000000,1.000000000,0.000000000,-5.397318108,5.397115260,0.000002338,1.000000000
ENTITYNAME=Tower_Device
