OBJECTMODELPOINTER=33777c94-e4b9-4947-906f-f84480f3cb99.dev
BASEFAMILY=33a87e12-cadf-4a0c-b496-9165f61697fb.fam
BLHA=28.28368001,113.45281448,67.001736,340.232800
TRANSFORMMATRIX=0.000022391,-0.999999998,0.000050289,0.000000000,1.000000000,0.000022391,0.000001320,0.000000000,-0.000001322,0.000050289,0.999999999,0.000000000,-8.925534472,320.822509854,40.834061301,1.000000000
ENTITYNAME=Wire_Device
