OBJECTMODELPOINTER=33777c94-e4b9-4947-906f-f84480f3cb99.dev
BASEFAMILY=33ab370d-e8de-42ac-af65-c685f306c386.fam
BLHA=28.53971514,113.51008635,497.099735,255.750198
TRANSFORMMATRIX=-0.001208758,-0.999999269,0.000027867,0.000000000,0.999999269,-0.001208758,0.000000148,0.000000000,-0.000000114,0.000027866,1.000000000,0.000000000,-0.510098734,177.024911657,-1.965991008,1.000000000
ENTITYNAME=Wire_Device
