OBJECTMODELPOINTER=33777c94-e4b9-4947-906f-f84480f3cb99.dev
BASEFAMILY=33ab6079-697c-49e5-8476-0ed43ec1bbb7.fam
BLHA=28.33513056,113.36426418,74.466119,467.201749
TRANSFORMMATRIX=-0.154728926,0.987956962,0.000016705,0.000000000,-0.987956962,-0.154728926,0.000000234,0.000000000,0.000002816,-0.000016468,1.000000000,0.000000000,18.121396307,-104.640971646,23.244544945,1.000000000
ENTITYNAME=Wire_Device
