OBJECTMODELPOINTER=33777c94-e4b9-4947-906f-f84480f3cb99.dev
BASEFAMILY=33c2629b-f3c0-42de-8441-a78250dc0b55.fam
BLHA=28.72596649,113.45194319,126.516960,450.796525
TRANSFORMMATRIX=-0.202815579,0.979216953,0.000028464,0.000000000,-0.979216953,-0.202815579,-0.000001159,0.000000000,0.000004639,-0.000028107,1.000000000,0.000000000,29.620360534,-178.491154663,30.010501918,1.000000000
ENTITYNAME=Wire_Device
