OBJECTMODELPOINTER=33777c94-e4b9-4947-906f-f84480f3cb99.dev
BASEFAMILY=33db709d-636c-4690-80ed-cda2f49ce829.fam
BLHA=28.33832123,113.36372877,73.392099,278.143009
TRANSFORMMATRIX=0.016145320,-0.999869656,0.000005573,0.000000000,0.999869656,0.016145320,-0.000002064,0.000000000,0.000001974,0.000005606,1.000000000,0.000000000,12.572013495,35.587877479,52.046029471,1.000000000
ENTITYNAME=Wire_Device
