OBJECTMODELPOINTER=33777c94-e4b9-4947-906f-f84480f3cb99.dev
BASEFAMILY=33dbc7fe-5f1e-48f1-bacf-1881fcfeb68e.fam
BLHA=28.28033977,113.46346380,83.899072,326.450928
TRANSFORMMATRIX=-0.236813688,-0.971555082,0.000007048,0.000000000,0.971555082,-0.236813688,-0.000001317,0.000000000,0.000002948,0.000006536,1.000000000,0.000000000,18.652359454,41.604212265,32.884073222,1.000000000
ENTITYNAME=Wire_Device
