OBJECTMODELPOINTER=33777c94-e4b9-4947-906f-f84480f3cb99.dev
BASEFAMILY=33ddade2-cbde-49f9-a989-4e09a2be22d1.fam
BLHA=28.42674606,113.37865854,204.106778,254.006183
TRANSFORMMATRIX=-0.001564514,-0.999998775,0.000048774,0.000000000,0.999998776,-0.001564514,-0.000001542,0.000000000,0.000001618,0.000048771,0.999999999,0.000000000,10.752017038,309.840220700,14.398360057,1.000000000
ENTITYNAME=Wire_Device
