OBJECTMODELPOINTER=33777c94-e4b9-4947-906f-f84480f3cb99.dev
BASEFAMILY=33e32fcf-0284-46bb-97ed-046887cf50c2.fam
BLHA=28.31534552,113.42043692,48.733934,348.172871
TRANSFORMMATRIX=-0.223600892,-0.974680789,0.000028551,0.000000000,0.974680789,-0.223600892,0.000001409,0.000000000,0.000005011,0.000028143,1.000000000,0.000000000,31.639015377,179.567148888,51.694830543,1.000000000
ENTITYNAME=Wire_Device
