ENTITYNAME=WIRE
BASEFAMILY=33ff64bd-afcc-4827-8d5a-1ab35c7e96b6.fam
OBJECTMODELPOINTER=31970f28-780e-4bf1-8adb-439f78c329a3.dev
KVALUE=0.000237
SPLIT=1
POINT0.BLHA=28.39175425,113.36683981,143.500,249.667673
POINT0.MATRIX0=-0.937693038,-0.347464771,-0.000000000,0.000000000,0.347464771,-0.937693038,-0.000000000,0.000000000,0.000000000,0.000000000,1.000000000,0.000000000,11.320733056,0.630100767,63.558003428,1.000000000
POINT1.BLHA=28.38706938,113.36490839,130.458,249.667673
POINT1.MATRIX0=-0.937693038,-0.347464771,-0.000000000,0.000000000,0.347464771,-0.937693038,0.000000000,0.000000000,-0.000000000,0.000000000,1.000000000,0.000000000,9.869321772,-0.619980001,54.558006240,1.000000000
