OBJECTMODELPOINTER=33777c94-e4b9-4947-906f-f84480f3cb99.dev
BASEFAMILY=340fe7f3-b83f-4453-b238-5dd11400d4a2.fam
BLHA=28.31435017,113.39267151,117.559440,4.996372
TRANSFORMMATRIX=0.000011307,-1.000000000,0.000016117,0.000000000,1.000000000,0.000011307,-0.000001002,0.000000000,0.000001001,0.000016117,1.000000000,0.000000000,6.408382039,102.874432617,49.715307519,1.000000000
ENTITYNAME=Wire_Device
