ENTITYNAME=WIRE
BASEFAMILY=3433cfe8-e404-44d8-9a3e-e92e73825781.fam
OBJECTMODELPOINTER=81b82497-164d-48c0-b1cb-18fa700dacdf.dev
KVALUE=0.094514
SPLIT=4
POINT0.BLHA=28.46846127,113.40263855,250.773,415.920157
POINT0.MATRIX0=0.828257519,0.560347644,0.000000000,0.000000000,-0.560347644,0.828257519,-0.000000000,0.000000000,0.000000000,0.000000000,1.000000000,0.000000000,8.478113712,8.997615235,29.493719066,1.000000000
POINT0.MATRIX1=0.828257519,0.560347644,0.000000000,0.000000000,-0.560347644,0.828257519,-0.000000000,0.000000000,0.000000000,0.000000000,1.000000000,0.000000000,8.601061172,9.737134602,29.999849522,1.000000000
POINT0.MATRIX2=0.828257519,0.560347644,0.000000000,0.000000000,-0.560347644,0.828257519,-0.000000000,0.000000000,0.000000000,0.000000000,1.000000000,0.000000000,9.097270452,9.677265230,29.999830449,1.000000000
POINT0.MATRIX3=0.828257519,0.560347644,0.000000000,0.000000000,-0.560347644,0.828257519,-0.000000000,0.000000000,0.000000000,0.000000000,1.000000000,0.000000000,8.974049251,8.938150485,29.493719065,1.000000000
POINT1.BLHA=28.46846127,113.40263855,250.773,415.920157
POINT1.MATRIX0=0.828257519,0.560347644,0.000000000,0.000000000,-0.560347644,0.828257519,-0.000000000,0.000000000,0.000000000,0.000000000,1.000000000,0.000000000,7.564827087,0.001283314,25.790000451,1.000000000
POINT1.MATRIX1=0.828257519,0.560347644,0.000000000,0.000000000,-0.560347644,0.828257519,-0.000000000,0.000000000,0.000000000,0.000000000,1.000000000,0.000000000,7.564827087,0.001283314,26.240000451,1.000000000
POINT1.MATRIX2=0.828257519,0.560347644,0.000000000,0.000000000,-0.560347644,0.828257519,-0.000000000,0.000000000,0.000000000,0.000000000,1.000000000,0.000000000,8.014826976,0.001283171,26.240000451,1.000000000
POINT1.MATRIX3=0.828257519,0.560347644,0.000000000,0.000000000,-0.560347644,0.828257519,-0.000000000,0.000000000,0.000000000,0.000000000,1.000000000,0.000000000,8.014826976,0.001283171,25.790000451,1.000000000
