OBJECTMODELPOINTER=33777c94-e4b9-4947-906f-f84480f3cb99.dev
BASEFAMILY=343ef592-1d5c-41b8-8593-f642ab223fc5.fam
BLHA=28.28708442,113.44692142,57.763329,308.127846
TRANSFORMMATRIX=0.000946590,-0.999999552,0.000016585,0.000000000,0.999999552,0.000946590,0.000001626,0.000000000,-0.000001642,0.000016584,1.000000000,0.000000000,-10.726169536,105.540062106,47.175883226,1.000000000
ENTITYNAME=Wire_Device
