OBJECTMODELPOINTER=33777c94-e4b9-4947-906f-f84480f3cb99.dev
BASEFAMILY=34404852-29f7-4d15-9cc1-d71576aecd30.fam
BLHA=28.51174980,113.46636581,279.463297,210.734491
TRANSFORMMATRIX=0.006998629,-0.999975507,0.000070760,0.000000000,0.999975509,0.006998629,0.000001659,0.000000000,-0.000002154,0.000070747,0.999999997,0.000000000,-12.668961354,450.952133642,-13.644444951,1.000000000
ENTITYNAME=Wire_Device
