OBJECTMODELPOINTER=33777c94-e4b9-4947-906f-f84480f3cb99.dev
BASEFAMILY=34437a77-cbac-4b97-8af6-3ac78c2d1691.fam
BLHA=28.59994740,113.47379389,183.494205,294.633001
TRANSFORMMATRIX=0.001029837,-0.999999470,0.000005442,0.000000000,0.999999470,0.001029837,-0.000002075,0.000000000,0.000002070,0.000005444,1.000000000,0.000000000,13.132569903,34.576895614,49.812595558,1.000000000
ENTITYNAME=Wire_Device
