OBJECTMODELPOINTER=22586efe-c613-4d28-bf63-36c573f88be7.dev
BASEFAMILY=3449a475-acaa-4572-b7b5-6bffc961e211.fam
TRANSFORMMATRIX=-0.999995847,0.002881450,0.000000002,0.000000000,-0.002881450,-0.999995850,0.000000003,0.000000000,-0.000000000,0.000000000,1.000000000,0.000000000,11.500000000,0.000000000,79.100000000,1.000000000
ENTITYNAME=Tower_Device
