OBJECTMODELPOINTER=33777c94-e4b9-4947-906f-f84480f3cb99.dev
BASEFAMILY=345881a7-50f0-4272-b8cd-c8e0d5686b4a.fam
BLHA=28.57262295,113.49015944,261.228990,312.996987
TRANSFORMMATRIX=0.000027983,-0.999999997,0.000073268,0.000000000,1.000000000,0.000027983,0.000002212,0.000000000,-0.000002214,0.000073267,0.999999997,0.000000000,-15.305269168,466.431857071,28.499225696,1.000000000
ENTITYNAME=Wire_Device
