OBJECTMODELPOINTER=33777c94-e4b9-4947-906f-f84480f3cb99.dev
BASEFAMILY=34638176-9e55-4a2f-91d5-09f7d6259e6f.fam
BLHA=28.32474464,113.37442409,71.722945,330.514691
TRANSFORMMATRIX=-0.326227775,-0.945291192,0.000006780,0.000000000,0.945291193,-0.326227775,-0.000001058,0.000000000,0.000003212,0.000006064,1.000000000,0.000000000,20.332998986,38.610246031,51.537551462,1.000000000
ENTITYNAME=Wire_Device
