OBJECTMODELPOINTER=33777c94-e4b9-4947-906f-f84480f3cb99.dev
BASEFAMILY=34670a25-72ab-4a9e-b876-1cc6b9c28b8a.fam
BLHA=28.26907527,113.47529619,67.190721,514.001895
TRANSFORMMATRIX=-0.371972447,0.928243771,0.000005600,0.000000000,-0.928243771,-0.371972447,-0.000001963,0.000000000,0.000000262,-0.000005929,1.000000000,0.000000000,1.736187445,-37.808521031,47.332301818,1.000000000
ENTITYNAME=Wire_Device
