OBJECTMODELPOINTER=33777c94-e4b9-4947-906f-f84480f3cb99.dev
BASEFAMILY=3476ad12-a040-49e8-b920-7bd8101b5322.fam
BLHA=28.32474464,113.37442409,71.722945,330.514691
TRANSFORMMATRIX=-0.335737275,-0.941955669,0.000027525,0.000000000,0.941955669,-0.335737275,0.000001612,0.000000000,0.000007723,0.000026468,1.000000000,0.000000000,48.724112098,168.624931158,29.214601631,1.000000000
ENTITYNAME=Wire_Device
