OBJECTMODELPOINTER=33777c94-e4b9-4947-906f-f84480f3cb99.dev
BASEFAMILY=34821487-e79f-4a40-b463-b097fa0a7e3f.fam
BLHA=28.76565082,113.47002463,165.077698,236.227775
TRANSFORMMATRIX=-0.000000744,-1.000000000,0.000004336,0.000000000,1.000000000,-0.000000744,0.000000033,0.000000000,-0.000000033,0.000004336,1.000000000,0.000000000,-0.147497629,27.578746970,43.512333365,1.000000000
ENTITYNAME=Wire_Device
