OBJECTMODELPOINTER=33777c94-e4b9-4947-906f-f84480f3cb99.dev
BASEFAMILY=34837ea4-ffa0-4ade-adda-40e899b91ef6.fam
BLHA=28.31470596,113.39701913,83.588909,4.996372
TRANSFORMMATRIX=-0.003292104,-0.999994580,0.000045272,0.000000000,0.999994581,-0.003292104,-0.000000992,0.000000000,0.000001141,0.000045268,0.999999999,0.000000000,7.375326794,288.939873970,25.056328830,1.000000000
ENTITYNAME=Wire_Device
