OBJECTMODELPOINTER=33777c94-e4b9-4947-906f-f84480f3cb99.dev
BASEFAMILY=3486b20d-fe25-4756-be8c-6e5d7f2f6548.fam
BLHA=28.80679371,113.51083278,186.898436,227.348291
TRANSFORMMATRIX=-0.000014777,-0.999999999,0.000035704,0.000000000,1.000000000,-0.000014777,0.000000243,0.000000000,-0.000000242,0.000035704,0.999999999,0.000000000,-0.959581459,227.271162533,37.580385317,1.000000000
ENTITYNAME=Wire_Device
