ENTITYNAME=WIRE
BASEFAMILY=348879bb-5414-477d-8238-d6b3fe2abcc2.fam
OBJECTMODELPOINTER=81b82497-164d-48c0-b1cb-18fa700dacdf.dev
KVALUE=0.000000
SPLIT=4
POINT0.BLHA=28.51284150,113.46842369,376.044,210.734491
POINT0.MATRIX0=-0.511060437,-0.859544780,0.000000000,0.000000000,0.859544780,-0.511060437,-0.000000000,0.000000000,-0.000000000,-0.000000000,1.000000000,0.000000000,12.955073816,-0.001685802,37.000000835,1.000000000
POINT0.MATRIX1=-0.511060437,-0.859544780,0.000000000,0.000000000,0.859544780,-0.511060437,-0.000000000,0.000000000,-0.000000000,-0.000000000,1.000000000,0.000000000,12.955073815,-0.001685801,37.449997783,1.000000000
POINT0.MATRIX2=-0.511060437,-0.859544780,0.000000000,0.000000000,0.859544780,-0.511060437,-0.000000000,0.000000000,-0.000000000,-0.000000000,1.000000000,0.000000000,12.504956263,0.001788703,37.449997783,1.000000000
POINT0.MATRIX3=-0.511060437,-0.859544780,0.000000000,0.000000000,0.859544780,-0.511060437,-0.000000000,0.000000000,-0.000000000,-0.000000000,1.000000000,0.000000000,12.504956263,0.001788702,37.000000834,1.000000000
POINT1.BLHA=28.51284150,113.46842369,376.044,210.734491
POINT1.MATRIX0=-0.511060437,-0.859544780,0.000000000,0.000000000,0.859544780,-0.511060437,-0.000000000,0.000000000,-0.000000000,-0.000000000,1.000000000,0.000000000,12.955959767,0.108312477,37.000000834,1.000000000
POINT1.MATRIX1=-0.511060437,-0.859544780,0.000000000,0.000000000,0.859544780,-0.511060437,-0.000000000,0.000000000,-0.000000000,-0.000000000,1.000000000,0.000000000,12.955959766,0.108312477,37.449997782,1.000000000
POINT1.MATRIX2=-0.511060437,-0.859544780,0.000000000,0.000000000,0.859544780,-0.511060437,-0.000000000,0.000000000,-0.000000000,-0.000000000,1.000000000,0.000000000,12.505842213,0.111786982,37.449997783,1.000000000
POINT1.MATRIX3=-0.511060437,-0.859544780,0.000000000,0.000000000,0.859544780,-0.511060437,-0.000000000,0.000000000,-0.000000000,-0.000000000,1.000000000,0.000000000,12.505842214,0.111786981,37.000000834,1.000000000
