ENTITYNAME=WIRE
BASEFAMILY=348f0512-8c69-4e66-b6df-c5abfbe06a3b.fam
OBJECTMODELPOINTER=81b82497-164d-48c0-b1cb-18fa700dacdf.dev
KVALUE=0.000377
SPLIT=4
POINT0.BLHA=28.68327588,113.45799727,190.105,276.549179
POINT0.MATRIX0=-0.993474323,0.114055990,-0.000000000,0.000000000,-0.114055990,-0.993474323,-0.000000000,0.000000000,-0.000000000,0.000000000,1.000000000,0.000000000,-7.270182842,9.453482877,28.471041757,1.000000000
POINT0.MATRIX1=-0.993474323,0.114055990,-0.000000000,0.000000000,-0.114055990,-0.993474323,-0.000000000,0.000000000,-0.000000000,0.000000000,1.000000000,0.000000000,-7.271781594,10.275435270,28.801035959,1.000000000
POINT0.MATRIX2=-0.993474323,0.114055990,-0.000000000,0.000000000,-0.114055990,-0.993474323,-0.000000000,0.000000000,-0.000000000,0.000000000,1.000000000,0.000000000,-7.771573403,10.274818306,28.800791818,1.000000000
POINT0.MATRIX3=-0.993474323,0.114055990,-0.000000000,0.000000000,-0.114055990,-0.993474323,-0.000000000,0.000000000,-0.000000000,0.000000000,1.000000000,0.000000000,-7.769984541,9.453850026,28.471377451,1.000000000
POINT1.BLHA=28.68060600,113.45831192,164.595,275.673275
POINT1.MATRIX0=-0.995101789,0.098855601,0.000000000,0.000000000,-0.098855601,-0.995101789,0.000000000,0.000000000,0.000000000,0.000000000,1.000000000,0.000000000,-12.507176714,-0.723771087,43.741102959,1.000000000
POINT1.MATRIX1=-0.995101789,0.098855601,0.000000000,0.000000000,-0.098855601,-0.995101789,0.000000000,0.000000000,0.000000000,0.000000000,1.000000000,0.000000000,-12.507176714,-0.723771087,44.191099908,1.000000000
POINT1.MATRIX2=-0.995101789,0.098855601,0.000000000,0.000000000,-0.098855601,-0.995101789,0.000000000,0.000000000,0.000000000,0.000000000,1.000000000,0.000000000,-12.957134732,-0.716363307,44.191099907,1.000000000
POINT1.MATRIX3=-0.995101789,0.098855601,0.000000000,0.000000000,-0.098855601,-0.995101789,0.000000000,0.000000000,0.000000000,0.000000000,1.000000000,0.000000000,-12.957134732,-0.716363307,43.741102958,1.000000000
