OBJECTMODELPOINTER=33777c94-e4b9-4947-906f-f84480f3cb99.dev
BASEFAMILY=349546da-7934-4321-aafc-3752a9ed0ccb.fam
BLHA=28.31411764,113.38983103,66.771612,527.133635
TRANSFORMMATRIX=0.475366334,0.879787956,0.000000063,0.000000000,-0.879787956,0.475366334,-0.000001659,0.000000000,-0.000001489,0.000000733,1.000000000,0.000000000,-9.465495442,4.689082732,25.445559737,1.000000000
ENTITYNAME=Wire_Device
