OBJECTMODELPOINTER=33777c94-e4b9-4947-906f-f84480f3cb99.dev
BASEFAMILY=349e082c-81e0-48bf-8ca6-9e25574392b2.fam
BLHA=28.31498130,113.40038482,72.539572,2.946268
TRANSFORMMATRIX=-0.203171932,-0.979143077,-0.000000445,0.000000000,0.979143077,-0.203171932,-0.000001698,0.000000000,0.000001572,-0.000000780,1.000000000,0.000000000,9.982068530,-4.977178195,31.763971356,1.000000000
ENTITYNAME=Wire_Device
