OBJECTMODELPOINTER=33777c94-e4b9-4947-906f-f84480f3cb99.dev
BASEFAMILY=34aa2f06-a253-4c3d-a3cc-5a37879dfeb8.fam
BLHA=28.77401473,113.47631208,189.623101,236.227775
TRANSFORMMATRIX=0.002108562,-0.999997776,0.000048443,0.000000000,0.999997777,0.002108563,0.000002191,0.000000000,-0.000002293,0.000048438,0.999999999,0.000000000,-13.879611007,308.057059576,4.709489841,1.000000000
ENTITYNAME=Wire_Device
