OBJECTMODELPOINTER=33777c94-e4b9-4947-906f-f84480f3cb99.dev
BASEFAMILY=34b3842b-519c-44c5-a47e-63ce71f38584.fam
BLHA=28.50209029,113.44375287,199.020645,200.251669
TRANSFORMMATRIX=0.005066080,-0.999987167,0.000005494,0.000000000,0.999987167,0.005066080,-0.000002062,0.000000000,0.000002034,0.000005504,1.000000000,0.000000000,12.983948355,35.138990062,54.491962151,1.000000000
ENTITYNAME=Wire_Device
