OBJECTMODELPOINTER=33777c94-e4b9-4947-906f-f84480f3cb99.dev
BASEFAMILY=34cda0b6-9473-4ed6-a6ee-287ca203601e.fam
BLHA=28.52807252,113.49714509,416.575795,210.734491
TRANSFORMMATRIX=-0.003529384,-0.999993771,0.000037605,0.000000000,0.999993772,-0.003529384,-0.000001622,0.000000000,0.000001754,0.000037599,0.999999999,0.000000000,11.706865591,239.709692553,1.978300974,1.000000000
ENTITYNAME=Wire_Device
