OBJECTMODELPOINTER=45c25823-cf5c-4ffc-929f-c947a089e1ec.dev
BASEFAMILY=34d0b151-62fe-4cf9-92df-12a0996f3f3b.fam
TRANSFORMMATRIX=-0.001652690,0.999998268,-0.000000748,0.000000000,-0.999999000,-0.001653088,-0.000001462,0.000000000,0.000000000,-0.000000000,1.000000000,0.000000000,11.870000000,-0.000000000,48.000000000,1.000000000
ENTITYNAME=Tower_Device
