OBJECTMODELPOINTER=33777c94-e4b9-4947-906f-f84480f3cb99.dev
BASEFAMILY=34dd55c1-38b2-4a21-b961-578c6af2a7c3.fam
BLHA=28.28033977,113.46346380,83.899072,326.450928
TRANSFORMMATRIX=-0.242373693,-0.970182968,0.000038618,0.000000000,0.970182969,-0.242373693,0.000001946,0.000000000,0.000007473,0.000037939,0.999999999,0.000000000,46.944909400,241.664713233,47.078083936,1.000000000
ENTITYNAME=Wire_Device
