OBJECTMODELPOINTER=33777c94-e4b9-4947-906f-f84480f3cb99.dev
BASEFAMILY=34e6217a-1796-4fb2-8dd7-2c4d98de907a.fam
BLHA=28.72353047,113.45260943,123.369332,283.291091
TRANSFORMMATRIX=0.000007420,-0.999999999,0.000039443,0.000000000,1.000000000,0.000007420,0.000001994,0.000000000,-0.000001995,0.000039443,0.999999999,0.000000000,-13.020020017,250.559211483,45.757304018,1.000000000
ENTITYNAME=Wire_Device
