OBJECTMODELPOINTER=33777c94-e4b9-4947-906f-f84480f3cb99.dev
BASEFAMILY=34fcc587-3133-4518-a494-74a87470c008.fam
BLHA=28.38255325,113.36304670,117.224132,441.473487
TRANSFORMMATRIX=-0.204735881,0.978817254,0.000041115,0.000000000,-0.978817255,-0.204735881,-0.000001318,0.000000000,0.000007128,-0.000040515,0.999999999,0.000000000,45.294235506,-257.258409392,6.218735744,1.000000000
ENTITYNAME=Wire_Device
