OBJECTMODELPOINTER=33777c94-e4b9-4947-906f-f84480f3cb99.dev
BASEFAMILY=3544bbd1-03ad-4b2a-949e-06995a765cd1.fam
BLHA=28.31411764,113.38983103,66.771612,527.133635
TRANSFORMMATRIX=-0.442064128,0.896983448,0.000000050,0.000000000,-0.896983448,-0.442064128,-0.000001483,0.000000000,-0.000001307,-0.000000700,1.000000000,0.000000000,-8.301886152,-4.457954415,49.362992680,1.000000000
ENTITYNAME=Wire_Device
