OBJECTMODELPOINTER=33777c94-e4b9-4947-906f-f84480f3cb99.dev
BASEFAMILY=354cd905-3174-4ce4-897b-405a39f54d91.fam
BLHA=28.66842498,113.45991630,145.503245,277.610658
TRANSFORMMATRIX=0.004826557,-0.999988352,0.000005692,0.000000000,0.999988352,0.004826557,-0.000002065,0.000000000,0.000002038,0.000005701,1.000000000,0.000000000,12.981916718,36.200490887,55.408514455,1.000000000
ENTITYNAME=Wire_Device
