OBJECTMODELPOINTER=33777c94-e4b9-4947-906f-f84480f3cb99.dev
BASEFAMILY=354c9851-7b49-4527-92d8-09276c479d07.fam
BLHA=28.31411764,113.38983103,66.771612,527.133635
TRANSFORMMATRIX=-0.221417865,0.975179024,0.000001003,0.000000000,-0.975179024,-0.221417865,0.000001205,0.000000000,0.000001397,-0.000000712,1.000000000,0.000000000,8.881161766,-4.552020872,49.588758896,1.000000000
ENTITYNAME=Wire_Device
