OBJECTMODELPOINTER=33777c94-e4b9-4947-906f-f84480f3cb99.dev
BASEFAMILY=3555687f-7a09-4606-973b-02aa6a0f4cc4.fam
BLHA=28.53971514,113.51008635,497.099735,255.750198
TRANSFORMMATRIX=-0.001211639,-0.999999265,0.000049749,0.000000000,0.999999266,-0.001211639,0.000000264,0.000000000,-0.000000204,0.000049748,0.999999999,0.000000000,-0.910426379,316.028670565,-18.649823750,1.000000000
ENTITYNAME=Wire_Device
