OBJECTMODELPOINTER=025b0806-892d-44cb-b4c9-1e741a187b6e.dev
BASEFAMILY=356556c6-ab97-4a63-88e7-f39b5724174d.fam
TRANSFORMMATRIX=-0.026997959,0.153578873,-0.987767588,0.000000000,-0.984898802,-0.173130532,-0.000001119,0.000000000,-0.171012588,0.972851056,0.155934339,0.000000000,-6.000000000,-0.899999999,44.000000000,1.000000000
ENTITYNAME=Tower_Device
