OBJECTMODELPOINTER=5fde6104-dcf4-43e0-acc7-dd8aec9b3b50.dev
BASEFAMILY=356ab02c-99e2-40f6-afbf-67cfbdc936cf.fam
TRANSFORMMATRIX=-0.005038947,0.999987721,-0.000001265,0.000000000,-0.999986888,-0.005038888,0.000001040,0.000000000,-0.000000000,-0.000000000,1.000000000,0.000000000,13.319999999,0.000000000,62.999999999,1.000000000
ENTITYNAME=Tower_Device
