OBJECTMODELPOINTER=33777c94-e4b9-4947-906f-f84480f3cb99.dev
BASEFAMILY=356e405e-d076-42f9-8915-2dfa4a60c9ee.fam
BLHA=28.47322316,113.40714488,338.739938,229.813402
TRANSFORMMATRIX=0.002308696,-0.999997335,0.000005733,0.000000000,0.999997335,0.002308696,-0.000002049,0.000000000,0.000002035,0.000005738,1.000000000,0.000000000,13.057706602,36.548426488,42.514039022,1.000000000
ENTITYNAME=Wire_Device
