OBJECTMODELPOINTER=33777c94-e4b9-4947-906f-f84480f3cb99.dev
BASEFAMILY=356ffdca-9f1a-4469-9763-d20a687ed218.fam
BLHA=28.43346852,113.38186613,283.381825,242.026912
TRANSFORMMATRIX=0.010649550,-0.999943292,0.000027078,0.000000000,0.999943292,0.010649550,-0.000001802,0.000000000,0.000001513,0.000027095,1.000000000,0.000000000,10.018504789,172.279241886,-11.817753082,1.000000000
ENTITYNAME=Wire_Device
