OBJECTMODELPOINTER=2b93ebe5-53bc-4e40-92bb-6df5e07d62fe.dev
BASEFAMILY=357310d2-4fe3-40f5-a629-4801fff914ae.fam
TRANSFORMMATRIX=0.000000099,1.000000408,-0.000001341,0.000000000,-0.999999592,0.000000272,0.000000949,0.000000000,-0.000000000,-0.000000000,1.000000000,0.000000000,10.300000000,-4.000000000,44.800000000,1.000000000
ENTITYNAME=Tower_Device
