OBJECTMODELPOINTER=33777c94-e4b9-4947-906f-f84480f3cb99.dev
BASEFAMILY=35871625-9d18-4cb2-9fa2-a792bc4f299f.fam
BLHA=28.32474464,113.37442409,71.722945,330.514691
TRANSFORMMATRIX=-0.332924450,-0.942953504,0.000015956,0.000000000,0.942953504,-0.332924450,0.000001338,0.000000000,0.000004051,0.000015492,1.000000000,0.000000000,25.532691371,98.700169023,50.596340925,1.000000000
ENTITYNAME=Wire_Device
