OBJECTMODELPOINTER=33777c94-e4b9-4947-906f-f84480f3cb99.dev
BASEFAMILY=358e8063-9a6a-4658-8824-63f419d2ffcc.fam
BLHA=28.26907527,113.47529619,67.190721,514.001895
TRANSFORMMATRIX=-0.365815801,0.930687272,0.000042348,0.000000000,-0.930687273,-0.365815802,0.000001342,0.000000000,0.000016742,-0.000038922,0.999999999,0.000000000,106.919447305,-248.411684831,61.856896729,1.000000000
ENTITYNAME=Wire_Device
