ENTITYNAME=WIRE
BASEFAMILY=3592f922-4360-474c-bbfb-710378279273.fam
OBJECTMODELPOINTER=81b82497-164d-48c0-b1cb-18fa700dacdf.dev
KVALUE=0.000000
SPLIT=4
POINT0.BLHA=28.78468964,113.48433856,117.864,408.814230
POINT0.MATRIX0=0.752578474,0.658502575,-0.000000000,0.000000000,-0.658502575,0.752578474,-0.000000000,0.000000000,0.000000000,-0.000000000,1.000000000,0.000000000,7.564929532,0.001051901,25.790005135,1.000000000
POINT0.MATRIX1=0.752578474,0.658502575,-0.000000000,0.000000000,-0.658502575,0.752578474,-0.000000000,0.000000000,0.000000000,-0.000000000,1.000000000,0.000000000,7.564929532,0.001051901,26.240005138,1.000000000
POINT0.MATRIX2=0.752578474,0.658502575,-0.000000000,0.000000000,-0.658502575,0.752578474,-0.000000000,0.000000000,0.000000000,-0.000000000,1.000000000,0.000000000,8.014929479,0.001051852,26.240005138,1.000000000
POINT0.MATRIX3=0.752578474,0.658502575,-0.000000000,0.000000000,-0.658502575,0.752578474,-0.000000000,0.000000000,0.000000000,-0.000000000,1.000000000,0.000000000,8.014929478,0.001051852,25.790005134,1.000000000
POINT1.BLHA=28.78468964,113.48433856,117.864,408.814230
POINT1.MATRIX0=0.752578474,0.658502575,-0.000000000,0.000000000,-0.658502575,0.752578474,-0.000000000,0.000000000,0.000000000,-0.000000000,1.000000000,0.000000000,7.564929661,-0.000948276,25.790005135,1.000000000
POINT1.MATRIX1=0.752578474,0.658502575,-0.000000000,0.000000000,-0.658502575,0.752578474,-0.000000000,0.000000000,0.000000000,-0.000000000,1.000000000,0.000000000,7.564929662,-0.000948275,26.240005138,1.000000000
POINT1.MATRIX2=0.752578474,0.658502575,-0.000000000,0.000000000,-0.658502575,0.752578474,-0.000000000,0.000000000,0.000000000,-0.000000000,1.000000000,0.000000000,8.014929608,-0.000948325,26.240005139,1.000000000
POINT1.MATRIX3=0.752578474,0.658502575,-0.000000000,0.000000000,-0.658502575,0.752578474,-0.000000000,0.000000000,0.000000000,-0.000000000,1.000000000,0.000000000,8.014929608,-0.000948326,25.790005135,1.000000000
