OBJECTMODELPOINTER=33777c94-e4b9-4947-906f-f84480f3cb99.dev
BASEFAMILY=3594598c-ce44-4564-bafb-2b4fa9a83863.fam
BLHA=28.71274605,113.45447194,199.234978,264.887951
TRANSFORMMATRIX=-0.010321575,-0.999946730,0.000051313,0.000000000,0.999946731,-0.010321575,0.000002120,0.000000000,-0.000001589,0.000051333,0.999999999,0.000000000,-9.997381680,325.988257129,-4.915308271,1.000000000
ENTITYNAME=Wire_Device
