OBJECTMODELPOINTER=33777c94-e4b9-4947-906f-f84480f3cb99.dev
BASEFAMILY=35a25713-624b-4d50-b8e6-195c6738420e.fam
BLHA=28.30961923,113.43478171,54.752520,501.227736
TRANSFORMMATRIX=0.251526103,0.967850515,0.000033145,0.000000000,-0.967850515,0.251526103,0.000001791,0.000000000,-0.000006604,-0.000032529,0.999999999,0.000000000,-41.491053321,-207.106828940,52.881491967,1.000000000
ENTITYNAME=Wire_Device
