OBJECTMODELPOINTER=6f759eb2-eff0-48bb-af04-0a438d8d2e10.dev
BASEFAMILY=35ac3cef-573d-41a9-a3fc-eed2be5998ba.fam
TRANSFORMMATRIX=-0.999655286,0.026255099,-0.000000020,0.000000000,-0.026255092,-0.999655265,0.000000023,0.000000000,-0.000000000,-0.000000000,1.000000000,0.000000000,-11.950000000,-0.325000001,58.000000001,1.000000000
ENTITYNAME=Tower_Device
