OBJECTMODELPOINTER=33777c94-e4b9-4947-906f-f84480f3cb99.dev
BASEFAMILY=35c368ca-fb5c-48a5-b9e8-ff2b1044c34f.fam
BLHA=28.51511181,113.47270360,348.782405,210.734491
TRANSFORMMATRIX=-0.001241415,-0.999999227,0.000070513,0.000000000,0.999999229,-0.001241414,0.000002568,0.000000000,-0.000002481,0.000070516,0.999999997,0.000000000,-14.751690172,449.492391508,57.480066349,1.000000000
ENTITYNAME=Wire_Device
