OBJECTMODELPOINTER=3ff88eb3-19e2-45f0-957b-d280bcf7c9fd.dev
BASEFAMILY=35ca7b86-a53a-4556-ab07-c0c31958e6c4.fam
TRANSFORMMATRIX=0.035424832,-0.107608148,-0.993561925,0.000000000,-0.949851881,-0.312700612,-0.000000892,0.000000000,-0.310687779,0.943736409,-0.113290308,0.000000000,-12.100000000,-0.842000000,40.999999999,1.000000000
ENTITYNAME=Tower_Device
