OBJECTMODELPOINTER=33777c94-e4b9-4947-906f-f84480f3cb99.dev
BASEFAMILY=35dbc74c-12af-4b35-a433-f1e65c9a533a.fam
BLHA=28.31470596,113.39701913,83.588909,4.996372
TRANSFORMMATRIX=-0.003313685,-0.999994510,0.000005057,0.000000000,0.999994510,-0.003313685,-0.000001210,0.000000000,0.000001227,0.000005053,1.000000000,0.000000000,7.805302682,32.255006764,54.584972859,1.000000000
ENTITYNAME=Wire_Device
