OBJECTMODELPOINTER=33777c94-e4b9-4947-906f-f84480f3cb99.dev
BASEFAMILY=35e37e6c-92ed-46a3-8798-7639e0987786.fam
BLHA=28.37974338,113.36324559,104.024514,459.829193
TRANSFORMMATRIX=-0.107358320,0.994220393,0.000026500,0.000000000,-0.994220394,-0.107358320,-0.000001412,0.000000000,0.000001441,-0.000026499,1.000000000,0.000000000,9.346820482,-168.299827417,4.112898453,1.000000000
ENTITYNAME=Wire_Device
