OBJECTMODELPOINTER=33777c94-e4b9-4947-906f-f84480f3cb99.dev
BASEFAMILY=35e4c2c9-ea27-4d44-b0b3-d3aed325f9cd.fam
BLHA=28.71568525,113.45475484,179.580025,274.089521
TRANSFORMMATRIX=-0.146875776,-0.989154946,0.000006397,0.000000000,0.989154946,-0.146875776,0.000001216,0.000000000,-0.000000263,0.000006507,1.000000000,0.000000000,-1.694575787,41.316331315,28.611820963,1.000000000
ENTITYNAME=Wire_Device
