OBJECTMODELPOINTER=7346df9f-b313-44a0-bd87-131ff8198000.dev
BASEFAMILY=35e74a25-51a4-46f1-bf09-fd6b655abd2e.fam
TRANSFORMMATRIX=-0.007309557,0.040906295,-0.999136442,0.000000000,-0.984411768,-0.175878047,-0.000001198,0.000000000,-0.175726071,0.983561678,0.041554476,0.000000000,7.500000000,-0.738000000,53.300000000,1.000000000
ENTITYNAME=Tower_Device
