OBJECTMODELPOINTER=33777c94-e4b9-4947-906f-f84480f3cb99.dev
BASEFAMILY=3601e8ac-65d3-40fd-9a01-b3ac4ebc6994.fam
BLHA=28.37348418,113.36536629,69.677902,286.379084
TRANSFORMMATRIX=0.018752947,-0.999824147,0.000035992,0.000000000,0.999824148,0.018752947,-0.000001726,0.000000000,0.000001051,0.000036018,0.999999999,0.000000000,6.379075142,228.795967690,19.346018206,1.000000000
ENTITYNAME=Wire_Device
