OBJECTMODELPOINTER=33777c94-e4b9-4947-906f-f84480f3cb99.dev
BASEFAMILY=36096410-d037-457d-8e08-5209bb7df08a.fam
BLHA=28.30786495,113.43629033,62.969533,307.005893
TRANSFORMMATRIX=0.000002575,-1.000000000,0.000005648,0.000000000,1.000000000,0.000002575,-0.000001119,0.000000000,0.000001120,0.000005648,1.000000000,0.000000000,7.042525950,35.915298010,33.921538449,1.000000000
ENTITYNAME=Wire_Device
