OBJECTMODELPOINTER=33777c94-e4b9-4947-906f-f84480f3cb99.dev
BASEFAMILY=360ef4b6-c38b-4ca8-992b-0ff9c14ff45e.fam
BLHA=28.65134658,113.46259240,159.100648,277.610658
TRANSFORMMATRIX=0.000004551,-0.999999999,0.000051906,0.000000000,1.000000000,0.000004551,0.000002057,0.000000000,-0.000002057,0.000051906,0.999999999,0.000000000,-13.352557047,329.657814905,21.082114178,1.000000000
ENTITYNAME=Wire_Device
