OBJECTMODELPOINTER=842cd3bf-9824-45cd-b9fb-d94bcacb7fd6.dev
BASEFAMILY=36101e57-b1f8-40fc-b0f9-f2fba134c519.fam
TRANSFORMMATRIX=-0.006800902,-0.045802458,-0.998927291,0.000000000,0.989154465,-0.146879523,-0.000001132,0.000000000,-0.146722443,-0.988093258,0.046305927,0.000000000,-7.500000000,0.953000000,29.999999999,1.000000000
ENTITYNAME=Tower_Device
