OBJECTMODELPOINTER=33777c94-e4b9-4947-906f-f84480f3cb99.dev
BASEFAMILY=361bcabb-2eaa-4a55-8ff8-e96bffab8cf9.fam
BLHA=28.40635362,113.37217651,164.659139,254.006183
TRANSFORMMATRIX=0.000074253,-0.999999997,0.000006874,0.000000000,0.999999997,0.000074253,0.000000045,0.000000000,-0.000000045,0.000006874,1.000000000,0.000000000,-0.230632155,43.666433930,31.310404531,1.000000000
ENTITYNAME=Wire_Device
