OBJECTMODELPOINTER=33777c94-e4b9-4947-906f-f84480f3cb99.dev
BASEFAMILY=36329d31-5ea3-43ce-ab25-269f07e57154.fam
BLHA=28.26851271,113.48351910,83.112496,355.334735
TRANSFORMMATRIX=0.005703946,-0.999983732,0.000016101,0.000000000,0.999983732,0.005703946,-0.000001175,0.000000000,0.000001084,0.000016108,1.000000000,0.000000000,6.836419942,102.810897773,39.185379309,1.000000000
ENTITYNAME=Wire_Device
