OBJECTMODELPOINTER=33777c94-e4b9-4947-906f-f84480f3cb99.dev
BASEFAMILY=363574fe-d14f-49c7-a622-e451b976a272.fam
BLHA=28.28149698,113.45977476,95.758412,340.232800
TRANSFORMMATRIX=0.003176417,-0.999994955,0.000029500,0.000000000,0.999994955,0.003176417,0.000001218,0.000000000,-0.000001312,0.000029496,1.000000000,0.000000000,-8.644544253,188.179817611,45.813316880,1.000000000
ENTITYNAME=Wire_Device
