OBJECTMODELPOINTER=33777c94-e4b9-4947-906f-f84480f3cb99.dev
BASEFAMILY=364b3ec6-3068-45a6-9bc7-2fd244f1ab6b.fam
BLHA=28.31534552,113.42043692,48.733934,348.172871
TRANSFORMMATRIX=-0.219583316,-0.975593750,0.000050499,0.000000000,0.975593751,-0.219583316,-0.000000984,0.000000000,0.000012049,0.000049049,0.999999999,0.000000000,76.196931385,312.940833839,62.774570987,1.000000000
ENTITYNAME=Wire_Device
