OBJECTMODELPOINTER=33777c94-e4b9-4947-906f-f84480f3cb99.dev
BASEFAMILY=3666a1b0-df8d-4688-a1e3-6b5758000d38.fam
BLHA=28.62772353,113.46582002,199.212660,273.436520
TRANSFORMMATRIX=-0.001502885,-0.999998870,0.000039659,0.000000000,0.999998871,-0.001502885,-0.000001695,0.000000000,0.000001755,0.000039656,0.999999999,0.000000000,11.123690620,251.833018861,12.361982790,1.000000000
ENTITYNAME=Wire_Device
