OBJECTMODELPOINTER=33777c94-e4b9-4947-906f-f84480f3cb99.dev
BASEFAMILY=368ac7e7-0e34-42d7-8cbe-ec1c65bc76c7.fam
BLHA=28.73032666,113.45294372,113.432437,258.301958
TRANSFORMMATRIX=0.002120309,-0.999997752,0.000016725,0.000000000,0.999997752,0.002120309,0.000000097,0.000000000,-0.000000133,0.000016726,1.000000000,0.000000000,-0.738379080,106.232675041,42.490038389,1.000000000
ENTITYNAME=Wire_Device
