OBJECTMODELPOINTER=33777c94-e4b9-4947-906f-f84480f3cb99.dev
BASEFAMILY=368c0606-d214-458a-9bed-f6b70082b749.fam
BLHA=28.31534552,113.42043692,48.733934,348.172871
TRANSFORMMATRIX=-0.218407216,-0.975857719,0.000028907,0.000000000,0.975857719,-0.218407216,-0.000001260,0.000000000,0.000007543,0.000027934,1.000000000,0.000000000,47.719134281,178.215154936,28.015360683,1.000000000
ENTITYNAME=Wire_Device
