OBJECTMODELPOINTER=0e312739-8609-4a3d-966c-75d05d59356d.dev
BASEFAMILY=36a3212f-ef20-428f-910e-bea59a372b0f.fam
TRANSFORMMATRIX=-1.000000000,0.000000000,-0.000000000,0.000000000,-0.000000000,-1.000000000,-0.000000000,0.000000000,0.000000000,0.000000000,1.000000000,0.000000000,7.369243383,7.369736805,-0.000006066,1.000000000
ENTITYNAME=Tower_Device
