OBJECTMODELPOINTER=33777c94-e4b9-4947-906f-f84480f3cb99.dev
BASEFAMILY=36aff9f1-55a3-4751-9e2b-c4f44b7bbe1a.fam
BLHA=28.67276970,113.45923535,192.994115,456.641966
TRANSFORMMATRIX=-0.004944938,0.999987772,0.000061549,0.000000000,-0.999987774,-0.004944938,-0.000000937,0.000000000,-0.000000632,-0.000061553,0.999999998,0.000000000,-3.802933919,-390.906391640,0.723539033,1.000000000
ENTITYNAME=Wire_Device
