OBJECTMODELPOINTER=33777c94-e4b9-4947-906f-f84480f3cb99.dev
BASEFAMILY=36b90b69-16ef-47a4-aec3-fc9fa5c6c34a.fam
BLHA=28.64279778,113.46393161,145.776199,277.610658
TRANSFORMMATRIX=-0.005767146,-0.999983370,0.000004790,0.000000000,0.999983370,-0.005767146,-0.000001841,0.000000000,0.000001869,0.000004779,1.000000000,0.000000000,11.907783719,30.342709332,34.038677099,1.000000000
ENTITYNAME=Wire_Device
