OBJECTMODELPOINTER=33777c94-e4b9-4947-906f-f84480f3cb99.dev
BASEFAMILY=36d92416-acdc-4e64-96c1-f4a56e40630a.fam
BLHA=28.73032666,113.45294372,113.432437,258.301958
TRANSFORMMATRIX=-0.012647161,-0.999920021,0.000004532,0.000000000,0.999920021,-0.012647161,0.000002113,0.000000000,-0.000002055,0.000004558,1.000000000,0.000000000,-13.087643440,28.938043827,52.379151177,1.000000000
ENTITYNAME=Wire_Device
