OBJECTMODELPOINTER=33777c94-e4b9-4947-906f-f84480f3cb99.dev
BASEFAMILY=36dd96c6-076b-4ece-82b7-783aa7aa4004.fam
BLHA=28.32529000,113.37096013,66.626202,509.137564
TRANSFORMMATRIX=0.513924238,0.857835577,-0.000000001,0.000000000,-0.857835577,0.513924238,-0.000001413,0.000000000,-0.000001212,0.000000727,1.000000000,0.000000000,-7.712448948,4.653598632,25.297873243,1.000000000
ENTITYNAME=Wire_Device
