OBJECTMODELPOINTER=33777c94-e4b9-4947-906f-f84480f3cb99.dev
BASEFAMILY=36e12c35-0b43-4f2d-b8ab-1104b8f05d47.fam
BLHA=28.30070252,113.44082959,73.741833,287.794387
TRANSFORMMATRIX=0.001910544,-0.999998175,0.000005542,0.000000000,0.999998175,0.001910544,0.000001189,0.000000000,-0.000001199,0.000005540,1.000000000,0.000000000,-7.704118622,35.205740184,34.544512318,1.000000000
ENTITYNAME=Wire_Device
