OBJECTMODELPOINTER=33777c94-e4b9-4947-906f-f84480f3cb99.dev
BASEFAMILY=36eb362c-c9c5-4279-82a7-3cebc04f747d.fam
BLHA=28.29509828,113.44289412,61.743516,287.794387
TRANSFORMMATRIX=0.000011249,-0.999999998,0.000060637,0.000000000,1.000000000,0.000011249,0.000001357,0.000000000,-0.000001358,0.000060637,0.999999998,0.000000000,-9.249418342,385.234076366,16.723220888,1.000000000
ENTITYNAME=Wire_Device
