OBJECTMODELPOINTER=40c99baf-f1d6-45d9-a9aa-695904a580d6.dev
BASEFAMILY=36efe981-4d42-40ba-80f4-2f16432e4834.fam
TRANSFORMMATRIX=0.001670178,-0.999998195,0.000001139,0.000000000,0.999999016,0.001670039,-0.000001186,0.000000000,0.000000000,-0.000000000,1.000000000,0.000000000,12.730000000,-0.600000001,44.999999999,1.000000000
ENTITYNAME=Tower_Device
