OBJECTMODELPOINTER=33777c94-e4b9-4947-906f-f84480f3cb99.dev
BASEFAMILY=36f73e8e-7b75-4fd3-ba6c-b54261f650fa.fam
BLHA=28.31529425,113.41760444,47.126172,0.896163
TRANSFORMMATRIX=0.008997036,-0.999959525,0.000036490,0.000000000,0.999959526,0.008997036,0.000001672,0.000000000,-0.000002000,0.000036473,0.999999999,0.000000000,-12.685176463,232.807692920,43.497678882,1.000000000
ENTITYNAME=Wire_Device
