OBJECTMODELPOINTER=33777c94-e4b9-4947-906f-f84480f3cb99.dev
BASEFAMILY=37028988-6b7f-4f15-8be1-831cf7070cde.fam
BLHA=28.75094621,113.45897359,113.766966,236.227775
TRANSFORMMATRIX=0.011585796,-0.999932882,0.000025310,0.000000000,0.999932882,0.011585796,-0.000001688,0.000000000,0.000001395,0.000025328,1.000000000,0.000000000,9.272465795,161.117621245,21.317410322,1.000000000
ENTITYNAME=Wire_Device
