OBJECTMODELPOINTER=13a78437-ad2c-452a-8fd1-0733d19ccb25.dev
BASEFAMILY=3704dfc1-3d27-4dbe-b637-5d2867ddc2c6.fam
TRANSFORMMATRIX=0.000000000,1.000000000,0.000000000,0.000000000,-1.000000000,0.000000000,-0.000000000,0.000000000,0.000000000,0.000000000,1.000000000,0.000000000,5.396493303,-5.396617785,-0.000000730,1.000000000
ENTITYNAME=Tower_Device
