OBJECTMODELPOINTER=33777c94-e4b9-4947-906f-f84480f3cb99.dev
BASEFAMILY=371f64f8-2a92-4e40-9c48-37283f762ef3.fam
BLHA=28.36075913,113.35996262,84.531423,278.143009
TRANSFORMMATRIX=0.000002969,-1.000000000,0.000005381,0.000000000,1.000000000,0.000002969,0.000000028,0.000000000,-0.000000028,0.000005380,1.000000000,0.000000000,-0.206063398,34.172134777,41.769087555,1.000000000
ENTITYNAME=Wire_Device
