OBJECTMODELPOINTER=33777c94-e4b9-4947-906f-f84480f3cb99.dev
BASEFAMILY=3720ff95-066b-4b0f-8f3c-e16bce33b610.fam
BLHA=28.32292443,113.37625760,67.775568,311.415680
TRANSFORMMATRIX=-0.003223574,-0.999994804,0.000005089,0.000000000,0.999994804,-0.003223574,-0.000001136,0.000000000,0.000001152,0.000005085,1.000000000,0.000000000,7.254047163,32.344926018,35.566780649,1.000000000
ENTITYNAME=Wire_Device
