OBJECTMODELPOINTER=7feb30e6-5939-46e5-9103-3c31b117c5f6.dev
BASEFAMILY=37251b00-e528-4a0c-bf1e-8484c74b6345.fam
TRANSFORMMATRIX=0.000000372,-0.999999656,0.000000862,0.000000000,1.000000344,-0.000000094,-0.000001398,0.000000000,-0.000000000,-0.000000000,1.000000000,0.000000000,-11.870000000,-0.600000000,39.000000000,1.000000000
ENTITYNAME=Tower_Device
