OBJECTMODELPOINTER=33777c94-e4b9-4947-906f-f84480f3cb99.dev
BASEFAMILY=3741202a-a1c2-4b7c-81a3-d3f0ffe1ce9d.fam
BLHA=28.81363020,113.51792493,127.559863,396.804576
TRANSFORMMATRIX=-0.175090264,0.984552385,0.000017550,0.000000000,-0.984552385,-0.175090264,-0.000001146,0.000000000,0.000001944,-0.000017480,1.000000000,0.000000000,12.094257973,-111.342853493,22.143636906,1.000000000
ENTITYNAME=Wire_Device
