OBJECTMODELPOINTER=33777c94-e4b9-4947-906f-f84480f3cb99.dev
BASEFAMILY=3742c4e1-908b-4a29-96f5-8d969d2df945.fam
BLHA=28.38706938,113.36490839,130.458199,249.667673
TRANSFORMMATRIX=-0.000002363,-1.000000000,0.000004992,0.000000000,1.000000000,-0.000002363,0.000000039,0.000000000,-0.000000038,0.000004992,1.000000000,0.000000000,-0.192694131,31.716702894,41.248894633,1.000000000
ENTITYNAME=Wire_Device
