OBJECTMODELPOINTER=7345fe73-9261-47df-ad8a-27bfa6cea51a.dev
BASEFAMILY=37432cbe-c382-4c32-8ac3-4538cfb459be.fam
TRANSFORMMATRIX=-0.010894001,0.999940464,-0.000001557,0.000000000,-0.999940862,-0.010893268,-0.000000495,0.000000000,0.000000000,-0.000000000,1.000000000,0.000000000,13.320000000,0.000000000,63.000000000,1.000000000
ENTITYNAME=Tower_Device
