OBJECTMODELPOINTER=33777c94-e4b9-4947-906f-f84480f3cb99.dev
BASEFAMILY=37562a7f-d480-410e-9ba7-ad241186a340.fam
BLHA=28.63586389,113.46501767,148.649697,277.610658
TRANSFORMMATRIX=0.015978618,-0.999872333,0.000036170,0.000000000,0.999872334,0.015978618,-0.000001726,0.000000000,0.000001148,0.000036192,0.999999999,0.000000000,7.172063852,229.847724308,43.312511334,1.000000000
ENTITYNAME=Wire_Device
