OBJECTMODELPOINTER=33777c94-e4b9-4947-906f-f84480f3cb99.dev
BASEFAMILY=3757f55f-1007-4a1f-93d6-45ecf20d75e2.fam
BLHA=28.31566161,113.38686189,71.437616,329.270898
TRANSFORMMATRIX=0.002481723,-0.999996920,0.000005103,0.000000000,0.999996921,0.002481723,0.000001504,0.000000000,-0.000001517,0.000005099,1.000000000,0.000000000,-9.719656785,32.523310337,46.583038883,1.000000000
ENTITYNAME=Wire_Device
