OBJECTMODELPOINTER=13a78437-ad2c-452a-8fd1-0733d19ccb25.dev
BASEFAMILY=375b754f-2297-4b67-ba11-31f0cab6dc87.fam
TRANSFORMMATRIX=1.000000000,0.000000000,0.000000000,0.000000000,-0.000000000,1.000000000,-0.000000000,0.000000000,-0.000000000,-0.000000000,1.000000000,0.000000000,-5.396828488,-5.396081270,-0.000002707,1.000000000
ENTITYNAME=Tower_Device
