OBJECTMODELPOINTER=33777c94-e4b9-4947-906f-f84480f3cb99.dev
BASEFAMILY=3774927b-e19e-41f9-8a8a-3b7fc7c02f20.fam
BLHA=28.41763874,113.37576334,172.022371,254.006183
TRANSFORMMATRIX=-0.000006698,-0.999999999,0.000048922,0.000000000,1.000000000,-0.000006698,0.000000320,0.000000000,-0.000000320,0.000048922,0.999999999,0.000000000,-1.611234175,310.782042920,45.262161833,1.000000000
ENTITYNAME=Wire_Device
