OBJECTMODELPOINTER=34f69139-b8cd-40b2-b151-ad0dd8a47bb4.dev
BASEFAMILY=3774cf1f-54ab-4cc1-b5bb-6c720d9bb855.fam
TRANSFORMMATRIX=0.000000500,0.999999816,0.000000261,0.000000000,-1.000000184,-0.000000256,0.000001621,0.000000000,-0.000000000,0.000000000,1.000000000,0.000000000,7.890000000,-0.000000000,30.000000000,1.000000000
ENTITYNAME=Tower_Device
