OBJECTMODELPOINTER=13a78437-ad2c-452a-8fd1-0733d19ccb25.dev
BASEFAMILY=379dd379-f18c-4b7e-94b2-aaaf43e050be.fam
TRANSFORMMATRIX=1.000000000,-0.000000000,0.000000000,0.000000000,-0.000000000,1.000000000,-0.000000000,0.000000000,0.000000000,-0.000000000,1.000000000,0.000000000,-5.397319505,-5.396768061,0.000001253,1.000000000
ENTITYNAME=Tower_Device
