OBJECTMODELPOINTER=33777c94-e4b9-4947-906f-f84480f3cb99.dev
BASEFAMILY=37a2dba8-e2ef-43c9-893f-a4f57cbc4b9f.fam
BLHA=28.75355465,113.46093365,124.778931,236.227775
TRANSFORMMATRIX=-0.004189393,-0.999991224,0.000017438,0.000000000,0.999991224,-0.004189393,0.000002211,0.000000000,-0.000002138,0.000017447,1.000000000,0.000000000,-13.357713789,110.938856920,36.138208944,1.000000000
ENTITYNAME=Wire_Device
