OBJECTMODELPOINTER=33777c94-e4b9-4947-906f-f84480f3cb99.dev
BASEFAMILY=37a83d9f-fd1d-4f02-84d5-ae060e52e19c.fam
BLHA=28.28033977,113.46346380,83.899072,326.450928
TRANSFORMMATRIX=0.152726760,-0.988268454,-0.000001015,0.000000000,0.988268454,0.152726760,-0.000001777,0.000000000,0.000001912,-0.000000731,1.000000000,0.000000000,12.168738730,-4.691982426,42.653872888,1.000000000
ENTITYNAME=Wire_Device
