OBJECTMODELPOINTER=759c958a-517c-4edc-85a5-93b378eb2fd8.dev
BASEFAMILY=37ad3e33-7934-457f-96e8-0e2d639dc1a3.fam
TRANSFORMMATRIX=0.000000307,1.000000313,-0.000000777,0.000000000,-0.999999687,-0.000000234,0.000001449,0.000000000,-0.000000000,-0.000000000,1.000000000,0.000000000,7.342000000,-0.000000000,45.000000001,1.000000000
ENTITYNAME=Tower_Device
