OBJECTMODELPOINTER=33777c94-e4b9-4947-906f-f84480f3cb99.dev
BASEFAMILY=37e01fe6-d85a-4f4b-8c3c-ba8fe78a0f97.fam
BLHA=28.50469488,113.45163258,174.515783,200.251669
TRANSFORMMATRIX=0.002704280,-0.999996341,0.000074478,0.000000000,0.999996343,0.002704280,0.000000252,0.000000000,-0.000000454,0.000074477,0.999999997,0.000000000,-2.083612038,475.103459038,44.532565212,1.000000000
ENTITYNAME=Wire_Device
