OBJECTMODELPOINTER=33777c94-e4b9-4947-906f-f84480f3cb99.dev
BASEFAMILY=37ef70a5-fe95-49fd-a683-85e799a67f92.fam
BLHA=28.36557656,113.36066804,62.497212,414.735470
TRANSFORMMATRIX=-0.257965206,0.966154207,0.000040576,0.000000000,-0.966154207,-0.257965206,0.000000439,0.000000000,0.000010891,-0.000039089,0.999999999,0.000000000,68.790464279,-248.475505662,33.461516068,1.000000000
ENTITYNAME=Wire_Device
