OBJECTMODELPOINTER=33777c94-e4b9-4947-906f-f84480f3cb99.dev
BASEFAMILY=37f6f880-5b2c-4539-9254-18aa3fcc344a.fam
BLHA=28.78112316,113.48165670,163.744709,236.227775
TRANSFORMMATRIX=-0.000006686,-1.000000000,0.000023960,0.000000000,1.000000000,-0.000006686,0.000002024,0.000000000,-0.000002024,0.000023960,1.000000000,0.000000000,-12.533603695,152.369549167,50.106500719,1.000000000
ENTITYNAME=Wire_Device
