ENTITYNAME=WIRE
BASEFAMILY=380215cf-15f2-4ffc-8f27-277ee826c14b.fam
OBJECTMODELPOINTER=31970f28-780e-4bf1-8adb-439f78c329a3.dev
KVALUE=0.000237
SPLIT=1
POINT0.BLHA=28.64279778,113.46393161,145.776,277.610658
POINT0.MATRIX0=-0.991190922,0.132440763,-0.000000000,0.000000000,-0.132440763,-0.991190922,0.000000000,0.000000000,-0.000000000,-0.000000000,1.000000000,0.000000000,9.869288430,0.309710987,48.558007034,1.000000000
POINT1.BLHA=28.64054809,113.46428400,121.847,277.610658
POINT1.MATRIX0=-0.991190922,0.132440763,0.000000000,0.000000000,-0.132440763,-0.991190922,0.000000000,0.000000000,0.000000000,-0.000000000,1.000000000,0.000000000,11.319895682,-0.309500603,66.557999877,1.000000000
