OBJECTMODELPOINTER=33777c94-e4b9-4947-906f-f84480f3cb99.dev
BASEFAMILY=38132a73-1315-460c-af5d-e017af1b9536.fam
BLHA=28.31502906,113.40300484,68.016258,0.896163
TRANSFORMMATRIX=-0.001673235,-0.999998599,0.000045578,0.000000000,0.999998600,-0.001673235,-0.000000907,0.000000000,0.000000984,0.000045577,0.999999999,0.000000000,6.266290675,290.920038603,42.899515517,1.000000000
ENTITYNAME=Wire_Device
