OBJECTMODELPOINTER=33777c94-e4b9-4947-906f-f84480f3cb99.dev
BASEFAMILY=38194652-4b3a-4878-bbaa-1ade304cdcb5.fam
BLHA=28.52957493,113.49997928,454.520911,210.734491
TRANSFORMMATRIX=-0.000004189,-1.000000000,0.000005093,0.000000000,1.000000000,-0.000004189,-0.000001834,0.000000000,0.000001834,0.000005093,1.000000000,0.000000000,11.735206703,32.493716910,35.305067889,1.000000000
ENTITYNAME=Wire_Device
