OBJECTMODELPOINTER=60b320fb-db73-4d0f-a5bc-99a38a54f647.dev
BASEFAMILY=3830b1e0-fe92-4046-8b1c-dc1f04e25790.fam
TRANSFORMMATRIX=-1.000000000,-0.000000088,0.000000000,0.000000000,0.000000088,-1.000000000,0.000000000,0.000000000,-0.000000000,0.000000000,1.000000000,0.000000000,9.870000001,-0.000000000,55.000000000,1.000000000
ENTITYNAME=Tower_Device
