OBJECTMODELPOINTER=33777c94-e4b9-4947-906f-f84480f3cb99.dev
BASEFAMILY=3831e57a-02c6-4c23-89ee-a920ae00d348.fam
BLHA=28.53971514,113.51008635,497.099735,255.750198
TRANSFORMMATRIX=-0.001205876,-0.999999273,0.000005985,0.000000000,0.999999273,-0.001205876,0.000000032,0.000000000,-0.000000024,0.000005984,1.000000000,0.000000000,-0.109746261,38.020496795,29.180913650,1.000000000
ENTITYNAME=Wire_Device
