OBJECTMODELPOINTER=0da13ea9-712b-425b-af37-8e4a898592d2.dev
BASEFAMILY=383cc1e6-a884-459f-841a-41d44616f2f1.fam
TRANSFORMMATRIX=0.027061602,-0.402673688,0.914943977,0.000000000,0.922861901,0.361823132,0.131943257,0.000000000,-0.384178245,0.840796571,0.381402938,0.000000000,1.469277108,-1.469277109,37.000000000,1.000000000
ENTITYNAME=Tower_Device
