OBJECTMODELPOINTER=33777c94-e4b9-4947-906f-f84480f3cb99.dev
BASEFAMILY=384a1f71-4e02-4013-89cf-5886757c0fb9.fam
BLHA=28.30786495,113.43629033,62.969533,307.005893
TRANSFORMMATRIX=0.000010460,-0.999999999,0.000029999,0.000000000,1.000000000,0.000010460,-0.000000950,0.000000000,0.000000950,0.000029999,1.000000000,0.000000000,5.572846493,190.835405754,55.637233208,1.000000000
ENTITYNAME=Wire_Device
