OBJECTMODELPOINTER=33777c94-e4b9-4947-906f-f84480f3cb99.dev
BASEFAMILY=384be250-de28-420a-8778-e1d43f20f7a7.fam
BLHA=28.47144509,113.40546217,294.357908,229.813402
TRANSFORMMATRIX=0.002792870,-0.999996100,0.000027767,0.000000000,0.999996100,0.002792870,0.000000213,0.000000000,-0.000000290,0.000027766,1.000000000,0.000000000,-1.394726534,176.697960264,6.971472148,1.000000000
ENTITYNAME=Wire_Device
