OBJECTMODELPOINTER=33777c94-e4b9-4947-906f-f84480f3cb99.dev
BASEFAMILY=385db5a0-4cf2-4778-baed-6dc63520fd9e.fam
BLHA=28.69702652,113.45589279,149.051008,277.425083
TRANSFORMMATRIX=0.000000851,-1.000000000,0.000004551,0.000000000,1.000000000,0.000000851,0.000000018,0.000000000,-0.000000018,0.000004552,1.000000000,0.000000000,-0.131699106,28.905867220,39.866802285,1.000000000
ENTITYNAME=Wire_Device
