OBJECTMODELPOINTER=33777c94-e4b9-4947-906f-f84480f3cb99.dev
BASEFAMILY=385eb4d7-d2b9-4c43-9437-e2194d02aace.fam
BLHA=28.26827851,113.48694026,97.359750,314.005848
TRANSFORMMATRIX=0.712112484,-0.702065389,0.000000295,0.000000000,0.702065389,0.712112484,0.000001162,0.000000000,-0.000001026,-0.000000621,1.000000000,0.000000000,-6.522784976,-3.933636991,54.841329255,1.000000000
ENTITYNAME=Wire_Device
