OBJECTMODELPOINTER=33777c94-e4b9-4947-906f-f84480f3cb99.dev
BASEFAMILY=388af5fd-38fb-40a3-b5ed-49489c7fdf38.fam
BLHA=28.69273331,113.45654991,185.538391,277.425083
TRANSFORMMATRIX=0.000001447,-1.000000000,0.000027893,0.000000000,1.000000000,0.000001447,0.000000108,0.000000000,-0.000000107,0.000027894,1.000000000,0.000000000,-0.806717556,177.147332136,22.245844269,1.000000000
ENTITYNAME=Wire_Device
