OBJECTMODELPOINTER=1cb51037-7cd0-44a6-9f97-d5b84552142d.dev
BASEFAMILY=388d82b8-08de-4523-914c-7497284a1f52.fam
TRANSFORMMATRIX=0.002711932,-0.999995906,0.000001235,0.000000000,0.999996739,0.002711934,-0.000001087,0.000000000,0.000000000,-0.000000000,1.000000000,0.000000000,-11.870000000,-0.600000000,48.000000000,1.000000000
ENTITYNAME=Tower_Device
