OBJECTMODELPOINTER=33777c94-e4b9-4947-906f-f84480f3cb99.dev
BASEFAMILY=389d773e-207a-4de3-9c76-30fa2316a351.fam
BLHA=28.26885822,113.47846971,85.176990,355.334735
TRANSFORMMATRIX=0.000004464,-1.000000000,0.000004683,0.000000000,1.000000000,0.000004464,0.000001301,0.000000000,-0.000001300,0.000004684,1.000000000,0.000000000,-8.272179699,29.894129304,47.104160593,1.000000000
ENTITYNAME=Wire_Device
