OBJECTMODELPOINTER=33777c94-e4b9-4947-906f-f84480f3cb99.dev
BASEFAMILY=389f88fb-04f9-4061-b872-b2e6e2daceef.fam
BLHA=28.67276970,113.45923535,192.994115,456.641966
TRANSFORMMATRIX=0.000002190,1.000000000,-0.000000082,0.000000000,-1.000000000,0.000002190,0.000001175,0.000000000,0.000001175,0.000000082,1.000000000,0.000000000,7.497799263,0.514893665,37.434794730,1.000000000
ENTITYNAME=Wire_Device
