OBJECTMODELPOINTER=1f037b7c-5ea7-4740-bea0-b303c7ec1cc1.dev
BASEFAMILY=38e7ab81-37a6-4f55-8166-e41ee0434a7f.fam
TRANSFORMMATRIX=-0.999987471,-0.005005736,0.000000001,0.000000000,0.005005732,-0.999987471,-0.000000006,0.000000000,-0.000000000,0.000000000,1.000000000,0.000000000,11.320000000,0.000000000,70.000000000,1.000000000
ENTITYNAME=Tower_Device
