OBJECTMODELPOINTER=33777c94-e4b9-4947-906f-f84480f3cb99.dev
BASEFAMILY=38e9f275-24e0-429b-a95e-b4121470114a.fam
BLHA=28.31515909,113.41015274,70.673124,0.896163
TRANSFORMMATRIX=0.000016883,-0.999999999,0.000026278,0.000000000,1.000000000,0.000016883,0.000001190,0.000000000,-0.000001191,0.000026278,1.000000000,0.000000000,-7.545938167,167.735209245,36.234726093,1.000000000
ENTITYNAME=Wire_Device
