OBJECTMODELPOINTER=33777c94-e4b9-4947-906f-f84480f3cb99.dev
BASEFAMILY=38eca9fa-d376-4b3c-84b3-cc0fe28421d1.fam
BLHA=28.31498130,113.40038482,72.539572,2.946268
TRANSFORMMATRIX=-0.041854801,-0.999123704,0.000015458,0.000000000,0.999123704,-0.041854801,0.000001502,0.000000000,-0.000000853,0.000015508,1.000000000,0.000000000,-5.390957104,98.984142730,30.030883360,1.000000000
ENTITYNAME=Wire_Device
