OBJECTMODELPOINTER=33777c94-e4b9-4947-906f-f84480f3cb99.dev
BASEFAMILY=38ef1478-b712-4773-b210-8dc2ac0d6b2e.fam
BLHA=28.61647630,113.46664258,210.970212,273.436520
TRANSFORMMATRIX=0.012420306,-0.999922865,0.000029046,0.000000000,0.999922865,0.012420306,-0.000001876,0.000000000,0.000001516,0.000029066,1.000000000,0.000000000,9.616892068,184.582851911,34.610841758,1.000000000
ENTITYNAME=Wire_Device
