OBJECTMODELPOINTER=13a78437-ad2c-452a-8fd1-0733d19ccb25.dev
BASEFAMILY=38f08c2a-9f06-4100-a4ab-4304b99e128d.fam
TRANSFORMMATRIX=-1.000000000,0.000000000,-0.000000000,0.000000000,-0.000000000,-1.000000000,-0.000000000,0.000000000,0.000000000,-0.000000000,1.000000000,0.000000000,5.067160452,5.067000343,0.000000225,1.000000000
ENTITYNAME=Tower_Device
