OBJECTMODELPOINTER=33777c94-e4b9-4947-906f-f84480f3cb99.dev
BASEFAMILY=38f6dd34-0291-4928-b00f-b4476860df9f.fam
BLHA=28.66573943,113.46033717,166.408962,277.610658
TRANSFORMMATRIX=0.000001876,-1.000000000,0.000027255,0.000000000,1.000000000,0.000001877,0.000000104,0.000000000,-0.000000104,0.000027254,1.000000000,0.000000000,-0.782126434,173.093907294,15.009999154,1.000000000
ENTITYNAME=Wire_Device
