OBJECTMODELPOINTER=33777c94-e4b9-4947-906f-f84480f3cb99.dev
BASEFAMILY=3905066a-d6f8-4c09-809f-ae32b6ce5aa1.fam
BLHA=28.51918695,113.48038702,399.659330,210.734491
TRANSFORMMATRIX=-0.000023708,-0.999999999,0.000049276,0.000000000,1.000000000,-0.000023708,-0.000001539,0.000000000,0.000001540,0.000049276,0.999999999,0.000000000,10.510411265,314.142520493,-9.379725341,1.000000000
ENTITYNAME=Wire_Device
