OBJECTMODELPOINTER=33777c94-e4b9-4947-906f-f84480f3cb99.dev
BASEFAMILY=39107787-37c4-4cce-be8b-8a872b5bf2df.fam
BLHA=28.41763874,113.37576334,172.022371,254.006183
TRANSFORMMATRIX=-0.000007613,-0.999999999,0.000048931,0.000000000,1.000000000,-0.000007613,-0.000001767,0.000000000,0.000001767,0.000048930,0.999999999,0.000000000,11.708195404,310.851213287,45.262142109,1.000000000
ENTITYNAME=Wire_Device
