OBJECTMODELPOINTER=33777c94-e4b9-4947-906f-f84480f3cb99.dev
BASEFAMILY=394062cf-449a-4700-a679-dbe8524dcf35.fam
BLHA=28.33513056,113.36426418,74.466119,467.201749
TRANSFORMMATRIX=-0.303261043,0.952907519,0.000000262,0.000000000,-0.952907519,-0.303261043,-0.000001420,0.000000000,-0.000001273,-0.000000680,1.000000000,0.000000000,-8.118635152,-4.311713284,25.173495741,1.000000000
ENTITYNAME=Wire_Device
