ENTITYNAME=WIRE
BASEFAMILY=39419101-a84a-4b78-adb9-ae0066c45c71.fam
OBJECTMODELPOINTER=81b82497-164d-48c0-b1cb-18fa700dacdf.dev
KVALUE=0.120546
SPLIT=4
POINT0.BLHA=28.32854622,113.36798434,68.152,482.460958
POINT0.MATRIX0=0.843757372,-0.536724787,-0.000000000,0.000000000,0.536724787,0.843757372,-0.000000000,0.000000000,-0.000000000,0.000000000,1.000000000,0.000000000,2.508553151,9.320027280,35.685348784,1.000000000
POINT0.MATRIX1=0.843757372,-0.536724787,-0.000000000,0.000000000,0.536724787,0.843757372,-0.000000000,0.000000000,-0.000000000,0.000000000,1.000000000,0.000000000,2.701896099,9.368334173,36.143493937,1.000000000
POINT0.MATRIX2=0.843757372,-0.536724787,-0.000000000,0.000000000,0.536724787,0.843757372,-0.000000000,0.000000000,-0.000000000,0.000000000,1.000000000,0.000000000,2.310948750,10.174861663,36.260329829,1.000000000
POINT0.MATRIX3=0.843757372,-0.536724787,-0.000000000,0.000000000,0.536724787,0.843757372,-0.000000000,0.000000000,-0.000000000,0.000000000,1.000000000,0.000000000,2.116557511,10.124906806,35.802184673,1.000000000
POINT1.BLHA=28.32854622,113.36798434,68.152,482.460958
POINT1.MATRIX0=0.843757372,-0.536724787,-0.000000000,0.000000000,0.536724787,0.843757372,-0.000000000,0.000000000,-0.000000000,0.000000000,1.000000000,0.000000000,7.274753120,4.000624998,38.790005075,1.000000000
POINT1.MATRIX1=0.843757372,-0.536724787,-0.000000000,0.000000000,0.536724787,0.843757372,-0.000000000,0.000000000,-0.000000000,0.000000000,1.000000000,0.000000000,7.274753120,4.000624998,39.240005123,1.000000000
POINT1.MATRIX2=0.843757372,-0.536724787,-0.000000000,0.000000000,0.536724787,0.843757372,-0.000000000,0.000000000,-0.000000000,0.000000000,1.000000000,0.000000000,7.724753194,4.000624989,39.240005123,1.000000000
POINT1.MATRIX3=0.843757372,-0.536724787,-0.000000000,0.000000000,0.536724787,0.843757372,-0.000000000,0.000000000,-0.000000000,0.000000000,1.000000000,0.000000000,7.724753194,4.000624989,38.790005075,1.000000000
