OBJECTMODELPOINTER=05e126a4-305b-4e0b-88ab-3c1f0c8a601f.dev
BASEFAMILY=394970ec-568a-4033-ae7c-dc6b61375866.fam
TRANSFORMMATRIX=-0.000000048,-0.999999634,0.000001463,0.000000000,1.000000366,0.000000349,-0.000000747,0.000000000,0.000000000,0.000000000,1.000000000,0.000000000,11.870000000,0.600000000,47.999999999,1.000000000
ENTITYNAME=Tower_Device
