OBJECTMODELPOINTER=33777c94-e4b9-4947-906f-f84480f3cb99.dev
BASEFAMILY=3955774b-4010-44a9-ad51-d9e20ae3c72b.fam
BLHA=28.47508033,113.40890253,351.780005,229.813402
TRANSFORMMATRIX=-0.000001749,-1.000000000,0.000005150,0.000000000,1.000000000,-0.000001749,-0.000002053,0.000000000,0.000002053,0.000005150,1.000000000,0.000000000,13.159247950,32.811320489,48.615707741,1.000000000
ENTITYNAME=Wire_Device
