OBJECTMODELPOINTER=9e31b432-f0ff-42c6-a407-f26e4e6d7805.dev
BASEFAMILY=395b5dba-73c8-47bb-b2dd-c108bbcdf911.fam
TRANSFORMMATRIX=0.000000238,0.999999583,-0.000001002,0.000000000,-1.000000417,0.000000133,-0.000001299,0.000000000,-0.000000000,0.000000000,1.000000000,0.000000000,-0.000000000,0.000000000,48.000000000,1.000000000
ENTITYNAME=Tower_Device
