OBJECTMODELPOINTER=33777c94-e4b9-4947-906f-f84480f3cb99.dev
BASEFAMILY=3960d621-54c3-422f-b6bc-8e9bb9e63aa5.fam
BLHA=28.32292443,113.37625760,67.775568,311.415680
TRANSFORMMATRIX=0.002536803,-0.999996782,0.000036905,0.000000000,0.999996782,0.002536803,0.000001565,0.000000000,-0.000001659,0.000036902,0.999999999,0.000000000,-11.172100415,234.880674185,22.528197221,1.000000000
ENTITYNAME=Wire_Device
