OBJECTMODELPOINTER=33777c94-e4b9-4947-906f-f84480f3cb99.dev
BASEFAMILY=3975417d-6e45-4930-9062-834b8687bdc2.fam
BLHA=28.26885822,113.47846971,85.176990,355.334735
TRANSFORMMATRIX=0.000040236,-0.999999997,0.000071612,0.000000000,0.999999999,0.000040236,-0.000000961,0.000000000,0.000000958,0.000071612,0.999999997,0.000000000,5.889693076,457.084610335,38.578779726,1.000000000
ENTITYNAME=Wire_Device
