OBJECTMODELPOINTER=33777c94-e4b9-4947-906f-f84480f3cb99.dev
BASEFAMILY=397896f1-125e-4f48-ac20-d23e9405237b.fam
BLHA=28.72596649,113.45194319,126.516960,450.796525
TRANSFORMMATRIX=-0.212659319,0.977126406,0.000016806,0.000000000,-0.977126406,-0.212659319,0.000000226,0.000000000,0.000003795,-0.000016373,1.000000000,0.000000000,24.230406985,-103.976809848,31.785057496,1.000000000
ENTITYNAME=Wire_Device
