OBJECTMODELPOINTER=887ead0d-174e-4363-a8dd-10bb2f3610e2.dev
BASEFAMILY=397d29c4-38c5-4d0b-a7ba-065b7cf4316f.fam
TRANSFORMMATRIX=-1.000000000,0.000000162,-0.000000000,0.000000000,-0.000000162,-1.000000000,-0.000000000,0.000000000,0.000000000,-0.000000000,1.000000000,0.000000000,-9.870000000,0.310000001,55.000000001,1.000000000
ENTITYNAME=Tower_Device
