OBJECTMODELPOINTER=33777c94-e4b9-4947-906f-f84480f3cb99.dev
BASEFAMILY=398379fe-1c7c-4358-97f8-35cdc2110329.fam
BLHA=28.56335436,113.50003182,213.977894,312.996987
TRANSFORMMATRIX=0.009219076,-0.999957503,0.000016486,0.000000000,0.999957503,0.009219076,-0.000001973,0.000000000,0.000001821,0.000016503,1.000000000,0.000000000,11.326279437,105.023408195,32.870426732,1.000000000
ENTITYNAME=Wire_Device
