OBJECTMODELPOINTER=33777c94-e4b9-4947-906f-f84480f3cb99.dev
BASEFAMILY=39bbbfd7-866a-4e21-a77d-c48e32c60633.fam
BLHA=28.50885387,113.46090739,244.701846,210.734491
TRANSFORMMATRIX=-0.000020636,-0.999999999,0.000042787,0.000000000,1.000000000,-0.000020637,-0.000001575,0.000000000,0.000001576,0.000042787,0.999999999,0.000000000,10.645344034,272.774819216,39.960476238,1.000000000
ENTITYNAME=Wire_Device
