OBJECTMODELPOINTER=1df43b1c-388d-4315-976e-b16b29ff5579.dev
BASEFAMILY=39c43a87-2e30-4d1e-865d-446768544b16.fam
TRANSFORMMATRIX=-0.999999699,-0.000776341,0.000000001,0.000000000,0.000776341,-0.999999699,-0.000000000,0.000000000,-0.000000000,0.000000000,1.000000000,0.000000000,-11.320000000,-0.000000000,64.000000000,1.000000000
ENTITYNAME=Tower_Device
