OBJECTMODELPOINTER=33777c94-e4b9-4947-906f-f84480f3cb99.dev
BASEFAMILY=39cae9b7-935a-4868-abd9-393a9ff2a375.fam
BLHA=28.81479133,113.52057006,101.431429,372.952022
TRANSFORMMATRIX=0.000011247,1.000000000,-0.000000079,0.000000000,-1.000000000,0.000011247,0.000001180,0.000000000,0.000001181,0.000000078,1.000000000,0.000000000,7.498260779,0.510661790,37.434802104,1.000000000
ENTITYNAME=Wire_Device
