OBJECTMODELPOINTER=33777c94-e4b9-4947-906f-f84480f3cb99.dev
BASEFAMILY=39ceef12-33e9-4080-8a79-600a6867325e.fam
BLHA=28.31502906,113.40300484,68.016258,0.896163
TRANSFORMMATRIX=-0.001673816,-0.999998598,0.000053971,0.000000000,0.999998599,-0.001673816,-0.000001180,0.000000000,0.000001271,0.000053969,0.999999999,0.000000000,8.092535680,344.490953991,61.956193308,1.000000000
ENTITYNAME=Wire_Device
