OBJECTMODELPOINTER=33777c94-e4b9-4947-906f-f84480f3cb99.dev
BASEFAMILY=39d6af1d-7b0d-4bc1-ac93-1998412eb01e.fam
BLHA=28.40635362,113.37217651,164.659139,254.006183
TRANSFORMMATRIX=-0.010509055,-0.999944778,0.000027822,0.000000000,0.999944778,-0.010509055,-0.000001338,0.000000000,0.000001631,0.000027806,1.000000000,0.000000000,10.648021883,176.652877984,12.796911423,1.000000000
ENTITYNAME=Wire_Device
