OBJECTMODELPOINTER=33777c94-e4b9-4947-906f-f84480f3cb99.dev
BASEFAMILY=39d64d7f-cc1a-496d-8303-84bfedc27200.fam
BLHA=28.67734470,113.45869625,172.236825,275.673275
TRANSFORMMATRIX=-0.003796982,-0.999992790,0.000045797,0.000000000,0.999992791,-0.003796982,-0.000001675,0.000000000,0.000001849,0.000045790,0.999999999,0.000000000,11.652954068,290.792175132,53.272193352,1.000000000
ENTITYNAME=Wire_Device
