OBJECTMODELPOINTER=33777c94-e4b9-4947-906f-f84480f3cb99.dev
BASEFAMILY=39dad6ce-a1ed-4b9d-8dcc-6ad20b3084ee.fam
BLHA=28.56335436,113.50003182,213.977894,312.996987
TRANSFORMMATRIX=-0.008696679,-0.999962183,0.000037186,0.000000000,0.999962183,-0.008696679,0.000002058,0.000000000,-0.000001735,0.000037202,0.999999999,0.000000000,-11.656230183,236.846813487,31.280508247,1.000000000
ENTITYNAME=Wire_Device
