OBJECTMODELPOINTER=33777c94-e4b9-4947-906f-f84480f3cb99.dev
BASEFAMILY=39f3bf8d-078f-4e3f-b50e-1e32db370845.fam
BLHA=28.62772353,113.46582002,199.212660,273.436520
TRANSFORMMATRIX=0.001507139,-0.999998862,0.000073868,0.000000000,0.999998864,0.001507139,0.000002164,0.000000000,-0.000002276,0.000073865,0.999999997,0.000000000,-14.670654319,469.074356842,31.020709487,1.000000000
ENTITYNAME=Wire_Device
