OBJECTMODELPOINTER=0e312739-8609-4a3d-966c-75d05d59356d.dev
BASEFAMILY=39f5542c-e011-4cb3-9ed9-cca8e05be77d.fam
TRANSFORMMATRIX=1.000000000,0.000000000,-0.000000000,0.000000000,-0.000000000,1.000000000,0.000000000,0.000000000,0.000000000,-0.000000000,1.000000000,0.000000000,-4.406926520,-4.407051830,0.000000865,1.000000000
ENTITYNAME=Tower_Device
