OBJECTMODELPOINTER=33777c94-e4b9-4947-906f-f84480f3cb99.dev
BASEFAMILY=39f7414f-328b-45f8-ba1f-a05915b7ff66.fam
BLHA=28.37974338,113.36324559,104.024514,459.829193
TRANSFORMMATRIX=0.644811219,0.764341869,0.000000309,0.000000000,-0.764341869,0.644811219,0.000001306,0.000000000,0.000000799,-0.000001079,1.000000000,0.000000000,5.106696102,-6.852101511,26.517388096,1.000000000
ENTITYNAME=Wire_Device
