ENTITYNAME=WIRE
BASEFAMILY=39ff9cb9-5d50-4f94-8052-f9211ecdcace.fam
OBJECTMODELPOINTER=81b82497-164d-48c0-b1cb-18fa700dacdf.dev
KVALUE=0.000373
SPLIT=4
POINT0.BLHA=28.31925198,113.37995663,64.126,500.343289
POINT0.MATRIX0=0.638186328,-0.769881946,-0.000000000,0.000000000,0.769881946,0.638186328,0.000000000,0.000000000,0.000000000,0.000000000,1.000000000,0.000000000,-9.890184696,-9.371353148,46.122713819,1.000000000
POINT0.MATRIX1=0.638186328,-0.769881946,-0.000000000,0.000000000,0.769881946,0.638186328,0.000000000,0.000000000,0.000000000,0.000000000,1.000000000,0.000000000,-9.764047711,-10.150907944,46.513934032,1.000000000
POINT0.MATRIX2=0.638186328,-0.769881946,-0.000000000,0.000000000,0.769881946,0.638186328,0.000000000,0.000000000,0.000000000,0.000000000,1.000000000,0.000000000,-9.267257370,-10.070799935,46.513934031,1.000000000
POINT0.MATRIX3=0.638186328,-0.769881946,-0.000000000,0.000000000,0.769881946,0.638186328,0.000000000,0.000000000,0.000000000,0.000000000,1.000000000,0.000000000,-9.395521259,-9.291739760,46.122713819,1.000000000
POINT1.BLHA=28.31775016,113.38284517,61.633,329.270898
POINT1.MATRIX0=-0.510979593,0.859592843,0.000000000,0.000000000,-0.859592843,-0.510979593,0.000000000,0.000000000,-0.000000000,-0.000000000,1.000000000,0.000000000,10.001011544,-0.129720185,64.066975429,1.000000000
POINT1.MATRIX1=-0.510979593,0.859592843,0.000000000,0.000000000,-0.859592843,-0.510979593,0.000000000,0.000000000,-0.000000000,-0.000000000,1.000000000,0.000000000,10.184906155,-0.129468446,64.532078579,1.000000000
POINT1.MATRIX2=-0.510979593,0.859592843,0.000000000,0.000000000,-0.859592843,-0.510979593,0.000000000,0.000000000,-0.000000000,-0.000000000,1.000000000,0.000000000,9.719225886,-0.129654750,64.715611294,1.000000000
POINT1.MATRIX3=-0.510979593,0.859592843,0.000000000,0.000000000,-0.859592843,-0.510979593,0.000000000,0.000000000,-0.000000000,-0.000000000,1.000000000,0.000000000,9.535331275,-0.129906489,64.250508144,1.000000000
