OBJECTMODELPOINTER=146d895a-fdff-4646-a5ce-e15abbf3f3eb.dev
BASEFAMILY=3a01cf00-f485-47ad-b107-596757542c0d.fam
TRANSFORMMATRIX=-0.000000000,1.000000000,-0.000000000,0.000000000,-1.000000000,-0.000000000,0.000000000,0.000000000,0.000000000,0.000000000,1.000000000,0.000000000,5.809971308,-5.809955778,0.000000264,1.000000000
ENTITYNAME=Tower_Device
