OBJECTMODELPOINTER=33777c94-e4b9-4947-906f-f84480f3cb99.dev
BASEFAMILY=3a033eea-f9b0-4e03-a318-394700eb3a9d.fam
BLHA=28.79959310,113.50336431,218.110050,224.374488
TRANSFORMMATRIX=-0.055903663,-0.998436167,0.000000740,0.000000000,0.998436167,-0.055903663,-0.000001217,0.000000000,0.000001256,0.000000670,1.000000000,0.000000000,8.009450993,4.289683332,19.163756120,1.000000000
ENTITYNAME=Wire_Device
