OBJECTMODELPOINTER=33777c94-e4b9-4947-906f-f84480f3cb99.dev
BASEFAMILY=3a06f611-ac21-41d8-8b36-f578ce1dc24d.fam
BLHA=28.58865070,113.47941927,287.208654,287.849619
TRANSFORMMATRIX=0.000007470,-0.999999999,0.000040954,0.000000000,1.000000000,0.000007470,0.000000119,0.000000000,-0.000000120,0.000040955,0.999999999,0.000000000,-1.156610593,260.201266160,8.236399186,1.000000000
ENTITYNAME=Wire_Device
