OBJECTMODELPOINTER=33777c94-e4b9-4947-906f-f84480f3cb99.dev
BASEFAMILY=3a0723d4-fb3a-4b16-8e8b-0019ab0a6373.fam
BLHA=28.32292443,113.37625760,67.775568,311.415680
TRANSFORMMATRIX=-0.003049623,-0.999995347,0.000079361,0.000000000,0.999995350,-0.003049623,-0.000001261,0.000000000,0.000001503,0.000079357,0.999999997,0.000000000,8.263513162,505.031889614,36.419179959,1.000000000
ENTITYNAME=Wire_Device
