ENTITYNAME=WIRE
BASEFAMILY=3a16b57c-a3df-4d7d-953d-4a73c1a55d66.fam
OBJECTMODELPOINTER=31970f28-780e-4bf1-8adb-439f78c329a3.dev
KVALUE=0.000287
SPLIT=1
POINT0.BLHA=28.39632770,113.36872548,122.542,249.667673
POINT0.MATRIX0=-0.937693038,-0.347464771,0.000000000,0.000000000,0.347464771,-0.937693038,0.000000000,0.000000000,-0.000000000,0.000000000,1.000000000,0.000000000,11.314411650,-0.010010165,69.558007129,1.000000000
POINT1.BLHA=28.39632770,113.36872548,122.542,249.667673
POINT1.MATRIX0=-0.937693038,-0.347464771,0.000000000,0.000000000,0.347464771,-0.937693038,0.000000000,0.000000000,-0.000000000,0.000000000,1.000000000,0.000000000,11.320159375,0.009905722,69.558007130,1.000000000
