OBJECTMODELPOINTER=46bba510-f53a-475e-bf02-c78f9803e400.dev
BASEFAMILY=3a18b6c7-acfb-4a3e-a2b0-d54efe62baa9.fam
TRANSFORMMATRIX=0.000000000,1.000000000,-0.000000000,0.000000000,-1.000000000,0.000000000,0.000000000,0.000000000,0.000000000,-0.000000000,1.000000000,0.000000000,5.396859952,-5.396656239,-0.000004618,1.000000000
ENTITYNAME=Tower_Device
