OBJECTMODELPOINTER=33777c94-e4b9-4947-906f-f84480f3cb99.dev
BASEFAMILY=3a1d55e4-ba7e-4fc4-b712-b131af035862.fam
BLHA=28.31566161,113.38686189,71.437616,329.270898
TRANSFORMMATRIX=0.002184835,-0.999997613,0.000025487,0.000000000,0.999997613,0.002184835,0.000001247,0.000000000,-0.000001302,0.000025484,1.000000000,0.000000000,-8.651933120,162.463503993,22.554130172,1.000000000
ENTITYNAME=Wire_Device
