OBJECTMODELPOINTER=33777c94-e4b9-4947-906f-f84480f3cb99.dev
BASEFAMILY=3a2b7e15-9ef1-4a22-960f-5df54863a0c4.fam
BLHA=28.31470596,113.39701913,83.588909,4.996372
TRANSFORMMATRIX=-0.003341141,-0.999994418,0.000005064,0.000000000,0.999994418,-0.003341141,-0.000001525,0.000000000,0.000001542,0.000005059,1.000000000,0.000000000,9.805890114,32.291449491,66.119773629,1.000000000
ENTITYNAME=Wire_Device
