OBJECTMODELPOINTER=430e0941-c068-4558-8db3-a0e4abea7526.dev
BASEFAMILY=3a2b1da4-a191-4745-a95a-c53d222fd134.fam
TRANSFORMMATRIX=-1.000000000,0.000000139,-0.000000000,0.000000000,-0.000000139,-1.000000000,0.000000000,0.000000000,-0.000000000,-0.000000000,1.000000000,0.000000000,-9.870000001,-0.310000001,45.999999999,1.000000000
ENTITYNAME=Tower_Device
