ENTITYNAME=WIRE
BASEFAMILY=3a3249b1-c008-4240-8a40-5e091a0c90e0.fam
OBJECTMODELPOINTER=31970f28-780e-4bf1-8adb-439f78c329a3.dev
KVALUE=0.000217
SPLIT=1
POINT0.BLHA=28.67391263,113.45910068,183.694,275.673275
POINT0.MATRIX0=-0.995101789,0.098855601,0.000000000,0.000000000,-0.098855601,-0.995101789,0.000000000,0.000000000,-0.000000000,-0.000000000,1.000000000,0.000000000,-11.322540999,0.310738539,69.557997853,1.000000000
POINT1.BLHA=28.67276970,113.45923535,192.994,456.641966
POINT1.MATRIX0=0.993288314,-0.115664713,-0.000000000,0.000000000,0.115664713,0.993288314,-0.000000000,0.000000000,0.000000000,-0.000000000,1.000000000,0.000000000,5.541762315,1.560903777,44.066836163,1.000000000
