OBJECTMODELPOINTER=33777c94-e4b9-4947-906f-f84480f3cb99.dev
BASEFAMILY=3a3b41d5-63ac-4176-97b5-78c232e37fe9.fam
BLHA=28.67734470,113.45869625,172.236825,275.673275
TRANSFORMMATRIX=-0.003799196,-0.999992783,0.000004937,0.000000000,0.999992783,-0.003799196,-0.000001839,0.000000000,0.000001858,0.000004930,1.000000000,0.000000000,11.843668706,31.301849642,39.274544862,1.000000000
ENTITYNAME=Wire_Device
