OBJECTMODELPOINTER=33777c94-e4b9-4947-906f-f84480f3cb99.dev
BASEFAMILY=3a421555-6b78-43f6-a75d-d1e344c91de5.fam
BLHA=28.56335436,113.50003182,213.977894,312.996987
TRANSFORMMATRIX=0.009226808,-0.999957431,0.000037077,0.000000000,0.999957432,0.009226808,-0.000001941,0.000000000,0.000001599,0.000037093,0.999999999,0.000000000,9.571648188,236.098492900,31.340290934,1.000000000
ENTITYNAME=Wire_Device
