OBJECTMODELPOINTER=33777c94-e4b9-4947-906f-f84480f3cb99.dev
BASEFAMILY=3a648af9-25f6-488c-a806-0f16645c2e92.fam
BLHA=28.66842498,113.45991630,145.503245,277.610658
TRANSFORMMATRIX=0.000000975,-1.000000000,0.000017037,0.000000000,1.000000000,0.000000975,0.000000065,0.000000000,-0.000000065,0.000017038,1.000000000,0.000000000,-0.489441222,108.201977636,52.660531270,1.000000000
ENTITYNAME=Wire_Device
