OBJECTMODELPOINTER=33777c94-e4b9-4947-906f-f84480f3cb99.dev
BASEFAMILY=3a6a22ca-f3d6-43b2-8839-759f62e634d5.fam
BLHA=28.57663112,113.48588937,251.356728,312.996987
TRANSFORMMATRIX=0.000020185,-0.999999999,0.000047885,0.000000000,1.000000000,0.000020185,0.000002172,0.000000000,-0.000002173,0.000047885,0.999999999,0.000000000,-14.628313417,304.853988781,28.788093565,1.000000000
ENTITYNAME=Wire_Device
