OBJECTMODELPOINTER=33777c94-e4b9-4947-906f-f84480f3cb99.dev
BASEFAMILY=3a6c4d69-8444-4395-a30f-61a437b76677.fam
BLHA=28.30961923,113.43478171,54.752520,501.227736
TRANSFORMMATRIX=-0.156190194,0.987726998,-0.000001064,0.000000000,-0.987726998,-0.156190194,-0.000001931,0.000000000,-0.000002074,0.000000750,1.000000000,0.000000000,-13.207547638,4.806808774,42.414854513,1.000000000
ENTITYNAME=Wire_Device
