OBJECTMODELPOINTER=33777c94-e4b9-4947-906f-f84480f3cb99.dev
BASEFAMILY=3a6e4f64-b817-4a6b-aec6-010e7cebfb07.fam
BLHA=28.31566161,113.38686189,71.437616,329.270898
TRANSFORMMATRIX=0.000566757,-0.999999838,0.000045988,0.000000000,0.999999839,0.000566757,0.000001186,0.000000000,-0.000001212,0.000045987,0.999999999,0.000000000,-8.375080748,293.160282425,46.060978893,1.000000000
ENTITYNAME=Wire_Device
