OBJECTMODELPOINTER=33777c94-e4b9-4947-906f-f84480f3cb99.dev
BASEFAMILY=3a77787c-8cb3-4f0e-86df-ede8ba02e667.fam
BLHA=28.36295604,113.35959378,63.083646,458.145379
TRANSFORMMATRIX=-0.026346314,0.999652876,0.000006041,0.000000000,-0.999652876,-0.026346314,0.000001197,0.000000000,0.000001356,-0.000006007,1.000000000,0.000000000,8.683790149,-38.153997452,32.905694950,1.000000000
ENTITYNAME=Wire_Device
