OBJECTMODELPOINTER=33777c94-e4b9-4947-906f-f84480f3cb99.dev
BASEFAMILY=3a7a012d-610f-44f2-843f-bab716cd35b8.fam
BLHA=28.50595381,113.45544189,275.037773,205.493080
TRANSFORMMATRIX=-0.091709475,-0.995785805,0.000047174,0.000000000,0.995785806,-0.091709475,0.000000099,0.000000000,0.000004229,0.000046984,0.999999999,0.000000000,27.479104843,299.676914238,-49.673155031,1.000000000
ENTITYNAME=Wire_Device
