OBJECTMODELPOINTER=33777c94-e4b9-4947-906f-f84480f3cb99.dev
BASEFAMILY=3a7bbbd5-aa8a-473d-88c9-db04e19d4d55.fam
BLHA=28.79669223,113.49966037,193.055862,221.400685
TRANSFORMMATRIX=-0.000002138,-1.000000000,0.000005389,0.000000000,1.000000000,-0.000002138,-0.000001964,0.000000000,0.000001964,0.000005389,1.000000000,0.000000000,12.585810617,34.352856693,36.883187172,1.000000000
ENTITYNAME=Wire_Device
