OBJECTMODELPOINTER=33777c94-e4b9-4947-906f-f84480f3cb99.dev
BASEFAMILY=3a7c277c-2322-48fb-a7ea-a4034ff67801.fam
BLHA=28.31411764,113.38983103,66.771612,527.133635
TRANSFORMMATRIX=-0.306553677,0.951853372,0.000028757,0.000000000,-0.951853373,-0.306553677,0.000001450,0.000000000,0.000010195,-0.000026928,1.000000000,0.000000000,64.953838667,-171.914183273,63.477062322,1.000000000
ENTITYNAME=Wire_Device
