OBJECTMODELPOINTER=33777c94-e4b9-4947-906f-f84480f3cb99.dev
BASEFAMILY=3a991ece-aeb1-4af8-abe9-61c4d991cbec.fam
BLHA=28.41408598,113.37463405,174.728080,254.006183
TRANSFORMMATRIX=-0.000008196,-0.999999998,0.000057646,0.000000000,1.000000000,-0.000008197,-0.000001710,0.000000000,0.000001710,0.000057646,0.999999998,0.000000000,11.417387973,366.217792768,41.948425923,1.000000000
ENTITYNAME=Wire_Device
