OBJECTMODELPOINTER=33777c94-e4b9-4947-906f-f84480f3cb99.dev
BASEFAMILY=3a9d168f-a1cd-4ea1-8eb1-1ee7b7c17103.fam
BLHA=28.32854622,113.36798434,68.151851,482.460958
TRANSFORMMATRIX=-0.105589290,0.994409825,0.000041882,0.000000000,-0.994409826,-0.105589290,0.000001267,0.000000000,0.000005683,-0.000041514,0.999999999,0.000000000,36.840952657,-264.088787128,11.570563547,1.000000000
ENTITYNAME=Wire_Device
