OBJECTMODELPOINTER=33777c94-e4b9-4947-906f-f84480f3cb99.dev
BASEFAMILY=3aa1ce2d-89b2-4b59-af9d-2bf7f17bbf31.fam
BLHA=28.67276970,113.45923535,192.994115,456.641966
TRANSFORMMATRIX=-0.004945551,0.999987768,0.000070551,0.000000000,-0.999987771,-0.004945551,-0.000000902,0.000000000,-0.000000552,-0.000070555,0.999999997,0.000000000,-3.261581858,-448.073726079,5.908237136,1.000000000
ENTITYNAME=Wire_Device
