OBJECTMODELPOINTER=33777c94-e4b9-4947-906f-f84480f3cb99.dev
BASEFAMILY=3aaa4dfd-8697-4569-b8c5-d9d364c66cca.fam
BLHA=28.41763874,113.37576334,172.022371,254.006183
TRANSFORMMATRIX=-0.000001238,-1.000000000,0.000005173,0.000000000,1.000000000,-0.000001238,-0.000002054,0.000000000,0.000002054,0.000005173,1.000000000,0.000000000,13.149604363,32.881228143,48.125768487,1.000000000
ENTITYNAME=Wire_Device
