OBJECTMODELPOINTER=33777c94-e4b9-4947-906f-f84480f3cb99.dev
BASEFAMILY=3ab35628-8249-4cd1-beb2-c39cc9980799.fam
BLHA=28.56928949,113.49371034,236.536103,312.996987
TRANSFORMMATRIX=0.000014811,-0.999999999,0.000041031,0.000000000,1.000000000,0.000014811,-0.000002025,0.000000000,0.000002024,0.000041031,0.999999999,0.000000000,12.216769556,261.157193427,31.266528246,1.000000000
ENTITYNAME=Wire_Device
