OBJECTMODELPOINTER=146d895a-fdff-4646-a5ce-e15abbf3f3eb.dev
BASEFAMILY=3ad20fc9-7321-4e8f-9d6f-2989f6a2f85f.fam
TRANSFORMMATRIX=-0.000000000,-1.000000000,-0.000000000,0.000000000,1.000000000,-0.000000000,0.000000000,0.000000000,0.000000000,0.000000000,1.000000000,0.000000000,-5.809862215,5.809449098,-0.000001995,1.000000000
ENTITYNAME=Tower_Device
