OBJECTMODELPOINTER=33777c94-e4b9-4947-906f-f84480f3cb99.dev
BASEFAMILY=3ad80227-6f43-4868-a172-23c6a6e9cb2c.fam
BLHA=28.48305469,113.41645050,246.976349,229.813402
TRANSFORMMATRIX=-0.000024136,-0.999999997,0.000074429,0.000000000,1.000000000,-0.000024136,0.000000558,0.000000000,-0.000000556,0.000074430,0.999999997,0.000000000,-2.326394825,473.661493223,74.683084246,1.000000000
ENTITYNAME=Wire_Device
