OBJECTMODELPOINTER=33777c94-e4b9-4947-906f-f84480f3cb99.dev
BASEFAMILY=3adbd31e-6832-4760-808a-c7aa2899fd85.fam
BLHA=28.51918695,113.48038702,399.659330,210.734491
TRANSFORMMATRIX=-0.000038015,-0.999999996,0.000082761,0.000000000,0.999999999,-0.000038015,0.000002418,0.000000000,-0.000002415,0.000082761,0.999999996,0.000000000,-14.154717622,527.547735684,0.508077771,1.000000000
ENTITYNAME=Wire_Device
