OBJECTMODELPOINTER=33777c94-e4b9-4947-906f-f84480f3cb99.dev
BASEFAMILY=3ae89da9-f75d-489e-aacd-596729380c86.fam
BLHA=28.44959265,113.39143584,231.811382,242.026912
TRANSFORMMATRIX=0.004907273,-0.999987959,0.000005699,0.000000000,0.999987959,0.004907273,0.000001902,0.000000000,-0.000001930,0.000005689,1.000000000,0.000000000,-12.226451809,36.143347371,45.661943574,1.000000000
ENTITYNAME=Wire_Device
