OBJECTMODELPOINTER=4eed3ada-6faf-4de7-9ab1-97cc14e9597b.dev
BASEFAMILY=3af83ffc-4f1c-44f3-9e70-3f5469dbb2ae.fam
TRANSFORMMATRIX=-0.792873375,0.201255232,-0.575194717,0.000000000,0.608810537,0.302643953,-0.733318177,0.000000000,0.026493483,-0.931613321,-0.362484090,0.000000000,-0.000000000,0.500000000,26.000000001,1.000000000
ENTITYNAME=Tower_Device
