OBJECTMODELPOINTER=33777c94-e4b9-4947-906f-f84480f3cb99.dev
BASEFAMILY=3b05a908-5a8b-406c-a336-c4d15f24c0e8.fam
BLHA=28.31534552,113.42043692,48.733934,348.172871
TRANSFORMMATRIX=-0.219587981,-0.975592700,0.000040756,0.000000000,0.975592701,-0.219587982,-0.000001011,0.000000000,0.000009936,0.000039538,0.999999999,0.000000000,62.842666049,252.258192967,56.133327261,1.000000000
ENTITYNAME=Wire_Device
