OBJECTMODELPOINTER=33777c94-e4b9-4947-906f-f84480f3cb99.dev
BASEFAMILY=3b05479f-736c-4279-8ea6-d57183e8e518.fam
BLHA=28.79959310,113.50336431,218.110050,224.374488
TRANSFORMMATRIX=-0.049121637,-0.998792804,0.000017972,0.000000000,0.998792804,-0.049121637,-0.000000085,0.000000000,0.000000967,0.000017946,1.000000000,0.000000000,6.457160279,114.281719187,12.928178382,1.000000000
ENTITYNAME=Wire_Device
