OBJECTMODELPOINTER=33777c94-e4b9-4947-906f-f84480f3cb99.dev
BASEFAMILY=3b09fbea-c297-492c-87d8-193fc4309a5c.fam
BLHA=28.52041531,113.48270330,362.655379,210.734491
TRANSFORMMATRIX=-0.000015030,-1.000000000,0.000026552,0.000000000,1.000000000,-0.000015030,-0.000001691,0.000000000,0.000001692,0.000026552,1.000000000,0.000000000,11.140616080,169.285317325,56.011743132,1.000000000
ENTITYNAME=Wire_Device
