OBJECTMODELPOINTER=33777c94-e4b9-4947-906f-f84480f3cb99.dev
BASEFAMILY=3b0b2180-69dd-4b31-85eb-d9d7c7e6c1d5.fam
BLHA=28.32292443,113.37625760,67.775568,311.415680
TRANSFORMMATRIX=-0.001728924,-0.999998504,0.000057366,0.000000000,0.999998505,-0.001728924,-0.000000885,0.000000000,0.000000984,0.000057364,0.999999998,0.000000000,5.323185180,365.073101775,34.716486342,1.000000000
ENTITYNAME=Wire_Device
