OBJECTMODELPOINTER=0c764f04-b24b-4345-b177-5dfcfdc9c89a.dev
BASEFAMILY=3b0e578b-09a0-44ca-b086-13e1c7a227f3.fam
TRANSFORMMATRIX=0.000000308,1.000000313,-0.000000777,0.000000000,-0.999999687,-0.000000235,0.000001449,0.000000000,-0.000000000,-0.000000000,1.000000000,0.000000000,7.067000000,-0.000000000,72.600000000,1.000000000
ENTITYNAME=Tower_Device
