ENTITYNAME=WIRE
BASEFAMILY=3b1233cf-e6c7-4b21-a82d-ad2c71a0cc03.fam
OBJECTMODELPOINTER=81b82497-164d-48c0-b1cb-18fa700dacdf.dev
KVALUE=0.000000
SPLIT=4
POINT0.BLHA=28.79022096,113.49139881,176.212,221.400685
POINT0.MATRIX0=-0.661320829,-0.750103167,0.000000000,0.000000000,0.750103167,-0.661320829,-0.000000000,0.000000000,-0.000000000,0.000000000,1.000000000,0.000000000,12.955218254,-0.109807010,43.000000523,1.000000000
POINT0.MATRIX1=-0.661320829,-0.750103167,0.000000000,0.000000000,0.750103167,-0.661320829,-0.000000000,0.000000000,-0.000000000,0.000000000,1.000000000,0.000000000,12.955218255,-0.109807010,43.449997471,1.000000000
POINT0.MATRIX2=-0.661320829,-0.750103167,0.000000000,0.000000000,0.750103167,-0.661320829,-0.000000000,0.000000000,-0.000000000,0.000000000,1.000000000,0.000000000,12.506255030,-0.111063944,43.449997472,1.000000000
POINT0.MATRIX3=-0.661320829,-0.750103167,0.000000000,0.000000000,0.750103167,-0.661320829,-0.000000000,0.000000000,-0.000000000,0.000000000,1.000000000,0.000000000,12.506255029,-0.111063944,43.000000524,1.000000000
POINT1.BLHA=28.79022096,113.49139881,176.212,221.400685
POINT1.MATRIX0=-0.661320829,-0.750103167,0.000000000,0.000000000,0.750103167,-0.661320829,-0.000000000,0.000000000,-0.000000000,0.000000000,1.000000000,0.000000000,12.955283168,0.000187353,43.000000524,1.000000000
POINT1.MATRIX1=-0.661320829,-0.750103167,0.000000000,0.000000000,0.750103167,-0.661320829,-0.000000000,0.000000000,-0.000000000,0.000000000,1.000000000,0.000000000,12.955283168,0.000187352,43.449997472,1.000000000
POINT1.MATRIX2=-0.661320829,-0.750103167,0.000000000,0.000000000,0.750103167,-0.661320829,-0.000000000,0.000000000,-0.000000000,0.000000000,1.000000000,0.000000000,12.506319943,-0.001069582,43.449997471,1.000000000
POINT1.MATRIX3=-0.661320829,-0.750103167,0.000000000,0.000000000,0.750103167,-0.661320829,-0.000000000,0.000000000,-0.000000000,0.000000000,1.000000000,0.000000000,12.506319943,-0.001069581,43.000000523,1.000000000
