OBJECTMODELPOINTER=2db5ff54-6533-4ea2-8ad6-497aed618a0d.dev
BASEFAMILY=3b2227d9-5162-4b7e-bdda-489c56623ea6.fam
TRANSFORMMATRIX=-0.001797924,-0.255766630,-0.966736400,0.000000000,0.999975779,-0.007026626,0.000000113,0.000000000,-0.006794074,-0.966712734,0.255773982,0.000000000,7.500000000,0.953000000,30.000000000,1.000000000
ENTITYNAME=Tower_Device
