OBJECTMODELPOINTER=33777c94-e4b9-4947-906f-f84480f3cb99.dev
BASEFAMILY=3b27b94d-33dd-4f06-b830-73747fe1b071.fam
BLHA=28.69702652,113.45589279,149.051008,277.425083
TRANSFORMMATRIX=0.000003399,-0.999999998,0.000069550,0.000000000,1.000000000,0.000003399,-0.000001590,0.000000000,0.000001590,0.000069549,0.999999998,0.000000000,9.856293572,441.695192823,59.406682971,1.000000000
ENTITYNAME=Wire_Device
