OBJECTMODELPOINTER=081c469e-b193-43ab-a0aa-8fbfbf267ec0.dev
BASEFAMILY=3b408578-c993-47b7-8a3f-4bdd6fd4bfcc.fam
TRANSFORMMATRIX=-0.000000367,0.999999878,0.000001607,0.000000000,-1.000000122,0.000000426,0.000000346,0.000000000,0.000000000,0.000000000,1.000000000,0.000000000,7.500000000,4.000000001,37.000000000,1.000000000
ENTITYNAME=Tower_Device
