OBJECTMODELPOINTER=33777c94-e4b9-4947-906f-f84480f3cb99.dev
BASEFAMILY=3b59efac-fdf6-4bbe-b84e-598e599a3fa0.fam
BLHA=28.71274605,113.45447194,199.234978,264.887951
TRANSFORMMATRIX=-0.010320947,-0.999946737,0.000039158,0.000000000,0.999946738,-0.010320947,0.000002058,0.000000000,-0.000001654,0.000039177,0.999999999,0.000000000,-10.440965803,248.793558995,-2.840017400,1.000000000
ENTITYNAME=Wire_Device
