OBJECTMODELPOINTER=38063943-a068-4949-a1d3-019e0cdb1182.dev
BASEFAMILY=3b82b61e-eb56-4a42-946b-c50a1ce8c904.fam
TRANSFORMMATRIX=0.942460612,-0.097522119,-0.319777499,0.000000000,0.332673268,0.178812418,0.925934337,0.000000000,-0.033119220,-0.979038031,0.200966791,0.000000000,1.384939759,1.384939759,37.000000000,1.000000000
ENTITYNAME=Tower_Device
