ENTITYNAME=WIRE
BASEFAMILY=3b9d0fd2-17ec-41b7-a697-7743b79bda1b.fam
OBJECTMODELPOINTER=81b82497-164d-48c0-b1cb-18fa700dacdf.dev
KVALUE=0.000385
SPLIT=4
POINT0.BLHA=28.30786495,113.43629033,62.970,307.005893
POINT0.MATRIX0=-0.798573609,0.601897160,-0.000000000,0.000000000,-0.601897160,-0.798573609,-0.000000000,0.000000000,0.000000000,-0.000000000,1.000000000,0.000000000,-7.335203642,0.130254362,36.866815464,1.000000000
POINT0.MATRIX1=-0.798573609,0.601897160,-0.000000000,0.000000000,-0.601897160,-0.798573609,-0.000000000,0.000000000,0.000000000,-0.000000000,1.000000000,0.000000000,-7.147994298,0.131006300,37.330667392,1.000000000
POINT0.MATRIX2=-0.798573609,0.601897160,-0.000000000,0.000000000,-0.601897160,-0.798573609,-0.000000000,0.000000000,0.000000000,-0.000000000,1.000000000,0.000000000,-7.611911818,0.130923354,37.517328159,1.000000000
POINT0.MATRIX3=-0.798573609,0.601897160,-0.000000000,0.000000000,-0.601897160,-0.798573609,-0.000000000,0.000000000,0.000000000,-0.000000000,1.000000000,0.000000000,-7.799121162,0.130171417,37.053476230,1.000000000
POINT1.BLHA=28.30572385,113.43813150,65.831,307.005893
POINT1.MATRIX0=-0.798573609,0.601897160,0.000000000,0.000000000,-0.601897160,-0.798573609,0.000000000,0.000000000,-0.000000000,0.000000000,1.000000000,0.000000000,-7.335568726,-0.130177456,36.866762728,1.000000000
POINT1.MATRIX1=-0.798573609,0.601897160,0.000000000,0.000000000,-0.601897160,-0.798573609,0.000000000,0.000000000,-0.000000000,0.000000000,1.000000000,0.000000000,-7.148359383,-0.129425518,37.330614657,1.000000000
POINT1.MATRIX2=-0.798573609,0.601897160,0.000000000,0.000000000,-0.601897160,-0.798573609,0.000000000,0.000000000,-0.000000000,0.000000000,1.000000000,0.000000000,-7.612276902,-0.129508462,37.517275424,1.000000000
POINT1.MATRIX3=-0.798573609,0.601897160,0.000000000,0.000000000,-0.601897160,-0.798573609,0.000000000,0.000000000,-0.000000000,0.000000000,1.000000000,0.000000000,-7.799486246,-0.130260401,37.053423495,1.000000000
