OBJECTMODELPOINTER=78632cf5-3f49-4c26-88a7-4dc60d777bd0.dev
BASEFAMILY=3bb4ce37-9565-41b7-8655-18ce69ccdca1.fam
TRANSFORMMATRIX=0.000000387,1.000000413,-0.000001253,0.000000000,-0.999999587,0.000000416,0.000001065,0.000000000,-0.000000000,-0.000000000,1.000000000,0.000000000,11.000000001,0.000000000,36.000000001,1.000000000
ENTITYNAME=Tower_Device
