OBJECTMODELPOINTER=33777c94-e4b9-4947-906f-f84480f3cb99.dev
BASEFAMILY=3bbf5b84-ad0b-43a1-9a9c-02f695bf044e.fam
BLHA=28.80418340,113.50812520,199.973454,227.348291
TRANSFORMMATRIX=-0.000006271,-1.000000000,0.000017763,0.000000000,1.000000000,-0.000006271,-0.000001745,0.000000000,0.000001745,0.000017763,1.000000000,0.000000000,11.401691349,113.101269323,34.837079162,1.000000000
ENTITYNAME=Wire_Device
