OBJECTMODELPOINTER=33777c94-e4b9-4947-906f-f84480f3cb99.dev
BASEFAMILY=3bc48ec6-b05a-4a14-bf85-8dfc4d0787cf.fam
BLHA=28.33832123,113.36372877,73.392099,278.143009
TRANSFORMMATRIX=0.003160375,-0.999995005,0.000039336,0.000000000,0.999995006,0.003160375,0.000000181,0.000000000,-0.000000305,0.000039336,0.999999999,0.000000000,-2.130899867,249.800724299,34.660561581,1.000000000
ENTITYNAME=Wire_Device
