OBJECTMODELPOINTER=33777c94-e4b9-4947-906f-f84480f3cb99.dev
BASEFAMILY=3bcd5b23-2fbd-4752-b90c-7e5d50cb760f.fam
BLHA=28.56928949,113.49371034,236.536103,312.996987
TRANSFORMMATRIX=0.000011244,-1.000000000,0.000029537,0.000000000,1.000000000,0.000011244,0.000000048,0.000000000,-0.000000049,0.000029537,1.000000000,0.000000000,-0.794518029,188.023554805,33.734155767,1.000000000
ENTITYNAME=Wire_Device
