OBJECTMODELPOINTER=33777c94-e4b9-4947-906f-f84480f3cb99.dev
BASEFAMILY=3bdabd01-d03f-44f2-ba15-a8d143539b4c.fam
BLHA=28.52807252,113.49714509,416.575795,210.734491
TRANSFORMMATRIX=0.003485329,-0.999993925,0.000058332,0.000000000,0.999993926,0.003485329,0.000002247,0.000000000,-0.000002451,0.000058324,0.999999998,0.000000000,-14.733985152,371.764482816,0.748180506,1.000000000
ENTITYNAME=Wire_Device
