OBJECTMODELPOINTER=0e312739-8609-4a3d-966c-75d05d59356d.dev
BASEFAMILY=3be9c29b-0119-4fb3-9687-c8dd7a932e11.fam
TRANSFORMMATRIX=1.000000000,-0.000000000,0.000000000,0.000000000,-0.000000000,1.000000000,-0.000000000,0.000000000,0.000000000,0.000000000,1.000000000,0.000000000,-5.396963160,-5.397049402,0.000000486,1.000000000
ENTITYNAME=Tower_Device
