OBJECTMODELPOINTER=33777c94-e4b9-4947-906f-f84480f3cb99.dev
BASEFAMILY=3beb5bec-43ca-4b4d-b656-14b03b4f0aa8.fam
BLHA=28.51174980,113.46636581,279.463297,210.734491
TRANSFORMMATRIX=0.002239972,-0.999997489,0.000061218,0.000000000,0.999997491,0.002239972,0.000000196,0.000000000,-0.000000333,0.000061217,0.999999998,0.000000000,-1.231498208,390.234201153,-13.880977729,1.000000000
ENTITYNAME=Wire_Device
