OBJECTMODELPOINTER=33777c94-e4b9-4947-906f-f84480f3cb99.dev
BASEFAMILY=3bebb416-dcd7-4a0b-a35f-235cbd41d155.fam
BLHA=28.43802035,113.38456732,303.277751,242.026912
TRANSFORMMATRIX=-0.001533659,-0.999998821,0.000073414,0.000000000,0.999998824,-0.001533659,-0.000001327,0.000000000,0.000001440,0.000073413,0.999999997,0.000000000,10.188343250,466.736382728,5.894085620,1.000000000
ENTITYNAME=Wire_Device
