OBJECTMODELPOINTER=12ee5f78-73e3-44f2-b255-a89e95a8792a.dev
BASEFAMILY=3bf5e77d-c375-41c6-ab2d-f84cea390fab.fam
TRANSFORMMATRIX=1.000000000,-0.000000000,-0.000000000,0.000000000,0.000000000,1.000000000,-0.000000000,0.000000000,-0.000000000,-0.000000000,1.000000000,0.000000000,30.463811690,-0.001335939,-0.000004587,1.000000000
ENTITYNAME=Tower_Device
