OBJECTMODELPOINTER=33777c94-e4b9-4947-906f-f84480f3cb99.dev
BASEFAMILY=3bfbdc15-f832-4f0f-8754-76fb5d093dba.fam
BLHA=28.34901903,113.36193338,109.289234,278.143009
TRANSFORMMATRIX=0.000004465,-0.999999999,0.000040429,0.000000000,1.000000000,0.000004465,0.000000187,0.000000000,-0.000000187,0.000040429,0.999999999,0.000000000,-1.383481799,256.752085939,16.851468823,1.000000000
ENTITYNAME=Wire_Device
