OBJECTMODELPOINTER=33777c94-e4b9-4947-906f-f84480f3cb99.dev
BASEFAMILY=3bfc341a-6ef7-45e8-b021-a9c1c5aa6033.fam
BLHA=28.55813742,113.50479443,276.608256,304.990571
TRANSFORMMATRIX=0.000967625,-0.999999531,0.000041570,0.000000000,0.999999532,0.000967625,0.000002160,0.000000000,-0.000002200,0.000041568,0.999999999,0.000000000,-14.664651144,264.457190122,38.542689574,1.000000000
ENTITYNAME=Wire_Device
