ENTITYNAME=WIRE
BASEFAMILY=3bfd6249-2143-4c21-bd1e-996cd9860fdb.fam
OBJECTMODELPOINTER=81b82497-164d-48c0-b1cb-18fa700dacdf.dev
KVALUE=0.000369
SPLIT=4
POINT0.BLHA=28.73032666,113.45294372,113.432,258.301958
POINT0.MATRIX0=-0.979229741,-0.202753828,0.000000000,0.000000000,0.202753828,-0.979229741,0.000000000,0.000000000,-0.000000000,-0.000000000,1.000000000,0.000000000,0.182203591,0.119058724,59.478141657,1.000000000
POINT0.MATRIX1=-0.979229741,-0.202753828,0.000000000,0.000000000,0.202753828,-0.979229741,0.000000000,0.000000000,-0.000000000,-0.000000000,1.000000000,0.000000000,0.215307415,0.119929359,59.926917902,1.000000000
POINT0.MATRIX2=-0.979229741,-0.202753828,0.000000000,0.000000000,0.202753828,-0.979229741,0.000000000,0.000000000,-0.000000000,-0.000000000,1.000000000,0.000000000,-0.233234319,0.118806228,59.960182062,1.000000000
POINT0.MATRIX3=-0.979229741,-0.202753828,0.000000000,0.000000000,0.202753828,-0.979229741,0.000000000,0.000000000,-0.000000000,-0.000000000,1.000000000,0.000000000,-0.266734146,0.119848151,59.511405817,1.000000000
POINT1.BLHA=28.72596649,113.45194319,126.517,450.796525
POINT1.MATRIX0=0.999903369,-0.013901533,0.000000000,0.000000000,0.013901533,0.999903369,0.000000000,0.000000000,-0.000000000,-0.000000000,1.000000000,0.000000000,3.094253497,10.508588118,35.367258145,1.000000000
POINT1.MATRIX1=0.999903369,-0.013901533,0.000000000,0.000000000,0.013901533,0.999903369,0.000000000,0.000000000,-0.000000000,-0.000000000,1.000000000,0.000000000,3.289303498,10.541036009,35.826487615,1.000000000
POINT1.MATRIX2=0.999903369,-0.013901533,0.000000000,0.000000000,0.013901533,0.999903369,0.000000000,0.000000000,-0.000000000,-0.000000000,1.000000000,0.000000000,3.531821970,9.693832764,35.783457829,1.000000000
POINT1.MATRIX3=0.999903369,-0.013901533,0.000000000,0.000000000,0.013901533,0.999903369,0.000000000,0.000000000,-0.000000000,-0.000000000,1.000000000,0.000000000,3.336771969,9.661384873,35.324213101,1.000000000
