ENTITYNAME=WIRE
BASEFAMILY=3bfd1fd6-2252-4b66-aeea-5caf226843f5.fam
OBJECTMODELPOINTER=31970f28-780e-4bf1-8adb-439f78c329a3.dev
KVALUE=0.000251
SPLIT=1
POINT0.BLHA=28.55813742,113.50479443,276.608,304.990571
POINT0.MATRIX0=-0.819246424,0.573441624,0.000000000,0.000000000,-0.573441624,-0.819246424,0.000000000,0.000000000,0.000000000,0.000000000,1.000000000,0.000000000,11.317895780,0.310052442,69.558000119,1.000000000
POINT1.BLHA=28.55326393,113.50869198,332.868,304.990571
POINT1.MATRIX0=-0.819246424,0.573441624,0.000000000,0.000000000,-0.573441624,-0.819246424,0.000000000,0.000000000,0.000000000,0.000000000,1.000000000,0.000000000,11.948402922,-0.309973497,60.558001024,1.000000000
