OBJECTMODELPOINTER=33777c94-e4b9-4947-906f-f84480f3cb99.dev
BASEFAMILY=3c07794e-de9e-430c-bc7f-5ff498954ec3.fam
BLHA=28.56928949,113.49371034,236.536103,312.996987
TRANSFORMMATRIX=0.000019081,-0.999999998,0.000052511,0.000000000,1.000000000,0.000019081,-0.000002007,0.000000000,0.000002006,0.000052511,0.999999999,0.000000000,11.907972356,334.234730594,32.732908515,1.000000000
ENTITYNAME=Wire_Device
