OBJECTMODELPOINTER=33777c94-e4b9-4947-906f-f84480f3cb99.dev
BASEFAMILY=3c0f4ec6-214b-488d-8ea7-dcb46f2532ed.fam
BLHA=28.58307238,113.48148471,281.708531,287.849619
TRANSFORMMATRIX=-0.015167291,-0.999884968,0.000056739,0.000000000,0.999884970,-0.015167291,0.000002252,0.000000000,-0.000001392,0.000056766,0.999999998,0.000000000,-9.419076895,360.679638082,7.600741698,1.000000000
ENTITYNAME=Wire_Device
