OBJECTMODELPOINTER=33777c94-e4b9-4947-906f-f84480f3cb99.dev
BASEFAMILY=3c0fc660-26f8-4fbd-a89d-bf93612b524f.fam
BLHA=28.26885822,113.47846971,85.176990,355.334735
TRANSFORMMATRIX=0.000036323,-0.999999997,0.000071611,0.000000000,0.999999999,0.000036323,-0.000000813,0.000000000,0.000000810,0.000071611,0.999999997,0.000000000,4.954827349,457.082474071,63.178767715,1.000000000
ENTITYNAME=Wire_Device
