OBJECTMODELPOINTER=33777c94-e4b9-4947-906f-f84480f3cb99.dev
BASEFAMILY=3c22770d-f537-4784-bd4e-8298e88e81dd.fam
BLHA=28.36995278,113.36656265,67.148041,253.042546
TRANSFORMMATRIX=-0.542994248,-0.839736414,0.000040366,0.000000000,0.839736415,-0.542994249,0.000001744,0.000000000,0.000020454,0.000034844,0.999999999,0.000000000,130.823904512,221.544289596,24.253153903,1.000000000
ENTITYNAME=Wire_Device
