OBJECTMODELPOINTER=33777c94-e4b9-4947-906f-f84480f3cb99.dev
BASEFAMILY=3c39408c-08e7-4fa0-a8f9-9badeb466fa0.fam
BLHA=28.32474464,113.37442409,71.722945,330.514691
TRANSFORMMATRIX=-0.324347064,-0.945938149,0.000016597,0.000000000,0.945938149,-0.324347064,-0.000001234,0.000000000,0.000006551,0.000015300,1.000000000,0.000000000,41.429871792,97.442823344,27.005329229,1.000000000
ENTITYNAME=Wire_Device
