OBJECTMODELPOINTER=33777c94-e4b9-4947-906f-f84480f3cb99.dev
BASEFAMILY=3c5ce963-9cf1-47cc-96ba-1ea6c59d699e.fam
BLHA=28.28033977,113.46346380,83.899072,326.450928
TRANSFORMMATRIX=-0.213388229,-0.976967483,0.000001089,0.000000000,0.976967483,-0.213388229,-0.000001750,0.000000000,0.000001942,0.000000691,1.000000000,0.000000000,12.337364709,4.369498863,42.519577748,1.000000000
ENTITYNAME=Wire_Device
