OBJECTMODELPOINTER=98c9043e-41f5-400b-8297-7750de02a2fa.dev
BASEFAMILY=3c5fedc6-4ecd-4e1f-8d84-401010fb8d5c.fam
TRANSFORMMATRIX=-0.038383325,0.088497762,-0.995336676,0.000000000,-0.917429661,-0.397897707,-0.000000902,0.000000000,-0.396042447,0.913151393,0.096461976,0.000000000,-8.500000000,-0.946000000,30.000000000,1.000000000
ENTITYNAME=Tower_Device
