OBJECTMODELPOINTER=33777c94-e4b9-4947-906f-f84480f3cb99.dev
BASEFAMILY=3c670ed7-7942-4717-a411-07608f1c2cee.fam
BLHA=28.29768818,113.44194006,79.179744,287.794387
TRANSFORMMATRIX=0.001537091,-0.999998818,0.000040857,0.000000000,0.999998819,0.001537091,-0.000000960,0.000000000,0.000000897,0.000040859,0.999999999,0.000000000,5.328894810,259.567969501,43.944956485,1.000000000
ENTITYNAME=Wire_Device
