OBJECTMODELPOINTER=33777c94-e4b9-4947-906f-f84480f3cb99.dev
BASEFAMILY=3c727e56-8915-408c-8b72-e26432f6d4dd.fam
BLHA=28.28912608,113.44509395,57.000023,477.961117
TRANSFORMMATRIX=-0.324492320,0.945888331,0.000000162,0.000000000,-0.945888331,-0.324492320,-0.000001783,0.000000000,-0.000001634,-0.000000732,1.000000000,0.000000000,-10.405893124,-4.632116050,25.476168452,1.000000000
ENTITYNAME=Wire_Device
