OBJECTMODELPOINTER=33777c94-e4b9-4947-906f-f84480f3cb99.dev
BASEFAMILY=3c7d776f-f29c-4b7d-9583-3ce2cf90211e.fam
BLHA=28.28033977,113.46346380,83.899072,326.450928
TRANSFORMMATRIX=-0.241011445,-0.970522272,0.000059357,0.000000000,0.970522274,-0.241011445,0.000001430,0.000000000,0.000012918,0.000057952,0.999999998,0.000000000,81.271215334,369.126444864,78.693006451,1.000000000
ENTITYNAME=Wire_Device
