OBJECTMODELPOINTER=33777c94-e4b9-4947-906f-f84480f3cb99.dev
BASEFAMILY=3c80d6e9-4551-41c9-a56b-026d99a1c70d.fam
BLHA=28.31510010,113.40690744,78.265120,0.896163
TRANSFORMMATRIX=-0.002095258,-0.999997805,0.000015958,0.000000000,0.999997805,-0.002095258,0.000001362,0.000000000,-0.000001329,0.000015961,1.000000000,0.000000000,-8.429862817,101.879643929,32.972843677,1.000000000
ENTITYNAME=Wire_Device
