OBJECTMODELPOINTER=33777c94-e4b9-4947-906f-f84480f3cb99.dev
BASEFAMILY=3c87ed6b-99db-4fe1-a7ad-7d0635e725a6.fam
BLHA=28.69273331,113.45654991,185.538391,277.425083
TRANSFORMMATRIX=0.004096965,-0.999991607,0.000005590,0.000000000,0.999991607,0.004096965,0.000001881,0.000000000,-0.000001904,0.000005583,1.000000000,0.000000000,-12.176489859,35.462552357,27.567635752,1.000000000
ENTITYNAME=Wire_Device
