ENTITYNAME=WIRE
BASEFAMILY=3c960421-ef51-419d-ad7d-2cae7ca27fdc.fam
OBJECTMODELPOINTER=81b82497-164d-48c0-b1cb-18fa700dacdf.dev
KVALUE=0.000376
SPLIT=4
POINT0.BLHA=28.31498130,113.40038482,72.540,2.946268
POINT0.MATRIX0=0.051399410,0.998678177,0.000000000,0.000000000,-0.998678177,0.051399410,-0.000000000,0.000000000,-0.000000000,0.000000000,1.000000000,0.000000000,9.502198290,9.743647828,34.951707054,1.000000000
POINT0.MATRIX1=0.051399410,0.998678177,0.000000000,0.000000000,-0.998678177,0.051399410,-0.000000000,0.000000000,-0.000000000,0.000000000,1.000000000,0.000000000,9.529628878,10.542610406,35.327134301,1.000000000
POINT0.MATRIX2=0.051399410,0.998678177,0.000000000,0.000000000,-0.998678177,0.051399410,-0.000000000,0.000000000,-0.000000000,0.000000000,1.000000000,0.000000000,9.029737647,10.557582123,35.327119041,1.000000000
POINT0.MATRIX3=0.051399410,0.998678177,0.000000000,0.000000000,-0.998678177,0.051399410,-0.000000000,0.000000000,-0.000000000,0.000000000,1.000000000,0.000000000,9.002294510,9.758375728,34.951737572,1.000000000
POINT1.BLHA=28.31502906,113.40300484,68.016,0.896163
POINT1.MATRIX0=0.015640353,0.999877682,-0.000000000,0.000000000,-0.999877682,0.015640353,-0.000000000,0.000000000,-0.000000000,-0.000000000,1.000000000,0.000000000,7.349617241,-0.130078157,39.866812875,1.000000000
POINT1.MATRIX1=0.015640353,0.999877682,-0.000000000,0.000000000,-0.999877682,0.015640353,-0.000000000,0.000000000,-0.000000000,-0.000000000,1.000000000,0.000000000,7.535187242,-0.130050846,40.330664804,1.000000000
POINT1.MATRIX2=0.015640353,0.999877682,-0.000000000,0.000000000,-0.999877682,0.015640353,-0.000000000,0.000000000,-0.000000000,-0.000000000,1.000000000,0.000000000,7.072242502,-0.129890285,40.517325570,1.000000000
POINT1.MATRIX3=0.015640353,0.999877682,-0.000000000,0.000000000,-0.999877682,0.015640353,-0.000000000,0.000000000,-0.000000000,-0.000000000,1.000000000,0.000000000,6.884719615,-0.129887048,40.053473642,1.000000000
