OBJECTMODELPOINTER=1aed9524-694a-4bce-a34f-fdc7e2dc4031.dev
BASEFAMILY=3cacfa9b-c3b0-45a9-af70-9f477563b530.fam
TRANSFORMMATRIX=-0.023430261,-0.104656640,-0.994232567,0.000000000,0.975841395,-0.218479255,-0.000001073,0.000000000,-0.217219122,-0.970213393,0.107246559,0.000000000,11.100000000,0.847500000,47.000000001,1.000000000
ENTITYNAME=Tower_Device
