OBJECTMODELPOINTER=33777c94-e4b9-4947-906f-f84480f3cb99.dev
BASEFAMILY=3cb8a74d-22ea-4142-8ae7-5d2c04b3d6ae.fam
BLHA=28.45391595,113.39400228,204.515406,242.026912
TRANSFORMMATRIX=-0.008120879,-0.999967023,0.000068324,0.000000000,0.999967025,-0.008120879,-0.000000682,0.000000000,0.000001237,0.000068317,0.999999998,0.000000000,8.822655374,434.332432894,45.985297958,1.000000000
ENTITYNAME=Wire_Device
