OBJECTMODELPOINTER=2382f9aa-a57a-4580-b3e3-73430af54cd3.dev
BASEFAMILY=3cc14d3f-7cf5-444b-a409-53ddc6aca8da.fam
TRANSFORMMATRIX=0.006115632,0.999981077,-0.000001551,0.000000000,-0.999981517,0.006116337,-0.000000559,0.000000000,-0.000000000,-0.000000000,1.000000000,0.000000000,-11.870000000,0.000000000,30.000000001,1.000000000
ENTITYNAME=Tower_Device
