OBJECTMODELPOINTER=33777c94-e4b9-4947-906f-f84480f3cb99.dev
BASEFAMILY=3ccf3438-8a9f-49ce-923a-a510c837525d.fam
BLHA=28.69702652,113.45589279,149.051008,277.425083
TRANSFORMMATRIX=0.000001087,-0.999999999,0.000037811,0.000000000,1.000000000,0.000001087,-0.000001713,0.000000000,0.000001713,0.000037811,0.999999999,0.000000000,10.775199824,240.125608769,34.052968737,1.000000000
ENTITYNAME=Wire_Device
