OBJECTMODELPOINTER=33777c94-e4b9-4947-906f-f84480f3cb99.dev
BASEFAMILY=3ccf1332-6e87-4e92-b7fe-cd68a3950033.fam
BLHA=28.30786495,113.43629033,62.969533,307.005893
TRANSFORMMATRIX=0.000007215,-1.000000000,0.000016871,0.000000000,1.000000000,0.000007215,0.000001209,0.000000000,-0.000001210,0.000016871,1.000000000,0.000000000,-7.974434289,107.349775508,30.339568913,1.000000000
ENTITYNAME=Wire_Device
