OBJECTMODELPOINTER=33777c94-e4b9-4947-906f-f84480f3cb99.dev
BASEFAMILY=3ce2cbcb-c60a-48c6-b42b-222b8fc89025.fam
BLHA=28.46688419,113.40170203,216.340862,242.026912
TRANSFORMMATRIX=-0.000021939,-0.999999995,0.000096481,0.000000000,1.000000000,-0.000021939,0.000000692,0.000000000,-0.000000690,0.000096481,0.999999995,0.000000000,-3.078730839,613.370096316,72.893510918,1.000000000
ENTITYNAME=Wire_Device
