OBJECTMODELPOINTER=33777c94-e4b9-4947-906f-f84480f3cb99.dev
BASEFAMILY=3cfa2eb4-c0b2-4110-ad92-a4d303418f2f.fam
BLHA=28.54843684,113.51255198,454.586266,280.370385
TRANSFORMMATRIX=-0.435829610,-0.900029194,0.000028749,0.000000000,0.900029195,-0.435829610,-0.000000764,0.000000000,0.000013216,0.000025541,1.000000000,0.000000000,84.207474783,162.152503721,45.723596272,1.000000000
ENTITYNAME=Wire_Device
