OBJECTMODELPOINTER=33777c94-e4b9-4947-906f-f84480f3cb99.dev
BASEFAMILY=3d195956-3593-43da-b0e4-684db9efe8fe.fam
BLHA=28.60915768,113.46895250,187.940881,294.633001
TRANSFORMMATRIX=-0.001395005,-0.999999025,0.000059211,0.000000000,0.999999027,-0.001395005,0.000002234,0.000000000,-0.000002151,0.000059214,0.999999998,0.000000000,-14.459336466,376.396764305,74.967609417,1.000000000
ENTITYNAME=Wire_Device
