ENTITYNAME=WIRE
BASEFAMILY=3d1abd6d-b50c-4840-afc5-5aeea6c0442c.fam
OBJECTMODELPOINTER=81b82497-164d-48c0-b1cb-18fa700dacdf.dev
KVALUE=0.000368
SPLIT=4
POINT0.BLHA=28.59525170,113.47626182,222.708,294.633001
POINT0.MATRIX0=-0.908996188,0.416804426,0.000000000,0.000000000,-0.416804426,-0.908996188,0.000000000,0.000000000,-0.000000000,0.000000000,1.000000000,0.000000000,0.224930502,0.110523667,39.999998385,1.000000000
POINT0.MATRIX1=-0.908996188,0.416804426,0.000000000,0.000000000,-0.416804426,-0.908996188,0.000000000,0.000000000,-0.000000000,0.000000000,1.000000000,0.000000000,0.224930502,0.110523666,40.449999148,1.000000000
POINT0.MATRIX2=-0.908996188,0.416804426,0.000000000,0.000000000,-0.416804426,-0.908996188,0.000000000,0.000000000,-0.000000000,0.000000000,1.000000000,0.000000000,-0.225126294,0.109543577,40.449999149,1.000000000
POINT0.MATRIX3=-0.908996188,0.416804426,0.000000000,0.000000000,-0.416804426,-0.908996188,0.000000000,0.000000000,-0.000000000,0.000000000,1.000000000,0.000000000,-0.225126294,0.109543577,39.999998386,1.000000000
POINT1.BLHA=28.59065738,113.47867622,222.764,291.241310
POINT1.MATRIX0=-0.932062828,0.362296680,0.000000000,0.000000000,-0.362296680,-0.932062828,0.000000000,0.000000000,0.000000000,-0.000000000,1.000000000,0.000000000,2.217164853,-10.540606752,35.035855609,1.000000000
POINT1.MATRIX1=-0.932062828,0.362296680,0.000000000,0.000000000,-0.362296680,-0.932062828,0.000000000,0.000000000,0.000000000,-0.000000000,1.000000000,0.000000000,2.030704721,-9.888203060,35.600854236,1.000000000
POINT1.MATRIX2=-0.932062828,0.362296680,0.000000000,0.000000000,-0.362296680,-0.932062828,0.000000000,0.000000000,0.000000000,-0.000000000,1.000000000,0.000000000,1.558001681,-9.882577778,35.438371021,1.000000000
POINT1.MATRIX3=-0.932062828,0.362296680,0.000000000,0.000000000,-0.362296680,-0.932062828,0.000000000,0.000000000,0.000000000,-0.000000000,1.000000000,0.000000000,1.744461813,-10.534981469,34.873368579,1.000000000
