OBJECTMODELPOINTER=0e312739-8609-4a3d-966c-75d05d59356d.dev
BASEFAMILY=3d2294ab-7a7c-46ec-a773-a523a410a983.fam
TRANSFORMMATRIX=-1.000000000,0.000000000,0.000000000,0.000000000,-0.000000000,-1.000000000,0.000000000,0.000000000,-0.000000000,-0.000000000,1.000000000,0.000000000,5.397115185,5.396983534,-0.000000725,1.000000000
ENTITYNAME=Tower_Device
