OBJECTMODELPOINTER=33777c94-e4b9-4947-906f-f84480f3cb99.dev
BASEFAMILY=3d27f576-c775-4b6c-829e-1deb3fb129a5.fam
BLHA=28.66021577,113.46120276,152.793290,277.610658
TRANSFORMMATRIX=-0.005252969,-0.999986203,0.000005211,0.000000000,0.999986203,-0.005252969,0.000002107,0.000000000,-0.000002079,0.000005222,1.000000000,0.000000000,-13.295585413,33.170730263,55.270746137,1.000000000
ENTITYNAME=Wire_Device
