OBJECTMODELPOINTER=33777c94-e4b9-4947-906f-f84480f3cb99.dev
BASEFAMILY=3d38ee17-abf3-4f05-b7f0-dafba897c61f.fam
BLHA=28.34247838,113.36303113,107.750676,278.143009
TRANSFORMMATRIX=0.000006754,-0.999999998,0.000067459,0.000000000,1.000000000,0.000006754,0.000000309,0.000000000,-0.000000309,0.000067459,0.999999998,0.000000000,-2.286722390,428.406771322,19.935944587,1.000000000
ENTITYNAME=Wire_Device
