OBJECTMODELPOINTER=33777c94-e4b9-4947-906f-f84480f3cb99.dev
BASEFAMILY=3d3fce32-f481-46c9-b8a7-b0e83c1f9b15.fam
BLHA=28.27160371,113.47264060,64.950919,312.669055
TRANSFORMMATRIX=-0.005689337,-0.999983815,0.000042605,0.000000000,0.999983816,-0.005689337,-0.000001013,0.000000000,0.000001255,0.000042598,0.999999999,0.000000000,7.288567267,271.121079787,52.957424616,1.000000000
ENTITYNAME=Wire_Device
