OBJECTMODELPOINTER=33777c94-e4b9-4947-906f-f84480f3cb99.dev
BASEFAMILY=3d58b1cc-cbb8-4282-8dc9-302c466365f7.fam
BLHA=28.79959310,113.50336431,218.110050,224.374488
TRANSFORMMATRIX=-0.062845423,-0.998023272,0.000049205,0.000000000,0.998023273,-0.062845423,-0.000000835,0.000000000,0.000003925,0.000049056,0.999999999,0.000000000,25.796432508,312.413575614,0.615149043,1.000000000
ENTITYNAME=Wire_Device
