OBJECTMODELPOINTER=33777c94-e4b9-4947-906f-f84480f3cb99.dev
BASEFAMILY=3d672e4c-9490-42a9-941f-69bf597359ba.fam
BLHA=28.78677028,113.48699418,119.837662,221.400685
TRANSFORMMATRIX=-0.017428530,-0.999848111,0.000047459,0.000000000,0.999848112,-0.017428530,0.000002420,0.000000000,-0.000001592,0.000047494,0.999999999,0.000000000,-9.358952602,302.457940577,26.254134628,1.000000000
ENTITYNAME=Wire_Device
