OBJECTMODELPOINTER=18ba74ff-fa03-46e8-8c38-d944830330c1.dev
BASEFAMILY=3d7839ec-749d-424b-aa50-5b3ab0d7e57b.fam
TRANSFORMMATRIX=-0.005000756,-0.026100914,-0.999646938,0.000000000,0.982143002,-0.188135211,0.000001007,0.000000000,-0.188067851,-0.981796431,0.026575403,0.000000000,-13.500000000,0.400000000,61.300000000,1.000000000
ENTITYNAME=Tower_Device
