ENTITYNAME=WIRE
BASEFAMILY=3d7fe01c-154a-4c88-9cf2-be1efcf6bc49.fam
OBJECTMODELPOINTER=81b82497-164d-48c0-b1cb-18fa700dacdf.dev
KVALUE=0.000000
SPLIT=4
POINT0.BLHA=28.64279778,113.46393161,145.776,277.610658
POINT0.MATRIX0=-0.991190922,0.132440763,-0.000000000,0.000000000,-0.132440763,-0.991190922,0.000000000,0.000000000,-0.000000000,-0.000000000,1.000000000,0.000000000,0.224996129,-0.109317421,36.999989780,1.000000000
POINT0.MATRIX1=-0.991190922,0.132440763,-0.000000000,0.000000000,-0.132440763,-0.991190922,0.000000000,0.000000000,-0.000000000,-0.000000000,1.000000000,0.000000000,0.224996129,-0.109317421,37.450001987,1.000000000
POINT0.MATRIX2=-0.991190922,0.132440763,-0.000000000,0.000000000,-0.132440763,-0.991190922,0.000000000,0.000000000,-0.000000000,-0.000000000,1.000000000,0.000000000,-0.224896433,-0.110288738,37.450001987,1.000000000
POINT0.MATRIX3=-0.991190922,0.132440763,-0.000000000,0.000000000,-0.132440763,-0.991190922,0.000000000,0.000000000,-0.000000000,-0.000000000,1.000000000,0.000000000,-0.224896434,-0.110288738,36.999989779,1.000000000
POINT1.BLHA=28.64279778,113.46393161,145.776,277.610658
POINT1.MATRIX0=-0.991190922,0.132440763,-0.000000000,0.000000000,-0.132440763,-0.991190922,0.000000000,0.000000000,-0.000000000,-0.000000000,1.000000000,0.000000000,0.224995361,0.000675666,36.999989780,1.000000000
POINT1.MATRIX1=-0.991190922,0.132440763,-0.000000000,0.000000000,-0.132440763,-0.991190922,0.000000000,0.000000000,-0.000000000,-0.000000000,1.000000000,0.000000000,0.224995362,0.000675666,37.450001987,1.000000000
POINT1.MATRIX2=-0.991190922,0.132440763,-0.000000000,0.000000000,-0.132440763,-0.991190922,0.000000000,0.000000000,-0.000000000,-0.000000000,1.000000000,0.000000000,-0.224897200,-0.000295651,37.450001988,1.000000000
POINT1.MATRIX3=-0.991190922,0.132440763,-0.000000000,0.000000000,-0.132440763,-0.991190922,0.000000000,0.000000000,-0.000000000,-0.000000000,1.000000000,0.000000000,-0.224897201,-0.000295651,36.999989780,1.000000000
