OBJECTMODELPOINTER=33777c94-e4b9-4947-906f-f84480f3cb99.dev
BASEFAMILY=3d848fe1-b2f9-4165-8f3d-cbd4bcdef7a5.fam
BLHA=28.43802035,113.38456732,303.277751,242.026912
TRANSFORMMATRIX=0.001493587,-0.999998881,0.000084130,0.000000000,0.999998885,0.001493588,0.000002473,0.000000000,-0.000002599,0.000084127,0.999999996,0.000000000,-15.414066505,534.796406921,15.126551883,1.000000000
ENTITYNAME=Wire_Device
