OBJECTMODELPOINTER=33777c94-e4b9-4947-906f-f84480f3cb99.dev
BASEFAMILY=3d8f6021-e0dc-4cc0-8648-bf5aa4c35642.fam
BLHA=28.33513056,113.36426418,74.466119,467.201749
TRANSFORMMATRIX=-0.629587272,0.776929770,-0.000000359,0.000000000,-0.776929770,-0.629587272,0.000001311,0.000000000,0.000000792,0.000001105,1.000000000,0.000000000,5.045415996,7.009484159,36.171894542,1.000000000
ENTITYNAME=Wire_Device
