OBJECTMODELPOINTER=609af4a0-312a-4fd7-8ef4-079781c44d79.dev
BASEFAMILY=3d9285b7-016a-4f56-9589-66b05e54e7fc.fam
TRANSFORMMATRIX=-1.000000000,-0.000000036,0.000000000,0.000000000,0.000000036,-1.000000000,-0.000000000,0.000000000,-0.000000000,0.000000000,1.000000000,0.000000000,-9.870000001,-0.000000000,51.999999999,1.000000000
ENTITYNAME=Tower_Device
