ENTITYNAME=WIRE
BASEFAMILY=3d9b50d6-c590-4946-87d7-b6ba256fdb37.fam
OBJECTMODELPOINTER=81b82497-164d-48c0-b1cb-18fa700dacdf.dev
KVALUE=0.000000
SPLIT=4
POINT0.BLHA=28.34247838,113.36303113,107.751,278.143009
POINT0.MATRIX0=-0.989917611,0.141644356,-0.000000000,0.000000000,-0.141644356,-0.989917611,-0.000000000,0.000000000,0.000000000,-0.000000000,1.000000000,0.000000000,12.094147014,-0.720991383,31.741108026,1.000000000
POINT0.MATRIX1=-0.989917611,0.141644356,-0.000000000,0.000000000,-0.141644356,-0.989917611,-0.000000000,0.000000000,0.000000000,-0.000000000,1.000000000,0.000000000,12.094147014,-0.720991384,32.191104974,1.000000000
POINT0.MATRIX2=-0.989917611,0.141644356,-0.000000000,0.000000000,-0.141644356,-0.989917611,-0.000000000,0.000000000,0.000000000,-0.000000000,1.000000000,0.000000000,11.644471555,-0.719785232,32.191104973,1.000000000
POINT0.MATRIX3=-0.989917611,0.141644356,-0.000000000,0.000000000,-0.141644356,-0.989917611,-0.000000000,0.000000000,0.000000000,-0.000000000,1.000000000,0.000000000,11.644471555,-0.719785232,31.741108026,1.000000000
POINT1.BLHA=28.34247838,113.36303113,107.751,278.143009
POINT1.MATRIX0=-0.989917611,0.141644356,-0.000000000,0.000000000,-0.141644356,-0.989917611,-0.000000000,0.000000000,0.000000000,-0.000000000,1.000000000,0.000000000,12.094609674,-0.600996372,31.741108025,1.000000000
POINT1.MATRIX1=-0.989917611,0.141644356,-0.000000000,0.000000000,-0.141644356,-0.989917611,-0.000000000,0.000000000,0.000000000,-0.000000000,1.000000000,0.000000000,12.094609674,-0.600996373,32.191104973,1.000000000
POINT1.MATRIX2=-0.989917611,0.141644356,-0.000000000,0.000000000,-0.141644356,-0.989917611,-0.000000000,0.000000000,0.000000000,-0.000000000,1.000000000,0.000000000,11.644934216,-0.599790221,32.191104973,1.000000000
POINT1.MATRIX3=-0.989917611,0.141644356,-0.000000000,0.000000000,-0.141644356,-0.989917611,-0.000000000,0.000000000,0.000000000,-0.000000000,1.000000000,0.000000000,11.644934216,-0.599790221,31.741108025,1.000000000
