OBJECTMODELPOINTER=33777c94-e4b9-4947-906f-f84480f3cb99.dev
BASEFAMILY=3d9e34d0-96f7-49f3-9edd-270f73b37eee.fam
BLHA=28.77621013,113.47796265,180.198107,236.227775
TRANSFORMMATRIX=-0.000014751,-0.999999999,0.000039450,0.000000000,1.000000000,-0.000014751,0.000000271,0.000000000,-0.000000270,0.000039450,0.999999999,0.000000000,-1.125462113,250.920833793,49.681643857,1.000000000
ENTITYNAME=Wire_Device
