OBJECTMODELPOINTER=6acec14d-6584-4861-bb80-ef42d74abe69.dev
BASEFAMILY=3da25c58-3379-4a47-8eca-6a001c14395b.fam
TRANSFORMMATRIX=-0.022984842,-0.078621438,-0.996639757,0.000000000,0.959827516,-0.280589915,0.000001163,0.000000000,-0.279646734,-0.956602364,0.081912282,0.000000000,-8.500000000,0.732500000,59.300000000,1.000000000
ENTITYNAME=Tower_Device
