OBJECTMODELPOINTER=146d895a-fdff-4646-a5ce-e15abbf3f3eb.dev
BASEFAMILY=3da96e4b-d071-45d9-83df-4cf6ff8eb242.fam
TRANSFORMMATRIX=0.000000000,1.000000000,-0.000000000,0.000000000,-1.000000000,0.000000000,-0.000000000,0.000000000,0.000000000,-0.000000000,1.000000000,0.000000000,5.809798618,-5.809782460,-0.000002537,1.000000000
ENTITYNAME=Tower_Device
