OBJECTMODELPOINTER=35950d4e-89b5-41f3-86d6-bd84f18d5579.dev
BASEFAMILY=3dad6824-0f6f-4b54-909f-720d4ca61ab2.fam
TRANSFORMMATRIX=-0.000000346,1.000000116,0.000001639,0.000000000,-0.999999884,0.000000450,-0.000000129,0.000000000,0.000000000,0.000000000,1.000000000,0.000000000,7.500000000,-4.000000000,43.000000000,1.000000000
ENTITYNAME=Tower_Device
