OBJECTMODELPOINTER=85e76bbd-fcdb-4cd2-b6df-0d09411c26f2.dev
BASEFAMILY=3dba4507-9f79-4b9b-86cc-3ff63f65d732.fam
TRANSFORMMATRIX=-1.000000000,0.000000002,0.000000000,0.000000000,-0.000000002,-1.000000000,0.000000000,0.000000000,0.000000000,-0.000000000,1.000000000,0.000000000,-11.500000000,-0.000000001,79.100000001,1.000000000
ENTITYNAME=Tower_Device
