OBJECTMODELPOINTER=33777c94-e4b9-4947-906f-f84480f3cb99.dev
BASEFAMILY=3dbe551f-e9da-41bd-84e7-e17dbfdb7423.fam
BLHA=28.59065738,113.47867622,222.763908,291.241310
TRANSFORMMATRIX=-0.078267976,-0.996932357,0.000020595,0.000000000,0.996932357,-0.078267976,-0.000001100,0.000000000,0.000002708,0.000020445,1.000000000,0.000000000,17.052023337,129.892811190,68.521614369,1.000000000
ENTITYNAME=Wire_Device
