OBJECTMODELPOINTER=33777c94-e4b9-4947-906f-f84480f3cb99.dev
BASEFAMILY=3dc0d557-f96d-404f-8fb8-71a8e2788df0.fam
BLHA=28.44721846,113.39002654,265.559825,242.026912
TRANSFORMMATRIX=-0.000010964,-0.999999999,0.000040379,0.000000000,1.000000000,-0.000010964,0.000000295,0.000000000,-0.000000295,0.000040378,0.999999999,0.000000000,-1.327333513,256.701786529,22.988639902,1.000000000
ENTITYNAME=Wire_Device
