OBJECTMODELPOINTER=33777c94-e4b9-4947-906f-f84480f3cb99.dev
BASEFAMILY=3df5e1ce-12bc-4f26-9bcd-0ad36afceeaa.fam
BLHA=28.68698006,113.45743042,187.111712,277.425083
TRANSFORMMATRIX=-0.010539410,-0.999944459,0.000015272,0.000000000,0.999944459,-0.010539410,0.000001920,0.000000000,-0.000001758,0.000015291,1.000000000,0.000000000,-11.289283766,97.124065630,15.651880283,1.000000000
ENTITYNAME=Wire_Device
