OBJECTMODELPOINTER=1aae218a-f2b6-4772-bed5-e2a779da1da3.dev
BASEFAMILY=3dfdaed1-4360-4c43-b826-11e6061a988d.fam
TRANSFORMMATRIX=0.787362515,-0.149164764,-0.598172999,0.000000000,-0.611216922,-0.315527394,-0.725848154,0.000000000,-0.080469459,0.937118731,-0.339607346,0.000000000,-13.500000000,-0.500000000,26.000000000,1.000000000
ENTITYNAME=Tower_Device
