OBJECTMODELPOINTER=33777c94-e4b9-4947-906f-f84480f3cb99.dev
BASEFAMILY=3e03cc0d-5e57-408b-8b68-84a184595b20.fam
BLHA=28.73821142,113.45475326,97.655295,258.301958
TRANSFORMMATRIX=-0.000060678,-0.999999998,0.000005403,0.000000000,0.999999998,-0.000060678,0.000000034,0.000000000,-0.000000034,0.000005404,1.000000000,0.000000000,-0.180833237,34.318097050,56.527323960,1.000000000
ENTITYNAME=Wire_Device
