OBJECTMODELPOINTER=33777c94-e4b9-4947-906f-f84480f3cb99.dev
BASEFAMILY=3e12897c-4ec2-49e3-8eb0-0c38b19aab3c.fam
BLHA=28.75355465,113.46093365,124.778931,236.227775
TRANSFORMMATRIX=0.004171789,-0.999991297,0.000049047,0.000000000,0.999991298,0.004171789,-0.000001751,0.000000000,0.000001546,0.000049055,0.999999999,0.000000000,10.601867529,312.034352487,30.210367317,1.000000000
ENTITYNAME=Wire_Device
