OBJECTMODELPOINTER=791f2548-dac2-4a5f-b121-59fcd49d7ea1.dev
BASEFAMILY=3e137f13-b14b-40bf-a433-0ead16de1707.fam
TRANSFORMMATRIX=-0.159052486,0.336119845,-0.928292188,0.000000000,-0.903905198,-0.427732116,0.000001205,0.000000000,-0.397060728,0.839087880,0.371852535,0.000000000,7.500000000,-2.039000000,30.000000001,1.000000000
ENTITYNAME=Tower_Device
