ENTITYNAME=WIRE
BASEFAMILY=3e1ef1b0-bc20-4714-b5cf-cc0db36219dc.fam
OBJECTMODELPOINTER=81b82497-164d-48c0-b1cb-18fa700dacdf.dev
KVALUE=0.000000
SPLIT=4
POINT0.BLHA=28.28368001,113.45281448,67.002,340.232800
POINT0.MATRIX0=-0.338199241,0.941074531,0.000000000,0.000000000,-0.941074531,-0.338199241,0.000000000,0.000000000,0.000000000,-0.000000000,1.000000000,0.000000000,9.348279262,-0.000113502,51.416811559,1.000000000
POINT0.MATRIX1=-0.338199241,0.941074531,0.000000000,0.000000000,-0.941074531,-0.338199241,0.000000000,0.000000000,0.000000000,-0.000000000,1.000000000,0.000000000,9.535046392,-0.000055961,51.880663488,1.000000000
POINT0.MATRIX2=-0.338199241,0.941074531,0.000000000,0.000000000,-0.941074531,-0.338199241,0.000000000,0.000000000,0.000000000,-0.000000000,1.000000000,0.000000000,9.070276233,-0.000400847,52.067324255,1.000000000
POINT0.MATRIX3=-0.338199241,0.941074531,0.000000000,0.000000000,-0.941074531,-0.338199241,0.000000000,0.000000000,0.000000000,-0.000000000,1.000000000,0.000000000,8.883509103,-0.000458388,51.603472327,1.000000000
POINT1.BLHA=28.28368001,113.45281448,67.002,340.232800
POINT1.MATRIX0=-0.338199241,0.941074531,0.000000000,0.000000000,-0.941074531,-0.338199241,0.000000000,0.000000000,0.000000000,-0.000000000,1.000000000,0.000000000,9.348279639,0.129892246,51.416811559,1.000000000
POINT1.MATRIX1=-0.338199241,0.941074531,0.000000000,0.000000000,-0.941074531,-0.338199241,0.000000000,0.000000000,0.000000000,-0.000000000,1.000000000,0.000000000,9.535046770,0.129949786,51.880663489,1.000000000
POINT1.MATRIX2=-0.338199241,0.941074531,0.000000000,0.000000000,-0.941074531,-0.338199241,0.000000000,0.000000000,0.000000000,-0.000000000,1.000000000,0.000000000,9.070276610,0.129604900,52.067324254,1.000000000
POINT1.MATRIX3=-0.338199241,0.941074531,0.000000000,0.000000000,-0.941074531,-0.338199241,0.000000000,0.000000000,0.000000000,-0.000000000,1.000000000,0.000000000,8.883509480,0.129547360,51.603472326,1.000000000
