OBJECTMODELPOINTER=33777c94-e4b9-4947-906f-f84480f3cb99.dev
BASEFAMILY=3e3897d4-4153-4b02-9b4b-60ebc8621fe9.fam
BLHA=28.31294059,113.42646212,52.368358,335.449580
TRANSFORMMATRIX=0.000010427,-1.000000000,0.000028164,0.000000000,1.000000000,0.000010427,-0.000000939,0.000000000,0.000000938,0.000028164,1.000000000,0.000000000,5.610852272,179.597459293,46.821186689,1.000000000
ENTITYNAME=Wire_Device
