OBJECTMODELPOINTER=33777c94-e4b9-4947-906f-f84480f3cb99.dev
BASEFAMILY=3e3948ae-ccfc-4d34-a9cf-e974e7a24754.fam
BLHA=28.28708442,113.44692142,57.763329,308.127846
TRANSFORMMATRIX=-0.006753831,-0.999977192,0.000016926,0.000000000,0.999977193,-0.006753831,-0.000001199,0.000000000,0.000001314,0.000016917,1.000000000,0.000000000,8.094305366,107.615347853,35.490102565,1.000000000
ENTITYNAME=Wire_Device
