OBJECTMODELPOINTER=33777c94-e4b9-4947-906f-f84480f3cb99.dev
BASEFAMILY=3e4ef42c-6337-4f9d-934b-c3999639c690.fam
BLHA=28.28033977,113.46346380,83.899072,326.450928
TRANSFORMMATRIX=-0.236798239,-0.971558846,0.000050502,0.000000000,0.971558847,-0.236798239,-0.000001238,0.000000000,0.000013161,0.000048772,0.999999999,0.000000000,82.961802949,310.620152411,44.822030001,1.000000000
ENTITYNAME=Wire_Device
