OBJECTMODELPOINTER=33777c94-e4b9-4947-906f-f84480f3cb99.dev
BASEFAMILY=3e505d0b-d71e-4fc4-9561-ed97f3914789.fam
BLHA=28.28033977,113.46346380,83.899072,326.450928
TRANSFORMMATRIX=-0.236521129,-0.971626345,0.000039012,0.000000000,0.971626345,-0.236521130,-0.000001592,0.000000000,0.000010774,0.000037529,0.999999999,0.000000000,67.948638771,239.003003371,47.499847070,1.000000000
ENTITYNAME=Wire_Device
