OBJECTMODELPOINTER=81294c85-947a-4abe-b134-c8e61610419f.dev
BASEFAMILY=3e6ba340-4c45-45fd-b3b5-d485eae0d6f4.fam
TRANSFORMMATRIX=-0.046654793,0.227703247,-0.972611916,0.000000000,-0.979648681,-0.200721409,-0.000000949,0.000000000,-0.195223520,0.952817808,0.232434943,0.000000000,7.500000000,-0.946500000,29.999999999,1.000000000
ENTITYNAME=Tower_Device
