OBJECTMODELPOINTER=33777c94-e4b9-4947-906f-f84480f3cb99.dev
BASEFAMILY=3e79f3cc-dc0f-45c5-b098-5f59a3a9de38.fam
BLHA=28.71973492,113.45364743,163.020408,283.291091
TRANSFORMMATRIX=-0.002482008,-0.999996918,0.000063941,0.000000000,0.999996920,-0.002482008,0.000000218,0.000000000,-0.000000060,0.000063942,0.999999998,0.000000000,-0.850021103,406.164608201,43.436653084,1.000000000
ENTITYNAME=Wire_Device
