OBJECTMODELPOINTER=33777c94-e4b9-4947-906f-f84480f3cb99.dev
BASEFAMILY=3e7a2e61-7bf5-4cd0-bdf8-d148dcd1bb0e.fam
BLHA=28.31411764,113.38983103,66.771612,527.133635
TRANSFORMMATRIX=-0.306217309,0.951961637,0.000028773,0.000000000,-0.951961638,-0.306217309,0.000001781,0.000000000,0.000010507,-0.000026846,1.000000000,0.000000000,66.924370874,-171.390569199,74.880867993,1.000000000
ENTITYNAME=Wire_Device
