OBJECTMODELPOINTER=33777c94-e4b9-4947-906f-f84480f3cb99.dev
BASEFAMILY=3e837f34-23e4-49ba-a493-ecdeb64c3daa.fam
BLHA=28.31534552,113.42043692,48.733934,348.172871
TRANSFORMMATRIX=0.128254381,-0.991741304,-0.000000957,0.000000000,0.991741304,0.128254381,-0.000001459,0.000000000,0.000001570,-0.000000762,1.000000000,0.000000000,9.974768662,-4.870091827,31.445666030,1.000000000
ENTITYNAME=Wire_Device
