OBJECTMODELPOINTER=33777c94-e4b9-4947-906f-f84480f3cb99.dev
BASEFAMILY=3ea21f3a-4133-4e6c-b2a5-d4d4a3eddc36.fam
BLHA=28.40635362,113.37217651,164.659139,254.006183
TRANSFORMMATRIX=0.000069524,-0.999999997,0.000039361,0.000000000,0.999999998,0.000069524,0.000000258,0.000000000,-0.000000261,0.000039360,0.999999999,0.000000000,-1.321933999,250.038661892,15.300530415,1.000000000
ENTITYNAME=Wire_Device
