OBJECTMODELPOINTER=33777c94-e4b9-4947-906f-f84480f3cb99.dev
BASEFAMILY=3ea346a6-c358-4091-afa4-fd9ada33977f.fam
BLHA=28.50118026,113.44100017,250.748283,200.251669
TRANSFORMMATRIX=-0.003171599,-0.999994970,0.000004429,0.000000000,0.999994970,-0.003171599,-0.000001840,0.000000000,0.000001854,0.000004423,1.000000000,0.000000000,11.825607877,28.238118589,35.908163990,1.000000000
ENTITYNAME=Wire_Device
