OBJECTMODELPOINTER=9d8de056-4a84-4eb8-8412-2245e6ec1622.dev
BASEFAMILY=3eb33553-1e33-45b0-8962-0ee55145a2a9.fam
TRANSFORMMATRIX=-0.999972849,-0.007368576,0.000000008,0.000000000,0.007368579,-0.999972854,-0.000000004,0.000000000,0.000000000,-0.000000000,1.000000000,0.000000000,-11.320000000,-0.000000000,64.000000000,1.000000000
ENTITYNAME=Tower_Device
