OBJECTMODELPOINTER=244919a6-4446-47d5-9e18-c8ec7670258f.dev
BASEFAMILY=3eb79d99-3bc3-4af4-a8d1-831cc7a9b061.fam
TRANSFORMMATRIX=1.000000000,-0.000000000,-0.000000000,0.000000000,-0.000000000,1.000000000,0.000000000,0.000000000,-0.000000000,0.000000000,1.000000000,0.000000000,-0.000000000,0.000000000,-0.000000000,1.000000000
ENTITYNAME=Tower_Device
