OBJECTMODELPOINTER=0e312739-8609-4a3d-966c-75d05d59356d.dev
BASEFAMILY=3ed411be-f077-4c57-8e7f-b14b8c38325a.fam
TRANSFORMMATRIX=-1.000000000,-0.000000000,-0.000000000,0.000000000,0.000000000,-1.000000000,0.000000000,0.000000000,0.000000000,-0.000000000,1.000000000,0.000000000,5.396985277,5.396819879,-0.000003339,1.000000000
ENTITYNAME=Tower_Device
