OBJECTMODELPOINTER=7dc272cc-543d-4c07-8617-455a3f2e52e1.dev
BASEFAMILY=3ee7474a-b9fb-4746-8a06-c3eeb25b8ad0.fam
TRANSFORMMATRIX=-0.999938361,-0.011102631,0.000000005,0.000000000,0.011102623,-0.999938367,-0.000000012,0.000000000,0.000000000,-0.000000000,1.000000000,0.000000000,-9.870000000,0.310000000,54.999999999,1.000000000
ENTITYNAME=Tower_Device
