OBJECTMODELPOINTER=9346b704-4ebd-4a3f-8a81-765eed76038d.dev
BASEFAMILY=3ef1c23b-d346-4136-97ad-397ee2e88bb0.fam
TRANSFORMMATRIX=-0.000000367,0.999999878,0.000001607,0.000000000,-1.000000122,0.000000426,0.000000346,0.000000000,0.000000000,0.000000000,1.000000000,0.000000000,-11.500000000,0.000000000,23.999999999,1.000000000
ENTITYNAME=Tower_Device
