OBJECTMODELPOINTER=0e312739-8609-4a3d-966c-75d05d59356d.dev
BASEFAMILY=3ef203ba-581e-4c3e-8dfb-7467027c23b8.fam
TRANSFORMMATRIX=-1.000000000,0.000000000,-0.000000000,0.000000000,-0.000000000,-1.000000000,0.000000000,0.000000000,-0.000000000,-0.000000000,1.000000000,0.000000000,5.396825146,5.396729924,-0.000003384,1.000000000
ENTITYNAME=Tower_Device
