OBJECTMODELPOINTER=33777c94-e4b9-4947-906f-f84480f3cb99.dev
BASEFAMILY=3efa8140-e0fd-4864-a5af-0d125248fac8.fam
BLHA=28.31402241,113.42375188,48.067305,335.449580
TRANSFORMMATRIX=0.001606818,-0.999998708,0.000039313,0.000000000,0.999998709,0.001606818,-0.000000980,0.000000000,0.000000916,0.000039315,0.999999999,0.000000000,5.331788868,250.711952923,65.095756206,1.000000000
ENTITYNAME=Wire_Device
