OBJECTMODELPOINTER=33777c94-e4b9-4947-906f-f84480f3cb99.dev
BASEFAMILY=3f055244-4615-4fe4-80bd-146913e144a5.fam
BLHA=28.42958283,113.37956045,205.551749,428.016547
TRANSFORMMATRIX=-0.091195921,0.995832970,0.000006450,0.000000000,-0.995832970,-0.091195921,-0.000001142,0.000000000,-0.000000549,-0.000006527,1.000000000,0.000000000,-3.576046832,-41.484513735,22.291559967,1.000000000
ENTITYNAME=Wire_Device
