OBJECTMODELPOINTER=33777c94-e4b9-4947-906f-f84480f3cb99.dev
BASEFAMILY=3f0eedb4-07fe-4881-820c-f7fab09e0f25.fam
BLHA=28.39632770,113.36872548,122.542167,249.667673
TRANSFORMMATRIX=-0.000013608,-0.999999997,0.000079707,0.000000000,1.000000000,-0.000013608,0.000002640,0.000000000,-0.000002638,0.000079707,0.999999997,0.000000000,-15.973327824,506.429894429,66.920376811,1.000000000
ENTITYNAME=Wire_Device
