OBJECTMODELPOINTER=33777c94-e4b9-4947-906f-f84480f3cb99.dev
BASEFAMILY=3f1e30c6-70e6-4524-80ec-42c944bb94e4.fam
BLHA=28.66573943,113.46033717,166.408962,277.610658
TRANSFORMMATRIX=0.002353060,-0.999997229,0.000070052,0.000000000,0.999997232,0.002353061,0.000002126,0.000000000,-0.000002291,0.000070047,0.999999997,0.000000000,-14.923932707,444.868039821,15.601204805,1.000000000
ENTITYNAME=Wire_Device
