OBJECTMODELPOINTER=33777c94-e4b9-4947-906f-f84480f3cb99.dev
BASEFAMILY=3f1f921d-d652-4733-a265-dcf5843cdae2.fam
BLHA=28.39632770,113.36872548,122.542167,249.667673
TRANSFORMMATRIX=-0.000015214,-0.999999997,0.000079797,0.000000000,1.000000000,-0.000015214,0.000000557,0.000000000,-0.000000555,0.000079798,0.999999997,0.000000000,-2.682542009,507.027210547,67.646088465,1.000000000
ENTITYNAME=Wire_Device
