OBJECTMODELPOINTER=33777c94-e4b9-4947-906f-f84480f3cb99.dev
BASEFAMILY=3f31d4d0-c10f-45bd-96b8-ea5ee54ec883.fam
BLHA=28.73433869,113.45386444,142.659000,258.301958
TRANSFORMMATRIX=0.000051822,-0.999999997,0.000054661,0.000000000,0.999999999,0.000051822,0.000000306,0.000000000,-0.000000308,0.000054662,0.999999998,0.000000000,-1.610423391,347.189225784,18.764988520,1.000000000
ENTITYNAME=Wire_Device
