OBJECTMODELPOINTER=29e43a7a-7778-4eac-877d-64db606b933a.dev
BASEFAMILY=3f3a93bb-4391-41f0-a1ef-ea247fae6b5d.fam
TRANSFORMMATRIX=1.000000000,0.000000000,0.000000000,0.000000000,-0.000000000,1.000000000,-0.000000000,0.000000000,0.000000000,-0.000000000,1.000000000,0.000000000,0.000000000,-0.000000000,0.000000000,1.000000000
ENTITYNAME=Tower_Device
