OBJECTMODELPOINTER=33777c94-e4b9-4947-906f-f84480f3cb99.dev
BASEFAMILY=3f51c00f-3560-4ab8-a30e-cd340ff8581a.fam
BLHA=28.44311633,113.38759173,262.560023,242.026912
TRANSFORMMATRIX=-0.000013038,-0.999999999,0.000047243,0.000000000,1.000000000,-0.000013038,-0.000001520,0.000000000,0.000001520,0.000047244,0.999999999,0.000000000,10.341162603,300.370879399,68.092586071,1.000000000
ENTITYNAME=Wire_Device
