OBJECTMODELPOINTER=7104284d-dd79-4982-848f-5b84d04ace32.dev
BASEFAMILY=3f53ee53-cb20-40c2-a867-56dc78936290.fam
TRANSFORMMATRIX=0.000000242,1.000000412,-0.000001278,0.000000000,-0.999999588,0.000000309,0.000001036,0.000000000,-0.000000000,-0.000000000,1.000000000,0.000000000,-10.002000000,-0.000000000,68.600000001,1.000000000
ENTITYNAME=Tower_Device
