OBJECTMODELPOINTER=33777c94-e4b9-4947-906f-f84480f3cb99.dev
BASEFAMILY=3f55f2f8-b32d-4281-840d-317974d61c2b.fam
BLHA=28.73821142,113.45475326,97.655295,258.301958
TRANSFORMMATRIX=-0.008237851,-0.999966068,0.000028276,0.000000000,0.999966068,-0.008237851,0.000002246,0.000000000,-0.000002013,0.000028293,1.000000000,0.000000000,-12.663201617,179.697633178,48.157063829,1.000000000
ENTITYNAME=Wire_Device
