OBJECTMODELPOINTER=33777c94-e4b9-4947-906f-f84480f3cb99.dev
BASEFAMILY=3f724d39-ea45-46bd-a32f-01f1d0aa17ae.fam
BLHA=28.71973492,113.45364743,163.020408,283.291091
TRANSFORMMATRIX=0.010071191,-0.999949284,0.000029858,0.000000000,0.999949284,0.010071191,-0.000001761,0.000000000,0.000001461,0.000029875,1.000000000,0.000000000,9.098620975,189.749880249,22.069580265,1.000000000
ENTITYNAME=Wire_Device
