OBJECTMODELPOINTER=33777c94-e4b9-4947-906f-f84480f3cb99.dev
BASEFAMILY=3f859c20-ca21-4d8f-93ba-a90fcabc1281.fam
BLHA=28.31534552,113.42043692,48.733934,348.172871
TRANSFORMMATRIX=-0.218051521,-0.975937258,0.000050513,0.000000000,0.975937259,-0.218051521,-0.000001533,0.000000000,0.000012511,0.000048963,0.999999999,0.000000000,79.133105912,312.383109453,49.864434418,1.000000000
ENTITYNAME=Wire_Device
