OBJECTMODELPOINTER=33777c94-e4b9-4947-906f-f84480f3cb99.dev
BASEFAMILY=3f89b979-8075-4bd8-a0d0-c024775f9e4f.fam
BLHA=28.31566161,113.38686189,71.437616,329.270898
TRANSFORMMATRIX=-0.007860132,-0.999969109,0.000016634,0.000000000,0.999969109,-0.007860132,-0.000001088,0.000000000,0.000001218,0.000016626,1.000000000,0.000000000,7.504271707,105.958177994,26.305719973,1.000000000
ENTITYNAME=Wire_Device
