OBJECTMODELPOINTER=110f6115-dcf6-42fb-849f-07acce4d15d0.dev
BASEFAMILY=3f8fecdc-72c7-4073-8bf3-6ac58afba7d1.fam
TRANSFORMMATRIX=-0.395940114,-0.130043766,0.909021394,0.000000000,0.917041222,-0.004669578,0.398765273,0.000000000,-0.047611227,0.991497385,0.121103704,0.000000000,1.384939759,-1.384939758,31.000000000,1.000000000
ENTITYNAME=Tower_Device
