OBJECTMODELPOINTER=33777c94-e4b9-4947-906f-f84480f3cb99.dev
BASEFAMILY=3f984512-f8d5-42ef-b169-ad0e69206507.fam
BLHA=28.79959310,113.50336431,218.110050,224.374488
TRANSFORMMATRIX=-0.062827609,-0.998024394,0.000006078,0.000000000,0.998024394,-0.062827609,-0.000001126,0.000000000,0.000001505,0.000005995,1.000000000,0.000000000,9.684091981,38.197982882,17.412550920,1.000000000
ENTITYNAME=Wire_Device
