OBJECTMODELPOINTER=33777c94-e4b9-4947-906f-f84480f3cb99.dev
BASEFAMILY=3f9b0163-2b19-4281-82f1-a530f06709f5.fam
BLHA=28.59525170,113.47626182,222.708449,294.633001
TRANSFORMMATRIX=-0.009231563,-0.999957385,0.000081603,0.000000000,0.999957388,-0.009231563,0.000002193,0.000000000,-0.000001439,0.000081620,0.999999997,0.000000000,-10.201545128,518.793250146,22.729711909,1.000000000
ENTITYNAME=Wire_Device
