OBJECTMODELPOINTER=33777c94-e4b9-4947-906f-f84480f3cb99.dev
BASEFAMILY=3fa75d7e-e44a-4400-9aa8-d1791b92a86d.fam
BLHA=28.57262295,113.49015944,261.228990,312.996987
TRANSFORMMATRIX=0.000015540,-0.999999999,0.000039821,0.000000000,1.000000000,0.000015540,0.000002158,0.000000000,-0.000002158,0.000039821,0.999999999,0.000000000,-14.399267753,253.519639590,22.114839717,1.000000000
ENTITYNAME=Wire_Device
