OBJECTMODELPOINTER=33777c94-e4b9-4947-906f-f84480f3cb99.dev
BASEFAMILY=3fb91e5e-698d-462d-a1a0-24108c8f2005.fam
BLHA=28.58865070,113.47941927,287.208654,287.849619
TRANSFORMMATRIX=0.000001608,-1.000000000,0.000006159,0.000000000,1.000000000,0.000001608,0.000000021,0.000000000,-0.000000021,0.000006159,1.000000000,0.000000000,-0.195366418,39.132187115,35.430069201,1.000000000
ENTITYNAME=Wire_Device
