ENTITYNAME=WIRE
BASEFAMILY=3fcc05bc-9b7e-4a9a-9db4-64a25911e0ed.fam
OBJECTMODELPOINTER=81b82497-164d-48c0-b1cb-18fa700dacdf.dev
KVALUE=0.000000
SPLIT=4
POINT0.BLHA=28.37691435,113.36420413,70.522,286.379084
POINT0.MATRIX0=-0.959416979,0.281991241,0.000000000,0.000000000,-0.281991241,-0.959416979,0.000000000,0.000000000,0.000000000,0.000000000,1.000000000,0.000000000,12.093910555,-0.478333418,40.741099925,1.000000000
POINT0.MATRIX1=-0.959416979,0.281991241,0.000000000,0.000000000,-0.281991241,-0.959416979,0.000000000,0.000000000,0.000000000,0.000000000,1.000000000,0.000000000,12.093910556,-0.478333418,41.191096874,1.000000000
POINT0.MATRIX2=-0.959416979,0.281991241,0.000000000,0.000000000,-0.281991241,-0.959416979,0.000000000,0.000000000,0.000000000,0.000000000,1.000000000,0.000000000,11.644373698,-0.480564829,41.191096873,1.000000000
POINT0.MATRIX3=-0.959416979,0.281991241,0.000000000,0.000000000,-0.281991241,-0.959416979,0.000000000,0.000000000,0.000000000,0.000000000,1.000000000,0.000000000,11.644373698,-0.480564829,40.741099925,1.000000000
POINT1.BLHA=28.37691435,113.36420413,70.522,286.379084
POINT1.MATRIX0=-0.959416979,0.281991241,0.000000000,0.000000000,-0.281991241,-0.959416979,0.000000000,0.000000000,0.000000000,0.000000000,1.000000000,0.000000000,12.094389033,0.478781937,40.741099926,1.000000000
POINT1.MATRIX1=-0.959416979,0.281991241,0.000000000,0.000000000,-0.281991241,-0.959416979,0.000000000,0.000000000,0.000000000,0.000000000,1.000000000,0.000000000,12.094389033,0.478781937,41.191096874,1.000000000
POINT1.MATRIX2=-0.959416979,0.281991241,0.000000000,0.000000000,-0.281991241,-0.959416979,0.000000000,0.000000000,0.000000000,0.000000000,1.000000000,0.000000000,11.645016784,0.480573689,41.191096873,1.000000000
POINT1.MATRIX3=-0.959416979,0.281991241,0.000000000,0.000000000,-0.281991241,-0.959416979,0.000000000,0.000000000,0.000000000,0.000000000,1.000000000,0.000000000,11.645016783,0.480573689,40.741099925,1.000000000
