ENTITYNAME=WIRE
BASEFAMILY=3fdf2c74-e1c3-486e-aa7e-8da2c2e05af5.fam
OBJECTMODELPOINTER=81b82497-164d-48c0-b1cb-18fa700dacdf.dev
KVALUE=0.000000
SPLIT=4
POINT0.BLHA=28.65418328,113.46214797,157.582,277.610658
POINT0.MATRIX0=-0.991190922,0.132440763,-0.000000000,0.000000000,-0.132440763,-0.991190922,-0.000000000,0.000000000,-0.000000000,0.000000000,1.000000000,0.000000000,12.094992120,-0.109869935,40.000003712,1.000000000
POINT0.MATRIX1=-0.991190922,0.132440763,-0.000000000,0.000000000,-0.132440763,-0.991190922,-0.000000000,0.000000000,-0.000000000,0.000000000,1.000000000,0.000000000,12.094992120,-0.109869935,40.450000660,1.000000000
POINT0.MATRIX2=-0.991190922,0.132440763,-0.000000000,0.000000000,-0.132440763,-0.991190922,-0.000000000,0.000000000,-0.000000000,0.000000000,1.000000000,0.000000000,11.645099558,-0.110841253,40.450000660,1.000000000
POINT0.MATRIX3=-0.991190922,0.132440763,-0.000000000,0.000000000,-0.132440763,-0.991190922,-0.000000000,0.000000000,-0.000000000,0.000000000,1.000000000,0.000000000,11.645099558,-0.110841253,40.000003712,1.000000000
POINT1.BLHA=28.65418328,113.46214797,157.582,277.610658
POINT1.MATRIX0=-0.991190922,0.132440763,-0.000000000,0.000000000,-0.132440763,-0.991190922,-0.000000000,0.000000000,-0.000000000,0.000000000,1.000000000,0.000000000,12.094991353,0.000123152,40.000003712,1.000000000
POINT1.MATRIX1=-0.991190922,0.132440763,-0.000000000,0.000000000,-0.132440763,-0.991190922,-0.000000000,0.000000000,-0.000000000,0.000000000,1.000000000,0.000000000,12.094991353,0.000123151,40.450000660,1.000000000
POINT1.MATRIX2=-0.991190922,0.132440763,-0.000000000,0.000000000,-0.132440763,-0.991190922,-0.000000000,0.000000000,-0.000000000,0.000000000,1.000000000,0.000000000,11.645098791,-0.000848166,40.450000660,1.000000000
POINT1.MATRIX3=-0.991190922,0.132440763,-0.000000000,0.000000000,-0.132440763,-0.991190922,-0.000000000,0.000000000,-0.000000000,0.000000000,1.000000000,0.000000000,11.645098791,-0.000848166,40.000003712,1.000000000
