OBJECTMODELPOINTER=33777c94-e4b9-4947-906f-f84480f3cb99.dev
BASEFAMILY=3fe19cac-f4ac-4fb7-a797-f777cfd17487.fam
BLHA=28.59994740,113.47379389,183.494205,294.633001
TRANSFORMMATRIX=0.001037686,-0.999999461,0.000039728,0.000000000,0.999999462,0.001037686,-0.000001993,0.000000000,0.000001952,0.000039729,0.999999999,0.000000000,11.950156661,252.496543194,35.899218274,1.000000000
ENTITYNAME=Wire_Device
