OBJECTMODELPOINTER=85f2a8c1-15c6-4f8e-9f96-aa1b35e590d1.dev
BASEFAMILY=3fe814a7-1be9-40fe-a23a-e464ec2b1406.fam
TRANSFORMMATRIX=-0.999999601,0.000893819,-0.000000001,0.000000000,-0.000893819,-0.999999600,0.000000001,0.000000000,0.000000000,0.000000000,1.000000000,0.000000000,10.800000000,-0.000000000,69.999999999,1.000000000
ENTITYNAME=Tower_Device
