OBJECTMODELPOINTER=33777c94-e4b9-4947-906f-f84480f3cb99.dev
BASEFAMILY=3fec4052-d57c-41f4-8592-2b0cb65202ba.fam
BLHA=28.31534552,113.42043692,48.733934,348.172871
TRANSFORMMATRIX=0.374279616,-0.927315895,-0.000000180,0.000000000,0.927315895,0.374279616,0.000001532,0.000000000,-0.000001353,-0.000000741,1.000000000,0.000000000,-8.589395415,-4.717705507,54.726405461,1.000000000
ENTITYNAME=Wire_Device
