OBJECTMODELPOINTER=33777c94-e4b9-4947-906f-f84480f3cb99.dev
BASEFAMILY=3fedddeb-8202-44cb-8e78-9e89cafea9f1.fam
BLHA=28.31534552,113.42043692,48.733934,348.172871
TRANSFORMMATRIX=-0.223611337,-0.974678393,0.000006678,0.000000000,0.974678393,-0.223611337,0.000001347,0.000000000,0.000000181,0.000006811,1.000000000,0.000000000,1.099676122,43.461589886,55.193293100,1.000000000
ENTITYNAME=Wire_Device
