OBJECTMODELPOINTER=74e52a2d-a9b6-4003-8e0b-a396693539da.dev
BASEFAMILY=3ff06073-fa37-4708-b83d-cc6d7678f1e1.fam
TRANSFORMMATRIX=0.012285372,-0.999924123,0.000001331,0.000000000,0.999924939,0.012285525,-0.000000981,0.000000000,-0.000000000,-0.000000000,1.000000000,0.000000000,-11.870000000,0.600000000,42.000000000,1.000000000
ENTITYNAME=Tower_Device
