OBJECTMODELPOINTER=33777c94-e4b9-4947-906f-f84480f3cb99.dev
BASEFAMILY=3ff56654-3c6c-477b-ab89-084194fa33a4.fam
BLHA=28.39632770,113.36872548,122.542167,249.667673
TRANSFORMMATRIX=-0.000009550,-0.999999998,0.000057689,0.000000000,1.000000000,-0.000009550,0.000002487,0.000000000,-0.000002486,0.000057690,0.999999998,0.000000000,-15.240306589,366.532162469,45.720175105,1.000000000
ENTITYNAME=Wire_Device
