OBJECTMODELPOINTER=33777c94-e4b9-4947-906f-f84480f3cb99.dev
BASEFAMILY=4009340b-db07-4a9a-88dc-78a8b6c733e1.fam
BLHA=28.59994740,113.47379389,183.494205,294.633001
TRANSFORMMATRIX=0.000018944,-0.999999996,0.000084829,0.000000000,1.000000000,0.000018945,0.000000204,0.000000000,-0.000000205,0.000084829,0.999999996,0.000000000,-2.370084511,539.180172461,71.062528482,1.000000000
ENTITYNAME=Wire_Device
