OBJECTMODELPOINTER=33777c94-e4b9-4947-906f-f84480f3cb99.dev
BASEFAMILY=400a80c9-4b4c-4338-b918-8a8e52a30e0a.fam
BLHA=28.59525170,113.47626182,222.708449,294.633001
TRANSFORMMATRIX=-0.009243609,-0.999957277,0.000027770,0.000000000,0.999957277,-0.009243609,0.000002063,0.000000000,-0.000001807,0.000027789,1.000000000,0.000000000,-11.869973222,176.645862294,11.917753851,1.000000000
ENTITYNAME=Wire_Device
