OBJECTMODELPOINTER=617cb7cc-2e0c-4dcb-86ea-57288f3e8005.dev
BASEFAMILY=40107488-d006-478d-b749-6eaded4a6f46.fam
TRANSFORMMATRIX=0.026842853,-0.104594318,-0.994152771,0.000000000,0.968607952,0.248592825,0.000001080,0.000000000,0.247138694,-0.962944405,0.107983974,0.000000000,12.500000000,0.400000000,67.299999999,1.000000000
ENTITYNAME=Tower_Device
