OBJECTMODELPOINTER=6d14f80a-d854-4aaf-9171-50c1ed35fef1.dev
BASEFAMILY=401fafc3-ae03-49a3-9aec-f4f223092313.fam
TRANSFORMMATRIX=-0.999999933,-0.000366014,0.000000000,0.000000000,0.000366014,-0.999999933,-0.000000000,0.000000000,-0.000000000,-0.000000000,1.000000000,0.000000000,9.870000000,0.000000000,46.000000000,1.000000000
ENTITYNAME=Tower_Device
