OBJECTMODELPOINTER=33777c94-e4b9-4947-906f-f84480f3cb99.dev
BASEFAMILY=4028c630-1ac1-466e-8bd7-02136b370219.fam
BLHA=28.28368001,113.45281448,67.001736,340.232800
TRANSFORMMATRIX=0.000010521,-1.000000000,0.000027814,0.000000000,1.000000000,0.000010521,-0.000001370,0.000000000,0.000001369,0.000027813,1.000000000,0.000000000,8.407000897,177.415175563,42.603825239,1.000000000
ENTITYNAME=Wire_Device
