OBJECTMODELPOINTER=001205e9-d5ea-479a-b3ea-58b589fc20f9.dev
BASEFAMILY=4038aebf-4b3d-4710-8272-acb039e44b3c.fam
TRANSFORMMATRIX=-0.008081056,-0.999967001,0.000000864,0.000000000,0.999967690,-0.008081521,-0.000001390,0.000000000,0.000000000,0.000000000,1.000000000,0.000000000,-11.870000000,-0.600000000,47.999999999,1.000000000
ENTITYNAME=Tower_Device
