OBJECTMODELPOINTER=33777c94-e4b9-4947-906f-f84480f3cb99.dev
BASEFAMILY=403b4828-4580-4798-9259-ca6801829519.fam
BLHA=28.79022096,113.49139881,176.212376,221.400685
TRANSFORMMATRIX=-0.001036092,-0.999999463,0.000028928,0.000000000,0.999999463,-0.001036093,-0.000001802,0.000000000,0.000001832,0.000028926,1.000000000,0.000000000,12.131666651,184.260922557,1.331174579,1.000000000
ENTITYNAME=Wire_Device
