OBJECTMODELPOINTER=13a78437-ad2c-452a-8fd1-0733d19ccb25.dev
BASEFAMILY=404c80bf-1df5-4d6e-93e9-da4d7e1f7cde.fam
TRANSFORMMATRIX=-0.000000000,-1.000000000,-0.000000000,0.000000000,1.000000000,-0.000000000,-0.000000000,0.000000000,0.000000000,-0.000000000,1.000000000,0.000000000,-5.396977652,5.397057920,0.000001253,1.000000000
ENTITYNAME=Tower_Device
