OBJECTMODELPOINTER=33777c94-e4b9-4947-906f-f84480f3cb99.dev
BASEFAMILY=405bbe56-4bed-4ceb-95eb-96feb9a53a85.fam
BLHA=28.31411764,113.38983103,66.771612,527.133635
TRANSFORMMATRIX=0.491645751,0.870795300,0.000000008,0.000000000,-0.870795300,0.491645751,-0.000001437,0.000000000,-0.000001255,0.000000700,1.000000000,0.000000000,-7.975441758,4.472738362,48.827814741,1.000000000
ENTITYNAME=Wire_Device
