OBJECTMODELPOINTER=33777c94-e4b9-4947-906f-f84480f3cb99.dev
BASEFAMILY=405e358e-3d80-4453-b2cd-71031d425153.fam
BLHA=28.73032666,113.45294372,113.432437,258.301958
TRANSFORMMATRIX=0.002118034,-0.999997756,0.000037989,0.000000000,0.999997757,0.002118034,0.000000216,0.000000000,-0.000000297,0.000037988,0.999999999,0.000000000,-1.644808541,241.285681239,32.664158602,1.000000000
ENTITYNAME=Wire_Device
