OBJECTMODELPOINTER=91b04fec-0d78-4b33-b524-1c34b0c37bce.dev
BASEFAMILY=406771ff-4c00-4579-898f-da9af5d1718a.fam
TRANSFORMMATRIX=0.000000001,1.000000398,-0.000001374,0.000000000,-0.999999602,0.000000229,0.000000904,0.000000000,-0.000000000,0.000000000,1.000000000,0.000000000,7.341999999,-0.000000000,41.999999999,1.000000000
ENTITYNAME=Tower_Device
