OBJECTMODELPOINTER=33777c94-e4b9-4947-906f-f84480f3cb99.dev
BASEFAMILY=406e9724-3450-497d-bac7-ad46c50d3dd1.fam
BLHA=28.40337100,113.37122865,129.378598,254.006183
TRANSFORMMATRIX=-0.002790267,-0.999996107,0.000004532,0.000000000,0.999996107,-0.002790267,0.000000034,0.000000000,-0.000000021,0.000004532,1.000000000,0.000000000,-0.095867376,28.793119724,50.425557197,1.000000000
ENTITYNAME=Wire_Device
