OBJECTMODELPOINTER=33777c94-e4b9-4947-906f-f84480f3cb99.dev
BASEFAMILY=407fa1bf-2b9d-4adc-845f-46d75a17fc4b.fam
BLHA=28.41763874,113.37576334,172.022371,254.006183
TRANSFORMMATRIX=-0.000000213,-1.000000000,0.000005157,0.000000000,1.000000000,-0.000000213,0.000002121,0.000000000,-0.000002121,0.000005157,1.000000000,0.000000000,-13.489942422,32.743681657,48.125778831,1.000000000
ENTITYNAME=Wire_Device
