OBJECTMODELPOINTER=33777c94-e4b9-4947-906f-f84480f3cb99.dev
BASEFAMILY=408fb9f5-bd39-465c-b65b-0bbd17c08ef8.fam
BLHA=28.52807252,113.49714509,416.575795,210.734491
TRANSFORMMATRIX=0.003489541,-0.999993910,0.000049261,0.000000000,0.999993912,0.003489541,0.000002188,0.000000000,-0.000002360,0.000049253,0.999999999,0.000000000,-14.288571981,313.943775908,-0.299715281,1.000000000
ENTITYNAME=Wire_Device
