OBJECTMODELPOINTER=7c51fdfc-0e68-40a0-92ab-4a26ac89725a.dev
BASEFAMILY=40b51b6a-cecd-4336-b264-3f30693e593e.fam
TRANSFORMMATRIX=-0.003479702,0.999994171,-0.000001600,0.000000000,-0.999993723,-0.003479005,0.000000364,0.000000000,0.000000000,-0.000000000,1.000000000,0.000000000,-11.870000000,-0.000000000,47.999999999,1.000000000
ENTITYNAME=Tower_Device
