OBJECTMODELPOINTER=194d126e-6dc1-4d31-bc09-72fe710a4060.dev
BASEFAMILY=40b7a264-b623-4aa9-9f93-7e0bd3bf2773.fam
TRANSFORMMATRIX=-0.000000305,1.000000188,-0.000001618,0.000000000,-0.999999812,0.000000445,0.000000273,0.000000000,-0.000000000,-0.000000000,1.000000000,0.000000000,-11.869999999,-0.599999999,42.000000001,1.000000000
ENTITYNAME=Tower_Device
