OBJECTMODELPOINTER=3d785434-e816-47f9-9f36-cda78b2cfb85.dev
BASEFAMILY=40c5c7ba-f9d6-483b-8411-3945e0c48cde.fam
TRANSFORMMATRIX=0.000218605,-0.114056361,-0.993474217,0.000000000,0.999998217,0.001909060,-0.000000947,0.000000000,0.001896270,-0.993472326,0.114057622,0.000000000,-5.500000000,0.900000001,44.000000001,1.000000000
ENTITYNAME=Tower_Device
