OBJECTMODELPOINTER=33777c94-e4b9-4947-906f-f84480f3cb99.dev
BASEFAMILY=40e634d2-9962-46eb-9c87-f51cba44840e.fam
BLHA=28.64054809,113.46428400,121.846877,277.610658
TRANSFORMMATRIX=0.000002481,-0.999999999,0.000041261,0.000000000,1.000000000,0.000002481,0.000000156,0.000000000,-0.000000156,0.000041261,0.999999999,0.000000000,-1.174224856,262.044785008,34.166105997,1.000000000
ENTITYNAME=Wire_Device
