OBJECTMODELPOINTER=0e312739-8609-4a3d-966c-75d05d59356d.dev
BASEFAMILY=40f0cdc8-55e3-4b67-b1f0-391c1d725432.fam
TRANSFORMMATRIX=1.000000000,0.000000000,0.000000000,0.000000000,-0.000000000,1.000000000,-0.000000000,0.000000000,0.000000000,0.000000000,1.000000000,0.000000000,-4.407386695,-4.407242136,0.000000166,1.000000000
ENTITYNAME=Tower_Device
