OBJECTMODELPOINTER=33777c94-e4b9-4947-906f-f84480f3cb99.dev
BASEFAMILY=40f20dcd-e6bd-4828-8e4e-bd208960e700.fam
BLHA=28.49573132,113.43033310,334.786047,224.957371
TRANSFORMMATRIX=-0.004838802,-0.999988292,0.000030355,0.000000000,0.999988293,-0.004838802,-0.000001641,0.000000000,0.000001787,0.000030346,1.000000000,0.000000000,11.881905569,193.242545004,18.439678610,1.000000000
ENTITYNAME=Wire_Device
