ENTITYNAME=WIRE
BASEFAMILY=40ff9492-59c0-40af-aa70-cb2082d50cee.fam
OBJECTMODELPOINTER=81b82497-164d-48c0-b1cb-18fa700dacdf.dev
KVALUE=0.000370
SPLIT=4
POINT0.BLHA=28.27160371,113.47264060,64.951,312.669055
POINT0.MATRIX0=-0.735280751,0.677762655,-0.000000000,0.000000000,-0.677762655,-0.735280751,-0.000000000,0.000000000,-0.000000000,0.000000000,1.000000000,0.000000000,7.066143285,0.130741397,71.066963276,1.000000000
POINT0.MATRIX1=-0.735280751,0.677762655,-0.000000000,0.000000000,-0.677762655,-0.735280751,-0.000000000,0.000000000,-0.000000000,0.000000000,1.000000000,0.000000000,7.248809944,0.129710818,71.532066427,1.000000000
POINT0.MATRIX2=-0.735280751,0.677762655,-0.000000000,0.000000000,-0.677762655,-0.735280751,-0.000000000,0.000000000,-0.000000000,0.000000000,1.000000000,0.000000000,6.784189184,0.130322115,71.715599140,1.000000000
POINT0.MATRIX3=-0.735280751,0.677762655,-0.000000000,0.000000000,-0.677762655,-0.735280751,-0.000000000,0.000000000,-0.000000000,0.000000000,1.000000000,0.000000000,6.600198771,0.129916598,71.250495993,1.000000000
POINT1.BLHA=28.26907527,113.47529619,67.191,514.001895
POINT1.MATRIX0=0.438341419,-0.898808545,-0.000000000,0.000000000,0.898808545,0.438341419,0.000000000,0.000000000,-0.000000000,0.000000000,1.000000000,0.000000000,-6.584317592,8.773522057,58.086860622,1.000000000
POINT1.MATRIX1=0.438341419,-0.898808545,-0.000000000,0.000000000,0.898808545,0.438341419,0.000000000,0.000000000,-0.000000000,0.000000000,1.000000000,0.000000000,-6.284031356,9.525697247,58.446297133,1.000000000
POINT1.MATRIX2=0.438341419,-0.898808545,-0.000000000,0.000000000,0.898808545,0.438341419,0.000000000,0.000000000,-0.000000000,0.000000000,1.000000000,0.000000000,-5.819636134,9.339849206,58.446281874,1.000000000
POINT1.MATRIX3=0.438341419,-0.898808545,-0.000000000,0.000000000,0.898808545,0.438341419,0.000000000,0.000000000,-0.000000000,0.000000000,1.000000000,0.000000000,-6.118701969,8.589627329,58.086631739,1.000000000
