OBJECTMODELPOINTER=33777c94-e4b9-4947-906f-f84480f3cb99.dev
BASEFAMILY=41061688-d898-4e6f-8339-712a7b1b3413.fam
BLHA=28.32529000,113.37096013,66.626202,509.137564
TRANSFORMMATRIX=0.462028278,0.886865193,0.000000447,0.000000000,-0.886865193,0.462028278,0.000001335,0.000000000,0.000000977,-0.000001013,1.000000000,0.000000000,6.227700195,-6.473137468,36.592492530,1.000000000
ENTITYNAME=Wire_Device
