ENTITYNAME=WIRE
BASEFAMILY=410ba33d-fb05-45c8-adda-4a58c3827ac5.fam
OBJECTMODELPOINTER=81b82497-164d-48c0-b1cb-18fa700dacdf.dev
KVALUE=0.000000
SPLIT=4
POINT0.BLHA=28.28708442,113.44692142,57.763,308.127846
POINT0.MATRIX0=-0.786635049,0.617418254,0.000000000,0.000000000,-0.617418254,-0.786635049,-0.000000000,0.000000000,-0.000000000,0.000000000,1.000000000,0.000000000,10.000921850,-0.129570622,58.066961724,1.000000000
POINT0.MATRIX1=-0.786635049,0.617418254,0.000000000,0.000000000,-0.617418254,-0.786635049,-0.000000000,0.000000000,-0.000000000,0.000000000,1.000000000,0.000000000,10.184437078,-0.129601642,58.532064874,1.000000000
POINT0.MATRIX2=-0.786635049,0.617418254,0.000000000,0.000000000,-0.617418254,-0.786635049,-0.000000000,0.000000000,-0.000000000,0.000000000,1.000000000,0.000000000,9.719360218,-0.129553885,58.715597589,1.000000000
POINT0.MATRIX3=-0.786635049,0.617418254,0.000000000,0.000000000,-0.617418254,-0.786635049,-0.000000000,0.000000000,-0.000000000,0.000000000,1.000000000,0.000000000,9.535844991,-0.129522865,58.250494440,1.000000000
POINT1.BLHA=28.28708442,113.44692142,57.763,308.127846
POINT1.MATRIX0=-0.786635049,0.617418254,0.000000000,0.000000000,-0.617418254,-0.786635049,-0.000000000,0.000000000,-0.000000000,0.000000000,1.000000000,0.000000000,10.000919462,0.000433602,58.066961724,1.000000000
POINT1.MATRIX1=-0.786635049,0.617418254,0.000000000,0.000000000,-0.617418254,-0.786635049,-0.000000000,0.000000000,-0.000000000,0.000000000,1.000000000,0.000000000,10.184434689,0.000402582,58.532064874,1.000000000
POINT1.MATRIX2=-0.786635049,0.617418254,0.000000000,0.000000000,-0.617418254,-0.786635049,-0.000000000,0.000000000,-0.000000000,0.000000000,1.000000000,0.000000000,9.719357829,0.000450339,58.715597589,1.000000000
POINT1.MATRIX3=-0.786635049,0.617418254,0.000000000,0.000000000,-0.617418254,-0.786635049,-0.000000000,0.000000000,-0.000000000,0.000000000,1.000000000,0.000000000,9.535842602,0.000481359,58.250494439,1.000000000
