OBJECTMODELPOINTER=33777c94-e4b9-4947-906f-f84480f3cb99.dev
BASEFAMILY=41153a13-68df-4569-87da-fd7dddbad3d9.fam
BLHA=28.42194077,113.37713088,216.761088,254.006183
TRANSFORMMATRIX=-0.000011176,-0.999999997,0.000071710,0.000000000,1.000000000,-0.000011176,0.000000469,0.000000000,-0.000000468,0.000071711,0.999999997,0.000000000,-2.356808241,455.544377723,3.641569813,1.000000000
ENTITYNAME=Wire_Device
