OBJECTMODELPOINTER=5e594664-f18b-4d5c-a734-d5250b684ebc.dev
BASEFAMILY=411711fe-ed27-4a5d-88dc-d3e199aca6f4.fam
TRANSFORMMATRIX=-0.011591196,-0.184140110,-0.982831225,0.000000000,0.998025204,-0.062821484,-0.000000012,0.000000000,-0.061744076,-0.980890055,0.184505744,0.000000000,7.500000000,0.953000000,24.000000000,1.000000000
ENTITYNAME=Tower_Device
