OBJECTMODELPOINTER=33777c94-e4b9-4947-906f-f84480f3cb99.dev
BASEFAMILY=4132a861-986b-40e5-aec3-afe7049a9616.fam
BLHA=28.41010958,113.37337020,176.661664,254.006183
TRANSFORMMATRIX=-0.000005492,-1.000000000,0.000027904,0.000000000,1.000000000,-0.000005492,0.000000183,0.000000000,-0.000000183,0.000027905,1.000000000,0.000000000,-0.922208084,177.262797541,24.967003776,1.000000000
ENTITYNAME=Wire_Device
