OBJECTMODELPOINTER=33777c94-e4b9-4947-906f-f84480f3cb99.dev
BASEFAMILY=4133a4b0-74da-4f12-9e93-df2794488a20.fam
BLHA=28.28368001,113.45281448,67.001736,340.232800
TRANSFORMMATRIX=-0.000000880,-1.000000000,0.000005322,0.000000000,1.000000000,-0.000000880,-0.000001434,0.000000000,0.000001434,0.000005322,1.000000000,0.000000000,9.055779855,33.932165258,48.190863207,1.000000000
ENTITYNAME=Wire_Device
