OBJECTMODELPOINTER=13a78437-ad2c-452a-8fd1-0733d19ccb25.dev
BASEFAMILY=413d0ac7-3da7-4802-96b3-719ff4e9dee2.fam
TRANSFORMMATRIX=1.000000000,-0.000000000,0.000000000,0.000000000,0.000000000,1.000000000,-0.000000000,0.000000000,-0.000000000,-0.000000000,1.000000000,0.000000000,-4.407168336,-4.407518841,-0.000000102,1.000000000
ENTITYNAME=Tower_Device
