OBJECTMODELPOINTER=33777c94-e4b9-4947-906f-f84480f3cb99.dev
BASEFAMILY=414b7b43-b3b2-4096-a377-6aeffe19fa1a.fam
BLHA=28.28033977,113.46346380,83.899072,326.450928
TRANSFORMMATRIX=-0.242381460,-0.970181028,0.000016604,0.000000000,0.970181028,-0.242381460,0.000001906,0.000000000,0.000002176,0.000016571,1.000000000,0.000000000,13.584727925,105.573015161,41.427121747,1.000000000
ENTITYNAME=Wire_Device
