OBJECTMODELPOINTER=054ab2ea-be5a-42ac-a600-2366c793a4e0.dev
BASEFAMILY=4155a18b-0be1-4d45-a18c-9fa64170a560.fam
TRANSFORMMATRIX=0.008052065,0.999967217,-0.000000744,0.000000000,-0.999967949,0.008051667,-0.000001472,0.000000000,-0.000000000,-0.000000000,1.000000000,0.000000000,12.730000000,-0.000000000,41.999999999,1.000000000
ENTITYNAME=Tower_Device
