OBJECTMODELPOINTER=33777c94-e4b9-4947-906f-f84480f3cb99.dev
BASEFAMILY=415ab40a-80f8-4c75-8452-2720cca254c6.fam
BLHA=28.66021577,113.46120276,152.793290,277.610658
TRANSFORMMATRIX=0.000001812,-1.000000000,0.000027830,0.000000000,1.000000000,0.000001811,0.000000106,0.000000000,-0.000000105,0.000027831,1.000000000,0.000000000,-0.797099641,176.748088064,51.857161949,1.000000000
ENTITYNAME=Wire_Device
