OBJECTMODELPOINTER=33777c94-e4b9-4947-906f-f84480f3cb99.dev
BASEFAMILY=41692e47-679b-4fe4-bd53-832d9cf99492.fam
BLHA=28.65134658,113.46259240,159.100648,277.610658
TRANSFORMMATRIX=0.000000474,-1.000000000,0.000017867,0.000000000,1.000000000,0.000000474,-0.000001792,0.000000000,0.000001792,0.000017867,1.000000000,0.000000000,11.359862378,113.464188369,26.512395893,1.000000000
ENTITYNAME=Wire_Device
