OBJECTMODELPOINTER=33777c94-e4b9-4947-906f-f84480f3cb99.dev
BASEFAMILY=416d84a6-f1f6-4838-8042-7a41dead36e5.fam
BLHA=28.31411764,113.38983103,66.771612,527.133635
TRANSFORMMATRIX=-0.307789354,0.951454524,0.000037936,0.000000000,-0.951454525,-0.307789355,0.000001297,0.000000000,0.000012910,-0.000035696,0.999999999,0.000000000,82.257961282,-227.883642427,104.187888810,1.000000000
ENTITYNAME=Wire_Device
