OBJECTMODELPOINTER=33777c94-e4b9-4947-906f-f84480f3cb99.dev
BASEFAMILY=418facf8-7cb4-4794-9ef3-a7ae36005801.fam
BLHA=28.48698475,113.42051247,234.671308,224.957371
TRANSFORMMATRIX=0.004303341,-0.999990740,0.000016556,0.000000000,0.999990741,0.004303341,0.000000127,0.000000000,-0.000000198,0.000016556,1.000000000,0.000000000,-0.987508979,105.403866185,32.045504030,1.000000000
ENTITYNAME=Wire_Device
