OBJECTMODELPOINTER=33777c94-e4b9-4947-906f-f84480f3cb99.dev
BASEFAMILY=419453a0-da52-4fe0-b07e-161ebbf7a6fb.fam
BLHA=28.54536406,113.51168326,478.790289,255.750198
TRANSFORMMATRIX=-0.000004487,-0.999999999,0.000037163,0.000000000,1.000000000,-0.000004487,0.000000197,0.000000000,-0.000000197,0.000037163,0.999999999,0.000000000,-0.961438291,236.081055499,99.352307121,1.000000000
ENTITYNAME=Wire_Device
