OBJECTMODELPOINTER=33777c94-e4b9-4947-906f-f84480f3cb99.dev
BASEFAMILY=41979c8d-b172-4e8d-9c29-3674cc6ccebf.fam
BLHA=28.60915768,113.46895250,187.940881,294.633001
TRANSFORMMATRIX=0.000011120,-0.999999999,0.000050017,0.000000000,1.000000000,0.000011120,0.000000123,0.000000000,-0.000000123,0.000050017,0.999999999,0.000000000,-1.410935548,317.910532139,65.479660553,1.000000000
ENTITYNAME=Wire_Device
