OBJECTMODELPOINTER=33777c94-e4b9-4947-906f-f84480f3cb99.dev
BASEFAMILY=41c69f09-b82c-4dcc-904f-7c7226152357.fam
BLHA=28.26827851,113.48694026,97.359750,314.005848
TRANSFORMMATRIX=-0.643235198,-0.765668649,0.000005905,0.000000000,0.765668649,-0.643235198,-0.000000938,0.000000000,0.000004516,0.000003918,1.000000000,0.000000000,28.687984739,24.864570093,32.658215770,1.000000000
ENTITYNAME=Wire_Device
