OBJECTMODELPOINTER=33777c94-e4b9-4947-906f-f84480f3cb99.dev
BASEFAMILY=41d9da2c-97e4-41d4-b73b-d6bbc65c3d20.fam
BLHA=28.47144509,113.40546217,294.357908,229.813402
TRANSFORMMATRIX=0.002800635,-0.999996078,0.000005304,0.000000000,0.999996078,0.002800635,0.000000044,0.000000000,-0.000000059,0.000005305,1.000000000,0.000000000,-0.287003869,33.754058040,35.709438517,1.000000000
ENTITYNAME=Wire_Device
