OBJECTMODELPOINTER=90ea815a-9def-40dc-b9ff-d9f625090a09.dev
BASEFAMILY=41da9869-c435-4763-adc4-0cf2a9d2e573.fam
TRANSFORMMATRIX=-0.999998969,0.001436327,-0.000000001,0.000000000,-0.001436327,-0.999998968,0.000000001,0.000000000,0.000000000,-0.000000000,1.000000000,0.000000000,9.870000000,-0.000000000,55.000000000,1.000000000
ENTITYNAME=Tower_Device
