OBJECTMODELPOINTER=6e0859b4-96ae-48d8-8c03-7036656f9d7f.dev
BASEFAMILY=41da22ab-94cc-4a66-9a27-9bda809bcdf2.fam
TRANSFORMMATRIX=-0.004064783,-0.999991853,-0.000000125,0.000000000,0.999991621,-0.004065578,-0.000001636,0.000000000,-0.000000000,0.000000000,1.000000000,0.000000000,-11.870000000,0.600000000,39.000000000,1.000000000
ENTITYNAME=Tower_Device
