OBJECTMODELPOINTER=33777c94-e4b9-4947-906f-f84480f3cb99.dev
BASEFAMILY=41e14662-d24b-4825-b92a-ac5637c02758.fam
BLHA=28.64674167,113.46331381,165.940967,277.610658
TRANSFORMMATRIX=0.000001474,-0.999999999,0.000040306,0.000000000,1.000000000,0.000001474,-0.000001707,0.000000000,0.000001707,0.000040306,0.999999999,0.000000000,10.720761327,255.968443620,7.950351700,1.000000000
ENTITYNAME=Wire_Device
