OBJECTMODELPOINTER=33777c94-e4b9-4947-906f-f84480f3cb99.dev
BASEFAMILY=41e6301d-05fa-44d4-9700-4052545fd1a6.fam
BLHA=28.49379582,113.42815973,297.068153,224.957371
TRANSFORMMATRIX=-0.000014390,-0.999999999,0.000036951,0.000000000,1.000000000,-0.000014390,0.000000276,0.000000000,-0.000000276,0.000036951,0.999999999,0.000000000,-1.145613271,235.255262429,5.557754126,1.000000000
ENTITYNAME=Wire_Device
