OBJECTMODELPOINTER=33777c94-e4b9-4947-906f-f84480f3cb99.dev
BASEFAMILY=41e82da9-8888-45ec-8185-1638896c994a.fam
BLHA=28.55813742,113.50479443,276.608256,304.990571
TRANSFORMMATRIX=0.000981947,-0.999999514,0.000087292,0.000000000,0.999999518,0.000981947,0.000002235,0.000000000,-0.000002321,0.000087289,0.999999996,0.000000000,-16.143648491,555.303042599,76.141289485,1.000000000
ENTITYNAME=Wire_Device
