OBJECTMODELPOINTER=33777c94-e4b9-4947-906f-f84480f3cb99.dev
BASEFAMILY=41ebd6cf-5d66-44a8-815d-ef609550f5e0.fam
BLHA=28.71568525,113.45475484,179.580025,274.089521
TRANSFORMMATRIX=-0.632307242,-0.774717724,-0.000000305,0.000000000,0.774717724,-0.632307242,-0.000001311,0.000000000,0.000000823,-0.000001065,1.000000000,0.000000000,5.255393927,-6.764843884,35.447489133,1.000000000
ENTITYNAME=Wire_Device
