OBJECTMODELPOINTER=33777c94-e4b9-4947-906f-f84480f3cb99.dev
BASEFAMILY=41ed011d-0dca-47f6-83bf-ce073b1b3d2b.fam
BLHA=28.28033977,113.46346380,83.899072,326.450928
TRANSFORMMATRIX=-0.236524764,-0.971625460,0.000028792,0.000000000,0.971625461,-0.236524764,-0.000001610,0.000000000,0.000008375,0.000027595,1.000000000,0.000000000,52.841872493,175.728168916,43.031516931,1.000000000
ENTITYNAME=Wire_Device
