OBJECTMODELPOINTER=33777c94-e4b9-4947-906f-f84480f3cb99.dev
BASEFAMILY=41f4f0eb-9ef1-40a2-9636-6bb4041fa0f2.fam
BLHA=28.33513056,113.36426418,74.466119,467.201749
TRANSFORMMATRIX=-0.168648574,0.985676244,0.000006745,0.000000000,-0.985676244,-0.168648574,0.000001155,0.000000000,0.000002276,-0.000006454,1.000000000,0.000000000,14.583519248,-41.019906413,24.354744065,1.000000000
ENTITYNAME=Wire_Device
