OBJECTMODELPOINTER=33777c94-e4b9-4947-906f-f84480f3cb99.dev
BASEFAMILY=41f708e0-63b5-433b-8d2b-278cc32b6ad6.fam
BLHA=28.40635362,113.37217651,164.659139,254.006183
TRANSFORMMATRIX=-0.010510798,-0.999944759,0.000039364,0.000000000,0.999944760,-0.010510799,-0.000001262,0.000000000,0.000001676,0.000039349,0.999999999,0.000000000,11.036053520,249.981418827,12.406704014,1.000000000
ENTITYNAME=Wire_Device
