OBJECTMODELPOINTER=33777c94-e4b9-4947-906f-f84480f3cb99.dev
BASEFAMILY=420787a7-43d9-4f60-bf39-fea827f761aa.fam
BLHA=28.56928949,113.49371034,236.536103,312.996987
TRANSFORMMATRIX=0.000019785,-0.999999998,0.000052497,0.000000000,1.000000000,0.000019785,0.000000085,0.000000000,-0.000000086,0.000052497,0.999999999,0.000000000,-1.412104726,334.178474373,32.732939655,1.000000000
ENTITYNAME=Wire_Device
