OBJECTMODELPOINTER=33777c94-e4b9-4947-906f-f84480f3cb99.dev
BASEFAMILY=4216d407-effb-4aa6-9130-e98ce2673c1e.fam
BLHA=28.59525170,113.47626182,222.708449,294.633001
TRANSFORMMATRIX=-0.002305418,-0.999997339,0.000081490,0.000000000,0.999997342,-0.002305418,0.000000195,0.000000000,-0.000000007,0.000081491,0.999999997,0.000000000,-1.062543502,517.952912398,29.227620094,1.000000000
ENTITYNAME=Wire_Device
