OBJECTMODELPOINTER=33777c94-e4b9-4947-906f-f84480f3cb99.dev
BASEFAMILY=421a3b3b-75ae-49fe-995c-54c2424a5a76.fam
BLHA=28.59994740,113.47379389,183.494205,294.633001
TRANSFORMMATRIX=0.001040165,-0.999999458,0.000050554,0.000000000,0.999999459,0.001040165,-0.000001967,0.000000000,0.000001914,0.000050556,0.999999999,0.000000000,11.576790130,321.313449996,38.780604374,1.000000000
ENTITYNAME=Wire_Device
