OBJECTMODELPOINTER=33777c94-e4b9-4947-906f-f84480f3cb99.dev
BASEFAMILY=421d1258-2f92-465c-8ba9-4cb605a0b261.fam
BLHA=28.32292443,113.37625760,67.775568,311.415680
TRANSFORMMATRIX=0.002494543,-0.999996887,0.000057029,0.000000000,0.999996889,0.002494544,0.000001302,0.000000000,-0.000001444,0.000057026,0.999999998,0.000000000,-10.137894220,362.954603155,11.487239121,1.000000000
ENTITYNAME=Wire_Device
