OBJECTMODELPOINTER=33777c94-e4b9-4947-906f-f84480f3cb99.dev
BASEFAMILY=422a5d9f-0b3b-4a85-a8b0-0cd4d2cb7707.fam
BLHA=28.31294059,113.42646212,52.368358,335.449580
TRANSFORMMATRIX=0.000030845,-0.999999998,0.000060305,0.000000000,1.000000000,0.000030845,0.000001342,0.000000000,-0.000001345,0.000060305,0.999999998,0.000000000,-9.298995431,384.600789664,31.290339888,1.000000000
ENTITYNAME=Wire_Device
