OBJECTMODELPOINTER=9282b429-ac01-4975-9e17-67738c7a53f0.dev
BASEFAMILY=422ffbd1-4c81-419e-897d-895fbda9fba6.fam
TRANSFORMMATRIX=0.000000162,-0.999999584,0.000001235,0.000000000,1.000000416,0.000000163,-0.000001084,0.000000000,-0.000000000,-0.000000000,1.000000000,0.000000000,11.870000000,-0.600000000,45.000000001,1.000000000
ENTITYNAME=Tower_Device
