OBJECTMODELPOINTER=0e312739-8609-4a3d-966c-75d05d59356d.dev
BASEFAMILY=423e959a-dc03-4019-965f-2cdf0dc7c2b3.fam
TRANSFORMMATRIX=0.000000000,1.000000000,0.000000000,0.000000000,-1.000000000,0.000000000,0.000000000,0.000000000,-0.000000000,-0.000000000,1.000000000,0.000000000,7.855257918,-7.854485226,0.000000790,1.000000000
ENTITYNAME=Tower_Device
