ENTITYNAME=WIRE
BASEFAMILY=423fbdbc-8ba3-4b62-88f7-7880eed656ae.fam
OBJECTMODELPOINTER=81b82497-164d-48c0-b1cb-18fa700dacdf.dev
KVALUE=0.000000
SPLIT=4
POINT0.BLHA=28.46688419,113.40170203,216.341,242.026912
POINT0.MATRIX0=-0.883168008,-0.469056788,0.000000000,0.000000000,0.469056788,-0.883168008,0.000000000,0.000000000,0.000000000,-0.000000000,1.000000000,0.000000000,-13.724873057,-0.608144827,46.741101944,1.000000000
POINT0.MATRIX1=-0.883168008,-0.469056788,0.000000000,0.000000000,0.469056788,-0.883168008,0.000000000,0.000000000,0.000000000,-0.000000000,1.000000000,0.000000000,-13.724873057,-0.608144826,47.191098893,1.000000000
POINT0.MATRIX2=-0.883168008,-0.469056788,0.000000000,0.000000000,0.469056788,-0.883168008,0.000000000,0.000000000,0.000000000,-0.000000000,1.000000000,0.000000000,-14.174783877,-0.592773288,47.191098894,1.000000000
POINT0.MATRIX3=-0.883168008,-0.469056788,0.000000000,0.000000000,0.469056788,-0.883168008,0.000000000,0.000000000,0.000000000,-0.000000000,1.000000000,0.000000000,-14.174783877,-0.592773289,46.741101945,1.000000000
POINT1.BLHA=28.46688419,113.40170203,216.341,242.026912
POINT1.MATRIX0=-0.883168008,-0.469056788,0.000000000,0.000000000,0.469056788,-0.883168008,0.000000000,0.000000000,0.000000000,-0.000000000,1.000000000,0.000000000,-13.720843335,-0.488212471,46.741101945,1.000000000
POINT1.MATRIX1=-0.883168008,-0.469056788,0.000000000,0.000000000,0.469056788,-0.883168008,0.000000000,0.000000000,0.000000000,-0.000000000,1.000000000,0.000000000,-13.720843335,-0.488212470,47.191098894,1.000000000
POINT1.MATRIX2=-0.883168008,-0.469056788,0.000000000,0.000000000,0.469056788,-0.883168008,0.000000000,0.000000000,0.000000000,-0.000000000,1.000000000,0.000000000,-14.170754101,-0.472840972,47.191098893,1.000000000
POINT1.MATRIX3=-0.883168008,-0.469056788,0.000000000,0.000000000,0.469056788,-0.883168008,0.000000000,0.000000000,0.000000000,-0.000000000,1.000000000,0.000000000,-14.170754102,-0.472840972,46.741101944,1.000000000
