OBJECTMODELPOINTER=33777c94-e4b9-4947-906f-f84480f3cb99.dev
BASEFAMILY=42568b74-63d9-42f8-ba0b-19afe04e6ebc.fam
BLHA=28.48305469,113.41645050,246.976349,229.813402
TRANSFORMMATRIX=-0.001690049,-0.999998571,0.000040466,0.000000000,0.999998572,-0.001690049,-0.000001563,0.000000000,0.000001631,0.000040464,0.999999999,0.000000000,11.049315086,257.537723570,38.393660337,1.000000000
ENTITYNAME=Wire_Device
