OBJECTMODELPOINTER=33777c94-e4b9-4947-906f-f84480f3cb99.dev
BASEFAMILY=4256d63b-c143-4ed9-b6d4-a77936af6593.fam
BLHA=28.41763874,113.37576334,172.022371,254.006183
TRANSFORMMATRIX=-0.000004900,-0.999999999,0.000037332,0.000000000,1.000000000,-0.000004900,0.000002332,0.000000000,-0.000002331,0.000037332,0.999999999,0.000000000,-14.549554586,237.133274926,40.460650296,1.000000000
ENTITYNAME=Wire_Device
