OBJECTMODELPOINTER=772b3dad-2501-4331-832a-8733c5ee321b.dev
BASEFAMILY=426c7065-708b-4f21-9ee0-ac84bf6c6f83.fam
TRANSFORMMATRIX=-0.008584625,0.035835190,-0.999320917,0.000000000,-0.972490636,-0.232941645,-0.000000981,0.000000000,-0.232783179,0.971830264,0.036850084,0.000000000,5.499999999,-0.900000000,44.000000000,1.000000000
ENTITYNAME=Tower_Device
