OBJECTMODELPOINTER=33777c94-e4b9-4947-906f-f84480f3cb99.dev
BASEFAMILY=4274b89e-16f6-408c-ad2e-4ae4b7bd02f3.fam
BLHA=28.53408910,113.50849608,458.182485,233.242345
TRANSFORMMATRIX=-0.381791464,-0.924248493,0.000044260,0.000000000,0.924248493,-0.381791464,0.000000162,0.000000000,0.000016748,0.000040969,0.999999999,0.000000000,107.362895281,260.921974925,-9.023296619,1.000000000
ENTITYNAME=Wire_Device
