OBJECTMODELPOINTER=33777c94-e4b9-4947-906f-f84480f3cb99.dev
BASEFAMILY=4275f8f4-b43d-46ea-91e2-5052e73473bf.fam
BLHA=28.74269478,113.45578230,73.560853,258.301958
TRANSFORMMATRIX=-0.000000742,-1.000000000,0.000004806,0.000000000,1.000000000,-0.000000742,0.000000031,0.000000000,-0.000000031,0.000004805,1.000000000,0.000000000,-0.165397930,30.524718979,55.835316471,1.000000000
ENTITYNAME=Wire_Device
