OBJECTMODELPOINTER=6f8a0549-52dc-45af-9002-9bc99a5f5687.dev
BASEFAMILY=42796a74-250e-4c85-a76f-d625daf50661.fam
TRANSFORMMATRIX=0.000000000,-1.000000000,-0.000000000,0.000000000,1.000000000,0.000000000,-0.000000000,0.000000000,0.000000000,0.000000000,1.000000000,0.000000000,-6.198974509,6.197937570,-0.000002157,1.000000000
ENTITYNAME=Tower_Device
