ENTITYNAME=WIRE
BASEFAMILY=427e045f-db47-4725-b2a7-83340908462e.fam
OBJECTMODELPOINTER=81b82497-164d-48c0-b1cb-18fa700dacdf.dev
KVALUE=0.000375
SPLIT=4
POINT0.BLHA=28.31435017,113.39267151,117.559,4.996372
POINT0.MATRIX0=0.087092668,0.996200214,0.000000000,0.000000000,-0.996200214,0.087092668,0.000000000,0.000000000,0.000000000,-0.000000000,1.000000000,0.000000000,-8.002866532,0.130352260,40.466971939,1.000000000
POINT0.MATRIX1=0.087092668,0.996200214,0.000000000,0.000000000,-0.996200214,0.087092668,0.000000000,0.000000000,0.000000000,-0.000000000,1.000000000,0.000000000,-7.818609576,0.129928219,40.932075089,1.000000000
POINT0.MATRIX2=0.087092668,0.996200214,0.000000000,0.000000000,-0.996200214,0.087092668,0.000000000,0.000000000,0.000000000,-0.000000000,1.000000000,0.000000000,-8.283270950,0.129869249,41.115607803,1.000000000
POINT0.MATRIX3=0.087092668,0.996200214,0.000000000,0.000000000,-0.996200214,0.087092668,0.000000000,0.000000000,0.000000000,-0.000000000,1.000000000,0.000000000,-8.467527906,0.130293290,40.650504654,1.000000000
POINT1.BLHA=28.31470596,113.39701913,83.589,4.996372
POINT1.MATRIX0=0.087092668,0.996200214,-0.000000000,0.000000000,-0.996200214,0.087092668,0.000000000,0.000000000,-0.000000000,0.000000000,1.000000000,0.000000000,-8.004026127,-0.129941911,61.466953358,1.000000000
POINT1.MATRIX1=0.087092668,0.996200214,-0.000000000,0.000000000,-0.996200214,0.087092668,0.000000000,0.000000000,-0.000000000,0.000000000,1.000000000,0.000000000,-7.819769171,-0.130365951,61.932041247,1.000000000
POINT1.MATRIX2=0.087092668,0.996200214,-0.000000000,0.000000000,-0.996200214,0.087092668,0.000000000,0.000000000,-0.000000000,0.000000000,1.000000000,0.000000000,-8.284430545,-0.130424920,62.115573962,1.000000000
POINT1.MATRIX3=0.087092668,0.996200214,-0.000000000,0.000000000,-0.996200214,0.087092668,0.000000000,0.000000000,-0.000000000,0.000000000,1.000000000,0.000000000,-8.468687501,-0.130000879,61.650470813,1.000000000
