OBJECTMODELPOINTER=33777c94-e4b9-4947-906f-f84480f3cb99.dev
BASEFAMILY=4288fb2f-2688-4779-97ed-3aa74dc03aa8.fam
BLHA=28.65774704,113.46158959,182.997853,277.610658
TRANSFORMMATRIX=0.000002285,-1.000000000,0.000026372,0.000000000,1.000000000,0.000002285,0.000000100,0.000000000,-0.000000100,0.000026372,1.000000000,0.000000000,-0.754756312,167.486418678,8.243634937,1.000000000
ENTITYNAME=Wire_Device
