ENTITYNAME=WIRE
BASEFAMILY=4291b2a7-a329-4592-9f7c-f12a61e0a30c.fam
OBJECTMODELPOINTER=81b82497-164d-48c0-b1cb-18fa700dacdf.dev
KVALUE=0.104158
SPLIT=4
POINT0.BLHA=28.59065738,113.47867622,222.764,291.241310
POINT0.MATRIX0=-0.932062828,0.362296680,0.000000000,0.000000000,-0.362296680,-0.932062828,0.000000000,0.000000000,0.000000000,-0.000000000,1.000000000,0.000000000,1.997781440,-10.004688869,35.077435094,1.000000000
POINT0.MATRIX1=-0.932062828,0.362296680,0.000000000,0.000000000,-0.362296680,-0.932062828,0.000000000,0.000000000,0.000000000,-0.000000000,1.000000000,0.000000000,2.470484479,-10.010314152,35.239922139,1.000000000
POINT0.MATRIX2=-0.932062828,0.362296680,0.000000000,0.000000000,-0.362296680,-0.932062828,0.000000000,0.000000000,0.000000000,-0.000000000,1.000000000,0.000000000,2.228293985,-9.397228999,35.858054476,1.000000000
POINT0.MATRIX3=-0.932062828,0.362296680,0.000000000,0.000000000,-0.362296680,-0.932062828,0.000000000,0.000000000,0.000000000,-0.000000000,1.000000000,0.000000000,1.755590946,-9.391603716,35.695571262,1.000000000
POINT1.BLHA=28.59065738,113.47867622,222.764,291.241310
POINT1.MATRIX0=-0.932062828,0.362296680,0.000000000,0.000000000,-0.362296680,-0.932062828,0.000000000,0.000000000,0.000000000,-0.000000000,1.000000000,0.000000000,7.724964676,-4.000025700,38.790000993,1.000000000
POINT1.MATRIX1=-0.932062828,0.362296680,0.000000000,0.000000000,-0.362296680,-0.932062828,0.000000000,0.000000000,0.000000000,-0.000000000,1.000000000,0.000000000,7.724964677,-4.000025700,39.240001041,1.000000000
POINT1.MATRIX2=-0.932062828,0.362296680,0.000000000,0.000000000,-0.362296680,-0.932062828,0.000000000,0.000000000,0.000000000,-0.000000000,1.000000000,0.000000000,7.274964613,-4.000025653,39.240001041,1.000000000
POINT1.MATRIX3=-0.932062828,0.362296680,0.000000000,0.000000000,-0.362296680,-0.932062828,0.000000000,0.000000000,0.000000000,-0.000000000,1.000000000,0.000000000,7.274964613,-4.000025654,38.790000993,1.000000000
