OBJECTMODELPOINTER=0ec7d062-767d-4e70-8477-51c07b1c496f.dev
BASEFAMILY=429967a6-58d9-443e-83fb-6d9ed931b2f9.fam
TRANSFORMMATRIX=-0.033026946,0.161256189,-0.986359555,0.000000000,-0.979664842,-0.200642185,-0.000000743,0.000000000,-0.197904739,0.966301688,0.164604864,0.000000000,5.500000000,-0.900000000,44.000000000,1.000000000
ENTITYNAME=Tower_Device
