OBJECTMODELPOINTER=33777c94-e4b9-4947-906f-f84480f3cb99.dev
BASEFAMILY=42a09d41-87cd-49ed-a78f-636acdf72efa.fam
BLHA=28.30399811,113.43961542,62.139238,477.400140
TRANSFORMMATRIX=0.102441599,0.994739020,-0.000000626,0.000000000,-0.994739020,0.102441599,-0.000001491,0.000000000,-0.000001419,0.000000775,1.000000000,0.000000000,-9.059920697,4.946323969,54.799908813,1.000000000
ENTITYNAME=Wire_Device
