OBJECTMODELPOINTER=33777c94-e4b9-4947-906f-f84480f3cb99.dev
BASEFAMILY=42a167f5-4e63-4018-8ce2-6614aa4acbfb.fam
BLHA=28.80418340,113.50812520,199.973454,227.348291
TRANSFORMMATRIX=-0.000018164,-0.999999999,0.000049922,0.000000000,1.000000000,-0.000018164,-0.000001528,0.000000000,0.000001529,0.000049922,0.999999999,0.000000000,10.554791720,317.808493105,43.966760190,1.000000000
ENTITYNAME=Wire_Device
