OBJECTMODELPOINTER=8bb4f3d9-497b-49ae-845a-7e54e0a5fe30.dev
BASEFAMILY=42a1e4cb-a356-48d3-94c5-d17636a5d28c.fam
TRANSFORMMATRIX=0.000000072,1.000000365,0.000001467,0.000000000,-0.999999635,0.000000479,-0.000000738,0.000000000,-0.000000000,-0.000000000,1.000000000,0.000000000,-10.000000000,0.000000000,30.000000000,1.000000000
ENTITYNAME=Tower_Device
