ENTITYNAME=WIRE
BASEFAMILY=42abe43c-7bc0-489f-a65a-a2285f438246.fam
OBJECTMODELPOINTER=81b82497-164d-48c0-b1cb-18fa700dacdf.dev
KVALUE=0.000370
SPLIT=4
POINT0.BLHA=28.28033977,113.46346380,83.899,326.450928
POINT0.MATRIX0=-0.552650983,0.833412797,-0.000000000,0.000000000,-0.833412797,-0.552650983,-0.000000000,0.000000000,-0.000000000,0.000000000,1.000000000,0.000000000,-7.676580399,9.433755506,34.997479300,1.000000000
POINT0.MATRIX1=-0.552650983,0.833412797,-0.000000000,0.000000000,-0.833412797,-0.552650983,-0.000000000,0.000000000,-0.000000000,0.000000000,1.000000000,0.000000000,-7.478710498,10.209729323,35.376950126,1.000000000
POINT0.MATRIX2=-0.552650983,0.833412797,-0.000000000,0.000000000,-0.833412797,-0.552650983,-0.000000000,0.000000000,-0.000000000,0.000000000,1.000000000,0.000000000,-7.964453724,10.330843728,35.376950126,1.000000000
POINT0.MATRIX3=-0.552650983,0.833412797,-0.000000000,0.000000000,-0.833412797,-0.552650983,-0.000000000,0.000000000,-0.000000000,0.000000000,1.000000000,0.000000000,-8.160560939,9.555745837,34.997357230,1.000000000
POINT1.BLHA=28.27757020,113.46637333,93.774,312.669055
POINT1.MATRIX0=-0.735280751,0.677762655,0.000000000,0.000000000,-0.677762655,-0.735280751,0.000000000,0.000000000,-0.000000000,-0.000000000,1.000000000,0.000000000,-8.003339028,-0.129854553,52.466967585,1.000000000
POINT1.MATRIX1=-0.735280751,0.677762655,0.000000000,0.000000000,-0.677762655,-0.735280751,0.000000000,0.000000000,-0.000000000,-0.000000000,1.000000000,0.000000000,-7.820672369,-0.130885131,52.932070734,1.000000000
POINT1.MATRIX2=-0.735280751,0.677762655,0.000000000,0.000000000,-0.677762655,-0.735280751,0.000000000,0.000000000,-0.000000000,-0.000000000,1.000000000,0.000000000,-8.285293129,-0.130273835,53.115603449,1.000000000
POINT1.MATRIX3=-0.735280751,0.677762655,0.000000000,0.000000000,-0.677762655,-0.735280751,0.000000000,0.000000000,-0.000000000,-0.000000000,1.000000000,0.000000000,-8.469283543,-0.130679352,52.650500299,1.000000000
