OBJECTMODELPOINTER=0c2823cf-ccd7-4813-ae1e-db36685ee644.dev
BASEFAMILY=42ccb672-041f-4e49-bde9-2ba5cfe25a7c.fam
TRANSFORMMATRIX=0.000000003,1.000000398,-0.000001374,0.000000000,-0.999999602,0.000000231,0.000000904,0.000000000,0.000000000,0.000000000,1.000000000,0.000000000,-7.342036585,0.000000000,42.000000000,1.000000000
ENTITYNAME=Tower_Device
