OBJECTMODELPOINTER=33777c94-e4b9-4947-906f-f84480f3cb99.dev
BASEFAMILY=42cdc63d-20fc-402e-bd2c-e6374268640e.fam
BLHA=28.28240757,113.45687165,86.867380,340.232800
TRANSFORMMATRIX=0.002239569,-0.999997491,0.000040714,0.000000000,0.999997492,0.002239570,0.000001606,0.000000000,-0.000001697,0.000040710,0.999999999,0.000000000,-11.216677894,259.720884689,60.568309708,1.000000000
ENTITYNAME=Wire_Device
