OBJECTMODELPOINTER=34dec7fb-6d9c-41eb-8ad5-5fe0c6876802.dev
BASEFAMILY=42dacb2b-f4aa-42ee-8a1c-9673acf42230.fam
TRANSFORMMATRIX=0.006038026,0.063946208,-0.997934837,0.000000000,0.995571369,-0.094011352,0.000000207,0.000000000,-0.093815828,-0.993515423,-0.064231575,0.000000000,-5.500000000,0.900000000,41.000000000,1.000000000
ENTITYNAME=Tower_Device
