OBJECTMODELPOINTER=33777c94-e4b9-4947-906f-f84480f3cb99.dev
BASEFAMILY=42e2056f-199c-4831-88df-e9233e194f69.fam
BLHA=28.49878841,113.43376617,260.859889,392.604520
TRANSFORMMATRIX=-0.209921407,0.977718263,0.000026474,0.000000000,-0.977718263,-0.209921407,0.000000363,0.000000000,0.000005913,-0.000025808,1.000000000,0.000000000,37.216065036,-164.402593179,56.319142338,1.000000000
ENTITYNAME=Wire_Device
