OBJECTMODELPOINTER=45292566-123c-442a-9e5a-867c19f5a016.dev
BASEFAMILY=42e4c36a-a97b-4df9-b32e-594199685bdd.fam
TRANSFORMMATRIX=0.018571580,-0.999827269,0.000000661,0.000000000,0.999827809,0.018570951,-0.000001522,0.000000000,0.000000000,0.000000000,1.000000000,0.000000000,-11.870000000,0.600000001,39.000000000,1.000000000
ENTITYNAME=Tower_Device
