OBJECTMODELPOINTER=33777c94-e4b9-4947-906f-f84480f3cb99.dev
BASEFAMILY=42e7971d-9cbd-4244-ab85-730c2ae6a735.fam
BLHA=28.51511181,113.47270360,348.782405,210.734491
TRANSFORMMATRIX=-0.000023240,-0.999999999,0.000049063,0.000000000,1.000000000,-0.000023240,0.000000329,0.000000000,-0.000000329,0.000049063,0.999999999,0.000000000,-1.373845362,312.762152882,41.952555198,1.000000000
ENTITYNAME=Wire_Device
