OBJECTMODELPOINTER=33777c94-e4b9-4947-906f-f84480f3cb99.dev
BASEFAMILY=42e9a3ae-7387-4278-b06e-93b80559f72b.fam
BLHA=28.28708442,113.44692142,57.763329,308.127846
TRANSFORMMATRIX=-0.004716099,-0.999988879,0.000016921,0.000000000,0.999988879,-0.004716099,-0.000001052,0.000000000,0.000001132,0.000016917,1.000000000,0.000000000,6.939900714,107.612134019,59.634086126,1.000000000
ENTITYNAME=Wire_Device
