OBJECTMODELPOINTER=33777c94-e4b9-4947-906f-f84480f3cb99.dev
BASEFAMILY=4303d582-730f-4269-816b-ee00f9490a06.fam
BLHA=28.66573943,113.46033717,166.408962,277.610658
TRANSFORMMATRIX=-0.002345875,-0.999997248,0.000027269,0.000000000,0.999997248,-0.002345875,-0.000001755,0.000000000,0.000001819,0.000027265,1.000000000,0.000000000,11.493716884,173.149372761,15.009875247,1.000000000
ENTITYNAME=Wire_Device
