OBJECTMODELPOINTER=33777c94-e4b9-4947-906f-f84480f3cb99.dev
BASEFAMILY=430fd011-3aff-4850-b9ff-1b5babf15e2f.fam
BLHA=28.59994740,113.47379389,183.494205,294.633001
TRANSFORMMATRIX=0.001048013,-0.999999447,0.000084840,0.000000000,0.999999451,0.001048013,-0.000001885,0.000000000,0.000001796,0.000084842,0.999999996,0.000000000,10.394537536,539.236048399,71.062496214,1.000000000
ENTITYNAME=Wire_Device
