ENTITYNAME=WIRE
BASEFAMILY=43155e4a-fa5b-4bfd-b620-b8fa8647b714.fam
OBJECTMODELPOINTER=31970f28-780e-4bf1-8adb-439f78c329a3.dev
KVALUE=0.000242
SPLIT=1
POINT0.BLHA=28.60915768,113.46895250,187.941,294.633001
POINT0.MATRIX0=-0.908996188,0.416804426,-0.000000000,0.000000000,-0.416804426,-0.908996188,0.000000000,0.000000000,-0.000000000,-0.000000000,1.000000000,0.000000000,11.318306293,0.309848896,69.558001462,1.000000000
POINT1.BLHA=28.60573334,113.47075261,228.045,294.633001
POINT1.MATRIX0=-0.908996188,0.416804426,0.000000000,0.000000000,-0.416804426,-0.908996188,-0.000000000,0.000000000,-0.000000000,-0.000000000,1.000000000,0.000000000,10.609401544,-0.310280653,54.557999638,1.000000000
