ENTITYNAME=WIRE
BASEFAMILY=43230fdd-fe54-46bc-9b6f-944bd25f5eb1.fam
OBJECTMODELPOINTER=31970f28-780e-4bf1-8adb-439f78c329a3.dev
KVALUE=0.000208
SPLIT=1
POINT0.BLHA=28.26851271,113.48351910,83.112,355.334735
POINT0.MATRIX0=-0.081334298,0.996686878,-0.000000000,0.000000000,-0.996686878,-0.081334298,-0.000000000,0.000000000,0.000000000,0.000000000,1.000000000,0.000000000,11.501414627,0.310021691,78.657996960,1.000000000
POINT1.BLHA=28.26827851,113.48694026,97.360,314.005848
POINT1.MATRIX0=-0.719268901,0.694731781,-0.000000000,0.000000000,-0.694731781,-0.719268901,0.000000000,0.000000000,0.000000000,0.000000000,1.000000000,0.000000000,12.941409223,-0.894958391,67.448540412,1.000000000
