OBJECTMODELPOINTER=33777c94-e4b9-4947-906f-f84480f3cb99.dev
BASEFAMILY=434f19eb-47e9-40dd-a1c0-ea98c6882558.fam
BLHA=28.27407839,113.47004129,94.944746,312.669055
TRANSFORMMATRIX=0.001295484,-0.999999161,0.000018829,0.000000000,0.999999161,0.001295484,0.000001090,0.000000000,-0.000001114,0.000018828,1.000000000,0.000000000,-7.406740751,119.859144981,43.864235661,1.000000000
ENTITYNAME=Wire_Device
