OBJECTMODELPOINTER=33777c94-e4b9-4947-906f-f84480f3cb99.dev
BASEFAMILY=435077a4-a010-444a-91a6-0b616b6db6d6.fam
BLHA=28.68698006,113.45743042,187.111712,277.425083
TRANSFORMMATRIX=-0.003302088,-0.999994548,0.000026728,0.000000000,0.999994548,-0.003302088,0.000000104,0.000000000,-0.000000015,0.000026727,1.000000000,0.000000000,-0.211325338,169.745965783,15.978325536,1.000000000
ENTITYNAME=Wire_Device
