OBJECTMODELPOINTER=33777c94-e4b9-4947-906f-f84480f3cb99.dev
BASEFAMILY=43526177-8495-43ee-8826-ac96784fc8c2.fam
BLHA=28.28912608,113.44509395,57.000023,477.961117
TRANSFORMMATRIX=-0.176389904,0.984320376,0.000006964,0.000000000,-0.984320376,-0.176389904,0.000001152,0.000000000,0.000002362,-0.000006651,1.000000000,0.000000000,15.150999336,-42.316199400,52.132013785,1.000000000
ENTITYNAME=Wire_Device
