OBJECTMODELPOINTER=33777c94-e4b9-4947-906f-f84480f3cb99.dev
BASEFAMILY=4355c9b8-82dd-469f-9e7f-2614f61e6e63.fam
BLHA=28.53971514,113.51008635,497.099735,255.750198
TRANSFORMMATRIX=-0.007000340,-0.999975497,0.000006005,0.000000000,0.999975497,-0.007000340,0.000002027,0.000000000,-0.000001985,0.000006018,1.000000000,0.000000000,-12.620030142,38.223417023,28.638388598,1.000000000
ENTITYNAME=Wire_Device
