OBJECTMODELPOINTER=8a8a229b-72a3-466c-b633-9863c9832aaa.dev
BASEFAMILY=436be2df-15a4-4221-a8bc-e3f440062cc9.fam
TRANSFORMMATRIX=0.828359560,0.028507579,-0.559470232,0.000000000,0.560162973,-0.053005619,0.826685348,0.000000000,-0.006087774,-0.998187227,-0.059876535,0.000000000,1.384939759,1.384939759,37.000000000,1.000000000
ENTITYNAME=Tower_Device
