OBJECTMODELPOINTER=33777c94-e4b9-4947-906f-f84480f3cb99.dev
BASEFAMILY=4376574e-f955-4503-babc-821d42ea526a.fam
BLHA=28.28033977,113.46346380,83.899072,326.450928
TRANSFORMMATRIX=0.156025710,-0.987752994,-0.000000928,0.000000000,0.987752994,0.156025710,-0.000001217,0.000000000,0.000001347,-0.000000726,1.000000000,0.000000000,8.576051822,-4.650640250,54.976888078,1.000000000
ENTITYNAME=Wire_Device
