OBJECTMODELPOINTER=54e5c296-ddc6-4f63-9e36-1c80342c6bec.dev
BASEFAMILY=437f87a1-84d9-47e0-9b68-54ab00d32769.fam
TRANSFORMMATRIX=0.000000414,0.999999987,-0.000000079,0.000000000,-1.000000013,-0.000000414,0.000001643,0.000000000,0.000000000,-0.000000000,1.000000000,0.000000000,6.595000000,-0.000000000,66.499999999,1.000000000
ENTITYNAME=Tower_Device
