OBJECTMODELPOINTER=33777c94-e4b9-4947-906f-f84480f3cb99.dev
BASEFAMILY=43825af3-ead2-4abc-96cd-1f843765e9d8.fam
BLHA=28.73433869,113.45386444,142.659000,258.301958
TRANSFORMMATRIX=-0.000001998,-1.000000000,-0.000000070,0.000000000,1.000000000,-0.000001998,-0.000001614,0.000000000,0.000001614,-0.000000069,1.000000000,0.000000000,10.301954158,-0.431859220,39.234749133,1.000000000
ENTITYNAME=Wire_Device
