OBJECTMODELPOINTER=33777c94-e4b9-4947-906f-f84480f3cb99.dev
BASEFAMILY=43846c7d-57ca-4083-ba87-1821a30d5357.fam
BLHA=28.53408910,113.50849608,458.182485,233.242345
TRANSFORMMATRIX=-0.025781421,-0.999667604,-0.000000092,0.000000000,0.999667604,-0.025781421,-0.000001609,0.000000000,0.000001606,-0.000000135,1.000000000,0.000000000,10.231791020,-0.826269437,24.865775464,1.000000000
ENTITYNAME=Wire_Device
