OBJECTMODELPOINTER=33777c94-e4b9-4947-906f-f84480f3cb99.dev
BASEFAMILY=4392f88d-798b-4a69-bac4-716e1d9df2a4.fam
BLHA=28.46688419,113.40170203,216.340862,242.026912
TRANSFORMMATRIX=0.001862961,-0.999998264,0.000041088,0.000000000,0.999998265,0.001862961,-0.000001896,0.000000000,0.000001819,0.000041091,0.999999999,0.000000000,12.161761345,261.262575565,23.708663928,1.000000000
ENTITYNAME=Wire_Device
