OBJECTMODELPOINTER=33777c94-e4b9-4947-906f-f84480f3cb99.dev
BASEFAMILY=43b4b0c3-7255-43e4-924d-7babc82fece9.fam
BLHA=28.79669223,113.49966037,193.055862,221.400685
TRANSFORMMATRIX=-0.000006538,-1.000000000,0.000016125,0.000000000,1.000000000,-0.000006538,-0.000001891,0.000000000,0.000001891,0.000016126,1.000000000,0.000000000,12.298097249,102.732059577,26.812166795,1.000000000
ENTITYNAME=Wire_Device
