OBJECTMODELPOINTER=33777c94-e4b9-4947-906f-f84480f3cb99.dev
BASEFAMILY=43bde8d8-c480-43e9-a438-0deac97f6e18.fam
BLHA=28.50469488,113.45163258,174.515783,200.251669
TRANSFORMMATRIX=0.011290208,-0.999936262,0.000051995,0.000000000,0.999936264,0.011290208,0.000001508,0.000000000,-0.000002095,0.000051975,0.999999999,0.000000000,-12.756099900,331.535683256,21.632818337,1.000000000
ENTITYNAME=Wire_Device
