OBJECTMODELPOINTER=33777c94-e4b9-4947-906f-f84480f3cb99.dev
BASEFAMILY=43f486a2-46f4-488c-ab7c-f190e39d8da9.fam
BLHA=28.71274605,113.45447194,199.234978,264.887951
TRANSFORMMATRIX=0.002795856,-0.999996090,0.000051368,0.000000000,0.999996092,0.002795856,0.000000257,0.000000000,-0.000000400,0.000051367,0.999999999,0.000000000,-2.404369295,326.212659939,0.289061800,1.000000000
ENTITYNAME=Wire_Device
