OBJECTMODELPOINTER=33777c94-e4b9-4947-906f-f84480f3cb99.dev
BASEFAMILY=43f58f8a-4674-41de-878b-d8b1bfdc32e7.fam
BLHA=28.31523299,113.41422428,48.000024,0.896163
TRANSFORMMATRIX=0.000006793,-1.000000000,0.000005205,0.000000000,1.000000000,0.000006793,0.000001203,0.000000000,-0.000001203,0.000005205,1.000000000,0.000000000,-7.634944759,33.225395579,30.076527974,1.000000000
ENTITYNAME=Wire_Device
