ENTITYNAME=WIRE
BASEFAMILY=44001c7f-32a6-4a58-9d91-3c7d4eef503b.fam
OBJECTMODELPOINTER=81b82497-164d-48c0-b1cb-18fa700dacdf.dev
KVALUE=0.000000
SPLIT=4
POINT0.BLHA=28.80679371,113.51083278,186.898,227.348291
POINT0.MATRIX0=-0.735485915,-0.677540012,0.000000000,0.000000000,0.677540012,-0.735485915,-0.000000000,0.000000000,0.000000000,-0.000000000,1.000000000,0.000000000,0.180772682,-0.120564242,43.762683391,1.000000000
POINT0.MATRIX1=-0.735485915,-0.677540012,0.000000000,0.000000000,0.677540012,-0.735485915,-0.000000000,0.000000000,0.000000000,-0.000000000,1.000000000,0.000000000,0.218086789,-0.120712205,44.211139201,1.000000000
POINT0.MATRIX2=-0.735485915,-0.677540012,0.000000000,0.000000000,0.677540012,-0.735485915,-0.000000000,0.000000000,0.000000000,-0.000000000,1.000000000,0.000000000,-0.230759871,-0.119929147,44.248408794,1.000000000
POINT0.MATRIX3=-0.735485915,-0.677540012,0.000000000,0.000000000,0.677540012,-0.735485915,-0.000000000,0.000000000,0.000000000,-0.000000000,1.000000000,0.000000000,-0.268073979,-0.119781184,43.799952983,1.000000000
POINT1.BLHA=28.80679371,113.51083278,186.898,227.348291
POINT1.MATRIX0=-0.735485915,-0.677540012,0.000000000,0.000000000,0.677540012,-0.735485915,-0.000000000,0.000000000,0.000000000,-0.000000000,1.000000000,0.000000000,0.180769729,-0.000558593,43.762683391,1.000000000
POINT1.MATRIX1=-0.735485915,-0.677540012,0.000000000,0.000000000,0.677540012,-0.735485915,-0.000000000,0.000000000,0.000000000,-0.000000000,1.000000000,0.000000000,0.218083837,-0.000706555,44.211139201,1.000000000
POINT1.MATRIX2=-0.735485915,-0.677540012,0.000000000,0.000000000,0.677540012,-0.735485915,-0.000000000,0.000000000,0.000000000,-0.000000000,1.000000000,0.000000000,-0.230762824,0.000076503,44.248408794,1.000000000
POINT1.MATRIX3=-0.735485915,-0.677540012,0.000000000,0.000000000,0.677540012,-0.735485915,-0.000000000,0.000000000,0.000000000,-0.000000000,1.000000000,0.000000000,-0.268076931,0.000224465,43.799952983,1.000000000
