OBJECTMODELPOINTER=8170e1af-0a1e-4e23-bb9c-dfee6ce4d44c.dev
BASEFAMILY=440aee6c-bafe-47b5-9d9f-5eacdbd5ddf3.fam
TRANSFORMMATRIX=0.000991373,-0.122363412,-0.992484555,0.000000000,0.999967504,0.008100013,-0.000000417,0.000000000,0.008038254,-0.992452147,0.122368794,0.000000000,-7.500000000,0.953000000,30.000000000,1.000000000
ENTITYNAME=Tower_Device
