OBJECTMODELPOINTER=0e8834e6-ffd7-4fac-8f36-c6fb2a1c07a5.dev
BASEFAMILY=441affe9-450b-4b80-95e1-6deeb0667bba.fam
TRANSFORMMATRIX=-0.999975897,0.006943464,-0.000000007,0.000000000,-0.006943466,-0.999975891,0.000000004,0.000000000,-0.000000000,0.000000000,1.000000000,0.000000000,11.320000000,0.000000000,70.000000000,1.000000000
ENTITYNAME=Tower_Device
