OBJECTMODELPOINTER=33777c94-e4b9-4947-906f-f84480f3cb99.dev
BASEFAMILY=441cf5a0-2842-41b8-a0d7-f31aab25a18c.fam
BLHA=28.59065738,113.47867622,222.763908,291.241310
TRANSFORMMATRIX=-0.078266420,-0.996932478,0.000030430,0.000000000,0.996932479,-0.078266421,-0.000001072,0.000000000,0.000003450,0.000030252,1.000000000,0.000000000,21.671496721,192.206505630,91.809425500,1.000000000
ENTITYNAME=Wire_Device
