OBJECTMODELPOINTER=244919a6-4446-47d5-9e18-c8ec7670258f.dev
BASEFAMILY=441df601-291a-4354-88b0-ac71c2014675.fam
TRANSFORMMATRIX=1.000000000,-0.000000000,-0.000000000,0.000000000,-0.000000000,1.000000000,0.000000000,0.000000000,-0.000000000,0.000000000,1.000000000,0.000000000,-0.000000000,0.000000000,-0.000000001,1.000000000
ENTITYNAME=Tower_Device
