OBJECTMODELPOINTER=33777c94-e4b9-4947-906f-f84480f3cb99.dev
BASEFAMILY=4423e7fb-37cb-499c-8850-64315a601bcd.fam
BLHA=28.59994740,113.47379389,183.494205,294.633001
TRANSFORMMATRIX=-0.001019213,-0.999999480,0.000039701,0.000000000,0.999999481,-0.001019212,0.000002184,0.000000000,-0.000002143,0.000039703,0.999999999,0.000000000,-14.169733688,252.381797003,35.899255830,1.000000000
ENTITYNAME=Wire_Device
