OBJECTMODELPOINTER=33777c94-e4b9-4947-906f-f84480f3cb99.dev
BASEFAMILY=4427c312-0f79-4431-aca8-90013a3a9734.fam
BLHA=28.28492071,113.44885804,59.682173,504.180323
TRANSFORMMATRIX=-0.282694215,0.959210081,0.000037848,0.000000000,-0.959210081,-0.282694216,-0.000001754,0.000000000,0.000009017,-0.000036800,0.999999999,0.000000000,57.935448355,-234.620499146,38.567948117,1.000000000
ENTITYNAME=Wire_Device
