OBJECTMODELPOINTER=33777c94-e4b9-4947-906f-f84480f3cb99.dev
BASEFAMILY=442fd576-7f2b-4d23-af57-d06426fad4d0.fam
BLHA=28.71568525,113.45475484,179.580025,274.089521
TRANSFORMMATRIX=-0.146876200,-0.989154882,0.000017417,0.000000000,0.989154883,-0.146876200,0.000001270,0.000000000,0.000001302,0.000017415,1.000000000,0.000000000,8.267814282,110.587829875,29.129316127,1.000000000
ENTITYNAME=Wire_Device
