OBJECTMODELPOINTER=33777c94-e4b9-4947-906f-f84480f3cb99.dev
BASEFAMILY=442ffd6c-d22a-4808-9b7c-20f67b3e6c94.fam
BLHA=28.67276970,113.45923535,192.994115,456.641966
TRANSFORMMATRIX=-0.014097523,0.999900625,0.000006098,0.000000000,-0.999900625,-0.014097523,0.000000237,0.000000000,0.000000324,-0.000006094,1.000000000,0.000000000,2.086388000,-38.702483519,28.740783777,1.000000000
ENTITYNAME=Wire_Device
