OBJECTMODELPOINTER=2ccba7a3-090a-40b2-a6c5-3088115ffbe9.dev
BASEFAMILY=446de0f8-27b6-4c1d-9f72-565ba2493301.fam
TRANSFORMMATRIX=-0.000000175,1.000000107,-0.000001638,0.000000000,-0.999999893,0.000000635,0.000000105,0.000000000,-0.000000000,-0.000000000,1.000000000,0.000000000,13.320000000,0.000000000,63.000000000,1.000000000
ENTITYNAME=Tower_Device
