OBJECTMODELPOINTER=0e312739-8609-4a3d-966c-75d05d59356d.dev
BASEFAMILY=446d2ee9-5b80-43d3-84c7-eceb04675ac1.fam
TRANSFORMMATRIX=0.000000000,-1.000000000,-0.000000000,0.000000000,1.000000000,0.000000000,-0.000000000,0.000000000,-0.000000000,-0.000000000,1.000000000,0.000000000,-4.407011777,4.406150793,0.000002512,1.000000000
ENTITYNAME=Tower_Device
