OBJECTMODELPOINTER=33777c94-e4b9-4947-906f-f84480f3cb99.dev
BASEFAMILY=447c2dfb-14c1-4f94-93ec-391166439704.fam
BLHA=28.73821142,113.45475326,97.655295,258.301958
TRANSFORMMATRIX=0.008228991,-0.999966141,0.000016177,0.000000000,0.999966141,0.008228991,-0.000001998,0.000000000,0.000001864,0.000016194,1.000000000,0.000000000,12.004312279,102.866456478,49.557990966,1.000000000
ENTITYNAME=Wire_Device
