OBJECTMODELPOINTER=13a78437-ad2c-452a-8fd1-0733d19ccb25.dev
BASEFAMILY=448b4cea-338a-4ce1-ba23-7126b322aed1.fam
TRANSFORMMATRIX=1.000000000,-0.000000000,0.000000000,0.000000000,-0.000000000,1.000000000,0.000000000,0.000000000,-0.000000000,-0.000000000,1.000000000,0.000000000,-4.737029009,-4.736993937,0.000003421,1.000000000
ENTITYNAME=Tower_Device
