OBJECTMODELPOINTER=33777c94-e4b9-4947-906f-f84480f3cb99.dev
BASEFAMILY=448ca81c-ce98-429f-b6c7-b4e96e843d68.fam
BLHA=28.36075913,113.35996262,84.531423,278.143009
TRANSFORMMATRIX=0.001115949,-0.999999376,0.000050063,0.000000000,0.999999377,0.001115949,-0.000001958,0.000000000,0.000001903,0.000050065,0.999999999,0.000000000,11.910004816,317.933831513,19.758532083,1.000000000
ENTITYNAME=Wire_Device
