OBJECTMODELPOINTER=113019c1-741a-4646-ad2c-81cf768f6cb4.dev
BASEFAMILY=44923e9e-f36a-494f-b815-894f9a00f0ab.fam
TRANSFORMMATRIX=-1.000000000,-0.000000064,0.000000000,0.000000000,0.000000064,-1.000000000,-0.000000000,0.000000000,0.000000000,-0.000000000,1.000000000,0.000000000,-11.320000000,-0.000000000,66.999999999,1.000000000
ENTITYNAME=Tower_Device
