OBJECTMODELPOINTER=33777c94-e4b9-4947-906f-f84480f3cb99.dev
BASEFAMILY=4494d888-f0e7-48d4-b268-436cbda80516.fam
BLHA=28.69702652,113.45589279,149.051008,277.425083
TRANSFORMMATRIX=-0.000000454,-1.000000000,0.000016652,0.000000000,1.000000000,-0.000000454,-0.000001795,0.000000000,0.000001795,0.000016652,1.000000000,0.000000000,11.387860316,105.747073618,33.927328860,1.000000000
ENTITYNAME=Wire_Device
