OBJECTMODELPOINTER=33777c94-e4b9-4947-906f-f84480f3cb99.dev
BASEFAMILY=44997e78-3ac2-4a93-8a5d-656b1bc3c080.fam
BLHA=28.28149698,113.45977476,95.758412,340.232800
TRANSFORMMATRIX=-0.000489269,-0.999999880,0.000005864,0.000000000,0.999999880,-0.000489269,-0.000001073,0.000000000,0.000001076,0.000005863,1.000000000,0.000000000,6.775591499,37.395865720,64.239459152,1.000000000
ENTITYNAME=Wire_Device
