OBJECTMODELPOINTER=33777c94-e4b9-4947-906f-f84480f3cb99.dev
BASEFAMILY=44a9e158-91f9-4547-8d1d-c0e09755eb4e.fam
BLHA=28.64054809,113.46428400,121.846877,277.610658
TRANSFORMMATRIX=0.002769488,-0.999996165,0.000018170,0.000000000,0.999996165,0.002769488,-0.000002018,0.000000000,0.000001968,0.000018175,1.000000000,0.000000000,12.483610395,115.419959661,39.681672763,1.000000000
ENTITYNAME=Wire_Device
