OBJECTMODELPOINTER=33777c94-e4b9-4947-906f-f84480f3cb99.dev
BASEFAMILY=44b10fd2-bba7-4acf-b130-7f7544b920c2.fam
BLHA=28.31534552,113.42043692,48.733934,348.172871
TRANSFORMMATRIX=-0.225304447,-0.974288409,0.000040581,0.000000000,0.974288410,-0.225304447,0.000001687,0.000000000,0.000007499,0.000039917,0.999999999,0.000000000,47.361897871,254.688564309,31.706241620,1.000000000
ENTITYNAME=Wire_Device
