ENTITYNAME=WIRE
BASEFAMILY=44b35599-fe8b-4459-9137-1035542b2b93.fam
OBJECTMODELPOINTER=81b82497-164d-48c0-b1cb-18fa700dacdf.dev
KVALUE=0.000000
SPLIT=4
POINT0.BLHA=28.68060600,113.45831192,164.595,275.673275
POINT0.MATRIX0=-0.995101789,0.098855601,0.000000000,0.000000000,-0.098855601,-0.995101789,0.000000000,0.000000000,0.000000000,0.000000000,1.000000000,0.000000000,12.954696396,0.479097676,43.741102959,1.000000000
POINT0.MATRIX1=-0.995101789,0.098855601,0.000000000,0.000000000,-0.098855601,-0.995101789,0.000000000,0.000000000,0.000000000,0.000000000,1.000000000,0.000000000,12.954696396,0.479097676,44.191099907,1.000000000
POINT0.MATRIX2=-0.995101789,0.098855601,0.000000000,0.000000000,-0.098855601,-0.995101789,0.000000000,0.000000000,0.000000000,0.000000000,1.000000000,0.000000000,12.504645036,0.480626506,44.191099908,1.000000000
POINT0.MATRIX3=-0.995101789,0.098855601,0.000000000,0.000000000,-0.098855601,-0.995101789,0.000000000,0.000000000,0.000000000,0.000000000,1.000000000,0.000000000,12.504645036,0.480626506,43.741102959,1.000000000
POINT1.BLHA=28.68060600,113.45831192,164.595,275.673275
POINT1.MATRIX0=-0.995101789,0.098855601,0.000000000,0.000000000,-0.098855601,-0.995101789,0.000000000,0.000000000,0.000000000,0.000000000,1.000000000,0.000000000,12.954980300,0.599097332,43.741102959,1.000000000
POINT1.MATRIX1=-0.995101789,0.098855601,0.000000000,0.000000000,-0.098855601,-0.995101789,0.000000000,0.000000000,0.000000000,0.000000000,1.000000000,0.000000000,12.954980300,0.599097332,44.191099907,1.000000000
POINT1.MATRIX2=-0.995101789,0.098855601,0.000000000,0.000000000,-0.098855601,-0.995101789,0.000000000,0.000000000,0.000000000,0.000000000,1.000000000,0.000000000,12.504928941,0.600626168,44.191099907,1.000000000
POINT1.MATRIX3=-0.995101789,0.098855601,0.000000000,0.000000000,-0.098855601,-0.995101789,0.000000000,0.000000000,0.000000000,0.000000000,1.000000000,0.000000000,12.504928941,0.600626168,43.741102959,1.000000000
