OBJECTMODELPOINTER=62d970f3-396a-4e07-af0e-5b98c369f617.dev
BASEFAMILY=44b43b21-47e4-4373-9e8c-bec32bd58445.fam
TRANSFORMMATRIX=-0.002851132,-0.028521068,-0.999589119,0.000000000,0.995042795,-0.099447724,0.000000720,0.000000000,-0.099405531,-0.994634098,0.028662728,0.000000000,-5.500000000,0.900000000,44.000000000,1.000000000
ENTITYNAME=Tower_Device
