OBJECTMODELPOINTER=33777c94-e4b9-4947-906f-f84480f3cb99.dev
BASEFAMILY=44d597ab-a77f-4f72-bd3b-ce1c2736a13b.fam
BLHA=28.70103226,113.45527961,136.730850,277.425083
TRANSFORMMATRIX=0.000001242,-1.000000000,0.000029640,0.000000000,1.000000000,0.000001242,-0.000001745,0.000000000,0.000001745,0.000029639,1.000000000,0.000000000,11.010602800,188.227587953,30.261273186,1.000000000
ENTITYNAME=Wire_Device
