OBJECTMODELPOINTER=33777c94-e4b9-4947-906f-f84480f3cb99.dev
BASEFAMILY=44ffc997-2f8c-45f1-bfa2-bd046b82d7c4.fam
BLHA=28.41408598,113.37463405,174.728080,254.006183
TRANSFORMMATRIX=-0.000009455,-0.999999998,0.000066289,0.000000000,1.000000000,-0.000009455,-0.000001653,0.000000000,0.000001653,0.000066289,0.999999998,0.000000000,11.132183332,421.124068866,48.515225325,1.000000000
ENTITYNAME=Wire_Device
