OBJECTMODELPOINTER=33777c94-e4b9-4947-906f-f84480f3cb99.dev
BASEFAMILY=4502cd56-64ce-4384-88f1-a4cecfb41579.fam
BLHA=28.57262295,113.49015944,261.228990,312.996987
TRANSFORMMATRIX=0.000023600,-0.999999998,0.000063725,0.000000000,1.000000000,0.000023600,0.000000105,0.000000000,-0.000000107,0.000063725,0.999999998,0.000000000,-1.726254500,405.656191301,23.263760401,1.000000000
ENTITYNAME=Wire_Device
