OBJECTMODELPOINTER=33777c94-e4b9-4947-906f-f84480f3cb99.dev
BASEFAMILY=45068b8e-47e1-43c6-adb6-772ea0cf6bbb.fam
BLHA=28.57663112,113.48588937,251.356728,312.996987
TRANSFORMMATRIX=0.000023799,-0.999999997,0.000068982,0.000000000,1.000000000,0.000023799,-0.000001976,0.000000000,0.000001974,0.000068982,0.999999998,0.000000000,11.435776971,439.081533995,37.568210238,1.000000000
ENTITYNAME=Wire_Device
