OBJECTMODELPOINTER=33777c94-e4b9-4947-906f-f84480f3cb99.dev
BASEFAMILY=45085b91-0f40-4898-9af4-49ee18c0ba6c.fam
BLHA=28.66573943,113.46033717,166.408962,277.610658
TRANSFORMMATRIX=-0.002347442,-0.999997245,0.000005868,0.000000000,0.999997245,-0.002347442,-0.000001837,0.000000000,0.000001851,0.000005864,1.000000000,0.000000000,11.788871894,37.232099793,35.287066146,1.000000000
ENTITYNAME=Wire_Device
