OBJECTMODELPOINTER=33777c94-e4b9-4947-906f-f84480f3cb99.dev
BASEFAMILY=450bafdc-2f59-41bc-b30f-267d754034e3.fam
BLHA=28.31470596,113.39701913,83.588909,4.996372
TRANSFORMMATRIX=0.002698976,-0.999996358,0.000016136,0.000000000,0.999996358,0.002698976,0.000001371,0.000000000,-0.000001414,0.000016132,1.000000000,0.000000000,-8.934885996,102.966371112,41.465333021,1.000000000
ENTITYNAME=Wire_Device
