OBJECTMODELPOINTER=146d895a-fdff-4646-a5ce-e15abbf3f3eb.dev
BASEFAMILY=450e4e98-18ac-4dec-a66f-fef981f83918.fam
TRANSFORMMATRIX=1.000000000,-0.000000000,0.000000000,0.000000000,0.000000000,1.000000000,0.000000000,0.000000000,-0.000000000,0.000000000,1.000000000,0.000000000,-5.809967460,-5.809806557,-0.000002804,1.000000000
ENTITYNAME=Tower_Device
