OBJECTMODELPOINTER=33777c94-e4b9-4947-906f-f84480f3cb99.dev
BASEFAMILY=4512a7cb-84d3-4c2a-8cab-f2579fcebf5c.fam
BLHA=28.53408910,113.50849608,458.182485,233.242345
TRANSFORMMATRIX=-0.390566760,-0.920574606,0.000031681,0.000000000,0.920574606,-0.390566760,-0.000000754,0.000000000,0.000013068,0.000028870,0.999999999,0.000000000,83.720303675,183.885786244,-6.482391949,1.000000000
ENTITYNAME=Wire_Device
