OBJECTMODELPOINTER=33777c94-e4b9-4947-906f-f84480f3cb99.dev
BASEFAMILY=452ce575-5b77-4de2-a6a1-e58dc572527a.fam
BLHA=28.68956538,113.45703476,163.838478,277.425083
TRANSFORMMATRIX=-0.005019366,-0.999987403,0.000016373,0.000000000,0.999987403,-0.005019366,0.000002151,0.000000000,-0.000002069,0.000016384,1.000000000,0.000000000,-13.271235883,104.061436611,47.585291599,1.000000000
ENTITYNAME=Wire_Device
