OBJECTMODELPOINTER=3f638f37-fa81-4094-a55e-e24bc14a9bc6.dev
BASEFAMILY=45331d3c-5d06-43c4-9c45-44c248d4c63a.fam
TRANSFORMMATRIX=-0.002902578,0.100248995,-0.994958132,0.000000000,0.999581418,0.028931267,0.000000811,0.000000000,0.028786516,-0.994541586,-0.100291422,0.000000000,-5.500000001,0.900000000,44.000000001,1.000000000
ENTITYNAME=Tower_Device
