OBJECTMODELPOINTER=33777c94-e4b9-4947-906f-f84480f3cb99.dev
BASEFAMILY=45373e76-3f73-496f-9171-526fe1f472ad.fam
BLHA=28.29096601,113.44441625,53.539724,287.794387
TRANSFORMMATRIX=0.005530944,-0.999984704,0.000026169,0.000000000,0.999984704,0.005530944,0.000001251,0.000000000,-0.000001395,0.000026162,1.000000000,0.000000000,-9.155925990,166.216870469,31.422602071,1.000000000
ENTITYNAME=Wire_Device
