OBJECTMODELPOINTER=33777c94-e4b9-4947-906f-f84480f3cb99.dev
BASEFAMILY=453e2b6c-86d4-49d6-9919-87268f13bd46.fam
BLHA=28.39632770,113.36872548,122.542167,249.667673
TRANSFORMMATRIX=-0.000005420,-1.000000000,0.000027219,0.000000000,1.000000000,-0.000005420,-0.000001900,0.000000000,0.000001900,0.000027220,1.000000000,0.000000000,12.413546903,172.969255059,40.374481137,1.000000000
ENTITYNAME=Wire_Device
