OBJECTMODELPOINTER=33777c94-e4b9-4947-906f-f84480f3cb99.dev
BASEFAMILY=454b8edc-517e-4781-af93-de91f3950560.fam
BLHA=28.68698006,113.45743042,187.111712,277.425083
TRANSFORMMATRIX=-0.003303624,-0.999994543,0.000005105,0.000000000,0.999994543,-0.003303624,0.000000020,0.000000000,-0.000000003,0.000005105,1.000000000,0.000000000,-0.040823262,32.421795386,21.816326600,1.000000000
ENTITYNAME=Wire_Device
