OBJECTMODELPOINTER=33777c94-e4b9-4947-906f-f84480f3cb99.dev
BASEFAMILY=454ed643-95d9-4551-a690-f2b1d0ffdb29.fam
BLHA=28.28912608,113.44509395,57.000023,477.961117
TRANSFORMMATRIX=-0.176400485,0.984318479,0.000039237,0.000000000,-0.984318479,-0.176400485,0.000001218,0.000000000,0.000008120,-0.000038407,0.999999999,0.000000000,52.298371645,-244.272320852,65.909798551,1.000000000
ENTITYNAME=Wire_Device
