OBJECTMODELPOINTER=33777c94-e4b9-4947-906f-f84480f3cb99.dev
BASEFAMILY=45509129-af90-46e3-9724-a848db574534.fam
BLHA=28.31566161,113.38686189,71.437616,329.270898
TRANSFORMMATRIX=-0.005474410,-0.999985015,0.000005219,0.000000000,0.999985015,-0.005474410,-0.000001002,0.000000000,0.000001030,0.000005214,1.000000000,0.000000000,6.475013419,33.217767773,59.330901344,1.000000000
ENTITYNAME=Wire_Device
