ENTITYNAME=WIRE
BASEFAMILY=45506634-cbfe-4b8e-9311-f0b8b1a33ee2.fam
OBJECTMODELPOINTER=31970f28-780e-4bf1-8adb-439f78c329a3.dev
KVALUE=0.000226
SPLIT=1
POINT0.BLHA=28.36788990,113.36378392,64.429,219.706007
POINT0.MATRIX0=-0.638848483,-0.769332578,0.000000000,0.000000000,0.769332578,-0.638848483,0.000000000,0.000000000,0.000000000,0.000000000,1.000000000,0.000000000,9.872548657,0.620766201,48.558009231,1.000000000
POINT1.BLHA=28.36557656,113.36066804,62.497,414.735470
POINT1.MATRIX0=0.816495163,0.577352274,0.000000000,0.000000000,-0.577352274,0.816495163,-0.000000000,0.000000000,-0.000000000,-0.000000000,1.000000000,0.000000000,-5.833767224,1.542270701,43.951055865,1.000000000
