OBJECTMODELPOINTER=33777c94-e4b9-4947-906f-f84480f3cb99.dev
BASEFAMILY=4558248e-ba2b-41b1-aa06-2a452f02fb5d.fam
BLHA=28.48305469,113.41645050,246.976349,229.813402
TRANSFORMMATRIX=-0.000004490,-1.000000000,0.000017813,0.000000000,1.000000000,-0.000004490,0.000000136,0.000000000,-0.000000136,0.000017813,1.000000000,0.000000000,-0.575807807,113.357430145,33.953534999,1.000000000
ENTITYNAME=Wire_Device
