OBJECTMODELPOINTER=33777c94-e4b9-4947-906f-f84480f3cb99.dev
BASEFAMILY=455decc1-ed8f-4b13-92fb-0259e8751250.fam
BLHA=28.28149698,113.45977476,95.758412,340.232800
TRANSFORMMATRIX=-0.001882047,-0.999998229,0.000018663,0.000000000,0.999998229,-0.001882047,-0.000001500,0.000000000,0.000001534,0.000018660,1.000000000,0.000000000,9.553882510,119.019274237,39.475571004,1.000000000
ENTITYNAME=Wire_Device
