OBJECTMODELPOINTER=33777c94-e4b9-4947-906f-f84480f3cb99.dev
BASEFAMILY=455f5c8a-6973-4edd-b899-9c746d28d02e.fam
BLHA=28.59994740,113.47379389,183.494205,294.633001
TRANSFORMMATRIX=0.000013586,-0.999999998,0.000061371,0.000000000,1.000000000,0.000013586,0.000000148,0.000000000,-0.000000148,0.000061371,0.999999998,0.000000000,-1.714719629,390.074042996,45.158475296,1.000000000
ENTITYNAME=Wire_Device
