OBJECTMODELPOINTER=33777c94-e4b9-4947-906f-f84480f3cb99.dev
BASEFAMILY=455f3062-51ac-442e-bad9-2a149975e946.fam
BLHA=28.32529000,113.37096013,66.626202,509.137564
TRANSFORMMATRIX=-0.397892702,0.917431958,0.000006218,0.000000000,-0.917431958,-0.397892702,-0.000001259,0.000000000,0.000001319,-0.000006206,1.000000000,0.000000000,8.479186257,-39.577892984,26.382953679,1.000000000
ENTITYNAME=Wire_Device
