OBJECTMODELPOINTER=33777c94-e4b9-4947-906f-f84480f3cb99.dev
BASEFAMILY=456aa5ac-0f4f-4f3a-b8aa-93d40da1bcd5.fam
BLHA=28.58865070,113.47941927,287.208654,287.849619
TRANSFORMMATRIX=0.002237292,-0.999997497,0.000006235,0.000000000,0.999997497,0.002237291,0.000001878,0.000000000,-0.000001892,0.000006232,1.000000000,0.000000000,-12.129319018,39.608167117,35.379979952,1.000000000
ENTITYNAME=Wire_Device
