OBJECTMODELPOINTER=33777c94-e4b9-4947-906f-f84480f3cb99.dev
BASEFAMILY=456f5009-4887-4715-b449-57f95edb43b1.fam
BLHA=28.31411764,113.38983103,66.771612,527.133635
TRANSFORMMATRIX=-0.287316158,0.957835803,0.000000210,0.000000000,-0.957835803,-0.287316158,-0.000001872,0.000000000,-0.000001732,-0.000000739,1.000000000,0.000000000,-10.997649984,-4.704495155,37.223382804,1.000000000
ENTITYNAME=Wire_Device
