OBJECTMODELPOINTER=33777c94-e4b9-4947-906f-f84480f3cb99.dev
BASEFAMILY=45815b7a-e0c0-48ff-9010-6170d321d059.fam
BLHA=28.76146332,113.46687719,133.774448,236.227775
TRANSFORMMATRIX=-0.000015204,-0.999999998,0.000062940,0.000000000,1.000000000,-0.000015204,0.000000436,0.000000000,-0.000000435,0.000062939,0.999999998,0.000000000,-1.818323415,400.322350903,38.501687904,1.000000000
ENTITYNAME=Wire_Device
