OBJECTMODELPOINTER=33777c94-e4b9-4947-906f-f84480f3cb99.dev
BASEFAMILY=458c7d1f-6f58-4b14-8f05-e6f67736316c.fam
BLHA=28.36995278,113.36656265,67.148041,253.042546
TRANSFORMMATRIX=-0.548515877,-0.836140139,0.000040668,0.000000000,0.836140139,-0.548515877,0.000000252,0.000000000,0.000022095,0.000034142,0.999999999,0.000000000,141.293572414,217.099473203,26.470640634,1.000000000
ENTITYNAME=Wire_Device
