OBJECTMODELPOINTER=33777c94-e4b9-4947-906f-f84480f3cb99.dev
BASEFAMILY=459eda85-6e7d-4b41-b357-5e1a4518b0fc.fam
BLHA=28.52807252,113.49714509,416.575795,210.734491
TRANSFORMMATRIX=0.003505188,-0.999993857,0.000015570,0.000000000,0.999993857,0.003505188,0.000001968,0.000000000,-0.000002023,0.000015564,1.000000000,0.000000000,-12.634205471,99.181624897,17.443017258,1.000000000
ENTITYNAME=Wire_Device
