OBJECTMODELPOINTER=33777c94-e4b9-4947-906f-f84480f3cb99.dev
BASEFAMILY=45a16ac8-dcc1-4ec0-b2ff-0a379f712ad1.fam
BLHA=28.32292443,113.37625760,67.775568,311.415680
TRANSFORMMATRIX=0.002498752,-0.999996876,0.000068767,0.000000000,0.999996878,0.002498752,0.000001332,0.000000000,-0.000001504,0.000068765,0.999999998,0.000000000,-10.708546449,437.663959737,17.239746349,1.000000000
ENTITYNAME=Wire_Device
