OBJECTMODELPOINTER=33777c94-e4b9-4947-906f-f84480f3cb99.dev
BASEFAMILY=45bd7efa-ab0b-4b89-8494-dcca89f3f623.fam
BLHA=28.39632770,113.36872548,122.542167,249.667673
TRANSFORMMATRIX=-0.000001448,-1.000000000,0.000005111,0.000000000,1.000000000,-0.000001448,0.000000039,0.000000000,-0.000000039,0.000005112,1.000000000,0.000000000,-0.196345401,32.475821151,54.523464660,1.000000000
ENTITYNAME=Wire_Device
