OBJECTMODELPOINTER=33777c94-e4b9-4947-906f-f84480f3cb99.dev
BASEFAMILY=45c8d5f4-48bd-455b-afbe-11307e452750.fam
BLHA=28.66021577,113.46120276,152.793290,277.610658
TRANSFORMMATRIX=0.005253691,-0.999986199,0.000005232,0.000000000,0.999986199,0.005253691,-0.000002067,0.000000000,0.000002040,0.000005243,1.000000000,0.000000000,12.995879533,33.288473551,55.270716703,1.000000000
ENTITYNAME=Wire_Device
