OBJECTMODELPOINTER=33777c94-e4b9-4947-906f-f84480f3cb99.dev
BASEFAMILY=45c8678d-12e4-4621-b661-76ceefb29a63.fam
BLHA=28.49379582,113.42815973,297.068153,224.957371
TRANSFORMMATRIX=-0.002733536,-0.999996263,0.000036952,0.000000000,0.999996264,-0.002733536,0.000002365,0.000000000,-0.000002264,0.000036958,0.999999999,0.000000000,-13.802410850,235.266934298,5.240795747,1.000000000
ENTITYNAME=Wire_Device
