OBJECTMODELPOINTER=33777c94-e4b9-4947-906f-f84480f3cb99.dev
BASEFAMILY=45e51d1c-d2ab-4089-8176-5f09dd74275d.fam
BLHA=28.30572385,113.43813150,65.831158,307.005893
TRANSFORMMATRIX=-0.006194817,-0.999980812,0.000012969,0.000000000,0.999980812,-0.006194817,-0.000001104,0.000000000,0.000001184,0.000012961,1.000000000,0.000000000,7.336440166,82.443277172,30.569937406,1.000000000
ENTITYNAME=Wire_Device
