OBJECTMODELPOINTER=33777c94-e4b9-4947-906f-f84480f3cb99.dev
BASEFAMILY=45fe1730-b0a6-40d1-872c-6a7de3cf9c07.fam
BLHA=28.67734470,113.45869625,172.236825,275.673275
TRANSFORMMATRIX=-0.003798089,-0.999992787,0.000025367,0.000000000,0.999992787,-0.003798089,-0.000001757,0.000000000,0.000001854,0.000025359,1.000000000,0.000000000,11.748289124,161.046709039,39.920124825,1.000000000
ENTITYNAME=Wire_Device
