OBJECTMODELPOINTER=2657cd86-91bc-46c7-adfe-b5f265475b09.dev
BASEFAMILY=46126c37-c3d5-4fcf-805b-604e27ec70b8.fam
TRANSFORMMATRIX=-0.266615210,-0.314723568,0.910970035,0.000000000,0.795439727,0.461867842,0.392368115,0.000000000,-0.544235069,0.829233311,0.127201830,0.000000000,1.469277109,-1.469277108,37.000000001,1.000000000
ENTITYNAME=Tower_Device
