OBJECTMODELPOINTER=33777c94-e4b9-4947-906f-f84480f3cb99.dev
BASEFAMILY=462efd28-97b0-4131-9e63-1ad7abcc0c2c.fam
BLHA=28.31498130,113.40038482,72.539572,2.946268
TRANSFORMMATRIX=-0.038842280,-0.999245354,0.000006122,0.000000000,0.999245354,-0.038842280,0.000001215,0.000000000,-0.000000976,0.000006165,1.000000000,0.000000000,-6.186584883,39.348444373,55.989950405,1.000000000
ENTITYNAME=Wire_Device
