OBJECTMODELPOINTER=0418a1ab-2157-4540-8460-4b804f6f7b51.dev
BASEFAMILY=4648ae55-4069-4bae-8fc9-e908d10a1267.fam
TRANSFORMMATRIX=-0.000024446,-0.159840881,-0.987142489,0.000000000,-1.000000289,0.000149889,-0.000000715,0.000000000,0.000147289,0.987142576,-0.159842150,0.000000000,-5.500000000,-0.900000000,44.000000001,1.000000000
ENTITYNAME=Tower_Device
