OBJECTMODELPOINTER=33777c94-e4b9-4947-906f-f84480f3cb99.dev
BASEFAMILY=4652d69e-fcd7-4519-99f5-070e64e2a34d.fam
BLHA=28.36788990,113.36378392,64.428624,219.706007
TRANSFORMMATRIX=0.009746988,-0.999952496,0.000035642,0.000000000,0.999952497,0.009746988,-0.000001586,0.000000000,0.000001239,0.000035655,0.999999999,0.000000000,8.462598968,227.126457829,17.683086392,1.000000000
ENTITYNAME=Wire_Device
