ENTITYNAME=WIRE
BASEFAMILY=465cd1a1-9801-47d4-bbd7-1dc4e217dfdb.fam
OBJECTMODELPOINTER=81b82497-164d-48c0-b1cb-18fa700dacdf.dev
KVALUE=0.000000
SPLIT=4
POINT0.BLHA=28.31529425,113.41760444,47.126,0.896163
POINT0.MATRIX0=0.015640353,0.999877682,0.000000000,0.000000000,-0.999877682,0.015640353,0.000000000,0.000000000,0.000000000,-0.000000000,1.000000000,0.000000000,7.349418633,-0.000100733,30.866808171,1.000000000
POINT0.MATRIX1=0.015640353,0.999877682,0.000000000,0.000000000,-0.999877682,0.015640353,0.000000000,0.000000000,0.000000000,-0.000000000,1.000000000,0.000000000,7.534988634,-0.000073423,31.330659862,1.000000000
POINT0.MATRIX2=0.015640353,0.999877682,0.000000000,0.000000000,-0.999877682,0.015640353,0.000000000,0.000000000,0.000000000,-0.000000000,1.000000000,0.000000000,7.072043894,0.000087138,31.517320628,1.000000000
POINT0.MATRIX3=0.015640353,0.999877682,0.000000000,0.000000000,-0.999877682,0.015640353,0.000000000,0.000000000,0.000000000,-0.000000000,1.000000000,0.000000000,6.884521007,0.000090375,31.053468699,1.000000000
POINT1.BLHA=28.31529425,113.41760444,47.126,0.896163
POINT1.MATRIX0=0.015640353,0.999877682,0.000000000,0.000000000,-0.999877682,0.015640353,0.000000000,0.000000000,0.000000000,-0.000000000,1.000000000,0.000000000,7.349418732,0.129904791,30.866808171,1.000000000
POINT1.MATRIX1=0.015640353,0.999877682,0.000000000,0.000000000,-0.999877682,0.015640353,0.000000000,0.000000000,0.000000000,-0.000000000,1.000000000,0.000000000,7.534988732,0.129932102,31.330659861,1.000000000
POINT1.MATRIX2=0.015640353,0.999877682,0.000000000,0.000000000,-0.999877682,0.015640353,0.000000000,0.000000000,0.000000000,-0.000000000,1.000000000,0.000000000,7.072043993,0.130092662,31.517320628,1.000000000
POINT1.MATRIX3=0.015640353,0.999877682,0.000000000,0.000000000,-0.999877682,0.015640353,0.000000000,0.000000000,0.000000000,-0.000000000,1.000000000,0.000000000,6.884521106,0.130095899,31.053468700,1.000000000
