OBJECTMODELPOINTER=33777c94-e4b9-4947-906f-f84480f3cb99.dev
BASEFAMILY=4679a321-7cf2-4a81-8517-7e5c48ba46ab.fam
BLHA=28.76146332,113.46687719,133.774448,236.227775
TRANSFORMMATRIX=0.001926818,-0.999998143,0.000029382,0.000000000,0.999998144,0.001926818,0.000002064,0.000000000,-0.000002121,0.000029377,1.000000000,0.000000000,-13.067887586,186.824424029,25.619007727,1.000000000
ENTITYNAME=Wire_Device
