ENTITYNAME=WIRE
BASEFAMILY=467a0fa4-fc96-4a0d-85fb-dc366c4d55dc.fam
OBJECTMODELPOINTER=31970f28-780e-4bf1-8adb-439f78c329a3.dev
KVALUE=0.000287
SPLIT=1
POINT0.BLHA=28.45588678,113.39517230,249.934,242.026912
POINT0.MATRIX0=-0.883168008,-0.469056788,-0.000000000,0.000000000,0.469056788,-0.883168008,-0.000000000,0.000000000,0.000000000,0.000000000,1.000000000,0.000000000,-9.871127882,-0.000214270,54.557999392,1.000000000
POINT1.BLHA=28.45588678,113.39517230,249.934,242.026912
POINT1.MATRIX0=-0.883168008,-0.469056788,-0.000000000,0.000000000,0.469056788,-0.883168008,-0.000000000,0.000000000,0.000000000,0.000000000,1.000000000,0.000000000,-9.864495842,-0.000131620,54.557999392,1.000000000
