ENTITYNAME=WIRE
BASEFAMILY=467ecb6f-8c82-4939-b2e2-35846a9d0fde.fam
OBJECTMODELPOINTER=31970f28-780e-4bf1-8adb-439f78c329a3.dev
KVALUE=0.000235
SPLIT=1
POINT0.BLHA=28.70103226,113.45527961,136.731,277.425083
POINT0.MATRIX0=-0.991614682,0.129229724,0.000000000,0.000000000,-0.129229724,-0.991614682,0.000000000,0.000000000,0.000000000,-0.000000000,1.000000000,0.000000000,-9.870286244,0.310824598,54.558006913,1.000000000
POINT1.BLHA=28.69702652,113.45589279,149.051,277.425083
POINT1.MATRIX0=-0.991614682,0.129229724,-0.000000000,0.000000000,-0.129229724,-0.991614682,0.000000000,0.000000000,-0.000000000,-0.000000000,1.000000000,0.000000000,-9.870056657,-0.310227060,54.558001673,1.000000000
