OBJECTMODELPOINTER=33777c94-e4b9-4947-906f-f84480f3cb99.dev
BASEFAMILY=468265c3-9b83-449c-a512-ec6011730f6a.fam
BLHA=28.76435807,113.46905293,179.070265,236.227775
TRANSFORMMATRIX=-0.000014074,-0.999999999,0.000045977,0.000000000,1.000000000,-0.000014074,-0.000001548,0.000000000,0.000001548,0.000045976,0.999999999,0.000000000,10.566052959,292.459625782,-4.795889600,1.000000000
ENTITYNAME=Wire_Device
