OBJECTMODELPOINTER=33777c94-e4b9-4947-906f-f84480f3cb99.dev
BASEFAMILY=468c0d9a-abc4-455b-8606-44b6014b72e7.fam
BLHA=28.81479133,113.52057006,101.431429,372.952022
TRANSFORMMATRIX=-0.231470697,0.972841876,0.000028551,0.000000000,-0.972841876,-0.231470698,0.000001248,0.000000000,0.000007822,-0.000027487,1.000000000,0.000000000,49.493654100,-175.353909117,40.613370144,1.000000000
ENTITYNAME=Wire_Device
