OBJECTMODELPOINTER=33777c94-e4b9-4947-906f-f84480f3cb99.dev
BASEFAMILY=4695cb41-41e3-4c40-a7b2-080fab52396f.fam
BLHA=28.26851271,113.48351910,83.112496,355.334735
TRANSFORMMATRIX=0.005394187,-0.999985450,0.000045437,0.000000000,0.999985451,0.005394187,-0.000000915,0.000000000,0.000000670,0.000045442,0.999999999,0.000000000,4.130345201,290.044917983,68.991601672,1.000000000
ENTITYNAME=Wire_Device
