OBJECTMODELPOINTER=33777c94-e4b9-4947-906f-f84480f3cb99.dev
BASEFAMILY=46a00d17-8fe9-46a5-8ef5-bbef14ea89f2.fam
BLHA=28.27160371,113.47264060,64.950919,312.669055
TRANSFORMMATRIX=-0.007178689,-0.999974232,0.000042744,0.000000000,0.999974233,-0.007178689,-0.000001473,0.000000000,0.000001780,0.000042732,0.999999999,0.000000000,10.628830771,271.965476031,40.380988291,1.000000000
ENTITYNAME=Wire_Device
