OBJECTMODELPOINTER=33777c94-e4b9-4947-906f-f84480f3cb99.dev
BASEFAMILY=46a097f3-6f03-4212-a6a8-ef64356fc6df.fam
BLHA=28.46166988,113.39860583,270.672858,242.026912
TRANSFORMMATRIX=-0.000006503,-1.000000000,0.000025735,0.000000000,1.000000000,-0.000006503,0.000000188,0.000000000,-0.000000188,0.000025734,1.000000000,0.000000000,-0.844414828,163.607539296,14.746349993,1.000000000
ENTITYNAME=Wire_Device
