OBJECTMODELPOINTER=33777c94-e4b9-4947-906f-f84480f3cb99.dev
BASEFAMILY=46a4b589-cb29-477d-b60e-0797498297d4.fam
BLHA=28.37974338,113.36324559,104.024514,459.829193
TRANSFORMMATRIX=-0.110209956,0.993908328,0.000037544,0.000000000,-0.993908329,-0.110209956,0.000000348,0.000000000,0.000004484,-0.000037277,0.999999999,0.000000000,28.825398422,-236.766893464,5.219385307,1.000000000
ENTITYNAME=Wire_Device
