OBJECTMODELPOINTER=33777c94-e4b9-4947-906f-f84480f3cb99.dev
BASEFAMILY=46a9f043-23eb-4e86-892d-dbb582415ab6.fam
BLHA=28.52337409,113.48828309,330.016596,210.734491
TRANSFORMMATRIX=0.006838676,-0.999976613,0.000072386,0.000000000,0.999976616,0.006838676,0.000001657,0.000000000,-0.000002152,0.000072373,0.999999997,0.000000000,-12.631646479,461.330483398,30.998815789,1.000000000
ENTITYNAME=Wire_Device
