ENTITYNAME=WIRE
BASEFAMILY=46aa631c-8adf-4bac-9d3d-424cc166fe74.fam
OBJECTMODELPOINTER=81b82497-164d-48c0-b1cb-18fa700dacdf.dev
KVALUE=0.000315
SPLIT=4
POINT0.BLHA=28.81479133,113.52057006,101.431,372.952022
POINT0.MATRIX0=0.224135070,0.974558090,0.000000000,0.000000000,-0.974558090,0.224135070,-0.000000000,0.000000000,-0.000000000,0.000000000,1.000000000,0.000000000,-7.708552827,-10.491165909,29.788470584,1.000000000
POINT0.MATRIX1=0.224135070,0.974558090,0.000000000,0.000000000,-0.974558090,0.224135070,-0.000000000,0.000000000,-0.000000000,0.000000000,1.000000000,0.000000000,-7.529259393,-11.227828330,30.239688236,1.000000000
POINT0.MATRIX2=0.224135070,0.974558090,0.000000000,0.000000000,-0.974558090,0.224135070,-0.000000000,0.000000000,-0.000000000,0.000000000,1.000000000,0.000000000,-7.043358545,-11.110608934,30.239672977,1.000000000
POINT0.MATRIX3=0.224135070,0.974558090,0.000000000,0.000000000,-0.974558090,0.224135070,-0.000000000,0.000000000,-0.000000000,0.000000000,1.000000000,0.000000000,-7.222323656,-10.372518938,29.788470584,1.000000000
POINT1.BLHA=28.81363020,113.51792493,127.560,396.804576
POINT1.MATRIX0=0.599087552,0.800683524,-0.000000000,0.000000000,-0.800683524,0.599087552,0.000000000,0.000000000,0.000000000,0.000000000,1.000000000,0.000000000,-6.749401246,9.321753338,28.252021810,1.000000000
POINT1.MATRIX1=0.599087552,0.800683524,-0.000000000,0.000000000,-0.800683524,0.599087552,0.000000000,0.000000000,0.000000000,0.000000000,1.000000000,0.000000000,-6.601208339,10.135985318,28.560340903,1.000000000
POINT1.MATRIX2=0.599087552,0.800683524,-0.000000000,0.000000000,-0.800683524,0.599087552,0.000000000,0.000000000,0.000000000,0.000000000,1.000000000,0.000000000,-6.110385800,10.048654209,28.560401937,1.000000000
POINT1.MATRIX3=0.599087552,0.800683524,-0.000000000,0.000000000,-0.800683524,0.599087552,0.000000000,0.000000000,0.000000000,0.000000000,1.000000000,0.000000000,-6.257307395,9.232861178,28.251777670,1.000000000
