OBJECTMODELPOINTER=33777c94-e4b9-4947-906f-f84480f3cb99.dev
BASEFAMILY=46abb97e-aa06-4ae1-a4f6-570a588111e5.fam
BLHA=28.31470596,113.39701913,83.588909,4.996372
TRANSFORMMATRIX=-0.001633737,-0.999998665,0.000036276,0.000000000,0.999998665,-0.001633737,-0.000000893,0.000000000,0.000000952,0.000036275,0.999999999,0.000000000,6.151503507,231.537495506,50.823228955,1.000000000
ENTITYNAME=Wire_Device
