OBJECTMODELPOINTER=33777c94-e4b9-4947-906f-f84480f3cb99.dev
BASEFAMILY=46ade769-1297-47f2-b3d3-a96e10790678.fam
BLHA=28.46846127,113.40263855,250.773411,415.920157
TRANSFORMMATRIX=-0.073977240,0.997259930,0.000016818,0.000000000,-0.997259930,-0.073977240,-0.000001063,0.000000000,0.000000184,-0.000016851,1.000000000,0.000000000,0.913574191,-107.172966099,16.944857417,1.000000000
ENTITYNAME=Wire_Device
