OBJECTMODELPOINTER=33777c94-e4b9-4947-906f-f84480f3cb99.dev
BASEFAMILY=46ae84de-568e-4dad-a881-101ee7193654.fam
BLHA=28.41408598,113.37463405,174.728080,254.006183
TRANSFORMMATRIX=-0.000005406,-0.999999999,0.000036022,0.000000000,1.000000000,-0.000005406,0.000002323,0.000000000,-0.000002323,0.000036022,0.999999999,0.000000000,-14.508052482,228.814841184,35.308063648,1.000000000
ENTITYNAME=Wire_Device
