ENTITYNAME=WIRE
BASEFAMILY=46b57dad-0faf-4af8-b8ae-2b6a1f31004d.fam
OBJECTMODELPOINTER=81b82497-164d-48c0-b1cb-18fa700dacdf.dev
KVALUE=0.000367
SPLIT=4
POINT0.BLHA=28.58865070,113.47941927,287.209,287.849619
POINT0.MATRIX0=-0.951864299,0.306519749,0.000000000,0.000000000,-0.306519749,-0.951864299,-0.000000000,0.000000000,0.000000000,0.000000000,1.000000000,0.000000000,0.180482225,0.120086203,43.762688971,1.000000000
POINT0.MATRIX1=-0.951864299,0.306519749,0.000000000,0.000000000,-0.306519749,-0.951864299,-0.000000000,0.000000000,0.000000000,0.000000000,1.000000000,0.000000000,0.217620952,0.119925167,44.211140965,1.000000000
POINT0.MATRIX2=-0.951864299,0.306519749,0.000000000,0.000000000,-0.306519749,-0.951864299,-0.000000000,0.000000000,0.000000000,0.000000000,1.000000000,0.000000000,-0.230800906,0.119667612,44.248410558,1.000000000
POINT0.MATRIX3=-0.951864299,0.306519749,0.000000000,0.000000000,-0.306519749,-0.951864299,-0.000000000,0.000000000,0.000000000,0.000000000,1.000000000,0.000000000,-0.268172023,0.119903483,43.799954747,1.000000000
POINT1.BLHA=28.58307238,113.48148471,281.709,287.849619
POINT1.MATRIX0=-0.951864299,0.306519749,-0.000000000,0.000000000,-0.306519749,-0.951864299,-0.000000000,0.000000000,0.000000000,0.000000000,1.000000000,0.000000000,0.182179981,-0.119794199,53.478136373,1.000000000
POINT1.MATRIX1=-0.951864299,0.306519749,-0.000000000,0.000000000,-0.306519749,-0.951864299,-0.000000000,0.000000000,0.000000000,0.000000000,1.000000000,0.000000000,0.215533542,-0.119762282,53.926904988,1.000000000
POINT1.MATRIX2=-0.951864299,0.306519749,-0.000000000,0.000000000,-0.306519749,-0.951864299,-0.000000000,0.000000000,0.000000000,0.000000000,1.000000000,0.000000000,-0.233353094,-0.119870168,53.960169148,1.000000000
POINT1.MATRIX3=-0.951864299,0.306519749,-0.000000000,0.000000000,-0.306519749,-0.951864299,-0.000000000,0.000000000,0.000000000,0.000000000,1.000000000,0.000000000,-0.266706656,-0.119902086,53.511400533,1.000000000
