OBJECTMODELPOINTER=33777c94-e4b9-4947-906f-f84480f3cb99.dev
BASEFAMILY=46bae5bb-1e02-48bb-98f2-90ed9201e9cc.fam
BLHA=28.79669223,113.49966037,193.055862,221.400685
TRANSFORMMATRIX=-0.000031580,-0.999999996,0.000084117,0.000000000,1.000000000,-0.000031580,0.000002572,0.000000000,-0.000002570,0.000084117,0.999999996,0.000000000,-14.983550927,535.695110745,43.151079651,1.000000000
ENTITYNAME=Wire_Device
