OBJECTMODELPOINTER=2f125885-9e99-421d-87f0-d5b467f64d4b.dev
BASEFAMILY=46c5bfaf-02cf-4491-8a20-842a22db2e6b.fam
TRANSFORMMATRIX=0.000000146,-0.999999590,0.000001139,0.000000000,1.000000410,0.000000006,-0.000001185,0.000000000,0.000000000,0.000000000,1.000000000,0.000000000,13.320000000,0.600000001,57.000000001,1.000000000
ENTITYNAME=Tower_Device
