OBJECTMODELPOINTER=76c1cc4f-ee7f-4c5a-add4-40249817a97c.dev
BASEFAMILY=46cba144-6e6e-4cfd-81cc-a532f751797a.fam
TRANSFORMMATRIX=-0.999999691,-0.000785219,0.000000001,0.000000000,0.000785219,-0.999999692,-0.000000000,0.000000000,-0.000000000,0.000000000,1.000000000,0.000000000,11.319999999,0.000000001,64.000000000,1.000000000
ENTITYNAME=Tower_Device
