OBJECTMODELPOINTER=33777c94-e4b9-4947-906f-f84480f3cb99.dev
BASEFAMILY=46ce1e65-2c1e-40ef-b99b-6076559ded48.fam
BLHA=28.36557656,113.36066804,62.497212,414.735470
TRANSFORMMATRIX=-0.256590797,0.966520130,0.000030433,0.000000000,-0.966520130,-0.256590798,0.000001311,0.000000000,0.000009075,-0.000029078,1.000000000,0.000000000,57.376240398,-184.823396910,23.608325701,1.000000000
ENTITYNAME=Wire_Device
