OBJECTMODELPOINTER=33777c94-e4b9-4947-906f-f84480f3cb99.dev
BASEFAMILY=46e890cc-bf12-44ce-8fcd-169e01514772.fam
BLHA=28.53088729,113.50245510,443.024878,210.734491
TRANSFORMMATRIX=-0.000020414,-0.999999999,0.000038121,0.000000000,1.000000000,-0.000020414,-0.000001620,0.000000000,0.000001622,0.000038120,0.999999999,0.000000000,10.862491586,243.041310680,49.552081499,1.000000000
ENTITYNAME=Wire_Device
