OBJECTMODELPOINTER=33777c94-e4b9-4947-906f-f84480f3cb99.dev
BASEFAMILY=46e9f2bf-af16-4bc7-82ab-6c3ae9431629.fam
BLHA=28.66021577,113.46120276,152.793290,277.610658
TRANSFORMMATRIX=0.005256176,-0.999986186,0.000037391,0.000000000,0.999986186,0.005256176,-0.000001946,0.000000000,0.000001749,0.000037401,0.999999999,0.000000000,11.001578561,237.521269945,55.000164770,1.000000000
ENTITYNAME=Wire_Device
