ENTITYNAME=WIRE
BASEFAMILY=46f27ffc-7841-4a4d-8254-ec9afdc89a3f.fam
OBJECTMODELPOINTER=81b82497-164d-48c0-b1cb-18fa700dacdf.dev
KVALUE=0.000000
SPLIT=4
POINT0.BLHA=28.31502906,113.40300484,68.016,0.896163
POINT0.MATRIX0=0.015640353,0.999877682,-0.000000000,0.000000000,-0.999877682,0.015640353,-0.000000000,0.000000000,-0.000000000,-0.000000000,1.000000000,0.000000000,6.601478580,-0.130095756,64.366812876,1.000000000
POINT0.MATRIX1=0.015640353,0.999877682,-0.000000000,0.000000000,-0.999877682,0.015640353,-0.000000000,0.000000000,-0.000000000,-0.000000000,1.000000000,0.000000000,6.787048581,-0.130068446,64.830664804,1.000000000
POINT0.MATRIX2=0.015640353,0.999877682,-0.000000000,0.000000000,-0.999877682,0.015640353,-0.000000000,0.000000000,-0.000000000,-0.000000000,1.000000000,0.000000000,6.324103841,-0.129907885,65.017325571,1.000000000
POINT0.MATRIX3=0.015640353,0.999877682,-0.000000000,0.000000000,-0.999877682,0.015640353,-0.000000000,0.000000000,-0.000000000,-0.000000000,1.000000000,0.000000000,6.136580954,-0.129904647,64.553473642,1.000000000
POINT1.BLHA=28.31502906,113.40300484,68.016,0.896163
POINT1.MATRIX0=0.015640353,0.999877682,-0.000000000,0.000000000,-0.999877682,0.015640353,-0.000000000,0.000000000,-0.000000000,-0.000000000,1.000000000,0.000000000,6.601478679,-0.000090231,64.366812876,1.000000000
POINT1.MATRIX1=0.015640353,0.999877682,-0.000000000,0.000000000,-0.999877682,0.015640353,-0.000000000,0.000000000,-0.000000000,-0.000000000,1.000000000,0.000000000,6.787048680,-0.000062921,64.830664804,1.000000000
POINT1.MATRIX2=0.015640353,0.999877682,-0.000000000,0.000000000,-0.999877682,0.015640353,-0.000000000,0.000000000,-0.000000000,-0.000000000,1.000000000,0.000000000,6.324103940,0.000097640,65.017325571,1.000000000
POINT1.MATRIX3=0.015640353,0.999877682,-0.000000000,0.000000000,-0.999877682,0.015640353,-0.000000000,0.000000000,-0.000000000,-0.000000000,1.000000000,0.000000000,6.136581053,0.000100877,64.553473642,1.000000000
