OBJECTMODELPOINTER=1937cf99-6042-4116-915b-c41afc01df54.dev
BASEFAMILY=46f87b3a-be30-46e2-9358-9729b243e87f.fam
TRANSFORMMATRIX=-0.019020064,0.106943776,-0.994082789,0.000000000,-0.984550076,-0.175105177,-0.000000134,0.000000000,-0.174067906,0.978724354,0.108623216,0.000000000,-8.000000000,-0.951000000,30.000000001,1.000000000
ENTITYNAME=Tower_Device
