OBJECTMODELPOINTER=33777c94-e4b9-4947-906f-f84480f3cb99.dev
BASEFAMILY=470a2591-8787-4426-b3ae-9509dc09ae83.fam
BLHA=28.62772353,113.46582002,199.212660,273.436520
TRANSFORMMATRIX=0.000002402,-0.999999998,0.000061264,0.000000000,1.000000000,0.000002402,0.000000253,0.000000000,-0.000000254,0.000061264,0.999999998,0.000000000,-1.737855823,389.053028910,20.089007108,1.000000000
ENTITYNAME=Wire_Device
