ENTITYNAME=WIRE
BASEFAMILY=47169411-7f6a-4b2b-810a-6b4cec674d84.fam
OBJECTMODELPOINTER=81b82497-164d-48c0-b1cb-18fa700dacdf.dev
KVALUE=0.000000
SPLIT=4
POINT0.BLHA=28.26907527,113.47529619,67.191,514.001895
POINT0.MATRIX0=0.438341419,-0.898808545,-0.000000000,0.000000000,0.898808545,0.438341419,0.000000000,0.000000000,-0.000000000,0.000000000,1.000000000,0.000000000,-11.724765269,0.000994340,55.090002323,1.000000000
POINT0.MATRIX1=0.438341419,-0.898808545,-0.000000000,0.000000000,0.898808545,0.438341419,0.000000000,0.000000000,-0.000000000,0.000000000,1.000000000,0.000000000,-11.724765269,0.000994340,55.540002311,1.000000000
POINT0.MATRIX2=0.438341419,-0.898808545,-0.000000000,0.000000000,0.898808545,0.438341419,0.000000000,0.000000000,-0.000000000,0.000000000,1.000000000,0.000000000,-11.274765096,0.000994352,55.540002311,1.000000000
POINT0.MATRIX3=0.438341419,-0.898808545,-0.000000000,0.000000000,0.898808545,0.438341419,0.000000000,0.000000000,-0.000000000,0.000000000,1.000000000,0.000000000,-11.274765096,0.000994352,55.090002323,1.000000000
POINT1.BLHA=28.26907527,113.47529619,67.191,514.001895
POINT1.MATRIX0=0.438341419,-0.898808545,-0.000000000,0.000000000,0.898808545,0.438341419,0.000000000,0.000000000,-0.000000000,0.000000000,1.000000000,0.000000000,-11.724765442,-0.001005810,55.090002322,1.000000000
POINT1.MATRIX1=0.438341419,-0.898808545,-0.000000000,0.000000000,0.898808545,0.438341419,0.000000000,0.000000000,-0.000000000,0.000000000,1.000000000,0.000000000,-11.724765442,-0.001005810,55.540002310,1.000000000
POINT1.MATRIX2=0.438341419,-0.898808545,-0.000000000,0.000000000,0.898808545,0.438341419,0.000000000,0.000000000,-0.000000000,0.000000000,1.000000000,0.000000000,-11.274765268,-0.001005798,55.540002310,1.000000000
POINT1.MATRIX3=0.438341419,-0.898808545,-0.000000000,0.000000000,0.898808545,0.438341419,0.000000000,0.000000000,-0.000000000,0.000000000,1.000000000,0.000000000,-11.274765268,-0.001005798,55.090002323,1.000000000
