OBJECTMODELPOINTER=33777c94-e4b9-4947-906f-f84480f3cb99.dev
BASEFAMILY=473dcad9-472b-4347-a04f-0121babef958.fam
BLHA=28.73433869,113.45386444,142.659000,258.301958
TRANSFORMMATRIX=0.876290035,-0.481783949,0.000000119,0.000000000,0.481783949,0.876290035,0.000001331,0.000000000,-0.000000745,-0.000001109,1.000000000,0.000000000,-4.765039482,-7.046082782,36.052989719,1.000000000
ENTITYNAME=Wire_Device
