OBJECTMODELPOINTER=33777c94-e4b9-4947-906f-f84480f3cb99.dev
BASEFAMILY=47480111-04af-42e4-ba2e-3e07100eb4f5.fam
BLHA=28.53408910,113.50849608,458.182485,233.242345
TRANSFORMMATRIX=-0.377932102,-0.925833314,0.000020291,0.000000000,0.925833315,-0.377932102,0.000001424,0.000000000,0.000006350,0.000019324,1.000000000,0.000000000,40.767984724,123.046298496,2.197479562,1.000000000
ENTITYNAME=Wire_Device
