OBJECTMODELPOINTER=33777c94-e4b9-4947-906f-f84480f3cb99.dev
BASEFAMILY=4754040a-e327-41ef-8760-3585c8a72a41.fam
BLHA=28.50595381,113.45544189,275.037773,205.493080
TRANSFORMMATRIX=0.242232616,-0.970218202,-0.000000430,0.000000000,0.970218202,0.242232616,0.000001445,0.000000000,-0.000001298,-0.000000767,1.000000000,0.000000000,-8.262028185,-4.907760520,25.432792043,1.000000000
ENTITYNAME=Wire_Device
