OBJECTMODELPOINTER=33777c94-e4b9-4947-906f-f84480f3cb99.dev
BASEFAMILY=4774e762-2d10-4542-a96d-2c5be0c770d5.fam
BLHA=28.54296028,113.51100370,560.594660,255.750198
TRANSFORMMATRIX=-0.000002087,-1.000000000,0.000029185,0.000000000,1.000000000,-0.000002087,-0.000001840,0.000000000,0.000001840,0.000029186,1.000000000,0.000000000,11.974394838,185.411158809,-10.315829969,1.000000000
ENTITYNAME=Wire_Device
