OBJECTMODELPOINTER=33777c94-e4b9-4947-906f-f84480f3cb99.dev
BASEFAMILY=47760eca-8f31-47a7-9124-5b0f28517d24.fam
BLHA=28.75811652,113.46436186,140.284510,236.227775
TRANSFORMMATRIX=-0.000016875,-0.999999998,0.000053390,0.000000000,1.000000000,-0.000016875,0.000000372,0.000000000,-0.000000370,0.000053390,0.999999999,0.000000000,-1.553321564,339.581627699,4.873229825,1.000000000
ENTITYNAME=Wire_Device
