OBJECTMODELPOINTER=7334f6a2-5fba-4982-9196-56bb54d5d1ba.dev
BASEFAMILY=4790fcb2-1bdd-4a2a-8c62-a20524c6a44c.fam
TRANSFORMMATRIX=-0.060985483,0.142971489,-0.987846164,0.000000000,-0.919813849,-0.392354893,0.000000687,0.000000000,-0.387587496,0.908634147,0.155434614,0.000000000,7.000000000,-0.928999999,30.000000000,1.000000000
ENTITYNAME=Tower_Device
