OBJECTMODELPOINTER=6f8a0549-52dc-45af-9002-9bc99a5f5687.dev
BASEFAMILY=4792fc8e-7f1c-405a-8c6b-fe0da6fca4d2.fam
TRANSFORMMATRIX=0.000000000,-1.000000000,0.000000000,0.000000000,1.000000000,-0.000000000,0.000000000,0.000000000,0.000000000,-0.000000000,1.000000000,0.000000000,-6.533956495,6.533808022,-0.000001395,1.000000000
ENTITYNAME=Tower_Device
