OBJECTMODELPOINTER=33777c94-e4b9-4947-906f-f84480f3cb99.dev
BASEFAMILY=47950012-af2e-4fcc-af7b-ae92efe3d354.fam
BLHA=28.27160371,113.47264060,64.950919,312.669055
TRANSFORMMATRIX=-0.002541966,-0.999996769,0.000005827,0.000000000,0.999996769,-0.002541966,0.000001142,0.000000000,-0.000001128,0.000005831,1.000000000,0.000000000,-7.277079122,37.129014277,65.716564809,1.000000000
ENTITYNAME=Wire_Device
