OBJECTMODELPOINTER=146d895a-fdff-4646-a5ce-e15abbf3f3eb.dev
BASEFAMILY=4796d6ea-fbd3-4cbb-9959-82e09280a2d2.fam
TRANSFORMMATRIX=-1.000000000,-0.000000000,0.000000000,0.000000000,0.000000000,-1.000000000,0.000000000,0.000000000,-0.000000000,0.000000000,1.000000000,0.000000000,5.809944030,5.809899826,0.000000301,1.000000000
ENTITYNAME=Tower_Device
