OBJECTMODELPOINTER=0e312739-8609-4a3d-966c-75d05d59356d.dev
BASEFAMILY=47bd6d90-acfc-470e-9c89-7f6e1671aac8.fam
TRANSFORMMATRIX=1.000000000,0.000000000,0.000000000,0.000000000,0.000000000,1.000000000,0.000000000,0.000000000,-0.000000000,0.000000000,1.000000000,0.000000000,-5.397401338,-5.396526435,0.000002338,1.000000000
ENTITYNAME=Tower_Device
