OBJECTMODELPOINTER=33777c94-e4b9-4947-906f-f84480f3cb99.dev
BASEFAMILY=47cc9288-5b05-430d-bafe-28b1030c0b11.fam
BLHA=28.39913011,113.36988101,173.073049,251.836928
TRANSFORMMATRIX=0.705220875,-0.708987670,0.000000260,0.000000000,0.708987670,0.705220875,-0.000001276,0.000000000,0.000000721,0.000001085,1.000000000,0.000000000,4.611236924,6.893067689,35.386682987,1.000000000
ENTITYNAME=Wire_Device
