OBJECTMODELPOINTER=33777c94-e4b9-4947-906f-f84480f3cb99.dev
BASEFAMILY=47da3e64-d808-46a0-9b11-5dd60b6eda7e.fam
BLHA=28.63009153,113.46564681,168.255878,273.436520
TRANSFORMMATRIX=0.007912595,-0.999968694,0.000035598,0.000000000,0.999968695,0.007912595,-0.000002040,0.000000000,0.000001758,0.000035613,0.999999999,0.000000000,11.150480511,226.153083172,59.452102437,1.000000000
ENTITYNAME=Wire_Device
