OBJECTMODELPOINTER=33777c94-e4b9-4947-906f-f84480f3cb99.dev
BASEFAMILY=47e5f523-1710-40e5-9d0a-c67a86353b73.fam
BLHA=28.71274605,113.45447194,199.234978,264.887951
TRANSFORMMATRIX=-0.010322064,-0.999946724,0.000060768,0.000000000,0.999946726,-0.010322064,0.000002167,0.000000000,-0.000001539,0.000060787,0.999999998,0.000000000,-9.652370976,386.028726451,-3.460273760,1.000000000
ENTITYNAME=Wire_Device
