OBJECTMODELPOINTER=33777c94-e4b9-4947-906f-f84480f3cb99.dev
BASEFAMILY=47e8202c-9cda-4f81-b856-f77489dc420c.fam
BLHA=28.49037109,113.42431436,249.696550,224.957371
TRANSFORMMATRIX=-0.000019329,-0.999999998,0.000053104,0.000000000,1.000000000,-0.000019328,0.000002258,0.000000000,-0.000002257,0.000053104,0.999999999,0.000000000,-13.490383067,338.061153507,8.580940954,1.000000000
ENTITYNAME=Wire_Device
