OBJECTMODELPOINTER=33777c94-e4b9-4947-906f-f84480f3cb99.dev
BASEFAMILY=47f83a11-a1e4-4e5a-87a1-2dfdd660a37a.fam
BLHA=28.53408910,113.50849608,458.182485,233.242345
TRANSFORMMATRIX=-0.381811612,-0.924240166,0.000091121,0.000000000,0.924240170,-0.381811614,0.000000465,0.000000000,0.000034362,0.000084395,0.999999996,0.000000000,220.277913779,537.491053473,6.076174832,1.000000000
ENTITYNAME=Wire_Device
