OBJECTMODELPOINTER=33777c94-e4b9-4947-906f-f84480f3cb99.dev
BASEFAMILY=47fd0616-c3c8-4b1c-afd1-18de59e76cd9.fam
BLHA=28.28912608,113.44509395,57.000023,477.961117
TRANSFORMMATRIX=-0.174354620,0.984682927,0.000007059,0.000000000,-0.984682927,-0.174354620,0.000001706,0.000000000,0.000002911,-0.000006652,1.000000000,0.000000000,18.650904188,-42.335344218,39.748979782,1.000000000
ENTITYNAME=Wire_Device
