OBJECTMODELPOINTER=33777c94-e4b9-4947-906f-f84480f3cb99.dev
BASEFAMILY=47fedcfc-3dc2-46bd-bc0e-04623792926f.fam
BLHA=28.31502906,113.40300484,68.016258,0.896163
TRANSFORMMATRIX=0.001288066,-0.999999169,0.000045567,0.000000000,0.999999170,0.001288067,0.000001289,0.000000000,-0.000001348,0.000045565,0.999999999,0.000000000,-8.531496769,290.847913279,67.475154472,1.000000000
ENTITYNAME=Wire_Device
