OBJECTMODELPOINTER=33777c94-e4b9-4947-906f-f84480f3cb99.dev
BASEFAMILY=480a9f6c-d0d5-4cab-b0d5-f1fc28081b63.fam
BLHA=28.31515909,113.41015274,70.673124,0.896163
TRANSFORMMATRIX=0.000017408,-0.999999999,0.000036295,0.000000000,1.000000000,0.000017408,-0.000001270,0.000000000,0.000001269,0.000036295,0.999999999,0.000000000,8.078141050,231.674534680,19.190163069,1.000000000
ENTITYNAME=Wire_Device
