OBJECTMODELPOINTER=33777c94-e4b9-4947-906f-f84480f3cb99.dev
BASEFAMILY=480d928b-19f7-4fca-9cc4-67b78879e5db.fam
BLHA=28.50469488,113.45163258,174.515783,200.251669
TRANSFORMMATRIX=0.002739234,-0.999996248,0.000005637,0.000000000,0.999996248,0.002739234,-0.000000183,0.000000000,0.000000168,0.000005637,1.000000000,0.000000000,1.126256239,35.963972617,31.885506858,1.000000000
ENTITYNAME=Wire_Device
