OBJECTMODELPOINTER=33777c94-e4b9-4947-906f-f84480f3cb99.dev
BASEFAMILY=480de748-7aca-46b2-acfa-ad3781a68a88.fam
BLHA=28.32529000,113.37096013,66.626202,509.137564
TRANSFORMMATRIX=-0.000032373,0.999999999,-0.000000059,0.000000000,-0.999999999,-0.000032373,0.000001179,0.000000000,0.000001179,0.000000059,1.000000000,0.000000000,7.497387813,0.359515197,37.422611510,1.000000000
ENTITYNAME=Wire_Device
