OBJECTMODELPOINTER=33777c94-e4b9-4947-906f-f84480f3cb99.dev
BASEFAMILY=481020f7-7023-44e9-b99a-c66da2549a22.fam
BLHA=28.76565082,113.47002463,165.077698,236.227775
TRANSFORMMATRIX=-0.000006123,-1.000000000,0.000022144,0.000000000,1.000000000,-0.000006123,0.000000155,0.000000000,-0.000000155,0.000022144,1.000000000,0.000000000,-0.651745001,140.845526714,41.815066621,1.000000000
ENTITYNAME=Wire_Device
