OBJECTMODELPOINTER=33777c94-e4b9-4947-906f-f84480f3cb99.dev
BASEFAMILY=48200d96-535d-4f27-87ec-43c255a14561.fam
BLHA=28.26851271,113.48351910,83.112496,355.334735
TRANSFORMMATRIX=-0.001003655,-0.999999496,0.000026074,0.000000000,0.999999496,-0.001003654,0.000001236,0.000000000,-0.000001209,0.000026075,1.000000000,0.000000000,-7.750696127,166.438018964,61.676559149,1.000000000
ENTITYNAME=Wire_Device
