OBJECTMODELPOINTER=4a43aca9-22ab-4fec-9a8b-c5b5e65dde9b.dev
BASEFAMILY=4827f86f-1eba-4867-a830-ef992ef03ece.fam
TRANSFORMMATRIX=-0.000000199,1.000000050,-0.000001642,0.000000000,-0.999999950,0.000000632,-0.000000008,0.000000000,-0.000000000,-0.000000000,1.000000000,0.000000000,-0.000000000,-0.000000000,39.000000000,1.000000000
ENTITYNAME=Tower_Device
