OBJECTMODELPOINTER=33777c94-e4b9-4947-906f-f84480f3cb99.dev
BASEFAMILY=4828edf6-e159-4999-942d-97e11a23f7ec.fam
BLHA=28.45391595,113.39400228,204.515406,242.026912
TRANSFORMMATRIX=-0.008117480,-0.999967051,0.000054973,0.000000000,0.999967053,-0.008117480,-0.000000779,0.000000000,0.000001225,0.000054966,0.999999998,0.000000000,8.562559522,349.452775804,31.886651982,1.000000000
ENTITYNAME=Wire_Device
