ENTITYNAME=WIRE
BASEFAMILY=4832c20c-14c5-44a2-9955-1c60bf679f34.fam
OBJECTMODELPOINTER=31970f28-780e-4bf1-8adb-439f78c329a3.dev
KVALUE=0.000244
SPLIT=1
POINT0.BLHA=28.79959310,113.50336431,218.110,224.374488
POINT0.MATRIX0=-0.699345139,-0.714784147,-0.000000000,0.000000000,0.714784147,-0.699345139,0.000000000,0.000000000,-0.000000000,0.000000000,1.000000000,0.000000000,-5.472798930,1.558530998,37.910563600,1.000000000
POINT1.BLHA=28.79669223,113.49966037,193.056,221.400685
POINT1.MATRIX0=-0.661320829,-0.750103167,-0.000000000,0.000000000,0.750103167,-0.661320829,-0.000000000,0.000000000,-0.000000000,0.000000000,1.000000000,0.000000000,-10.611977086,-0.310048649,54.558006642,1.000000000
