OBJECTMODELPOINTER=33777c94-e4b9-4947-906f-f84480f3cb99.dev
BASEFAMILY=483bbcfd-a049-42b8-a052-5742b2c5cce3.fam
BLHA=28.65774704,113.46158959,182.997853,277.610658
TRANSFORMMATRIX=0.000003873,-0.999999999,0.000047707,0.000000000,1.000000000,0.000003873,0.000000181,0.000000000,-0.000000182,0.000047707,0.999999999,0.000000000,-1.365395076,302.981287077,7.288365623,1.000000000
ENTITYNAME=Wire_Device
