OBJECTMODELPOINTER=33777c94-e4b9-4947-906f-f84480f3cb99.dev
BASEFAMILY=48452ab0-bf35-4f57-a00e-3e0dfc726ef0.fam
BLHA=28.46688419,113.40170203,216.340862,242.026912
TRANSFORMMATRIX=0.001857327,-0.999998273,0.000063623,0.000000000,0.999998275,0.001857327,-0.000001735,0.000000000,0.000001617,0.000063626,0.999999998,0.000000000,11.180242590,404.523312969,32.311542638,1.000000000
ENTITYNAME=Wire_Device
