OBJECTMODELPOINTER=33777c94-e4b9-4947-906f-f84480f3cb99.dev
BASEFAMILY=484f25cd-ac2d-42b3-9e0b-b6e3cf08e921.fam
BLHA=28.31775016,113.38284517,61.633463,329.270898
TRANSFORMMATRIX=0.001018951,-0.999999481,0.000015787,0.000000000,0.999999481,0.001018951,-0.000001044,0.000000000,0.000001029,0.000015788,1.000000000,0.000000000,6.308888097,100.625887597,63.364491755,1.000000000
ENTITYNAME=Wire_Device
