OBJECTMODELPOINTER=05604f74-346e-4d7b-8a04-d8b32c51c48a.dev
BASEFAMILY=486272cf-cc17-4f29-aa01-ef590efaa004.fam
TRANSFORMMATRIX=0.000000098,0.999999585,0.000001135,0.000000000,-1.000000415,0.000000167,0.000001188,0.000000000,-0.000000000,0.000000000,1.000000000,0.000000000,7.500000000,-3.999999999,42.999999999,1.000000000
ENTITYNAME=Tower_Device
