OBJECTMODELPOINTER=33777c94-e4b9-4947-906f-f84480f3cb99.dev
BASEFAMILY=48702598-f03b-425c-bd6e-0e3616aa57dc.fam
BLHA=28.27757020,113.46637333,93.774105,312.669055
TRANSFORMMATRIX=0.001230788,-0.999999243,0.000005008,0.000000000,0.999999243,0.001230788,-0.000001539,0.000000000,0.000001533,0.000005011,1.000000000,0.000000000,9.680279782,31.864878248,57.651814696,1.000000000
ENTITYNAME=Wire_Device
