OBJECTMODELPOINTER=33777c94-e4b9-4947-906f-f84480f3cb99.dev
BASEFAMILY=487d3141-0e13-4ed4-b013-a90ec53d4b94.fam
BLHA=28.33513056,113.36426418,74.466119,467.201749
TRANSFORMMATRIX=-0.168650997,0.985675830,0.000016755,0.000000000,-0.985675830,-0.168650997,0.000001187,0.000000000,0.000003995,-0.000016315,1.000000000,0.000000000,25.645072043,-103.683666499,18.078443267,1.000000000
ENTITYNAME=Wire_Device
