OBJECTMODELPOINTER=33777c94-e4b9-4947-906f-f84480f3cb99.dev
BASEFAMILY=4884f8fc-4a6c-4a98-a7eb-396083acf07f.fam
BLHA=28.78112316,113.48165670,163.744709,236.227775
TRANSFORMMATRIX=-0.000009871,-0.999999999,0.000034497,0.000000000,1.000000000,-0.000009871,0.000002095,0.000000000,-0.000002095,0.000034497,0.999999999,0.000000000,-12.825500209,219.386622515,58.577910726,1.000000000
ENTITYNAME=Wire_Device
