OBJECTMODELPOINTER=2766b03b-f1e0-4820-96fe-58db64e04b5b.dev
BASEFAMILY=488be7b6-466b-407e-b295-1c57523855e4.fam
TRANSFORMMATRIX=0.008830318,0.044163725,-0.998985099,0.000000000,0.980589023,-0.196075319,0.000000378,0.000000000,-0.195874937,-0.979594063,-0.045038660,0.000000000,-7.500000000,0.900000000,38.000000000,1.000000000
ENTITYNAME=Tower_Device
