ENTITYNAME=WIRE
BASEFAMILY=48905d46-8674-4e51-a929-49829a225fce.fam
OBJECTMODELPOINTER=31970f28-780e-4bf1-8adb-439f78c329a3.dev
KVALUE=0.000287
SPLIT=1
POINT0.BLHA=28.50885387,113.46090739,244.702,210.734491
POINT0.MATRIX0=-0.511060437,-0.859544780,0.000000000,0.000000000,0.859544780,-0.511060437,0.000000000,0.000000000,0.000000000,-0.000000000,1.000000000,0.000000000,9.867789527,-0.000021267,54.557999918,1.000000000
POINT1.BLHA=28.50885387,113.46090739,244.702,210.734491
POINT1.MATRIX0=-0.511060437,-0.859544780,0.000000000,0.000000000,0.859544780,-0.511060437,0.000000000,0.000000000,0.000000000,-0.000000000,1.000000000,0.000000000,9.870151303,0.000015224,54.557999912,1.000000000
