OBJECTMODELPOINTER=33777c94-e4b9-4947-906f-f84480f3cb99.dev
BASEFAMILY=489e0eb7-326f-49bb-b565-37147ca25245.fam
BLHA=28.47949059,113.41307678,290.814083,229.813402
TRANSFORMMATRIX=-0.000032652,-0.999999995,0.000094103,0.000000000,1.000000000,-0.000032652,0.000000707,0.000000000,-0.000000704,0.000094103,0.999999995,0.000000000,-2.951040755,598.867745153,101.644909052,1.000000000
ENTITYNAME=Wire_Device
