OBJECTMODELPOINTER=2dab3990-e2dc-4929-be9b-6796d1bf4c48.dev
BASEFAMILY=48a132e6-7c70-4938-8ebb-0accd805e8c9.fam
TRANSFORMMATRIX=-0.999969876,0.007762098,-0.000000009,0.000000000,-0.007762104,-0.999969873,0.000000001,0.000000000,0.000000000,0.000000000,1.000000000,0.000000000,9.870000000,0.000000001,55.000000001,1.000000000
ENTITYNAME=Tower_Device
