OBJECTMODELPOINTER=33777c94-e4b9-4947-906f-f84480f3cb99.dev
BASEFAMILY=48aa0899-5288-4c23-b173-537d4902c2c9.fam
BLHA=28.60573334,113.47075261,228.044876,294.633001
TRANSFORMMATRIX=-0.001827049,-0.999998330,0.000036846,0.000000000,0.999998331,-0.001827049,0.000002086,0.000000000,-0.000002019,0.000036850,0.999999999,0.000000000,-13.336163370,234.244347453,8.140466737,1.000000000
ENTITYNAME=Wire_Device
