OBJECTMODELPOINTER=33777c94-e4b9-4947-906f-f84480f3cb99.dev
BASEFAMILY=48b02580-0587-4529-8973-bc02e6dbfe97.fam
BLHA=28.30070252,113.44082959,73.741833,287.794387
TRANSFORMMATRIX=-0.001845105,-0.999998297,0.000039822,0.000000000,0.999998298,-0.001845105,-0.000001007,0.000000000,0.000001080,0.000039821,0.999999999,0.000000000,6.507453088,252.968419257,38.699420422,1.000000000
ENTITYNAME=Wire_Device
