OBJECTMODELPOINTER=0f3be29f-b61a-44bf-b27d-a9a6c585574b.dev
BASEFAMILY=48b77936-d424-4f8a-87a0-cf631e404f4d.fam
TRANSFORMMATRIX=-0.000000370,1.000000110,-0.000001639,0.000000000,-0.999999890,0.000000437,0.000000111,0.000000000,0.000000000,-0.000000000,1.000000000,0.000000000,0.000000000,0.000000000,42.000000000,1.000000000
ENTITYNAME=Tower_Device
