ENTITYNAME=WIRE
BASEFAMILY=48c49c08-9d4a-4304-a3c3-6d3fc74690a1.fam
OBJECTMODELPOINTER=81b82497-164d-48c0-b1cb-18fa700dacdf.dev
KVALUE=0.000000
SPLIT=4
POINT0.BLHA=28.28240757,113.45687165,86.867,340.232800
POINT0.MATRIX0=-0.338199241,0.941074531,-0.000000000,0.000000000,-0.941074531,-0.338199241,-0.000000000,0.000000000,0.000000000,-0.000000000,1.000000000,0.000000000,-9.335185737,0.000016820,48.416814100,1.000000000
POINT0.MATRIX1=-0.338199241,0.941074531,-0.000000000,0.000000000,-0.941074531,-0.338199241,-0.000000000,0.000000000,0.000000000,-0.000000000,1.000000000,0.000000000,-9.148418607,0.000074361,48.880666000,1.000000000
POINT0.MATRIX2=-0.338199241,0.941074531,-0.000000000,0.000000000,-0.941074531,-0.338199241,-0.000000000,0.000000000,0.000000000,-0.000000000,1.000000000,0.000000000,-9.613188765,-0.000270526,49.067326774,1.000000000
POINT0.MATRIX3=-0.338199241,0.941074531,-0.000000000,0.000000000,-0.941074531,-0.338199241,-0.000000000,0.000000000,0.000000000,-0.000000000,1.000000000,0.000000000,-9.799955896,-0.000328066,48.603474867,1.000000000
POINT1.BLHA=28.28240757,113.45687165,86.867,340.232800
POINT1.MATRIX0=-0.338199241,0.941074531,-0.000000000,0.000000000,-0.941074531,-0.338199241,-0.000000000,0.000000000,0.000000000,-0.000000000,1.000000000,0.000000000,-9.335185360,0.130022568,48.416814100,1.000000000
POINT1.MATRIX1=-0.338199241,0.941074531,-0.000000000,0.000000000,-0.941074531,-0.338199241,-0.000000000,0.000000000,0.000000000,-0.000000000,1.000000000,0.000000000,-9.148418229,0.130080109,48.880666000,1.000000000
POINT1.MATRIX2=-0.338199241,0.941074531,-0.000000000,0.000000000,-0.941074531,-0.338199241,-0.000000000,0.000000000,0.000000000,-0.000000000,1.000000000,0.000000000,-9.613188388,0.129735223,49.067326774,1.000000000
POINT1.MATRIX3=-0.338199241,0.941074531,-0.000000000,0.000000000,-0.941074531,-0.338199241,-0.000000000,0.000000000,0.000000000,-0.000000000,1.000000000,0.000000000,-9.799955518,0.129677682,48.603474868,1.000000000
