OBJECTMODELPOINTER=33777c94-e4b9-4947-906f-f84480f3cb99.dev
BASEFAMILY=48cabea7-3894-4dec-988c-55489047d06e.fam
BLHA=28.65134658,113.46259240,159.100648,277.610658
TRANSFORMMATRIX=0.000001319,-1.000000000,0.000029220,0.000000000,1.000000000,0.000001319,-0.000001749,0.000000000,0.000001748,0.000029220,1.000000000,0.000000000,11.035591882,185.564369875,20.854065364,1.000000000
ENTITYNAME=Wire_Device
