ENTITYNAME=WIRE
BASEFAMILY=48d28346-518f-40b5-be08-3cedf895a22e.fam
OBJECTMODELPOINTER=81b82497-164d-48c0-b1cb-18fa700dacdf.dev
KVALUE=0.000000
SPLIT=4
POINT0.BLHA=28.28240757,113.45687165,86.867,340.232800
POINT0.MATRIX0=-0.338199241,0.941074531,-0.000000000,0.000000000,-0.941074531,-0.338199241,-0.000000000,0.000000000,0.000000000,-0.000000000,1.000000000,0.000000000,-6.587459452,-0.129628434,61.366734576,1.000000000
POINT0.MATRIX1=-0.338199241,0.941074531,-0.000000000,0.000000000,-0.941074531,-0.338199241,-0.000000000,0.000000000,0.000000000,-0.000000000,1.000000000,0.000000000,-6.400692322,-0.129570894,61.830586505,1.000000000
POINT0.MATRIX2=-0.338199241,0.941074531,-0.000000000,0.000000000,-0.941074531,-0.338199241,-0.000000000,0.000000000,0.000000000,-0.000000000,1.000000000,0.000000000,-6.865462481,-0.129915780,62.017247272,1.000000000
POINT0.MATRIX3=-0.338199241,0.941074531,-0.000000000,0.000000000,-0.941074531,-0.338199241,-0.000000000,0.000000000,0.000000000,-0.000000000,1.000000000,0.000000000,-7.052229611,-0.129973320,61.553395344,1.000000000
POINT1.BLHA=28.28240757,113.45687165,86.867,340.232800
POINT1.MATRIX0=-0.338199241,0.941074531,-0.000000000,0.000000000,-0.941074531,-0.338199241,-0.000000000,0.000000000,0.000000000,-0.000000000,1.000000000,0.000000000,-6.587453914,0.000362954,61.366734576,1.000000000
POINT1.MATRIX1=-0.338199241,0.941074531,-0.000000000,0.000000000,-0.941074531,-0.338199241,-0.000000000,0.000000000,0.000000000,-0.000000000,1.000000000,0.000000000,-6.400686784,0.000420495,61.830586505,1.000000000
POINT1.MATRIX2=-0.338199241,0.941074531,-0.000000000,0.000000000,-0.941074531,-0.338199241,-0.000000000,0.000000000,0.000000000,-0.000000000,1.000000000,0.000000000,-6.865456943,0.000075609,62.017247271,1.000000000
POINT1.MATRIX3=-0.338199241,0.941074531,-0.000000000,0.000000000,-0.941074531,-0.338199241,-0.000000000,0.000000000,0.000000000,-0.000000000,1.000000000,0.000000000,-7.052224073,0.000018068,61.553395344,1.000000000
