ENTITYNAME=WIRE
BASEFAMILY=48d7b54b-132b-494c-bd86-9df582842f27.fam
OBJECTMODELPOINTER=81b82497-164d-48c0-b1cb-18fa700dacdf.dev
KVALUE=0.000368
SPLIT=4
POINT0.BLHA=28.79959310,113.50336431,218.110,224.374488
POINT0.MATRIX0=-0.699345139,-0.714784147,-0.000000000,0.000000000,0.714784147,-0.699345139,0.000000000,0.000000000,-0.000000000,0.000000000,1.000000000,0.000000000,8.282508126,9.367282198,22.184945236,1.000000000
POINT0.MATRIX1=-0.699345139,-0.714784147,-0.000000000,0.000000000,0.714784147,-0.699345139,0.000000000,0.000000000,-0.000000000,0.000000000,1.000000000,0.000000000,8.333542245,10.195838940,22.487229478,1.000000000
POINT0.MATRIX2=-0.699345139,-0.714784147,-0.000000000,0.000000000,0.714784147,-0.699345139,0.000000000,0.000000000,-0.000000000,0.000000000,1.000000000,0.000000000,7.833203286,10.229048606,22.486870896,1.000000000
POINT0.MATRIX3=-0.699345139,-0.714784147,-0.000000000,0.000000000,0.714784147,-0.699345139,0.000000000,0.000000000,-0.000000000,0.000000000,1.000000000,0.000000000,7.783595384,9.396363985,22.185547959,1.000000000
POINT1.BLHA=28.79669223,113.49966037,193.056,221.400685
POINT1.MATRIX0=-0.661320829,-0.750103167,-0.000000000,0.000000000,0.750103167,-0.661320829,-0.000000000,0.000000000,-0.000000000,0.000000000,1.000000000,0.000000000,12.956055368,-0.109374584,43.000005125,1.000000000
POINT1.MATRIX1=-0.661320829,-0.750103167,-0.000000000,0.000000000,0.750103167,-0.661320829,-0.000000000,0.000000000,-0.000000000,0.000000000,1.000000000,0.000000000,12.956055368,-0.109374584,43.450002073,1.000000000
POINT1.MATRIX2=-0.661320829,-0.750103167,-0.000000000,0.000000000,0.750103167,-0.661320829,-0.000000000,0.000000000,-0.000000000,0.000000000,1.000000000,0.000000000,12.506446322,-0.111364041,43.450002072,1.000000000
POINT1.MATRIX3=-0.661320829,-0.750103167,-0.000000000,0.000000000,0.750103167,-0.661320829,-0.000000000,0.000000000,-0.000000000,0.000000000,1.000000000,0.000000000,12.506446322,-0.111364041,43.000005124,1.000000000
