OBJECTMODELPOINTER=33777c94-e4b9-4947-906f-f84480f3cb99.dev
BASEFAMILY=48de5090-8e73-436e-aab1-5a26c4d4b54b.fam
BLHA=28.53971514,113.51008635,497.099735,255.750198
TRANSFORMMATRIX=0.010347949,-0.999946455,0.000083335,0.000000000,0.999946459,0.010347949,-0.000001556,0.000000000,0.000000693,0.000083346,0.999999996,0.000000000,5.084528632,529.460745867,-22.038147119,1.000000000
ENTITYNAME=Wire_Device
