ENTITYNAME=WIRE
BASEFAMILY=48de531a-3da8-41dc-9489-cf8b9fa7e2a4.fam
OBJECTMODELPOINTER=31970f28-780e-4bf1-8adb-439f78c329a3.dev
KVALUE=0.000237
SPLIT=1
POINT0.BLHA=28.39632770,113.36872548,122.542,249.667673
POINT0.MATRIX0=-0.937693038,-0.347464771,0.000000000,0.000000000,0.347464771,-0.937693038,0.000000000,0.000000000,-0.000000000,0.000000000,1.000000000,0.000000000,11.319892634,0.629727916,69.558006880,1.000000000
POINT1.BLHA=28.39175425,113.36683981,143.500,249.667673
POINT1.MATRIX0=-0.937693038,-0.347464771,-0.000000000,0.000000000,0.347464771,-0.937693038,-0.000000000,0.000000000,0.000000000,0.000000000,1.000000000,0.000000000,11.319818745,-0.629516500,63.558003428,1.000000000
