OBJECTMODELPOINTER=407e82ae-4f15-4bfb-9d06-67a302396733.dev
BASEFAMILY=48e05fb8-2655-4246-a6a0-11b9812c6baa.fam
TRANSFORMMATRIX=0.000000242,1.000000412,-0.000001277,0.000000000,-0.999999588,0.000000310,0.000001036,0.000000000,-0.000000000,-0.000000000,1.000000000,0.000000000,8.002000000,-0.000000000,51.000000000,1.000000000
ENTITYNAME=Tower_Device
