OBJECTMODELPOINTER=33777c94-e4b9-4947-906f-f84480f3cb99.dev
BASEFAMILY=48ea9f16-852e-459a-b8d3-1eab25ef965b.fam
BLHA=28.52041531,113.48270330,362.655379,210.734491
TRANSFORMMATRIX=0.000000387,-1.000000000,0.000004988,0.000000000,1.000000000,0.000000387,0.000001900,0.000000000,-0.000001900,0.000004988,1.000000000,0.000000000,-12.007020927,31.769552768,41.578209755,1.000000000
ENTITYNAME=Wire_Device
