OBJECTMODELPOINTER=0e312739-8609-4a3d-966c-75d05d59356d.dev
BASEFAMILY=48f48ed9-42e1-4d0b-a14e-315218d7975d.fam
TRANSFORMMATRIX=-1.000000000,-0.000000000,0.000000000,0.000000000,0.000000000,-1.000000000,0.000000000,0.000000000,-0.000000000,0.000000000,1.000000000,0.000000000,5.397605659,5.396383502,-0.000001502,1.000000000
ENTITYNAME=Tower_Device
