OBJECTMODELPOINTER=59daa35f-f6d2-4546-967f-b85c5c41f0a8.dev
BASEFAMILY=48f7a612-00c4-4f06-9255-869575a4cf6b.fam
TRANSFORMMATRIX=-0.320345778,-0.203040254,0.925286068,0.000000000,0.945659125,-0.011063392,0.324969769,0.000000000,-0.055744997,0.979108069,0.195550212,0.000000000,1.384939760,-1.384939759,37.000000000,1.000000000
ENTITYNAME=Tower_Device
