ENTITYNAME=WIRE
BASEFAMILY=49086783-7b4a-48a4-8835-17a23da9f6db.fam
OBJECTMODELPOINTER=81b82497-164d-48c0-b1cb-18fa700dacdf.dev
KVALUE=0.000000
SPLIT=4
POINT0.BLHA=28.56928949,113.49371034,236.536,312.996987
POINT0.MATRIX0=-0.731389569,0.681959895,-0.000000000,0.000000000,-0.681959895,-0.731389569,0.000000000,0.000000000,-0.000000000,-0.000000000,1.000000000,0.000000000,0.224918364,-0.110039862,58.000000179,1.000000000
POINT0.MATRIX1=-0.731389569,0.681959895,-0.000000000,0.000000000,-0.681959895,-0.731389569,0.000000000,0.000000000,-0.000000000,-0.000000000,1.000000000,0.000000000,0.224918364,-0.110039862,58.450000941,1.000000000
POINT0.MATRIX2=-0.731389569,0.681959895,-0.000000000,0.000000000,-0.681959895,-0.731389569,0.000000000,0.000000000,-0.000000000,-0.000000000,1.000000000,0.000000000,-0.224899695,-0.109879549,58.450000940,1.000000000
POINT0.MATRIX3=-0.731389569,0.681959895,-0.000000000,0.000000000,-0.681959895,-0.731389569,0.000000000,0.000000000,-0.000000000,-0.000000000,1.000000000,0.000000000,-0.224899695,-0.109879549,58.000000178,1.000000000
POINT1.BLHA=28.56928949,113.49371034,236.536,312.996987
POINT1.MATRIX0=-0.731389569,0.681959895,-0.000000000,0.000000000,-0.681959895,-0.731389569,0.000000000,0.000000000,-0.000000000,-0.000000000,1.000000000,0.000000000,0.224925435,-0.000037237,58.000000178,1.000000000
POINT1.MATRIX1=-0.731389569,0.681959895,-0.000000000,0.000000000,-0.681959895,-0.731389569,0.000000000,0.000000000,-0.000000000,-0.000000000,1.000000000,0.000000000,0.224925434,-0.000037237,58.450000940,1.000000000
POINT1.MATRIX2=-0.731389569,0.681959895,-0.000000000,0.000000000,-0.681959895,-0.731389569,0.000000000,0.000000000,-0.000000000,-0.000000000,1.000000000,0.000000000,-0.224892624,0.000123076,58.450000941,1.000000000
POINT1.MATRIX3=-0.731389569,0.681959895,-0.000000000,0.000000000,-0.681959895,-0.731389569,0.000000000,0.000000000,-0.000000000,-0.000000000,1.000000000,0.000000000,-0.224892623,0.000123076,58.000000179,1.000000000
