OBJECTMODELPOINTER=33777c94-e4b9-4947-906f-f84480f3cb99.dev
BASEFAMILY=49106e0c-506e-4b44-9286-de8b36261179.fam
BLHA=28.26885822,113.47846971,85.176990,355.334735
TRANSFORMMATRIX=0.000035334,-0.999999997,0.000062263,0.000000000,0.999999999,0.000035335,0.000001524,0.000000000,-0.000001526,0.000062263,0.999999998,0.000000000,-9.857132012,397.416881432,31.605638375,1.000000000
ENTITYNAME=Wire_Device
