ENTITYNAME=WIRE
BASEFAMILY=4915f0d9-09eb-4d36-a328-e1560b38d4ff.fam
OBJECTMODELPOINTER=81b82497-164d-48c0-b1cb-18fa700dacdf.dev
KVALUE=0.089475
SPLIT=4
POINT0.BLHA=28.42958283,113.37956045,205.552,428.016547
POINT0.MATRIX0=0.927292005,0.374338801,0.000000000,0.000000000,-0.374338801,0.927292005,0.000000000,0.000000000,-0.000000000,0.000000000,1.000000000,0.000000000,-9.725058073,0.000397100,22.789994220,1.000000000
POINT0.MATRIX1=0.927292005,0.374338801,0.000000000,0.000000000,-0.374338801,0.927292005,0.000000000,0.000000000,-0.000000000,0.000000000,1.000000000,0.000000000,-9.725058073,0.000397100,23.239994208,1.000000000
POINT0.MATRIX2=0.927292005,0.374338801,0.000000000,0.000000000,-0.374338801,0.927292005,0.000000000,0.000000000,-0.000000000,0.000000000,1.000000000,0.000000000,-9.275058022,0.000396819,23.239994209,1.000000000
POINT0.MATRIX3=0.927292005,0.374338801,0.000000000,0.000000000,-0.374338801,0.927292005,0.000000000,0.000000000,-0.000000000,0.000000000,1.000000000,0.000000000,-9.275058022,0.000396819,22.789994220,1.000000000
POINT1.BLHA=28.42958283,113.37956045,205.552,428.016547
POINT1.MATRIX0=0.927292005,0.374338801,0.000000000,0.000000000,-0.374338801,0.927292005,0.000000000,0.000000000,-0.000000000,0.000000000,1.000000000,0.000000000,-7.282343639,-8.977800159,25.671942870,1.000000000
POINT1.MATRIX1=0.927292005,0.374338801,0.000000000,0.000000000,-0.374338801,0.927292005,0.000000000,0.000000000,-0.000000000,0.000000000,1.000000000,0.000000000,-7.244569587,-9.775246943,26.099470536,1.000000000
POINT1.MATRIX2=0.927292005,0.374338801,0.000000000,0.000000000,-0.374338801,0.927292005,0.000000000,0.000000000,-0.000000000,0.000000000,1.000000000,0.000000000,-6.746654950,-9.729054286,26.099470535,1.000000000
POINT1.MATRIX3=0.927292005,0.374338801,0.000000000,0.000000000,-0.374338801,0.927292005,0.000000000,0.000000000,-0.000000000,0.000000000,1.000000000,0.000000000,-6.784063492,-8.932513084,25.672064940,1.000000000
