OBJECTMODELPOINTER=33777c94-e4b9-4947-906f-f84480f3cb99.dev
BASEFAMILY=491ba411-31fc-42f6-a088-01f032a77502.fam
BLHA=28.28033977,113.46346380,83.899072,326.450928
TRANSFORMMATRIX=0.386086308,-0.922462662,-0.000000168,0.000000000,0.922462662,0.386086308,0.000001524,0.000000000,-0.000001342,-0.000000743,1.000000000,0.000000000,-8.519813325,-4.718686048,54.857963505,1.000000000
ENTITYNAME=Wire_Device
