OBJECTMODELPOINTER=33777c94-e4b9-4947-906f-f84480f3cb99.dev
BASEFAMILY=49235784-c125-4cea-9e15-e71ece7293a8.fam
BLHA=28.36075913,113.35996262,84.531423,278.143009
TRANSFORMMATRIX=0.000003815,-1.000000000,0.000016105,0.000000000,1.000000000,0.000003815,0.000000077,0.000000000,-0.000000077,0.000016105,1.000000000,0.000000000,-0.567619826,102.274894886,31.225501055,1.000000000
ENTITYNAME=Wire_Device
