OBJECTMODELPOINTER=17d60b75-2bc2-4592-aa5a-aae468bb301d.dev
BASEFAMILY=492fc687-2c37-4fc1-b8ac-056eec2fbc21.fam
TRANSFORMMATRIX=0.000000386,-0.999999730,0.000000668,0.000000000,1.000000270,-0.000000243,-0.000001502,0.000000000,-0.000000000,0.000000000,1.000000000,0.000000000,-11.870000000,0.600000001,48.000000001,1.000000000
ENTITYNAME=Tower_Device
