OBJECTMODELPOINTER=33777c94-e4b9-4947-906f-f84480f3cb99.dev
BASEFAMILY=49311059-fd58-403e-a384-21bbcf504a85.fam
BLHA=28.26885822,113.47846971,85.176990,355.334735
TRANSFORMMATRIX=0.000000558,-1.000000000,0.000004681,0.000000000,1.000000000,0.000000558,0.000001616,0.000000000,-0.000001616,0.000004682,1.000000000,0.000000000,-10.272797078,29.885435311,58.704148513,1.000000000
ENTITYNAME=Wire_Device
