OBJECTMODELPOINTER=33777c94-e4b9-4947-906f-f84480f3cb99.dev
BASEFAMILY=4937b828-8c97-4b31-879a-8a5f4e90d6d1.fam
BLHA=28.77883021,113.47993260,194.739259,236.227775
TRANSFORMMATRIX=-0.000006405,-1.000000000,0.000027382,0.000000000,1.000000000,-0.000006405,0.000000189,0.000000000,-0.000000189,0.000027382,1.000000000,0.000000000,-0.786383536,174.165212612,30.394576792,1.000000000
ENTITYNAME=Wire_Device
