OBJECTMODELPOINTER=33777c94-e4b9-4947-906f-f84480f3cb99.dev
BASEFAMILY=493af42e-169e-4dce-9a86-a31c2e37f167.fam
BLHA=28.51174980,113.46636581,279.463297,210.734491
TRANSFORMMATRIX=0.007022672,-0.999975341,0.000018832,0.000000000,0.999975341,0.007022673,0.000001306,0.000000000,-0.000001438,0.000018823,1.000000000,0.000000000,-8.870201570,119.963994126,3.789144464,1.000000000
ENTITYNAME=Wire_Device
