OBJECTMODELPOINTER=6230a3bb-532f-40e5-9035-01b33df4e93b.dev
BASEFAMILY=49529f9c-37f3-45b1-9edc-b5f96a42d2b3.fam
TRANSFORMMATRIX=-0.004431406,0.048771949,-0.998800118,0.000000000,-0.995899215,-0.090469540,-0.000000895,0.000000000,-0.090360619,0.994704231,0.048973992,0.000000000,-7.500000000,-0.953000000,30.000000000,1.000000000
ENTITYNAME=Tower_Device
