OBJECTMODELPOINTER=98575c17-97d5-443f-a14a-87eb9c42a1ad.dev
BASEFAMILY=4960ccf1-d40e-4776-aabf-7099084b8d41.fam
TRANSFORMMATRIX=0.000000071,1.000000411,-0.000001299,0.000000000,-0.999999589,0.000000175,0.000001008,0.000000000,-0.000000000,0.000000000,1.000000000,0.000000000,-9.342000000,-0.000000000,56.550000000,1.000000000
ENTITYNAME=Tower_Device
