OBJECTMODELPOINTER=33777c94-e4b9-4947-906f-f84480f3cb99.dev
BASEFAMILY=496d087f-17b6-41c5-b23c-cd0f38e48a05.fam
BLHA=28.31294059,113.42646212,52.368358,335.449580
TRANSFORMMATRIX=0.000009221,-1.000000000,0.000016088,0.000000000,1.000000000,0.000009221,0.000001535,0.000000000,-0.000001536,0.000016088,1.000000000,0.000000000,-9.961037343,102.620040239,38.582237963,1.000000000
ENTITYNAME=Wire_Device
