OBJECTMODELPOINTER=33777c94-e4b9-4947-906f-f84480f3cb99.dev
BASEFAMILY=497928cf-047d-45a0-80a4-816274f00e2d.fam
BLHA=28.47508033,113.40890253,351.780005,229.813402
TRANSFORMMATRIX=-0.000005240,-1.000000000,0.000015215,0.000000000,1.000000000,-0.000005240,-0.000001977,0.000000000,0.000001978,0.000015215,1.000000000,0.000000000,12.844114500,96.863089971,42.200580102,1.000000000
ENTITYNAME=Wire_Device
