OBJECTMODELPOINTER=9b346582-7291-4ccf-8420-e150a6f1252d.dev
BASEFAMILY=49914037-9f8d-4e1c-aa14-d0420a29701e.fam
TRANSFORMMATRIX=0.000000000,-1.000000000,0.000000000,0.000000000,1.000000000,0.000000000,0.000000000,0.000000000,0.000000000,0.000000000,1.000000000,0.000000000,-6.101910492,6.101932510,-0.000000486,1.000000000
ENTITYNAME=Tower_Device
