ENTITYNAME=WIRE
BASEFAMILY=49937cf8-32c1-49d2-9903-dc67915d9b75.fam
OBJECTMODELPOINTER=81b82497-164d-48c0-b1cb-18fa700dacdf.dev
KVALUE=0.000000
SPLIT=4
POINT0.BLHA=28.31402241,113.42375188,48.067,335.449580
POINT0.MATRIX0=-0.415493846,0.909595989,0.000000000,0.000000000,-0.909595989,-0.415493846,0.000000000,0.000000000,0.000000000,-0.000000000,1.000000000,0.000000000,-8.002189709,-0.129397621,43.466966170,1.000000000
POINT0.MATRIX1=-0.415493846,0.909595989,0.000000000,0.000000000,-0.909595989,-0.415493846,0.000000000,0.000000000,0.000000000,-0.000000000,1.000000000,0.000000000,-7.819482897,-0.129815818,43.932069319,1.000000000
POINT0.MATRIX2=-0.415493846,0.909595989,0.000000000,0.000000000,-0.909595989,-0.415493846,0.000000000,0.000000000,0.000000000,-0.000000000,1.000000000,0.000000000,-8.285284172,-0.130145918,44.115602033,1.000000000
POINT0.MATRIX3=-0.415493846,0.909595989,0.000000000,0.000000000,-0.909595989,-0.415493846,0.000000000,0.000000000,0.000000000,-0.000000000,1.000000000,0.000000000,-8.467990982,-0.129727722,43.650498884,1.000000000
POINT1.BLHA=28.31402241,113.42375188,48.067,335.449580
POINT1.MATRIX0=-0.415493846,0.909595989,0.000000000,0.000000000,-0.909595989,-0.415493846,0.000000000,0.000000000,0.000000000,-0.000000000,1.000000000,0.000000000,-8.002191949,0.000593525,43.466966170,1.000000000
POINT1.MATRIX1=-0.415493846,0.909595989,0.000000000,0.000000000,-0.909595989,-0.415493846,0.000000000,0.000000000,0.000000000,-0.000000000,1.000000000,0.000000000,-7.819485138,0.000175329,43.932069319,1.000000000
POINT1.MATRIX2=-0.415493846,0.909595989,0.000000000,0.000000000,-0.909595989,-0.415493846,0.000000000,0.000000000,0.000000000,-0.000000000,1.000000000,0.000000000,-8.285286412,-0.000154771,44.115602034,1.000000000
POINT1.MATRIX3=-0.415493846,0.909595989,0.000000000,0.000000000,-0.909595989,-0.415493846,0.000000000,0.000000000,0.000000000,-0.000000000,1.000000000,0.000000000,-8.467993222,0.000263425,43.650498884,1.000000000
