OBJECTMODELPOINTER=3340d77e-4ec7-4905-8c40-c9729c6c8bf2.dev
BASEFAMILY=49a21be5-6930-4dee-8703-960117960041.fam
TRANSFORMMATRIX=0.004337215,-0.999990251,0.000000861,0.000000000,0.999990940,0.004336749,-0.000001404,0.000000000,0.000000000,0.000000000,1.000000000,0.000000000,-13.320000000,0.600000001,63.000000000,1.000000000
ENTITYNAME=Tower_Device
