OBJECTMODELPOINTER=33777c94-e4b9-4947-906f-f84480f3cb99.dev
BASEFAMILY=49a91d60-12e3-4c44-a137-9691fd3a2c6a.fam
BLHA=28.28492071,113.44885804,59.682173,504.180323
TRANSFORMMATRIX=-0.259661155,0.965699790,0.000000207,0.000000000,-0.965699790,-0.259661155,-0.000001886,0.000000000,-0.000001768,-0.000000689,1.000000000,0.000000000,-11.234687342,-4.368419707,42.387036509,1.000000000
ENTITYNAME=Wire_Device
