OBJECTMODELPOINTER=33777c94-e4b9-4947-906f-f84480f3cb99.dev
BASEFAMILY=49ace2be-ecbf-48f7-a7cb-150c938f43ad.fam
BLHA=28.41763874,113.37576334,172.022371,254.006183
TRANSFORMMATRIX=-0.000002738,-1.000000000,0.000015469,0.000000000,1.000000000,-0.000002738,-0.000001986,0.000000000,0.000001987,0.000015469,1.000000000,0.000000000,12.810428630,98.285876268,42.310444197,1.000000000
ENTITYNAME=Wire_Device
