OBJECTMODELPOINTER=33777c94-e4b9-4947-906f-f84480f3cb99.dev
BASEFAMILY=49b1e5c6-1775-40e7-b2b7-1beabbcd1e5d.fam
BLHA=28.78468964,113.48433856,117.864116,408.814230
TRANSFORMMATRIX=-0.138587688,0.990350167,0.000017746,0.000000000,-0.990350167,-0.138587688,0.000001264,0.000000000,0.000003711,-0.000017400,1.000000000,0.000000000,23.350492253,-110.682056907,28.987611877,1.000000000
ENTITYNAME=Wire_Device
