OBJECTMODELPOINTER=33777c94-e4b9-4947-906f-f84480f3cb99.dev
BASEFAMILY=49b8e363-0996-443e-9b2d-f27e48dd4a00.fam
BLHA=28.31534552,113.42043692,48.733934,348.172871
TRANSFORMMATRIX=-0.225299753,-0.974289494,0.000050421,0.000000000,0.974289496,-0.225299753,0.000001715,0.000000000,0.000009690,0.000049511,0.999999999,0.000000000,61.208432683,315.896063034,38.220501231,1.000000000
ENTITYNAME=Wire_Device
