OBJECTMODELPOINTER=33777c94-e4b9-4947-906f-f84480f3cb99.dev
BASEFAMILY=49bd0e87-a9f6-4025-91e8-db007fa872ce.fam
BLHA=28.31925198,113.37995663,64.126344,500.343289
TRANSFORMMATRIX=-0.158625554,0.987338814,0.000026405,0.000000000,-0.987338814,-0.158625554,-0.000001655,0.000000000,0.000002554,-0.000026333,1.000000000,0.000000000,16.686036690,-167.769739316,44.518010063,1.000000000
ENTITYNAME=Wire_Device
