OBJECTMODELPOINTER=33777c94-e4b9-4947-906f-f84480f3cb99.dev
BASEFAMILY=49c2f8cb-d044-4827-bf78-2417da552461.fam
BLHA=28.30572385,113.43813150,65.831158,307.005893
TRANSFORMMATRIX=-0.003413246,-0.999994175,0.000004355,0.000000000,0.999994175,-0.003413246,-0.000001005,0.000000000,0.000001020,0.000004351,1.000000000,0.000000000,6.428321060,27.668469855,58.716626338,1.000000000
ENTITYNAME=Wire_Device
