OBJECTMODELPOINTER=0e312739-8609-4a3d-966c-75d05d59356d.dev
BASEFAMILY=49c4d330-9b2a-4412-a4a3-8108489af1d6.fam
TRANSFORMMATRIX=-0.000000000,-1.000000000,-0.000000000,0.000000000,1.000000000,-0.000000000,-0.000000000,0.000000000,-0.000000000,-0.000000000,1.000000000,0.000000000,-4.736991614,4.737040199,0.000000086,1.000000000
ENTITYNAME=Tower_Device
