OBJECTMODELPOINTER=33777c94-e4b9-4947-906f-f84480f3cb99.dev
BASEFAMILY=49ccb6dd-1809-4e65-ab45-84c180a2e3c7.fam
BLHA=28.73032666,113.45294372,113.432437,258.301958
TRANSFORMMATRIX=-0.012648554,-0.999920004,0.000016661,0.000000000,0.999920004,-0.012648554,0.000002181,0.000000000,-0.000001971,0.000016687,1.000000000,0.000000000,-12.466788285,105.976679976,39.848922352,1.000000000
ENTITYNAME=Wire_Device
