ENTITYNAME=WIRE
BASEFAMILY=49cea016-35fb-4867-9cff-5bc1f088900c.fam
OBJECTMODELPOINTER=81b82497-164d-48c0-b1cb-18fa700dacdf.dev
KVALUE=0.000000
SPLIT=4
POINT0.BLHA=28.44721846,113.39002654,265.560,242.026912
POINT0.MATRIX0=-0.883168008,-0.469056788,0.000000000,0.000000000,0.469056788,-0.883168008,-0.000000000,0.000000000,-0.000000000,0.000000000,1.000000000,0.000000000,13.545202218,0.598938633,52.741100185,1.000000000
POINT0.MATRIX1=-0.883168008,-0.469056788,0.000000000,0.000000000,0.469056788,-0.883168008,-0.000000000,0.000000000,-0.000000000,0.000000000,1.000000000,0.000000000,13.545202218,0.598938632,53.191100948,1.000000000
POINT0.MATRIX2=-0.883168008,-0.469056788,0.000000000,0.000000000,0.469056788,-0.883168008,-0.000000000,0.000000000,-0.000000000,0.000000000,1.000000000,0.000000000,13.095182110,0.600983134,53.191100947,1.000000000
POINT0.MATRIX3=-0.883168008,-0.469056788,0.000000000,0.000000000,0.469056788,-0.883168008,-0.000000000,0.000000000,-0.000000000,0.000000000,1.000000000,0.000000000,13.095182110,0.600983135,52.741100185,1.000000000
POINT1.BLHA=28.44721846,113.39002654,265.560,242.026912
POINT1.MATRIX0=-0.883168008,-0.469056788,0.000000000,0.000000000,0.469056788,-0.883168008,-0.000000000,0.000000000,-0.000000000,0.000000000,1.000000000,0.000000000,13.545542791,0.718937827,52.741100185,1.000000000
POINT1.MATRIX1=-0.883168008,-0.469056788,0.000000000,0.000000000,0.469056788,-0.883168008,-0.000000000,0.000000000,-0.000000000,0.000000000,1.000000000,0.000000000,13.545542790,0.718937827,53.191100947,1.000000000
POINT1.MATRIX2=-0.883168008,-0.469056788,0.000000000,0.000000000,0.469056788,-0.883168008,-0.000000000,0.000000000,-0.000000000,0.000000000,1.000000000,0.000000000,13.095522682,0.720982328,53.191100946,1.000000000
POINT1.MATRIX3=-0.883168008,-0.469056788,0.000000000,0.000000000,0.469056788,-0.883168008,-0.000000000,0.000000000,-0.000000000,0.000000000,1.000000000,0.000000000,13.095522682,0.720982329,52.741100184,1.000000000
