OBJECTMODELPOINTER=33777c94-e4b9-4947-906f-f84480f3cb99.dev
BASEFAMILY=49d2d8a0-fd4b-4655-bd50-a680e79410de.fam
BLHA=28.31515909,113.41015274,70.673124,0.896163
TRANSFORMMATRIX=0.000012015,-1.000000000,0.000026289,0.000000000,1.000000000,0.000012015,-0.000001004,0.000000000,0.000001004,0.000026289,1.000000000,0.000000000,6.389653225,167.802667405,11.734792350,1.000000000
ENTITYNAME=Wire_Device
