OBJECTMODELPOINTER=33777c94-e4b9-4947-906f-f84480f3cb99.dev
BASEFAMILY=49d7ed3f-3bb4-4b85-8019-00acea29d339.fam
BLHA=28.57262295,113.49015944,261.228990,312.996987
TRANSFORMMATRIX=0.000001676,-1.000000000,0.000004795,0.000000000,1.000000000,0.000001676,0.000000008,0.000000000,-0.000000008,0.000004795,1.000000000,0.000000000,-0.129949426,30.526073446,51.357150282,1.000000000
ENTITYNAME=Wire_Device
