OBJECTMODELPOINTER=33777c94-e4b9-4947-906f-f84480f3cb99.dev
BASEFAMILY=49d8b351-bcc9-4ffa-ac11-dd064f31589b.fam
BLHA=28.81044857,113.51462416,146.504318,227.348291
TRANSFORMMATRIX=-0.000014538,-0.999999999,0.000043227,0.000000000,1.000000000,-0.000014538,0.000000292,0.000000000,-0.000000291,0.000043227,0.999999999,0.000000000,-1.148738065,275.156445137,63.015522349,1.000000000
ENTITYNAME=Wire_Device
