OBJECTMODELPOINTER=33777c94-e4b9-4947-906f-f84480f3cb99.dev
BASEFAMILY=49e78355-28e1-4e10-b67f-e0c59e423f00.fam
BLHA=28.59525170,113.47626182,222.708449,294.633001
TRANSFORMMATRIX=-0.002310538,-0.999997329,0.000058955,0.000000000,0.999997331,-0.002310538,0.000000141,0.000000000,-0.000000005,0.000058956,0.999999998,0.000000000,-0.768838568,374.718775910,12.447063151,1.000000000
ENTITYNAME=Wire_Device
