ENTITYNAME=WIRE
BASEFAMILY=49ef4502-dbbf-4289-b016-1579a99a51c7.fam
OBJECTMODELPOINTER=81b82497-164d-48c0-b1cb-18fa700dacdf.dev
KVALUE=0.000000
SPLIT=4
POINT0.BLHA=28.37348418,113.36536629,69.678,286.379084
POINT0.MATRIX0=-0.959416979,0.281991241,0.000000000,0.000000000,-0.281991241,-0.959416979,0.000000000,0.000000000,0.000000000,-0.000000000,1.000000000,0.000000000,-11.644711810,0.001018549,42.999989660,1.000000000
POINT0.MATRIX1=-0.959416979,0.281991241,0.000000000,0.000000000,-0.281991241,-0.959416979,0.000000000,0.000000000,0.000000000,-0.000000000,1.000000000,0.000000000,-11.644711810,0.001018548,43.450001867,1.000000000
POINT0.MATRIX2=-0.959416979,0.281991241,0.000000000,0.000000000,-0.281991241,-0.959416979,0.000000000,0.000000000,0.000000000,-0.000000000,1.000000000,0.000000000,-12.095185588,-0.000937422,43.450001867,1.000000000
POINT0.MATRIX3=-0.959416979,0.281991241,0.000000000,0.000000000,-0.281991241,-0.959416979,0.000000000,0.000000000,0.000000000,-0.000000000,1.000000000,0.000000000,-12.095185588,-0.000937421,42.999989660,1.000000000
POINT1.BLHA=28.37348418,113.36536629,69.678,286.379084
POINT1.MATRIX0=-0.959416979,0.281991241,0.000000000,0.000000000,-0.281991241,-0.959416979,0.000000000,0.000000000,0.000000000,-0.000000000,1.000000000,0.000000000,-11.645096991,0.111014092,42.999989660,1.000000000
POINT1.MATRIX1=-0.959416979,0.281991241,0.000000000,0.000000000,-0.281991241,-0.959416979,0.000000000,0.000000000,0.000000000,-0.000000000,1.000000000,0.000000000,-11.645096991,0.111014091,43.450001867,1.000000000
POINT1.MATRIX2=-0.959416979,0.281991241,0.000000000,0.000000000,-0.281991241,-0.959416979,0.000000000,0.000000000,0.000000000,-0.000000000,1.000000000,0.000000000,-12.095570770,0.109058121,43.450001867,1.000000000
POINT1.MATRIX3=-0.959416979,0.281991241,0.000000000,0.000000000,-0.281991241,-0.959416979,0.000000000,0.000000000,0.000000000,-0.000000000,1.000000000,0.000000000,-12.095570769,0.109058122,42.999989660,1.000000000
