OBJECTMODELPOINTER=33777c94-e4b9-4947-906f-f84480f3cb99.dev
BASEFAMILY=4a21cbdc-3c48-4bdc-a8f7-2c897f80089d.fam
BLHA=28.31566161,113.38686189,71.437616,329.270898
TRANSFORMMATRIX=0.002500638,-0.999996872,0.000045817,0.000000000,0.999996873,0.002500638,0.000001617,0.000000000,-0.000001732,0.000045813,0.999999999,0.000000000,-11.680329665,292.056209393,33.711889615,1.000000000
ENTITYNAME=Wire_Device
