OBJECTMODELPOINTER=7e7db78c-efae-4a4c-89a9-e2edea38e878.dev
BASEFAMILY=4a2203a7-9482-4c90-85a1-8a1faaf19e68.fam
TRANSFORMMATRIX=-0.999996631,-0.002595511,0.000000001,0.000000000,0.002595509,-0.999996632,-0.000000003,0.000000000,0.000000000,-0.000000000,1.000000000,0.000000000,-10.800000000,-0.000000000,70.000000000,1.000000000
ENTITYNAME=Tower_Device
