OBJECTMODELPOINTER=95a4dddb-c0d3-4fa6-b945-2397a4bbe8d2.dev
BASEFAMILY=4a2be5a4-4ede-42ad-80dd-0da271315023.fam
TRANSFORMMATRIX=-0.238601605,-0.281274835,0.929490607,0.000000000,0.953494172,0.113663300,0.279160296,0.000000000,-0.184170758,0.952871666,0.241074097,0.000000000,1.406024097,-1.406024096,36.999999998,1.000000000
ENTITYNAME=Tower_Device
