OBJECTMODELPOINTER=33777c94-e4b9-4947-906f-f84480f3cb99.dev
BASEFAMILY=4a300fa9-827f-4bcb-9b16-2cad058e495a.fam
BLHA=28.30961923,113.43478171,54.752520,501.227736
TRANSFORMMATRIX=0.251531920,0.967849003,0.000014510,0.000000000,-0.967849003,0.251531920,0.000001750,0.000000000,-0.000001956,-0.000014484,1.000000000,0.000000000,-12.208676459,-92.231275497,45.288119461,1.000000000
ENTITYNAME=Wire_Device
