OBJECTMODELPOINTER=24962089-3e74-4f01-a0cf-2e7ae9ae399e.dev
BASEFAMILY=4a400f56-2147-441c-b0b6-f3ed8aadd8a5.fam
TRANSFORMMATRIX=-0.023881158,-0.081148915,-0.996416070,0.000000000,0.959324688,-0.282304273,0.000001163,0.000000000,-0.281292179,-0.955886639,0.084589860,0.000000000,-12.100000000,0.842000000,47.000000000,1.000000000
ENTITYNAME=Tower_Device
