OBJECTMODELPOINTER=33777c94-e4b9-4947-906f-f84480f3cb99.dev
BASEFAMILY=4a4888a2-da8a-43da-a3a2-9c5e9ac64454.fam
BLHA=28.31775016,113.38284517,61.633463,329.270898
TRANSFORMMATRIX=-0.001464048,-0.999998928,0.000004307,0.000000000,0.999998928,-0.001464048,0.000001293,0.000000000,-0.000001287,0.000004309,1.000000000,0.000000000,-8.244427485,27.487104101,48.217575765,1.000000000
ENTITYNAME=Wire_Device
