OBJECTMODELPOINTER=33777c94-e4b9-4947-906f-f84480f3cb99.dev
BASEFAMILY=4a597c27-c8b0-4b74-a2aa-40c6e89ffeef.fam
BLHA=28.81363020,113.51792493,127.559863,396.804576
TRANSFORMMATRIX=-0.192612521,0.981274892,0.000060389,0.000000000,-0.981274894,-0.192612521,0.000001528,0.000000000,0.000013131,-0.000058964,0.999999998,0.000000000,82.615813534,-375.481694993,42.414427554,1.000000000
ENTITYNAME=Wire_Device
