OBJECTMODELPOINTER=964a96ae-d111-4e97-8f9f-f1ef0bfdf7ad.dev
BASEFAMILY=4a5f1f6f-9ee8-401b-a7d6-42d5ea30d0b2.fam
TRANSFORMMATRIX=0.000000429,0.999999987,-0.000000079,0.000000000,-1.000000013,-0.000000399,0.000001642,0.000000000,0.000000000,-0.000000000,1.000000000,0.000000000,-7.342000000,-0.000000000,45.000000000,1.000000000
ENTITYNAME=Tower_Device
