OBJECTMODELPOINTER=0e312739-8609-4a3d-966c-75d05d59356d.dev
BASEFAMILY=4a6109c9-249d-4f75-b43e-c27797ab4d46.fam
TRANSFORMMATRIX=1.000000000,0.000000000,0.000000000,0.000000000,-0.000000000,1.000000000,0.000000000,0.000000000,-0.000000000,-0.000000000,1.000000000,0.000000000,-4.736872740,-4.736439415,-0.000004498,1.000000000
ENTITYNAME=Tower_Device
