OBJECTMODELPOINTER=33777c94-e4b9-4947-906f-f84480f3cb99.dev
BASEFAMILY=4a708338-4138-42a6-94f5-514a58f35ac5.fam
BLHA=28.70605444,113.45451077,165.912680,277.425083
TRANSFORMMATRIX=0.000002329,-0.999999999,0.000038915,0.000000000,1.000000000,0.000002329,0.000000151,0.000000000,-0.000000152,0.000038915,0.999999999,0.000000000,-1.130314374,247.147368878,6.464338720,1.000000000
ENTITYNAME=Wire_Device
