OBJECTMODELPOINTER=33777c94-e4b9-4947-906f-f84480f3cb99.dev
BASEFAMILY=4a86ba0a-0c17-4061-a183-13e5e3631f56.fam
BLHA=28.31402241,113.42375188,48.067305,335.449580
TRANSFORMMATRIX=0.001601883,-0.999998717,0.000029263,0.000000000,0.999998717,0.001601883,-0.000001007,0.000000000,0.000000961,0.000029264,1.000000000,0.000000000,5.739276448,186.618014887,61.489602606,1.000000000
ENTITYNAME=Wire_Device
