OBJECTMODELPOINTER=33777c94-e4b9-4947-906f-f84480f3cb99.dev
BASEFAMILY=4a891497-1984-4437-bac9-ca0a5f32a6ba.fam
BLHA=28.35190910,113.36144828,128.122186,278.143009
TRANSFORMMATRIX=0.000002910,-1.000000000,0.000025483,0.000000000,1.000000000,0.000002911,0.000001975,0.000000000,-0.000001976,0.000025483,1.000000000,0.000000000,-12.726444463,161.840015770,20.358079912,1.000000000
ENTITYNAME=Wire_Device
