OBJECTMODELPOINTER=0e312739-8609-4a3d-966c-75d05d59356d.dev
BASEFAMILY=4a8ac46a-16e9-45ea-acf8-124f7be0fedc.fam
TRANSFORMMATRIX=-1.000000000,0.000000000,0.000000000,0.000000000,-0.000000000,-1.000000000,0.000000000,0.000000000,0.000000000,0.000000000,1.000000000,0.000000000,4.737026799,4.736566350,0.000002141,1.000000000
ENTITYNAME=Tower_Device
