ENTITYNAME=WIRE
BASEFAMILY=4a8b540d-d9f2-4934-b06b-8dad46449663.fam
OBJECTMODELPOINTER=81b82497-164d-48c0-b1cb-18fa700dacdf.dev
KVALUE=0.000000
SPLIT=4
POINT0.BLHA=28.57953661,113.48279374,260.581,480.423303
POINT0.MATRIX0=0.862307788,-0.506384517,0.000000000,0.000000000,0.506384517,0.862307788,0.000000000,0.000000000,-0.000000000,-0.000000000,1.000000000,0.000000000,7.274804010,4.001048196,38.790000854,1.000000000
POINT0.MATRIX1=0.862307788,-0.506384517,0.000000000,0.000000000,0.506384517,0.862307788,0.000000000,0.000000000,-0.000000000,-0.000000000,1.000000000,0.000000000,7.274804010,4.001048196,39.240000901,1.000000000
POINT0.MATRIX2=0.862307788,-0.506384517,0.000000000,0.000000000,0.506384517,0.862307788,0.000000000,0.000000000,-0.000000000,-0.000000000,1.000000000,0.000000000,7.724803944,4.001048298,39.240000902,1.000000000
POINT0.MATRIX3=0.862307788,-0.506384517,0.000000000,0.000000000,0.506384517,0.862307788,0.000000000,0.000000000,-0.000000000,-0.000000000,1.000000000,0.000000000,7.724803944,4.001048298,38.790000854,1.000000000
POINT1.BLHA=28.57953661,113.48279374,260.581,480.423303
POINT1.MATRIX0=0.862307788,-0.506384517,0.000000000,0.000000000,0.506384517,0.862307788,0.000000000,0.000000000,-0.000000000,-0.000000000,1.000000000,0.000000000,7.274804046,3.999048192,38.790000853,1.000000000
POINT1.MATRIX1=0.862307788,-0.506384517,0.000000000,0.000000000,0.506384517,0.862307788,0.000000000,0.000000000,-0.000000000,-0.000000000,1.000000000,0.000000000,7.274804046,3.999048192,39.240000901,1.000000000
POINT1.MATRIX2=0.862307788,-0.506384517,0.000000000,0.000000000,0.506384517,0.862307788,0.000000000,0.000000000,-0.000000000,-0.000000000,1.000000000,0.000000000,7.724803920,3.999048191,39.240000901,1.000000000
POINT1.MATRIX3=0.862307788,-0.506384517,0.000000000,0.000000000,0.506384517,0.862307788,0.000000000,0.000000000,-0.000000000,-0.000000000,1.000000000,0.000000000,7.724803920,3.999048191,38.790000854,1.000000000
