OBJECTMODELPOINTER=33777c94-e4b9-4947-906f-f84480f3cb99.dev
BASEFAMILY=4a9f1df6-0408-4572-b9c4-b8f6d3c313c2.fam
BLHA=28.28912608,113.44509395,57.000023,477.961117
TRANSFORMMATRIX=0.380396958,0.924823310,-0.000000107,0.000000000,-0.924823310,0.380396958,-0.000001739,0.000000000,-0.000001568,0.000000761,1.000000000,0.000000000,-10.005512517,4.857908210,25.540089269,1.000000000
ENTITYNAME=Wire_Device
