OBJECTMODELPOINTER=67d3fe74-9255-4f6f-9b9a-0a62ce8cb816.dev
BASEFAMILY=4aab1ddf-611a-4d77-bcc7-afc0c5d735c4.fam
TRANSFORMMATRIX=-0.004056803,0.999992164,-0.000001399,0.000000000,-0.999991380,-0.004056518,0.000000854,0.000000000,0.000000000,0.000000000,1.000000000,0.000000000,13.320000000,0.000000000,63.000000001,1.000000000
ENTITYNAME=Tower_Device
