OBJECTMODELPOINTER=33777c94-e4b9-4947-906f-f84480f3cb99.dev
BASEFAMILY=4abef259-2f5e-4644-94f2-fa8bbefdc29e.fam
BLHA=28.34247838,113.36303113,107.750676,278.143009
TRANSFORMMATRIX=0.000002710,-1.000000000,0.000016146,0.000000000,1.000000000,0.000002710,0.000000077,0.000000000,-0.000000077,0.000016146,1.000000000,0.000000000,-0.566442247,102.535482823,16.687756726,1.000000000
ENTITYNAME=Wire_Device
