OBJECTMODELPOINTER=33777c94-e4b9-4947-906f-f84480f3cb99.dev
BASEFAMILY=4ac36f62-df1a-4256-9ede-6c6e62cba329.fam
BLHA=28.56112925,113.50240150,222.763342,308.993779
TRANSFORMMATRIX=-0.070060528,-0.997542741,0.000037697,0.000000000,0.997542742,-0.070060528,0.000000081,0.000000000,0.000002560,0.000037610,0.999999999,0.000000000,15.704200864,239.282505605,67.101683486,1.000000000
ENTITYNAME=Wire_Device
