OBJECTMODELPOINTER=33777c94-e4b9-4947-906f-f84480f3cb99.dev
BASEFAMILY=4ac7d271-a81f-4f54-bd36-36b4f181e6e3.fam
BLHA=28.50469488,113.45163258,174.515783,200.251669
TRANSFORMMATRIX=0.002727040,-0.999996281,0.000029651,0.000000000,0.999996282,0.002727040,-0.000000032,0.000000000,-0.000000050,0.000029652,1.000000000,0.000000000,0.006525393,189.151508949,19.979696074,1.000000000
ENTITYNAME=Wire_Device
