OBJECTMODELPOINTER=146d895a-fdff-4646-a5ce-e15abbf3f3eb.dev
BASEFAMILY=4aef9e78-26fb-4f9f-b78f-57db402b5897.fam
TRANSFORMMATRIX=1.000000000,-0.000000000,0.000000000,0.000000000,0.000000000,1.000000000,-0.000000000,0.000000000,0.000000000,-0.000000000,1.000000000,0.000000000,-5.809958909,-5.809552169,-0.000002537,1.000000000
ENTITYNAME=Tower_Device
