OBJECTMODELPOINTER=33777c94-e4b9-4947-906f-f84480f3cb99.dev
BASEFAMILY=4afc6c5a-1839-4e19-9355-532fe4a1ee5b.fam
BLHA=28.28492071,113.44885804,59.682173,504.180323
TRANSFORMMATRIX=0.240496263,0.970650064,-0.000001139,0.000000000,-0.970650064,0.240496263,0.000001417,0.000000000,0.000001649,0.000000765,1.000000000,0.000000000,10.480389503,4.845917545,31.589349331,1.000000000
ENTITYNAME=Wire_Device
