OBJECTMODELPOINTER=33777c94-e4b9-4947-906f-f84480f3cb99.dev
BASEFAMILY=4b0a9f5d-64e3-43e1-9209-ad44b964b928.fam
BLHA=28.29509828,113.44289412,61.743516,287.794387
TRANSFORMMATRIX=0.000011349,-0.999999998,0.000060635,0.000000000,1.000000000,0.000011349,0.000001671,0.000000000,-0.000001672,0.000060635,0.999999998,0.000000000,-11.249388563,385.225437027,28.273211775,1.000000000
ENTITYNAME=Wire_Device
