OBJECTMODELPOINTER=48273c32-fb64-4d47-9790-56277b4fd97b.dev
BASEFAMILY=4b109489-88e9-47cc-a7b5-c1adf26ed73e.fam
TRANSFORMMATRIX=-0.999979322,0.006430823,-0.000000007,0.000000000,-0.006430828,-0.999979322,-0.000000000,0.000000000,-0.000000000,0.000000000,1.000000000,0.000000000,9.870000000,-0.000000000,55.000000000,1.000000000
ENTITYNAME=Tower_Device
