OBJECTMODELPOINTER=33777c94-e4b9-4947-906f-f84480f3cb99.dev
BASEFAMILY=4b11595b-2585-446b-887f-ec9862e8d501.fam
BLHA=28.31775016,113.38284517,61.633463,329.270898
TRANSFORMMATRIX=0.001428013,-0.999998980,0.000015787,0.000000000,0.999998980,0.001428013,-0.000001191,0.000000000,0.000001169,0.000015789,1.000000000,0.000000000,7.201762270,100.629940263,38.786532177,1.000000000
ENTITYNAME=Wire_Device
