OBJECTMODELPOINTER=33777c94-e4b9-4947-906f-f84480f3cb99.dev
BASEFAMILY=4b250229-58b0-4e2a-8fda-279a2ac7a803.fam
BLHA=28.71973492,113.45364743,163.020408,283.291091
TRANSFORMMATRIX=0.010069494,-0.999949301,0.000017106,0.000000000,0.999949301,0.010069494,-0.000001804,0.000000000,0.000001632,0.000017123,1.000000000,0.000000000,10.285300501,108.756047465,25.304611401,1.000000000
ENTITYNAME=Wire_Device
