OBJECTMODELPOINTER=33777c94-e4b9-4947-906f-f84480f3cb99.dev
BASEFAMILY=4b267956-8d66-4a20-984a-c9a9d5aad7b0.fam
BLHA=28.49379582,113.42815973,297.068153,224.957371
TRANSFORMMATRIX=0.002689763,-0.999996380,0.000078837,0.000000000,0.999996383,0.002689763,-0.000001510,0.000000000,0.000001297,0.000078841,0.999999997,0.000000000,9.566882769,501.982587032,-5.667452084,1.000000000
ENTITYNAME=Wire_Device
