OBJECTMODELPOINTER=33777c94-e4b9-4947-906f-f84480f3cb99.dev
BASEFAMILY=4b29ce6a-e4f2-4c55-bc7f-76bf9139165a.fam
BLHA=28.50306305,113.44669559,173.869453,200.251669
TRANSFORMMATRIX=-0.000017585,-0.999999999,0.000034711,0.000000000,1.000000000,-0.000017585,0.000000224,0.000000000,-0.000000223,0.000034712,0.999999999,0.000000000,-1.046139608,221.431328264,64.701667115,1.000000000
ENTITYNAME=Wire_Device
