OBJECTMODELPOINTER=33777c94-e4b9-4947-906f-f84480f3cb99.dev
BASEFAMILY=4b44f3a6-e004-48de-8dea-035e5dda99ca.fam
BLHA=28.31534552,113.42043692,48.733934,348.172871
TRANSFORMMATRIX=-0.225234487,-0.974304586,0.000018627,0.000000000,0.974304586,-0.225234487,0.000001936,0.000000000,0.000002309,0.000018584,1.000000000,0.000000000,14.539816634,118.581071463,38.900256830,1.000000000
ENTITYNAME=Wire_Device
