OBJECTMODELPOINTER=13a78437-ad2c-452a-8fd1-0733d19ccb25.dev
BASEFAMILY=4b47f1a9-c475-4db1-87a7-d55b18881e79.fam
TRANSFORMMATRIX=0.000000000,1.000000000,-0.000000000,0.000000000,-1.000000000,0.000000000,0.000000000,0.000000000,-0.000000000,-0.000000000,1.000000000,0.000000000,6.699054959,-6.700274316,0.000004864,1.000000000
ENTITYNAME=Tower_Device
