OBJECTMODELPOINTER=33777c94-e4b9-4947-906f-f84480f3cb99.dev
BASEFAMILY=4b4d0022-8ead-4974-9cb8-d1ef063ff8ad.fam
BLHA=28.28492071,113.44885804,59.682173,504.180323
TRANSFORMMATRIX=-0.282704121,0.959207160,0.000058175,0.000000000,-0.959207162,-0.282704122,-0.000001696,0.000000000,0.000014820,-0.000056282,0.999999998,0.000000000,95.159317136,-358.842880333,52.195362016,1.000000000
ENTITYNAME=Wire_Device
