OBJECTMODELPOINTER=33777c94-e4b9-4947-906f-f84480f3cb99.dev
BASEFAMILY=4b53923d-dbd6-4dc5-9ed1-d6c6a67ac55b.fam
BLHA=28.28912608,113.44509395,57.000023,477.961117
TRANSFORMMATRIX=-0.183977634,0.982930430,0.000006602,0.000000000,-0.982930430,-0.183977634,-0.000001564,0.000000000,-0.000000323,-0.000006777,1.000000000,0.000000000,-1.964718749,-43.079072883,28.568392813,1.000000000
ENTITYNAME=Wire_Device
