OBJECTMODELPOINTER=33777c94-e4b9-4947-906f-f84480f3cb99.dev
BASEFAMILY=4b5e999a-861b-4b28-a883-22bb168fb7b9.fam
BLHA=28.30399811,113.43961542,62.139238,477.400140
TRANSFORMMATRIX=0.164765391,0.986332786,0.000031090,0.000000000,-0.986332787,0.164765391,-0.000001045,0.000000000,-0.000006154,-0.000030493,0.999999999,0.000000000,-38.819984723,-193.758143458,52.651908370,1.000000000
ENTITYNAME=Wire_Device
