OBJECTMODELPOINTER=33777c94-e4b9-4947-906f-f84480f3cb99.dev
BASEFAMILY=4b685c81-79d6-41ec-9f6f-19293887f107.fam
BLHA=28.62257154,113.46619683,208.116407,273.436520
TRANSFORMMATRIX=0.000002969,-0.999999996,0.000089542,0.000000000,1.000000000,0.000002969,-0.000001625,0.000000000,0.000001625,0.000089542,0.999999996,0.000000000,10.192121405,568.624431130,22.804871954,1.000000000
ENTITYNAME=Wire_Device
