OBJECTMODELPOINTER=33777c94-e4b9-4947-906f-f84480f3cb99.dev
BASEFAMILY=4b73c8f7-0a59-4d6e-ae4c-f5a7ee4b1915.fam
BLHA=28.26907527,113.47529619,67.190721,514.001895
TRANSFORMMATRIX=-0.274976839,0.961450850,0.000001023,0.000000000,-0.961450851,-0.274976839,0.000001115,0.000000000,0.000001353,-0.000000678,1.000000000,0.000000000,8.609822781,-4.336004213,55.163763217,1.000000000
ENTITYNAME=Wire_Device
