OBJECTMODELPOINTER=33777c94-e4b9-4947-906f-f84480f3cb99.dev
BASEFAMILY=4b77132d-3224-4ae4-846d-04e8e2db49c9.fam
BLHA=28.30961923,113.43478171,54.752520,501.227736
TRANSFORMMATRIX=-0.222007797,0.975044890,-0.000000496,0.000000000,-0.975044890,-0.222007797,0.000001428,0.000000000,0.000001281,0.000000801,1.000000000,0.000000000,8.144341579,5.080497462,31.321092093,1.000000000
ENTITYNAME=Wire_Device
