OBJECTMODELPOINTER=33777c94-e4b9-4947-906f-f84480f3cb99.dev
BASEFAMILY=4b87a77c-a164-4f1f-9860-3dd93e1c310c.fam
BLHA=28.49037109,113.42431436,249.696550,224.957371
TRANSFORMMATRIX=-0.000011610,-0.999999999,0.000029896,0.000000000,1.000000000,-0.000011610,0.000000225,0.000000000,-0.000000225,0.000029897,1.000000000,0.000000000,-0.937615377,190.338720430,13.535154880,1.000000000
ENTITYNAME=Wire_Device
