OBJECTMODELPOINTER=953a39cc-85eb-4a15-8715-4e92d8ee0e61.dev
BASEFAMILY=4b8f49a5-1a62-49be-a26e-9bb923da2882.fam
TRANSFORMMATRIX=-0.026230292,-0.999656032,-0.000000106,0.000000000,0.999655800,-0.026231087,-0.000001619,0.000000000,-0.000000000,-0.000000000,1.000000000,0.000000000,-13.950000000,-0.600000000,51.000000000,1.000000000
ENTITYNAME=Tower_Device
