OBJECTMODELPOINTER=235acd96-edb8-4577-951b-d896ee2919cc.dev
BASEFAMILY=4b93bae6-a3c3-40b4-8891-f3670ca5fafd.fam
TRANSFORMMATRIX=-0.000000101,0.999999712,0.000001482,0.000000000,-1.000000288,0.000000497,0.000000712,0.000000000,-0.000000000,0.000000000,1.000000000,0.000000000,7.790000000,-0.000000001,27.000000001,1.000000000
ENTITYNAME=Tower_Device
