OBJECTMODELPOINTER=13a78437-ad2c-452a-8fd1-0733d19ccb25.dev
BASEFAMILY=4b9ea109-fbb7-40c1-be1f-3b8a58096c9c.fam
TRANSFORMMATRIX=1.000000000,-0.000000000,-0.000000000,0.000000000,-0.000000000,1.000000000,-0.000000000,0.000000000,-0.000000000,0.000000000,1.000000000,0.000000000,-8.799086812,-8.800170675,-0.000000874,1.000000000
ENTITYNAME=Tower_Device
