OBJECTMODELPOINTER=33777c94-e4b9-4947-906f-f84480f3cb99.dev
BASEFAMILY=4bdb03bd-537e-45b4-a297-1fe4647739ca.fam
BLHA=28.50595381,113.45544189,275.037773,205.493080
TRANSFORMMATRIX=-0.091514556,-0.995803738,0.000047174,0.000000000,0.995803739,-0.091514556,0.000001485,0.000000000,0.000002839,0.000047112,0.999999999,0.000000000,18.648537534,300.476316328,-56.761389800,1.000000000
ENTITYNAME=Wire_Device
