OBJECTMODELPOINTER=33777c94-e4b9-4947-906f-f84480f3cb99.dev
BASEFAMILY=4bdc1bf5-47e6-4e97-bd25-770dbe9dbf27.fam
BLHA=28.30399811,113.43961542,62.139238,477.400140
TRANSFORMMATRIX=-0.001011320,0.999999489,0.000000043,0.000000000,-0.999999489,-0.001011320,-0.000001490,0.000000000,-0.000001490,-0.000000045,1.000000000,0.000000000,-9.498639423,-0.260828074,54.917778486,1.000000000
ENTITYNAME=Wire_Device
