OBJECTMODELPOINTER=33777c94-e4b9-4947-906f-f84480f3cb99.dev
BASEFAMILY=4bdd097c-12ef-4f97-976e-abd0e47d334d.fam
BLHA=28.73032666,113.45294372,113.432437,258.301958
TRANSFORMMATRIX=0.010734444,-0.999942382,0.000061070,0.000000000,0.999942384,0.010734444,-0.000001748,0.000000000,0.000001092,0.000061085,0.999999998,0.000000000,7.372795445,388.001919729,31.116369172,1.000000000
ENTITYNAME=Wire_Device
