OBJECTMODELPOINTER=146d895a-fdff-4646-a5ce-e15abbf3f3eb.dev
BASEFAMILY=4c016ab0-a5c9-4b9c-b420-7075ccca682e.fam
TRANSFORMMATRIX=1.000000000,-0.000000000,-0.000000000,0.000000000,-0.000000000,1.000000000,-0.000000000,0.000000000,-0.000000000,-0.000000000,1.000000000,0.000000000,-7.175037639,-7.175088366,0.000002880,1.000000000
ENTITYNAME=Tower_Device
