OBJECTMODELPOINTER=6c0e00cb-407c-491d-a0d7-344870c6f4e8.dev
BASEFAMILY=4c05ad38-a516-49a9-bec6-7bc9a272dabd.fam
TRANSFORMMATRIX=0.001804797,0.999998204,-0.000001583,0.000000000,-0.999998537,0.001805567,-0.000000439,0.000000000,-0.000000000,-0.000000000,1.000000000,0.000000000,13.320000000,-0.000000000,62.999999999,1.000000000
ENTITYNAME=Tower_Device
