OBJECTMODELPOINTER=1e3c7556-e621-4058-9dd3-ce0b92ec7439.dev
BASEFAMILY=4c278be0-8ba9-4baf-8643-f19f0a8c584f.fam
TRANSFORMMATRIX=0.000000307,1.000000313,-0.000000777,0.000000000,-0.999999687,-0.000000234,0.000001450,0.000000000,-0.000000000,-0.000000000,1.000000000,0.000000000,-9.342000000,0.000000000,56.550000000,1.000000000
ENTITYNAME=Tower_Device
