OBJECTMODELPOINTER=33777c94-e4b9-4947-906f-f84480f3cb99.dev
BASEFAMILY=4c2df855-051a-4745-aeb1-9fba57b78f14.fam
BLHA=28.68698006,113.45743042,187.111712,277.425083
TRANSFORMMATRIX=-0.003299921,-0.999994554,0.000057254,0.000000000,0.999994555,-0.003299920,0.000000222,0.000000000,-0.000000033,0.000057254,0.999999998,0.000000000,-0.451993157,363.616321381,31.548535707,1.000000000
ENTITYNAME=Wire_Device
