OBJECTMODELPOINTER=33777c94-e4b9-4947-906f-f84480f3cb99.dev
BASEFAMILY=4c43f3dc-00fc-46fb-85f6-44b1b7db471a.fam
BLHA=28.73821142,113.45475326,97.655295,258.301958
TRANSFORMMATRIX=-0.008241490,-0.999966037,0.000060599,0.000000000,0.999966038,-0.008241490,0.000002428,0.000000000,-0.000001929,0.000060618,0.999999998,0.000000000,-11.911669480,385.010467966,65.676290298,1.000000000
ENTITYNAME=Wire_Device
