OBJECTMODELPOINTER=33777c94-e4b9-4947-906f-f84480f3cb99.dev
BASEFAMILY=4c4b5e1a-3cb6-4113-833e-5d383d4e2634.fam
BLHA=28.57953661,113.48279374,260.580940,480.423303
TRANSFORMMATRIX=-0.000022950,1.000000000,-0.000000058,0.000000000,-1.000000000,-0.000022950,0.000001176,0.000000000,0.000001176,0.000000058,1.000000000,0.000000000,7.498545040,0.352861316,37.422556964,1.000000000
ENTITYNAME=Wire_Device
