OBJECTMODELPOINTER=33777c94-e4b9-4947-906f-f84480f3cb99.dev
BASEFAMILY=4c536ad8-569f-44a3-99e1-4ee8c96d6268.fam
BLHA=28.46688419,113.40170203,216.340862,242.026912
TRANSFORMMATRIX=0.001871668,-0.999998248,0.000006261,0.000000000,0.999998248,0.001871668,-0.000002144,0.000000000,0.000002132,0.000006264,1.000000000,0.000000000,13.678765852,39.860542238,40.261814253,1.000000000
ENTITYNAME=Wire_Device
