OBJECTMODELPOINTER=33777c94-e4b9-4947-906f-f84480f3cb99.dev
BASEFAMILY=4c56ff67-5a86-48b2-b856-968bf7f2ec01.fam
BLHA=28.31510010,113.40690744,78.265120,0.896163
TRANSFORMMATRIX=0.001454324,-0.999998942,0.000005007,0.000000000,0.999998942,0.001454324,-0.000001065,0.000000000,0.000001057,0.000005009,1.000000000,0.000000000,6.721129212,31.972907909,66.216949139,1.000000000
ENTITYNAME=Wire_Device
