OBJECTMODELPOINTER=484ace34-fb4f-4041-881b-1d7164b53e55.dev
BASEFAMILY=4c6bd0e2-3b48-4a4e-9ab2-0fa8fe5a03bc.fam
TRANSFORMMATRIX=-0.014308961,-0.999897841,-0.000000348,0.000000000,0.999897392,-0.014309659,-0.000001594,0.000000000,0.000000000,0.000000000,1.000000000,0.000000000,-11.869999999,-0.600000000,45.000000000,1.000000000
ENTITYNAME=Tower_Device
