OBJECTMODELPOINTER=96033bb3-1062-478f-986c-6887caef98ae.dev
BASEFAMILY=4c829df6-b49a-4620-8ed1-3cf8d041d69a.fam
TRANSFORMMATRIX=0.000000414,0.999999987,-0.000000079,0.000000000,-1.000000013,-0.000000414,0.000001642,0.000000000,-0.000000000,-0.000000000,1.000000000,0.000000000,-6.595000000,0.000000000,69.500000000,1.000000000
ENTITYNAME=Tower_Device
