OBJECTMODELPOINTER=33777c94-e4b9-4947-906f-f84480f3cb99.dev
BASEFAMILY=4ca46652-70f1-4abf-b062-77d615f680fd.fam
BLHA=28.62257154,113.46619683,208.116407,273.436520
TRANSFORMMATRIX=0.000001031,-1.000000000,0.000029856,0.000000000,1.000000000,0.000001031,0.000000123,0.000000000,-0.000000123,0.000029856,1.000000000,0.000000000,-0.846258065,189.595398324,9.894446109,1.000000000
ENTITYNAME=Wire_Device
