OBJECTMODELPOINTER=9a7e2410-e60a-4035-9025-4286958ba5d6.dev
BASEFAMILY=4cadcf4d-f162-4c69-be78-05c23ebbe6b5.fam
TRANSFORMMATRIX=0.011728826,0.048109009,-0.998773416,0.000000000,-0.971538546,0.236880721,-0.000001200,0.000000000,0.236590255,0.970346838,0.049518342,0.000000000,-12.100000000,-0.842000000,46.999999999,1.000000000
ENTITYNAME=Tower_Device
