OBJECTMODELPOINTER=33777c94-e4b9-4947-906f-f84480f3cb99.dev
BASEFAMILY=4cad7203-4b5b-4aeb-a62c-f720335d22fa.fam
BLHA=28.31529425,113.41760444,47.126172,0.896163
TRANSFORMMATRIX=-0.005209862,-0.999986428,0.000035807,0.000000000,0.999986429,-0.005209862,-0.000001275,0.000000000,0.000001462,0.000035801,0.999999999,0.000000000,9.302702985,228.513139204,43.634264669,1.000000000
ENTITYNAME=Wire_Device
