OBJECTMODELPOINTER=33777c94-e4b9-4947-906f-f84480f3cb99.dev
BASEFAMILY=4cce9614-4963-4870-b799-b1db2131e40c.fam
BLHA=28.53971514,113.51008635,497.099735,255.750198
TRANSFORMMATRIX=-0.001214521,-0.999999260,0.000071631,0.000000000,0.999999262,-0.001214521,0.000000381,0.000000000,-0.000000294,0.000071630,0.999999997,0.000000000,-1.310732962,455.032719550,-21.045904104,1.000000000
ENTITYNAME=Wire_Device
