ENTITYNAME=WIRE
BASEFAMILY=4cd706d9-994f-4cc0-88d3-37cd5a6ab4e0.fam
OBJECTMODELPOINTER=81b82497-164d-48c0-b1cb-18fa700dacdf.dev
KVALUE=0.000000
SPLIT=4
POINT0.BLHA=28.31534552,113.42043692,48.734,348.172871
POINT0.MATRIX0=-0.204959508,0.978770453,-0.000000000,0.000000000,-0.978770453,-0.204959508,-0.000000000,0.000000000,0.000000000,0.000000000,1.000000000,0.000000000,8.039931859,-0.000973442,55.090002199,1.000000000
POINT0.MATRIX1=-0.204959508,0.978770453,-0.000000000,0.000000000,-0.978770453,-0.204959508,-0.000000000,0.000000000,0.000000000,0.000000000,1.000000000,0.000000000,8.039931859,-0.000973442,55.540002201,1.000000000
POINT0.MATRIX2=-0.204959508,0.978770453,-0.000000000,0.000000000,-0.978770453,-0.204959508,-0.000000000,0.000000000,0.000000000,0.000000000,1.000000000,0.000000000,7.589931786,-0.000973242,55.540002201,1.000000000
POINT0.MATRIX3=-0.204959508,0.978770453,-0.000000000,0.000000000,-0.978770453,-0.204959508,-0.000000000,0.000000000,0.000000000,0.000000000,1.000000000,0.000000000,7.589931786,-0.000973243,55.090002198,1.000000000
POINT1.BLHA=28.31534552,113.42043692,48.734,348.172871
POINT1.MATRIX0=-0.204959508,0.978770453,-0.000000000,0.000000000,-0.978770453,-0.204959508,-0.000000000,0.000000000,0.000000000,0.000000000,1.000000000,0.000000000,8.039931711,0.001026887,55.090002198,1.000000000
POINT1.MATRIX1=-0.204959508,0.978770453,-0.000000000,0.000000000,-0.978770453,-0.204959508,-0.000000000,0.000000000,0.000000000,0.000000000,1.000000000,0.000000000,8.039931710,0.001026887,55.540002201,1.000000000
POINT1.MATRIX2=-0.204959508,0.978770453,-0.000000000,0.000000000,-0.978770453,-0.204959508,-0.000000000,0.000000000,0.000000000,0.000000000,1.000000000,0.000000000,7.589931852,0.001026645,55.540002201,1.000000000
POINT1.MATRIX3=-0.204959508,0.978770453,-0.000000000,0.000000000,-0.978770453,-0.204959508,-0.000000000,0.000000000,0.000000000,0.000000000,1.000000000,0.000000000,7.589931852,0.001026644,55.090002198,1.000000000
