OBJECTMODELPOINTER=36b6c38b-4922-4778-afa6-1e9ff168a50c.dev
BASEFAMILY=4ce70eec-7546-4e54-ba3c-fd99a32f029f.fam
TRANSFORMMATRIX=0.000000414,0.999999987,-0.000000079,0.000000000,-1.000000013,-0.000000414,0.000001643,0.000000000,0.000000000,-0.000000000,1.000000000,0.000000000,-6.595060976,0.000000000,66.499999999,1.000000000
ENTITYNAME=Tower_Device
