OBJECTMODELPOINTER=33777c94-e4b9-4947-906f-f84480f3cb99.dev
BASEFAMILY=4ced8501-96d3-4e17-ab5b-d47688548c29.fam
BLHA=28.57262295,113.49015944,261.228990,312.996987
TRANSFORMMATRIX=0.000014712,-0.999999999,0.000039835,0.000000000,1.000000000,0.000014712,0.000000066,0.000000000,-0.000000067,0.000039835,0.999999999,0.000000000,-1.079123376,253.576297031,22.114836879,1.000000000
ENTITYNAME=Wire_Device
