OBJECTMODELPOINTER=33777c94-e4b9-4947-906f-f84480f3cb99.dev
BASEFAMILY=4cf2880a-303b-4a71-8658-e5e3dc944a8f.fam
BLHA=28.57663112,113.48588937,251.356728,312.996987
TRANSFORMMATRIX=0.000016622,-0.999999999,0.000038308,0.000000000,1.000000000,0.000016622,0.000002156,0.000000000,-0.000002157,0.000038308,0.999999999,0.000000000,-14.366602732,243.893748688,29.180516846,1.000000000
ENTITYNAME=Wire_Device
