OBJECTMODELPOINTER=33777c94-e4b9-4947-906f-f84480f3cb99.dev
BASEFAMILY=4d040ef6-8295-4585-82cb-7c13eac10bf6.fam
BLHA=28.59525170,113.47626182,222.708449,294.633001
TRANSFORMMATRIX=-0.002312901,-0.999997324,0.000048554,0.000000000,0.999997325,-0.002312901,0.000000116,0.000000000,-0.000000004,0.000048555,0.999999999,0.000000000,-0.633275657,308.611218304,9.818368965,1.000000000
ENTITYNAME=Wire_Device
