OBJECTMODELPOINTER=33777c94-e4b9-4947-906f-f84480f3cb99.dev
BASEFAMILY=4d073256-853f-4cf7-a2c2-7eef205795cc.fam
BLHA=28.31294059,113.42646212,52.368358,335.449580
TRANSFORMMATRIX=0.000019936,-0.999999999,0.000038883,0.000000000,1.000000000,0.000019937,-0.000001027,0.000000000,0.000001025,0.000038883,0.999999999,0.000000000,6.032668215,247.956532214,21.830572890,1.000000000
ENTITYNAME=Wire_Device
