OBJECTMODELPOINTER=33777c94-e4b9-4947-906f-f84480f3cb99.dev
BASEFAMILY=4d135be5-bd0d-450f-9e79-365f06de6205.fam
BLHA=28.50118026,113.44100017,250.748283,200.251669
TRANSFORMMATRIX=0.003157302,-0.999995015,0.000025943,0.000000000,0.999995016,0.003157302,0.000002033,0.000000000,-0.000002115,0.000025936,1.000000000,0.000000000,-13.162196384,165.436938296,19.119050701,1.000000000
ENTITYNAME=Wire_Device
