OBJECTMODELPOINTER=33777c94-e4b9-4947-906f-f84480f3cb99.dev
BASEFAMILY=4d4463cf-99dd-4dac-bed6-1453d48efc16.fam
BLHA=28.41010958,113.37337020,176.661664,254.006183
TRANSFORMMATRIX=-0.008340906,-0.999965214,0.000015937,0.000000000,0.999965214,-0.008340906,0.000002193,0.000000000,-0.000002060,0.000015955,1.000000000,0.000000000,-13.002796323,101.335085980,31.741484805,1.000000000
ENTITYNAME=Wire_Device
