OBJECTMODELPOINTER=33777c94-e4b9-4947-906f-f84480f3cb99.dev
BASEFAMILY=4d4655e2-c7aa-4661-aa5b-5adf27f63dc9.fam
BLHA=28.31566161,113.38686189,71.437616,329.270898
TRANSFORMMATRIX=0.002194301,-0.999997591,0.000045865,0.000000000,0.999997592,0.002194301,0.000001303,0.000000000,-0.000001403,0.000045862,0.999999999,0.000000000,-9.593477835,292.361096865,22.635278297,1.000000000
ENTITYNAME=Wire_Device
