ENTITYNAME=WIRE
BASEFAMILY=4d468a30-69be-4638-b730-ff00bced32b2.fam
OBJECTMODELPOINTER=81b82497-164d-48c0-b1cb-18fa700dacdf.dev
KVALUE=0.000000
SPLIT=4
POINT0.BLHA=28.31470596,113.39701913,83.589,4.996372
POINT0.MATRIX0=0.087092668,0.996200214,-0.000000000,0.000000000,-0.996200214,0.087092668,0.000000000,0.000000000,-0.000000000,0.000000000,1.000000000,0.000000000,8.000161489,0.000249702,61.466967662,1.000000000
POINT0.MATRIX1=0.087092668,0.996200214,-0.000000000,0.000000000,-0.996200214,0.087092668,0.000000000,0.000000000,-0.000000000,0.000000000,1.000000000,0.000000000,8.184418445,-0.000174338,61.932070811,1.000000000
POINT0.MATRIX2=0.087092668,0.996200214,-0.000000000,0.000000000,-0.996200214,0.087092668,0.000000000,0.000000000,-0.000000000,0.000000000,1.000000000,0.000000000,7.719757071,-0.000233308,62.115603526,1.000000000
POINT0.MATRIX3=0.087092668,0.996200214,-0.000000000,0.000000000,-0.996200214,0.087092668,0.000000000,0.000000000,-0.000000000,0.000000000,1.000000000,0.000000000,7.535500115,0.000190733,61.650500377,1.000000000
POINT1.BLHA=28.31470596,113.39701913,83.589,4.996372
POINT1.MATRIX0=0.087092668,0.996200214,-0.000000000,0.000000000,-0.996200214,0.087092668,0.000000000,0.000000000,-0.000000000,0.000000000,1.000000000,0.000000000,8.000162435,0.130260234,61.466967662,1.000000000
POINT1.MATRIX1=0.087092668,0.996200214,-0.000000000,0.000000000,-0.996200214,0.087092668,0.000000000,0.000000000,-0.000000000,0.000000000,1.000000000,0.000000000,8.184419392,0.129836193,61.932070812,1.000000000
POINT1.MATRIX2=0.087092668,0.996200214,-0.000000000,0.000000000,-0.996200214,0.087092668,0.000000000,0.000000000,-0.000000000,0.000000000,1.000000000,0.000000000,7.719758017,0.129777224,62.115603526,1.000000000
POINT1.MATRIX3=0.087092668,0.996200214,-0.000000000,0.000000000,-0.996200214,0.087092668,0.000000000,0.000000000,-0.000000000,0.000000000,1.000000000,0.000000000,7.535501061,0.130201264,61.650500377,1.000000000
