OBJECTMODELPOINTER=33777c94-e4b9-4947-906f-f84480f3cb99.dev
BASEFAMILY=4d4ef263-df0a-4c06-b212-dc92aeea63ec.fam
BLHA=28.30399811,113.43961542,62.139238,477.400140
TRANSFORMMATRIX=-0.038473607,0.999259617,0.000000674,0.000000000,-0.999259617,-0.038473607,-0.000001490,0.000000000,-0.000001463,-0.000000730,1.000000000,0.000000000,-9.320763289,-4.623653346,54.589589780,1.000000000
ENTITYNAME=Wire_Device
