OBJECTMODELPOINTER=33777c94-e4b9-4947-906f-f84480f3cb99.dev
BASEFAMILY=4d52e55d-c05a-4558-b67a-c5406b4f8a42.fam
BLHA=28.35569166,113.36081333,82.535643,278.143009
TRANSFORMMATRIX=-0.003430075,-0.999994116,0.000050639,0.000000000,0.999994117,-0.003430074,0.000002318,0.000000000,-0.000002145,0.000050646,0.999999999,0.000000000,-13.921942815,321.651191689,68.582450007,1.000000000
ENTITYNAME=Wire_Device
