ENTITYNAME=WIRE
BASEFAMILY=4d527f1f-93b6-4b19-b5c8-fb502eb38a98.fam
OBJECTMODELPOINTER=81b82497-164d-48c0-b1cb-18fa700dacdf.dev
KVALUE=0.000000
SPLIT=4
POINT0.BLHA=28.35190910,113.36144828,128.122,278.143009
POINT0.MATRIX0=-0.989917611,0.141644356,0.000000000,0.000000000,-0.141644356,-0.989917611,0.000000000,0.000000000,-0.000000000,-0.000000000,1.000000000,0.000000000,12.095152554,-0.480392740,43.741104239,1.000000000
POINT0.MATRIX1=-0.989917611,0.141644356,0.000000000,0.000000000,-0.141644356,-0.989917611,0.000000000,0.000000000,-0.000000000,-0.000000000,1.000000000,0.000000000,12.095152554,-0.480392740,44.191101187,1.000000000
POINT0.MATRIX2=-0.989917611,0.141644356,0.000000000,0.000000000,-0.141644356,-0.989917611,0.000000000,0.000000000,-0.000000000,-0.000000000,1.000000000,0.000000000,11.645477110,-0.479186591,44.191101187,1.000000000
POINT0.MATRIX3=-0.989917611,0.141644356,0.000000000,0.000000000,-0.141644356,-0.989917611,0.000000000,0.000000000,-0.000000000,-0.000000000,1.000000000,0.000000000,11.645477111,-0.479186591,43.741104239,1.000000000
POINT1.BLHA=28.35190910,113.36144828,128.122,278.143009
POINT1.MATRIX0=-0.989917611,0.141644356,0.000000000,0.000000000,-0.141644356,-0.989917611,0.000000000,0.000000000,-0.000000000,-0.000000000,1.000000000,0.000000000,12.094736020,0.479203554,43.741104239,1.000000000
POINT1.MATRIX1=-0.989917611,0.141644356,0.000000000,0.000000000,-0.141644356,-0.989917611,0.000000000,0.000000000,-0.000000000,-0.000000000,1.000000000,0.000000000,12.094736020,0.479203555,44.191101187,1.000000000
POINT1.MATRIX2=-0.989917611,0.141644356,0.000000000,0.000000000,-0.141644356,-0.989917611,0.000000000,0.000000000,-0.000000000,-0.000000000,1.000000000,0.000000000,11.645060562,0.480409706,44.191101188,1.000000000
POINT1.MATRIX3=-0.989917611,0.141644356,0.000000000,0.000000000,-0.141644356,-0.989917611,0.000000000,0.000000000,-0.000000000,-0.000000000,1.000000000,0.000000000,11.645060562,0.480409706,43.741104239,1.000000000
