OBJECTMODELPOINTER=0d6245d3-55f6-4c46-a936-28a4c195d8c3.dev
BASEFAMILY=4d695ffd-1881-477d-8c4c-a49f36e46c25.fam
TRANSFORMMATRIX=0.005037125,0.022039324,-0.999744249,0.000000000,0.974859362,-0.222821801,0.000000454,0.000000000,-0.222763443,-0.974610336,-0.022608425,0.000000000,7.500000000,2.039000000,24.000000000,1.000000000
ENTITYNAME=Tower_Device
