OBJECTMODELPOINTER=8739d7ab-adfb-45d2-ab6a-17950dd60775.dev
BASEFAMILY=4d77dd75-bb04-412b-bd17-b3b3ef8c5be6.fam
TRANSFORMMATRIX=0.009332679,-0.132776236,0.991102329,0.000000000,0.997537977,0.070125103,-0.000001048,0.000000000,-0.069501033,0.988662267,0.133103447,0.000000000,0.000000000,-1.513000000,38.500000001,1.000000000
ENTITYNAME=Tower_Device
