OBJECTMODELPOINTER=33777c94-e4b9-4947-906f-f84480f3cb99.dev
BASEFAMILY=4d99050b-49ae-4749-a94d-9a0e1ea6d6cf.fam
BLHA=28.26885822,113.47846971,85.176990,355.334735
TRANSFORMMATRIX=0.000040340,-0.999999997,0.000071600,0.000000000,0.999999999,0.000040340,0.000001560,0.000000000,-0.000001563,0.000071600,0.999999997,0.000000000,-10.114163369,457.015684100,38.578769662,1.000000000
ENTITYNAME=Wire_Device
