ENTITYNAME=WIRE
BASEFAMILY=4d9c04d2-a8bd-4c2e-b381-a30e829d9d9d.fam
OBJECTMODELPOINTER=81b82497-164d-48c0-b1cb-18fa700dacdf.dev
KVALUE=0.000000
SPLIT=4
POINT0.BLHA=28.67734470,113.45869625,172.237,275.673275
POINT0.MATRIX0=-0.995101789,0.098855601,0.000000000,0.000000000,-0.098855601,-0.995101789,0.000000000,0.000000000,0.000000000,-0.000000000,1.000000000,0.000000000,0.180416348,-0.000604360,40.762688317,1.000000000
POINT0.MATRIX1=-0.995101789,0.098855601,0.000000000,0.000000000,-0.098855601,-0.995101789,0.000000000,0.000000000,0.000000000,-0.000000000,1.000000000,0.000000000,0.217608636,-0.000373646,41.211144127,1.000000000
POINT0.MATRIX2=-0.995101789,0.098855601,0.000000000,0.000000000,-0.098855601,-0.995101789,0.000000000,0.000000000,0.000000000,-0.000000000,1.000000000,0.000000000,-0.230717178,0.000002401,41.248413719,1.000000000
POINT0.MATRIX3=-0.995101789,0.098855601,0.000000000,0.000000000,-0.098855601,-0.995101789,0.000000000,0.000000000,0.000000000,-0.000000000,1.000000000,0.000000000,-0.268030937,-0.000216246,40.799957909,1.000000000
POINT1.BLHA=28.67734470,113.45869625,172.237,275.673275
POINT1.MATRIX0=-0.995101789,0.098855601,0.000000000,0.000000000,-0.098855601,-0.995101789,0.000000000,0.000000000,0.000000000,-0.000000000,1.000000000,0.000000000,0.180417517,0.119398607,40.762688316,1.000000000
POINT1.MATRIX1=-0.995101789,0.098855601,0.000000000,0.000000000,-0.098855601,-0.995101789,0.000000000,0.000000000,0.000000000,-0.000000000,1.000000000,0.000000000,0.217609806,0.119629322,41.211144128,1.000000000
POINT1.MATRIX2=-0.995101789,0.098855601,0.000000000,0.000000000,-0.098855601,-0.995101789,0.000000000,0.000000000,0.000000000,-0.000000000,1.000000000,0.000000000,-0.230716007,0.120005369,41.248413719,1.000000000
POINT1.MATRIX3=-0.995101789,0.098855601,0.000000000,0.000000000,-0.098855601,-0.995101789,0.000000000,0.000000000,0.000000000,-0.000000000,1.000000000,0.000000000,-0.268029767,0.119786722,40.799957909,1.000000000
