OBJECTMODELPOINTER=13a78437-ad2c-452a-8fd1-0733d19ccb25.dev
BASEFAMILY=4da53586-4b1b-477c-a9cf-d6dfe68df9ec.fam
TRANSFORMMATRIX=-1.000000000,0.000000000,-0.000000000,0.000000000,-0.000000000,-1.000000000,-0.000000000,0.000000000,0.000000000,0.000000000,1.000000000,0.000000000,5.396921467,5.397017538,-0.000000774,1.000000000
ENTITYNAME=Tower_Device
