OBJECTMODELPOINTER=33777c94-e4b9-4947-906f-f84480f3cb99.dev
BASEFAMILY=4dad3ea7-a1c7-42d0-96fa-895a7047e4dd.fam
BLHA=28.44721846,113.39002654,265.559825,242.026912
TRANSFORMMATRIX=0.002823309,-0.999996014,0.000040379,0.000000000,0.999996014,0.002823309,-0.000001798,0.000000000,0.000001685,0.000040384,0.999999999,0.000000000,11.293020580,256.765808587,22.707147366,1.000000000
ENTITYNAME=Wire_Device
