OBJECTMODELPOINTER=33777c94-e4b9-4947-906f-f84480f3cb99.dev
BASEFAMILY=4dc5b629-fea4-48c9-92b8-c54c2a23e97b.fam
BLHA=28.52451102,113.49042735,376.991440,210.734491
TRANSFORMMATRIX=0.021503616,-0.999768770,0.000031685,0.000000000,0.999768770,0.021503616,-0.000001795,0.000000000,0.000001113,0.000031716,0.999999999,0.000000000,7.538371235,202.197481812,-9.761458226,1.000000000
ENTITYNAME=Wire_Device
