ENTITYNAME=WIRE
BASEFAMILY=4dd50c44-aa40-45f5-b163-45f4e9eb311b.fam
OBJECTMODELPOINTER=81b82497-164d-48c0-b1cb-18fa700dacdf.dev
KVALUE=0.000368
SPLIT=4
POINT0.BLHA=28.60573334,113.47075261,228.045,294.633001
POINT0.MATRIX0=-0.908996188,0.416804426,0.000000000,0.000000000,-0.416804426,-0.908996188,-0.000000000,0.000000000,-0.000000000,-0.000000000,1.000000000,0.000000000,0.224988734,0.109790227,42.999999075,1.000000000
POINT0.MATRIX1=-0.908996188,0.416804426,0.000000000,0.000000000,-0.416804426,-0.908996188,-0.000000000,0.000000000,-0.000000000,-0.000000000,1.000000000,0.000000000,0.224988734,0.109790227,43.449999837,1.000000000
POINT0.MATRIX2=-0.908996188,0.416804426,0.000000000,0.000000000,-0.416804426,-0.908996188,-0.000000000,0.000000000,-0.000000000,-0.000000000,1.000000000,0.000000000,-0.225104872,0.109901346,43.449999837,1.000000000
POINT0.MATRIX3=-0.908996188,0.416804426,0.000000000,0.000000000,-0.416804426,-0.908996188,-0.000000000,0.000000000,-0.000000000,-0.000000000,1.000000000,0.000000000,-0.225104872,0.109901346,42.999999074,1.000000000
POINT1.BLHA=28.60189794,113.47276867,201.465,294.633001
POINT1.MATRIX0=-0.908996188,0.416804426,-0.000000000,0.000000000,-0.416804426,-0.908996188,0.000000000,0.000000000,-0.000000000,-0.000000000,1.000000000,0.000000000,0.225053289,-0.110294389,40.000000036,1.000000000
POINT1.MATRIX1=-0.908996188,0.416804426,-0.000000000,0.000000000,-0.416804426,-0.908996188,0.000000000,0.000000000,-0.000000000,-0.000000000,1.000000000,0.000000000,0.225053289,-0.110294389,40.449996984,1.000000000
POINT1.MATRIX2=-0.908996188,0.416804426,-0.000000000,0.000000000,-0.416804426,-0.908996188,0.000000000,0.000000000,-0.000000000,-0.000000000,1.000000000,0.000000000,-0.225040318,-0.110183270,40.449996983,1.000000000
POINT1.MATRIX3=-0.908996188,0.416804426,-0.000000000,0.000000000,-0.416804426,-0.908996188,0.000000000,0.000000000,-0.000000000,-0.000000000,1.000000000,0.000000000,-0.225040318,-0.110183270,40.000000035,1.000000000
