ENTITYNAME=WIRE
BASEFAMILY=4dd76527-5bf9-45f8-8a48-f2d1c323871d.fam
OBJECTMODELPOINTER=81b82497-164d-48c0-b1cb-18fa700dacdf.dev
KVALUE=0.000000
SPLIT=4
POINT0.BLHA=28.45588678,113.39517230,249.934,242.026912
POINT0.MATRIX0=-0.883168008,-0.469056788,-0.000000000,0.000000000,0.469056788,-0.883168008,-0.000000000,0.000000000,0.000000000,0.000000000,1.000000000,0.000000000,-11.645488423,-0.479209593,43.741101275,1.000000000
POINT0.MATRIX1=-0.883168008,-0.469056788,-0.000000000,0.000000000,0.469056788,-0.883168008,-0.000000000,0.000000000,0.000000000,0.000000000,1.000000000,0.000000000,-11.645488423,-0.479209593,44.191102038,1.000000000
POINT0.MATRIX2=-0.883168008,-0.469056788,-0.000000000,0.000000000,0.469056788,-0.883168008,-0.000000000,0.000000000,0.000000000,0.000000000,1.000000000,0.000000000,-12.095401244,-0.481531040,44.191102037,1.000000000
POINT0.MATRIX3=-0.883168008,-0.469056788,-0.000000000,0.000000000,0.469056788,-0.883168008,-0.000000000,0.000000000,0.000000000,0.000000000,1.000000000,0.000000000,-12.095401244,-0.481531040,43.741101275,1.000000000
POINT1.BLHA=28.45588678,113.39517230,249.934,242.026912
POINT1.MATRIX0=-0.883168008,-0.469056788,-0.000000000,0.000000000,0.469056788,-0.883168008,-0.000000000,0.000000000,0.000000000,0.000000000,1.000000000,0.000000000,-11.643163372,0.484799491,43.741101275,1.000000000
POINT1.MATRIX1=-0.883168008,-0.469056788,-0.000000000,0.000000000,0.469056788,-0.883168008,-0.000000000,0.000000000,0.000000000,0.000000000,1.000000000,0.000000000,-11.643163372,0.484799491,44.191102037,1.000000000
POINT1.MATRIX2=-0.883168008,-0.469056788,-0.000000000,0.000000000,0.469056788,-0.883168008,-0.000000000,0.000000000,0.000000000,0.000000000,1.000000000,0.000000000,-12.092915206,0.475928985,44.191102038,1.000000000
POINT1.MATRIX3=-0.883168008,-0.469056788,-0.000000000,0.000000000,0.469056788,-0.883168008,-0.000000000,0.000000000,0.000000000,0.000000000,1.000000000,0.000000000,-12.092915206,0.475928985,43.741101275,1.000000000
