OBJECTMODELPOINTER=2a23302a-1de6-46d2-a3e4-57de85712277.dev
BASEFAMILY=4dd9dab9-ff14-452c-8bfc-5491bc80c981.fam
TRANSFORMMATRIX=0.003157649,-0.999994743,0.000001577,0.000000000,0.999995284,0.003158283,-0.000000472,0.000000000,0.000000000,-0.000000000,1.000000000,0.000000000,13.319999999,-0.600000000,63.000000000,1.000000000
ENTITYNAME=Tower_Device
