ENTITYNAME=WIRE
BASEFAMILY=4ddcea95-9fc5-4722-b492-5216af0c2014.fam
OBJECTMODELPOINTER=31970f28-780e-4bf1-8adb-439f78c329a3.dev
KVALUE=0.000226
SPLIT=1
POINT0.BLHA=28.36995278,113.36656265,67.148,253.042546
POINT0.MATRIX0=-0.956521597,-0.291661508,0.000000000,0.000000000,0.291661508,-0.956521597,-0.000000000,0.000000000,0.000000000,0.000000000,1.000000000,0.000000000,-7.140510330,1.457834846,43.949743448,1.000000000
POINT1.BLHA=28.36788990,113.36378392,64.429,219.706007
POINT1.MATRIX0=-0.638848483,-0.769332578,0.000000000,0.000000000,0.769332578,-0.638848483,0.000000000,0.000000000,0.000000000,0.000000000,1.000000000,0.000000000,-9.872589784,-0.619698238,48.558009231,1.000000000
