OBJECTMODELPOINTER=13a78437-ad2c-452a-8fd1-0733d19ccb25.dev
BASEFAMILY=4de1ec46-d2e0-4265-af6a-18c508c86960.fam
TRANSFORMMATRIX=0.000000000,-1.000000000,-0.000000000,0.000000000,1.000000000,0.000000000,0.000000000,0.000000000,-0.000000000,-0.000000000,1.000000000,0.000000000,-3.417042455,3.417262770,-0.000001833,1.000000000
ENTITYNAME=Tower_Device
