OBJECTMODELPOINTER=33777c94-e4b9-4947-906f-f84480f3cb99.dev
BASEFAMILY=4de93e78-05ce-4a4d-a1b5-855082b8b02d.fam
BLHA=28.49037109,113.42431436,249.696550,224.957371
TRANSFORMMATRIX=-0.000025529,-0.999999997,0.000066413,0.000000000,1.000000000,-0.000025529,0.000000496,0.000000000,-0.000000494,0.000066413,0.999999998,0.000000000,-2.051788846,422.827976879,12.936670908,1.000000000
ENTITYNAME=Wire_Device
