OBJECTMODELPOINTER=33777c94-e4b9-4947-906f-f84480f3cb99.dev
BASEFAMILY=4e0054ee-3610-4b7f-b188-2c3916dfce02.fam
BLHA=28.31135450,113.43043530,49.303319,335.449580
TRANSFORMMATRIX=-0.004710896,-0.999988902,0.000064255,0.000000000,0.999988904,-0.004710896,-0.000000960,0.000000000,0.000001263,0.000064250,0.999999998,0.000000000,7.220298319,409.726570793,32.958087248,1.000000000
ENTITYNAME=Wire_Device
