ENTITYNAME=WIRE
BASEFAMILY=4e072578-de4e-45e9-a1a4-0a1755ff5be3.fam
OBJECTMODELPOINTER=31970f28-780e-4bf1-8adb-439f78c329a3.dev
KVALUE=0.000218
SPLIT=1
POINT0.BLHA=28.31529425,113.41760444,47.126,0.896163
POINT0.MATRIX0=0.015640353,0.999877682,0.000000000,0.000000000,-0.999877682,0.015640353,0.000000000,0.000000000,0.000000000,-0.000000000,1.000000000,0.000000000,10.799090221,0.310103611,63.558001752,1.000000000
POINT1.BLHA=28.31534552,113.42043692,48.734,348.172871
POINT1.MATRIX0=-0.204959508,0.978770453,-0.000000000,0.000000000,-0.978770453,-0.204959508,-0.000000000,0.000000000,0.000000000,0.000000000,1.000000000,0.000000000,12.642576487,-1.047374455,67.247479294,1.000000000
