OBJECTMODELPOINTER=33777c94-e4b9-4947-906f-f84480f3cb99.dev
BASEFAMILY=4e095f25-9c30-47ae-a3b0-eb8a6fda400c.fam
BLHA=28.61307891,113.46689101,233.448700,464.034761
TRANSFORMMATRIX=-0.181620660,0.983368666,0.000060614,0.000000000,-0.983368667,-0.181620660,0.000000327,0.000000000,0.000011330,-0.000059546,0.999999998,0.000000000,72.763466728,-378.341891740,4.190043885,1.000000000
ENTITYNAME=Wire_Device
