OBJECTMODELPOINTER=487d7636-0287-4298-8cd7-3aeec787f404.dev
BASEFAMILY=4e3aad34-3d46-448e-876b-537574f62a1e.fam
TRANSFORMMATRIX=-0.002349577,0.018115641,-0.999833186,0.000000000,-0.991699957,-0.128573326,-0.000000900,0.000000000,-0.128551533,0.991534551,0.018268505,0.000000000,5.500000000,-0.900000000,44.000000000,1.000000000
ENTITYNAME=Tower_Device
