OBJECTMODELPOINTER=33777c94-e4b9-4947-906f-f84480f3cb99.dev
BASEFAMILY=4e42b8d2-e1eb-49dd-a795-447f7b6a7cfe.fam
BLHA=28.26907527,113.47529619,67.190721,514.001895
TRANSFORMMATRIX=-0.371987301,0.928237818,0.000035430,0.000000000,-0.928237818,-0.371987301,-0.000001845,0.000000000,0.000011468,-0.000033575,0.999999999,0.000000000,73.326470807,-214.241123811,65.319461963,1.000000000
ENTITYNAME=Wire_Device
