OBJECTMODELPOINTER=33777c94-e4b9-4947-906f-f84480f3cb99.dev
BASEFAMILY=4e43b55c-c21f-4aa8-9501-65cf28f0c08a.fam
BLHA=28.31435017,113.39267151,117.559440,4.996372
TRANSFORMMATRIX=0.000005575,-1.000000000,0.000005391,0.000000000,1.000000000,0.000005575,-0.000001523,0.000000000,0.000001523,0.000005391,1.000000000,0.000000000,9.687710892,34.416152172,46.277235761,1.000000000
ENTITYNAME=Wire_Device
