OBJECTMODELPOINTER=33777c94-e4b9-4947-906f-f84480f3cb99.dev
BASEFAMILY=4e4a1c3b-a0c6-4c8b-8551-ddaf4894133f.fam
BLHA=28.31515909,113.41015274,70.673124,0.896163
TRANSFORMMATRIX=0.000022273,-0.999999999,0.000036283,0.000000000,1.000000000,0.000022273,0.000001240,0.000000000,-0.000001241,0.000036283,0.999999999,0.000000000,-7.857934177,231.597173147,32.140098260,1.000000000
ENTITYNAME=Wire_Device
