OBJECTMODELPOINTER=33777c94-e4b9-4947-906f-f84480f3cb99.dev
BASEFAMILY=4e5ae70c-6e79-4939-886a-50ff365dd8b8.fam
BLHA=28.28492071,113.44885804,59.682173,504.180323
TRANSFORMMATRIX=-0.403074618,0.915167117,0.000000018,0.000000000,-0.915167117,-0.403074618,-0.000001729,0.000000000,-0.000001575,-0.000000713,1.000000000,0.000000000,-10.009571265,-4.520498923,31.223605979,1.000000000
ENTITYNAME=Wire_Device
