OBJECTMODELPOINTER=33777c94-e4b9-4947-906f-f84480f3cb99.dev
BASEFAMILY=4e613f32-5ecc-48ca-ad5a-81dfcf9abdb2.fam
BLHA=28.72596649,113.45194319,126.516960,450.796525
TRANSFORMMATRIX=-0.202814178,0.979217243,0.000016586,0.000000000,-0.979217243,-0.202814178,-0.000001200,0.000000000,0.000002189,-0.000016485,1.000000000,0.000000000,13.979421758,-104.683983987,27.032300934,1.000000000
ENTITYNAME=Wire_Device
