OBJECTMODELPOINTER=9db5d7ea-afca-42b7-996b-6d1cb24b49c9.dev
BASEFAMILY=4e677023-5475-464a-b003-a27f87c78da1.fam
TRANSFORMMATRIX=-0.000000074,0.999999754,-0.000001525,0.000000000,-1.000000246,0.000000595,-0.000000611,0.000000000,-0.000000000,0.000000000,1.000000000,0.000000000,7.500000000,-4.000000000,43.000000000,1.000000000
ENTITYNAME=Tower_Device
