OBJECTMODELPOINTER=146d895a-fdff-4646-a5ce-e15abbf3f3eb.dev
BASEFAMILY=4e6b643b-91db-4292-9943-bb53dbc20a55.fam
TRANSFORMMATRIX=0.000000000,1.000000000,0.000000000,0.000000000,-1.000000000,0.000000000,-0.000000000,0.000000000,-0.000000000,0.000000000,1.000000000,0.000000000,5.810495892,-5.810185361,-0.000002804,1.000000000
ENTITYNAME=Tower_Device
