OBJECTMODELPOINTER=33777c94-e4b9-4947-906f-f84480f3cb99.dev
BASEFAMILY=4e74d85c-a8ba-4e58-89b8-f3e2e65ba5b3.fam
BLHA=28.70879307,113.45409149,169.216562,451.156517
TRANSFORMMATRIX=-0.000005173,1.000000000,-0.000000056,0.000000000,-1.000000000,-0.000005173,0.000001175,0.000000000,0.000001175,0.000000056,1.000000000,0.000000000,7.498413441,0.354142993,37.422632356,1.000000000
ENTITYNAME=Wire_Device
