ENTITYNAME=WIRE
BASEFAMILY=4e7cb060-3be6-4b8e-8efe-6b6c49e74ec9.fam
OBJECTMODELPOINTER=31970f28-780e-4bf1-8adb-439f78c329a3.dev
KVALUE=0.000240
SPLIT=1
POINT0.BLHA=28.53408910,113.50849608,458.182,233.242345
POINT0.MATRIX0=-0.801173862,-0.598431653,0.000000000,0.000000000,0.598431653,-0.801173862,0.000000000,0.000000000,-0.000000000,0.000000000,1.000000000,0.000000000,5.256068563,1.503586771,43.887362991,1.000000000
POINT1.BLHA=28.53088729,113.50245510,443.025,210.734491
POINT1.MATRIX0=-0.511060437,-0.859544780,-0.000000000,0.000000000,0.859544780,-0.511060437,-0.000000000,0.000000000,-0.000000000,-0.000000000,1.000000000,0.000000000,9.871729457,-0.309907739,54.558008625,1.000000000
