OBJECTMODELPOINTER=33777c94-e4b9-4947-906f-f84480f3cb99.dev
BASEFAMILY=4e893010-b375-40e0-a0c7-fd59331f1411.fam
BLHA=28.37974338,113.36324559,104.024514,459.829193
TRANSFORMMATRIX=-0.128339420,0.991730303,0.000017721,0.000000000,-0.991730303,-0.128339420,0.000001192,0.000000000,0.000003456,-0.000017422,1.000000000,0.000000000,22.155983394,-110.661301508,7.597552721,1.000000000
ENTITYNAME=Wire_Device
