OBJECTMODELPOINTER=33777c94-e4b9-4947-906f-f84480f3cb99.dev
BASEFAMILY=4e91a7e7-ce93-415d-b56c-68821eff9737.fam
BLHA=28.28149698,113.45977476,95.758412,340.232800
TRANSFORMMATRIX=-0.001888534,-0.999998217,0.000005855,0.000000000,0.999998217,-0.001888534,-0.000001536,0.000000000,0.000001546,0.000005851,1.000000000,0.000000000,9.764358756,37.313534995,51.333365526,1.000000000
ENTITYNAME=Wire_Device
