ENTITYNAME=WIRE
BASEFAMILY=4e96a733-937e-4d19-a448-21acd7b32037.fam
OBJECTMODELPOINTER=81b82497-164d-48c0-b1cb-18fa700dacdf.dev
KVALUE=0.000373
SPLIT=4
POINT0.BLHA=28.29509828,113.44289412,61.744,287.794387
POINT0.MATRIX0=-0.952159334,0.305602035,0.000000000,0.000000000,-0.305602035,-0.952159334,0.000000000,0.000000000,0.000000000,0.000000000,1.000000000,0.000000000,-9.335087210,0.131083421,48.416807073,1.000000000
POINT0.MATRIX1=-0.952159334,0.305602035,0.000000000,0.000000000,-0.305602035,-0.952159334,0.000000000,0.000000000,0.000000000,0.000000000,1.000000000,0.000000000,-9.148546276,0.130698335,48.880659001,1.000000000
POINT0.MATRIX2=-0.952159334,0.305602035,0.000000000,0.000000000,-0.305602035,-0.952159334,0.000000000,0.000000000,0.000000000,0.000000000,1.000000000,0.000000000,-9.612654511,0.129915163,49.067319768,1.000000000
POINT0.MATRIX3=-0.952159334,0.305602035,0.000000000,0.000000000,-0.305602035,-0.952159334,0.000000000,0.000000000,0.000000000,0.000000000,1.000000000,0.000000000,-9.799180916,0.130295587,48.603467840,1.000000000
POINT1.BLHA=28.29096601,113.44441625,53.540,287.794387
POINT1.MATRIX0=-0.952159334,0.305602035,0.000000000,0.000000000,-0.305602035,-0.952159334,0.000000000,0.000000000,-0.000000000,-0.000000000,1.000000000,0.000000000,-9.335340106,-0.129776431,48.416802685,1.000000000
POINT1.MATRIX1=-0.952159334,0.305602035,0.000000000,0.000000000,-0.305602035,-0.952159334,0.000000000,0.000000000,-0.000000000,-0.000000000,1.000000000,0.000000000,-9.148799172,-0.130161518,48.880654614,1.000000000
POINT1.MATRIX2=-0.952159334,0.305602035,0.000000000,0.000000000,-0.305602035,-0.952159334,0.000000000,0.000000000,-0.000000000,-0.000000000,1.000000000,0.000000000,-9.612892879,-0.130949353,49.067315381,1.000000000
POINT1.MATRIX3=-0.952159334,0.305602035,0.000000000,0.000000000,-0.305602035,-0.952159334,0.000000000,0.000000000,-0.000000000,-0.000000000,1.000000000,0.000000000,-9.799433813,-0.130564266,48.603463452,1.000000000
