OBJECTMODELPOINTER=33777c94-e4b9-4947-906f-f84480f3cb99.dev
BASEFAMILY=4ea3c24f-6a40-4a9c-a836-bb9c778e4c05.fam
BLHA=28.31534552,113.42043692,48.733934,348.172871
TRANSFORMMATRIX=-0.199820046,-0.979832613,0.000000937,0.000000000,0.979832613,-0.199820046,-0.000001202,0.000000000,0.000001365,0.000000678,1.000000000,0.000000000,8.665355322,4.314686206,54.781264417,1.000000000
ENTITYNAME=Wire_Device
