OBJECTMODELPOINTER=33777c94-e4b9-4947-906f-f84480f3cb99.dev
BASEFAMILY=4eb73d28-b78b-4af1-adf5-677daa076b64.fam
BLHA=28.38706938,113.36490839,130.458199,249.667673
TRANSFORMMATRIX=-0.000008013,-0.999999999,0.000035657,0.000000000,1.000000000,-0.000008013,0.000000252,0.000000000,-0.000000251,0.000035657,0.999999999,0.000000000,-1.219205916,226.559316782,40.581906479,1.000000000
ENTITYNAME=Wire_Device
