OBJECTMODELPOINTER=33777c94-e4b9-4947-906f-f84480f3cb99.dev
BASEFAMILY=4ebd8c10-0dbf-4059-97b5-8b05eee7d319.fam
BLHA=28.62772353,113.46582002,199.212660,273.436520
TRANSFORMMATRIX=-0.001504054,-0.999998869,0.000005433,0.000000000,0.999998869,-0.001504054,-0.000001837,0.000000000,0.000001845,0.000005431,1.000000000,0.000000000,11.767860869,34.481478129,28.484992772,1.000000000
ENTITYNAME=Wire_Device
