OBJECTMODELPOINTER=33777c94-e4b9-4947-906f-f84480f3cb99.dev
BASEFAMILY=4ec689e2-f8fe-4aca-9a06-930812cbb6e9.fam
BLHA=28.31523299,113.41422428,48.000024,0.896163
TRANSFORMMATRIX=0.000018231,-0.999999999,0.000037386,0.000000000,1.000000000,0.000018231,0.000001677,0.000000000,-0.000001677,0.000037385,0.999999999,0.000000000,-10.630616420,238.631885624,34.607624542,1.000000000
ENTITYNAME=Wire_Device
