OBJECTMODELPOINTER=0286a96a-41d3-4cb9-8956-1e4e7db3e14d.dev
BASEFAMILY=4ed56e36-148f-4259-851f-04267e74bc52.fam
TRANSFORMMATRIX=0.883071966,-0.143720147,-0.446686114,0.000000000,0.452202913,0.006484949,0.891891478,0.000000000,-0.125285552,-0.989597195,0.070717202,0.000000000,1.384939759,1.384939758,37.000000001,1.000000000
ENTITYNAME=Tower_Device
