OBJECTMODELPOINTER=33777c94-e4b9-4947-906f-f84480f3cb99.dev
BASEFAMILY=4eec54eb-e522-47b3-82d8-f0cb14312958.fam
BLHA=28.28149698,113.45977476,95.758412,340.232800
TRANSFORMMATRIX=-0.001568824,-0.999998769,0.000018668,0.000000000,0.999998769,-0.001568824,-0.000001185,0.000000000,0.000001214,0.000018666,1.000000000,0.000000000,7.515912089,119.066141233,28.053472938,1.000000000
ENTITYNAME=Wire_Device
