OBJECTMODELPOINTER=33777c94-e4b9-4947-906f-f84480f3cb99.dev
BASEFAMILY=4eeddbe1-0fae-4bd8-9004-2dbadabf77ef.fam
BLHA=28.37348418,113.36536629,69.677902,286.379084
TRANSFORMMATRIX=-0.001023805,-0.999999474,0.000056330,0.000000000,0.999999476,-0.001023805,0.000000216,0.000000000,-0.000000158,0.000056330,0.999999998,0.000000000,-1.514046963,357.839580865,28.983376969,1.000000000
ENTITYNAME=Wire_Device
