OBJECTMODELPOINTER=33777c94-e4b9-4947-906f-f84480f3cb99.dev
BASEFAMILY=4ef270c9-796e-490e-81ec-fa43f7977f2f.fam
BLHA=28.33832123,113.36372877,73.392099,278.143009
TRANSFORMMATRIX=0.016149150,-0.999869593,0.000049416,0.000000000,0.999869594,0.016149150,-0.000001870,0.000000000,0.000001072,0.000049441,0.999999999,0.000000000,6.608783628,313.966778926,29.343879836,1.000000000
ENTITYNAME=Wire_Device
