OBJECTMODELPOINTER=33777c94-e4b9-4947-906f-f84480f3cb99.dev
BASEFAMILY=4f12659e-fc77-432e-898d-79e414a61310.fam
BLHA=28.78468964,113.48433856,117.864116,408.814230
TRANSFORMMATRIX=0.130973792,0.991385831,-0.000000928,0.000000000,-0.991385831,0.130973792,0.000001207,0.000000000,0.000001318,0.000000761,1.000000000,0.000000000,8.407047026,4.868268466,25.710278084,1.000000000
ENTITYNAME=Wire_Device
