ENTITYNAME=WIRE
BASEFAMILY=4f14a38e-1a9d-4d92-8ef6-beae6633e6e5.fam
OBJECTMODELPOINTER=31970f28-780e-4bf1-8adb-439f78c329a3.dev
KVALUE=0.000225
SPLIT=1
POINT0.BLHA=28.80183094,113.50568524,205.478,227.348291
POINT0.MATRIX0=-0.735485915,-0.677540012,-0.000000000,0.000000000,0.677540012,-0.735485915,0.000000000,0.000000000,-0.000000000,0.000000000,1.000000000,0.000000000,9.870993316,0.310747873,54.557997978,1.000000000
POINT1.BLHA=28.79959310,113.50336431,218.110,224.374488
POINT1.MATRIX0=-0.699345139,-0.714784147,-0.000000000,0.000000000,0.714784147,-0.699345139,0.000000000,0.000000000,-0.000000000,0.000000000,1.000000000,0.000000000,5.544155318,-1.563498970,37.957908761,1.000000000
