OBJECTMODELPOINTER=33777c94-e4b9-4947-906f-f84480f3cb99.dev
BASEFAMILY=4f19848f-daff-4f3d-afbf-adf3248e8189.fam
BLHA=28.31510010,113.40690744,78.265120,0.896163
TRANSFORMMATRIX=-0.002084520,-0.999997827,0.000035892,0.000000000,0.999997827,-0.002084520,0.000001462,0.000000000,-0.000001387,0.000035895,0.999999999,0.000000000,-8.786853775,229.116280248,26.717294050,1.000000000
ENTITYNAME=Wire_Device
