OBJECTMODELPOINTER=33777c94-e4b9-4947-906f-f84480f3cb99.dev
BASEFAMILY=4f1f7bcd-fe5b-43cc-b353-5579ce541735.fam
BLHA=28.53408910,113.50849608,458.182485,233.242345
TRANSFORMMATRIX=-0.000017051,-1.000000000,-0.000000073,0.000000000,1.000000000,-0.000017051,-0.000001178,0.000000000,0.000001178,-0.000000073,1.000000000,0.000000000,7.502136380,-0.448818999,37.434786092,1.000000000
ENTITYNAME=Wire_Device
