OBJECTMODELPOINTER=33777c94-e4b9-4947-906f-f84480f3cb99.dev
BASEFAMILY=4f225630-0679-4d0f-a957-3d7c55e4e7c5.fam
BLHA=28.42958283,113.37956045,205.551749,428.016547
TRANSFORMMATRIX=-0.091194251,0.995833123,0.000017441,0.000000000,-0.995833123,-0.091194251,-0.000001070,0.000000000,0.000000525,-0.000017465,1.000000000,0.000000000,3.150338795,-110.986085816,17.081603869,1.000000000
ENTITYNAME=Wire_Device
