OBJECTMODELPOINTER=33777c94-e4b9-4947-906f-f84480f3cb99.dev
BASEFAMILY=4f26a247-7e1b-4e2b-9ac6-67676b8df566.fam
BLHA=28.37974338,113.36324559,104.024514,459.829193
TRANSFORMMATRIX=-0.110208296,0.993908512,0.000026576,0.000000000,-0.993908513,-0.110208296,0.000000306,0.000000000,0.000003234,-0.000026380,1.000000000,0.000000000,20.781453551,-167.559674269,7.550432493,1.000000000
ENTITYNAME=Wire_Device
