OBJECTMODELPOINTER=379ad557-ff54-4f1c-ab79-7824e40c8fe3.dev
BASEFAMILY=4f2a15c7-a610-4d90-9f1e-ea576703f759.fam
TRANSFORMMATRIX=0.000000825,1.000000404,0.000001109,0.000000000,-0.999999596,0.000000647,-0.000001213,0.000000000,-0.000000000,0.000000000,1.000000000,0.000000000,-12.000000000,0.000000000,36.000000000,1.000000000
ENTITYNAME=Tower_Device
