ENTITYNAME=WIRE
BASEFAMILY=4f31e4d9-10e7-4d19-975b-2cbe3e0a4d87.fam
OBJECTMODELPOINTER=31970f28-780e-4bf1-8adb-439f78c329a3.dev
KVALUE=0.000233
SPLIT=1
POINT0.BLHA=28.36295604,113.35959378,63.084,458.145379
POINT0.MATRIX0=0.989911752,-0.141685295,0.000000000,0.000000000,0.141685295,0.989911752,-0.000000000,0.000000000,0.000000000,0.000000000,1.000000000,0.000000000,-6.016096327,-1.562343369,44.056664217,1.000000000
POINT1.BLHA=28.36075913,113.35996262,84.531,278.143009
POINT1.MATRIX0=-0.989917611,0.141644356,0.000000000,0.000000000,-0.141644356,-0.989917611,0.000000000,0.000000000,-0.000000000,-0.000000000,1.000000000,0.000000000,11.957463206,-0.634209042,57.558009646,1.000000000
