OBJECTMODELPOINTER=33777c94-e4b9-4947-906f-f84480f3cb99.dev
BASEFAMILY=4f36e1d4-1357-4d48-b9ad-afc04e8bc923.fam
BLHA=28.80841146,113.51251091,171.150662,227.348291
TRANSFORMMATRIX=-0.000000918,-1.000000000,0.000013738,0.000000000,1.000000000,-0.000000918,0.000001956,0.000000000,-0.000001956,0.000013737,1.000000000,0.000000000,-12.228337706,87.416077362,43.810585522,1.000000000
ENTITYNAME=Wire_Device
