OBJECTMODELPOINTER=33777c94-e4b9-4947-906f-f84480f3cb99.dev
BASEFAMILY=4f43c3df-adac-4397-9fed-f41e79c9aa9e.fam
BLHA=28.80418340,113.50812520,199.973454,227.348291
TRANSFORMMATRIX=-0.000018380,-0.999999999,0.000049918,0.000000000,1.000000000,-0.000018380,0.000000340,0.000000000,-0.000000339,0.000049918,0.999999999,0.000000000,-1.338671075,317.749864345,44.747807492,1.000000000
ENTITYNAME=Wire_Device
