OBJECTMODELPOINTER=71fd3c9d-853a-4e08-a4b6-c5aba099ef63.dev
BASEFAMILY=4f5bf3ee-0c56-4285-895d-67dad1d7cb90.fam
TRANSFORMMATRIX=0.035160009,-0.106665658,-0.993672956,0.000000000,-0.949731601,-0.313065732,-0.000000891,0.000000000,-0.311085310,0.943722354,-0.112312281,0.000000000,-10.000000000,-1.171500000,30.000000000,1.000000000
ENTITYNAME=Tower_Device
