OBJECTMODELPOINTER=33777c94-e4b9-4947-906f-f84480f3cb99.dev
BASEFAMILY=4f66e4ef-17b2-498d-9831-0046513db8fd.fam
BLHA=28.78677028,113.48699418,119.837662,221.400685
TRANSFORMMATRIX=0.003370797,-0.999994319,0.000026425,0.000000000,0.999994319,0.003370797,0.000000186,0.000000000,-0.000000275,0.000026424,1.000000000,0.000000000,-1.320158974,168.288544950,33.624240190,1.000000000
ENTITYNAME=Wire_Device
