OBJECTMODELPOINTER=33777c94-e4b9-4947-906f-f84480f3cb99.dev
BASEFAMILY=4f671a4f-1cab-412d-9055-728888ada13b.fam
BLHA=28.81363020,113.51792493,127.559863,396.804576
TRANSFORMMATRIX=-0.192624097,0.981272621,0.000028154,0.000000000,-0.981272621,-0.192624097,0.000001314,0.000000000,0.000006713,-0.000027374,1.000000000,0.000000000,42.274712972,-174.304400514,22.154328404,1.000000000
ENTITYNAME=Wire_Device
