OBJECTMODELPOINTER=33777c94-e4b9-4947-906f-f84480f3cb99.dev
BASEFAMILY=4f6fedc6-6f39-40f4-ad4d-1bf3b7b9d5cb.fam
BLHA=28.50885387,113.46090739,244.701846,210.734491
TRANSFORMMATRIX=-0.000025182,-0.999999998,0.000053526,0.000000000,1.000000000,-0.000025182,0.000000368,0.000000000,-0.000000367,0.000053526,0.999999999,0.000000000,-1.557364186,341.202250984,47.494762821,1.000000000
ENTITYNAME=Wire_Device
