OBJECTMODELPOINTER=33777c94-e4b9-4947-906f-f84480f3cb99.dev
BASEFAMILY=4f8128f2-3bf6-420d-8009-af098afd4616.fam
BLHA=28.58307238,113.48148471,281.708531,287.849619
TRANSFORMMATRIX=0.012867732,-0.999917207,0.000005178,0.000000000,0.999917207,0.012867732,-0.000002075,0.000000000,0.000002008,0.000005204,1.000000000,0.000000000,12.763604428,33.045065673,44.945877306,1.000000000
ENTITYNAME=Wire_Device
