OBJECTMODELPOINTER=33777c94-e4b9-4947-906f-f84480f3cb99.dev
BASEFAMILY=4f81d499-39e8-4364-b9f4-44c92117cf9d.fam
BLHA=28.29096601,113.44441625,53.539724,287.794387
TRANSFORMMATRIX=0.006126388,-0.999981234,0.000005122,0.000000000,0.999981234,0.006126388,0.000001500,0.000000000,-0.000001532,0.000005112,1.000000000,0.000000000,-9.821848481,32.493201536,45.911880168,1.000000000
ENTITYNAME=Wire_Device
