OBJECTMODELPOINTER=960862c2-d413-403a-a606-c07eb0f61db7.dev
BASEFAMILY=4fa598ff-3ba5-4c10-9752-470ca3d97976.fam
TRANSFORMMATRIX=0.000000284,0.999999596,0.000000894,0.000000000,-1.000000404,0.000000047,0.000001376,0.000000000,0.000000000,0.000000000,1.000000000,0.000000000,7.500000000,4.000000000,43.000000001,1.000000000
ENTITYNAME=Tower_Device
