OBJECTMODELPOINTER=33777c94-e4b9-4947-906f-f84480f3cb99.dev
BASEFAMILY=4faf8980-7d36-4333-8aa8-de90729cc689.fam
BLHA=28.75355465,113.46093365,124.778931,236.227775
TRANSFORMMATRIX=-0.004192372,-0.999991212,0.000027244,0.000000000,0.999991212,-0.004192372,0.000002279,0.000000000,-0.000002165,0.000027254,1.000000000,0.000000000,-13.378955482,173.314087656,31.104750831,1.000000000
ENTITYNAME=Wire_Device
