OBJECTMODELPOINTER=33777c94-e4b9-4947-906f-f84480f3cb99.dev
BASEFAMILY=4fbfc664-47f6-472a-b1c2-a3510701c6b2.fam
BLHA=28.36295604,113.35959378,63.083646,458.145379
TRANSFORMMATRIX=-0.026348105,0.999652828,0.000025328,0.000000000,-0.999652828,-0.026348105,0.000001283,0.000000000,0.000001950,-0.000025286,1.000000000,0.000000000,12.561146779,-160.588943380,49.969214032,1.000000000
ENTITYNAME=Wire_Device
