OBJECTMODELPOINTER=33777c94-e4b9-4947-906f-f84480f3cb99.dev
BASEFAMILY=4fcceff3-d5d2-4cba-9aa1-1b517ba126ee.fam
BLHA=28.41010958,113.37337020,176.661664,254.006183
TRANSFORMMATRIX=-0.000008780,-0.999999999,0.000050480,0.000000000,1.000000000,-0.000008780,0.000000331,0.000000000,-0.000000331,0.000050480,0.999999999,0.000000000,-1.668209347,320.671874097,19.977545806,1.000000000
ENTITYNAME=Wire_Device
