OBJECTMODELPOINTER=33777c94-e4b9-4947-906f-f84480f3cb99.dev
BASEFAMILY=4fd589a8-4747-4e0e-ab18-0f5cb700965c.fam
BLHA=28.62772353,113.46582002,199.212660,273.436520
TRANSFORMMATRIX=0.001504689,-0.999998868,0.000005415,0.000000000,0.999998868,0.001504690,0.000001882,0.000000000,-0.000001890,0.000005412,1.000000000,0.000000000,-12.075400624,34.375203923,28.484998553,1.000000000
ENTITYNAME=Wire_Device
