ENTITYNAME=WIRE
BASEFAMILY=4fd7edda-f833-4dc3-b778-027705c00822.fam
OBJECTMODELPOINTER=81b82497-164d-48c0-b1cb-18fa700dacdf.dev
KVALUE=0.093211
SPLIT=4
POINT0.BLHA=28.45391595,113.39400228,204.515,242.026912
POINT0.MATRIX0=-0.883168008,-0.469056788,-0.000000000,0.000000000,0.469056788,-0.883168008,-0.000000000,0.000000000,-0.000000000,-0.000000000,1.000000000,0.000000000,8.015047232,0.000561295,25.789998413,1.000000000
POINT0.MATRIX1=-0.883168008,-0.469056788,-0.000000000,0.000000000,0.469056788,-0.883168008,-0.000000000,0.000000000,-0.000000000,-0.000000000,1.000000000,0.000000000,8.015047232,0.000561294,26.239998401,1.000000000
POINT0.MATRIX2=-0.883168008,-0.469056788,-0.000000000,0.000000000,0.469056788,-0.883168008,-0.000000000,0.000000000,-0.000000000,-0.000000000,1.000000000,0.000000000,7.565047188,0.000561529,26.239998402,1.000000000
POINT0.MATRIX3=-0.883168008,-0.469056788,-0.000000000,0.000000000,0.469056788,-0.883168008,-0.000000000,0.000000000,-0.000000000,-0.000000000,1.000000000,0.000000000,7.565047188,0.000561529,25.789998414,1.000000000
POINT1.BLHA=28.45391595,113.39400228,204.515,242.026912
POINT1.MATRIX0=-0.883168008,-0.469056788,-0.000000000,0.000000000,0.469056788,-0.883168008,-0.000000000,0.000000000,-0.000000000,-0.000000000,1.000000000,0.000000000,8.080211734,8.965866387,28.709131540,1.000000000
POINT1.MATRIX1=-0.883168008,-0.469056788,-0.000000000,0.000000000,0.469056788,-0.883168008,-0.000000000,0.000000000,-0.000000000,-0.000000000,1.000000000,0.000000000,8.120968661,9.759165411,29.140341105,1.000000000
POINT1.MATRIX2=-0.883168008,-0.469056788,-0.000000000,0.000000000,0.469056788,-0.883168008,-0.000000000,0.000000000,-0.000000000,-0.000000000,1.000000000,0.000000000,7.621090282,9.763479316,29.140341104,1.000000000
POINT1.MATRIX3=-0.883168008,-0.469056788,-0.000000000,0.000000000,0.469056788,-0.883168008,-0.000000000,0.000000000,-0.000000000,-0.000000000,1.000000000,0.000000000,7.579902122,8.969951260,28.709314645,1.000000000
