OBJECTMODELPOINTER=33777c94-e4b9-4947-906f-f84480f3cb99.dev
BASEFAMILY=4fe667b9-7203-42ad-88ea-67950ccce4f2.fam
BLHA=28.75355465,113.46093365,124.778931,236.227775
TRANSFORMMATRIX=-0.000011366,-1.000000000,0.000027258,0.000000000,1.000000000,-0.000011366,0.000000192,0.000000000,-0.000000193,0.000027258,1.000000000,0.000000000,-0.809912486,173.370619515,32.242343347,1.000000000
ENTITYNAME=Wire_Device
