OBJECTMODELPOINTER=33777c94-e4b9-4947-906f-f84480f3cb99.dev
BASEFAMILY=4fec6222-59cc-41df-9c8d-b8210b7eb107.fam
BLHA=28.27160371,113.47264060,64.950919,312.669055
TRANSFORMMATRIX=-0.001757861,-0.999998455,0.000005812,0.000000000,0.999998455,-0.001757861,0.000001289,0.000000000,-0.000001279,0.000005814,1.000000000,0.000000000,-8.240216828,37.029679477,41.268728477,1.000000000
ENTITYNAME=Wire_Device
