OBJECTMODELPOINTER=33777c94-e4b9-4947-906f-f84480f3cb99.dev
BASEFAMILY=5001766d-020b-4c43-be54-a86afbbbb56e.fam
BLHA=28.27160371,113.47264060,64.950919,312.669055
TRANSFORMMATRIX=-0.001285479,-0.999999173,0.000041732,0.000000000,0.999999174,-0.001285479,0.000001666,0.000000000,-0.000001612,0.000041734,0.999999999,0.000000000,-10.956379797,265.665944141,40.887714591,1.000000000
ENTITYNAME=Wire_Device
