OBJECTMODELPOINTER=33777c94-e4b9-4947-906f-f84480f3cb99.dev
BASEFAMILY=502b9656-63e8-4b69-9ef5-5db738294349.fam
BLHA=28.80183094,113.50568524,205.477677,227.348291
TRANSFORMMATRIX=-0.012927121,-0.999916441,0.000025622,0.000000000,0.999916441,-0.012927121,0.000002037,0.000000000,-0.000001705,0.000025646,1.000000000,0.000000000,-10.441120625,163.225540593,29.496343880,1.000000000
ENTITYNAME=Wire_Device
