OBJECTMODELPOINTER=33777c94-e4b9-4947-906f-f84480f3cb99.dev
BASEFAMILY=5030e92b-40cd-4125-b40d-0a521f9c2774.fam
BLHA=28.47144509,113.40546217,294.357908,229.813402
TRANSFORMMATRIX=0.012013366,-0.999927837,0.000015981,0.000000000,0.999927837,0.012013366,-0.000001880,0.000000000,0.000001687,0.000016003,1.000000000,0.000000000,11.012554488,101.865888482,17.967866378,1.000000000
ENTITYNAME=Wire_Device
