OBJECTMODELPOINTER=8571fc5d-6b6c-424e-825b-b4ee959b55f0.dev
BASEFAMILY=504ce1f0-99c2-41e7-b0d8-ce0aacf43393.fam
TRANSFORMMATRIX=-0.000000199,1.000000050,-0.000001642,0.000000000,-0.999999950,0.000000632,-0.000000008,0.000000000,-0.000000000,-0.000000000,1.000000000,0.000000000,-0.000000000,-0.000000000,48.000000000,1.000000000
ENTITYNAME=Tower_Device
