OBJECTMODELPOINTER=33777c94-e4b9-4947-906f-f84480f3cb99.dev
BASEFAMILY=504dca07-cd17-4eba-af21-b9f267935055.fam
BLHA=28.43346852,113.38186613,283.381825,242.026912
TRANSFORMMATRIX=-0.011113895,-0.999938238,0.000047888,0.000000000,0.999938239,-0.011113894,0.000002348,0.000000000,-0.000001816,0.000047910,0.999999999,0.000000000,-10.921623138,304.563242535,-37.251389117,1.000000000
ENTITYNAME=Wire_Device
