ENTITYNAME=WIRE
BASEFAMILY=504f100a-5a5c-428b-bb74-322586db2f67.fam
OBJECTMODELPOINTER=81b82497-164d-48c0-b1cb-18fa700dacdf.dev
KVALUE=0.090891
SPLIT=4
POINT0.BLHA=28.39913011,113.36988101,173.073,251.836928
POINT0.MATRIX0=-0.950173157,-0.311722587,0.000000000,0.000000000,0.311722587,-0.950173157,0.000000000,0.000000000,0.000000000,-0.000000000,1.000000000,0.000000000,-7.309203102,-8.802742976,27.926509855,1.000000000
POINT0.MATRIX1=-0.950173157,-0.311722587,0.000000000,0.000000000,0.311722587,-0.950173157,0.000000000,0.000000000,0.000000000,-0.000000000,1.000000000,0.000000000,-7.323982592,-9.634883853,28.277178762,1.000000000
POINT0.MATRIX2=-0.950173157,-0.311722587,0.000000000,0.000000000,0.311722587,-0.950173157,0.000000000,0.000000000,0.000000000,-0.000000000,1.000000000,0.000000000,-7.823868485,-9.647798379,28.277415273,1.000000000
POINT0.MATRIX3=-0.950173157,-0.311722587,0.000000000,0.000000000,0.311722587,-0.950173157,0.000000000,0.000000000,0.000000000,-0.000000000,1.000000000,0.000000000,-7.809248530,-8.816737614,27.926288602,1.000000000
POINT1.BLHA=28.39913011,113.36988101,173.073,251.836928
POINT1.MATRIX0=-0.950173157,-0.311722587,0.000000000,0.000000000,0.311722587,-0.950173157,0.000000000,0.000000000,0.000000000,-0.000000000,1.000000000,0.000000000,-9.274663320,-0.000137381,25.789995489,1.000000000
POINT1.MATRIX1=-0.950173157,-0.311722587,0.000000000,0.000000000,0.311722587,-0.950173157,0.000000000,0.000000000,0.000000000,-0.000000000,1.000000000,0.000000000,-9.274663320,-0.000137381,26.239995477,1.000000000
POINT1.MATRIX2=-0.950173157,-0.311722587,0.000000000,0.000000000,0.311722587,-0.950173157,0.000000000,0.000000000,0.000000000,-0.000000000,1.000000000,0.000000000,-9.724663410,-0.000137079,26.239995477,1.000000000
POINT1.MATRIX3=-0.950173157,-0.311722587,0.000000000,0.000000000,0.311722587,-0.950173157,0.000000000,0.000000000,0.000000000,-0.000000000,1.000000000,0.000000000,-9.724663410,-0.000137079,25.789995489,1.000000000
