OBJECTMODELPOINTER=33777c94-e4b9-4947-906f-f84480f3cb99.dev
BASEFAMILY=5065ea53-a4d5-4f26-82f8-293f1c44eecc.fam
BLHA=28.52337409,113.48828309,330.016596,210.734491
TRANSFORMMATRIX=0.006833206,-0.999976650,0.000084192,0.000000000,0.999976653,0.006833206,0.000001735,0.000000000,-0.000002310,0.000084178,0.999999996,0.000000000,-13.469748415,536.584254989,46.075788629,1.000000000
ENTITYNAME=Wire_Device
