OBJECTMODELPOINTER=33777c94-e4b9-4947-906f-f84480f3cb99.dev
BASEFAMILY=50702723-a8fe-443c-bc2d-3fd4b103eb89.fam
BLHA=28.59525170,113.47626182,222.708449,294.633001
TRANSFORMMATRIX=0.009473171,-0.999955128,0.000027749,0.000000000,0.999955128,0.009473171,-0.000001931,0.000000000,0.000001668,0.000027766,1.000000000,0.000000000,10.289429562,176.458321116,11.997830100,1.000000000
ENTITYNAME=Wire_Device
