OBJECTMODELPOINTER=33777c94-e4b9-4947-906f-f84480f3cb99.dev
BASEFAMILY=50715bbd-b8b5-4188-bce3-c358bc6a8351.fam
BLHA=28.49713910,113.43191399,298.003064,224.957371
TRANSFORMMATRIX=-0.000002842,-1.000000000,0.000005604,0.000000000,1.000000000,-0.000002842,-0.000001823,0.000000000,0.000001823,0.000005604,1.000000000,0.000000000,11.701402184,35.710692019,40.970581529,1.000000000
ENTITYNAME=Wire_Device
