OBJECTMODELPOINTER=33777c94-e4b9-4947-906f-f84480f3cb99.dev
BASEFAMILY=5092965d-1814-42ff-9a3d-f41c51e3a092.fam
BLHA=28.59065738,113.47867622,222.763908,291.241310
TRANSFORMMATRIX=0.223871702,-0.974618623,-0.000000485,0.000000000,0.974618623,0.223871702,0.000001452,0.000000000,-0.000001307,-0.000000797,1.000000000,0.000000000,-8.326051701,-5.051541226,25.289629527,1.000000000
ENTITYNAME=Wire_Device
