OBJECTMODELPOINTER=33777c94-e4b9-4947-906f-f84480f3cb99.dev
BASEFAMILY=50ab1bae-c61d-48a4-a299-649d73e0501d.fam
BLHA=28.52337409,113.48828309,330.016596,210.734491
TRANSFORMMATRIX=-0.006911144,-0.999976114,0.000084192,0.000000000,0.999976118,-0.006911144,-0.000000624,0.000000000,0.000001206,0.000084186,0.999999996,0.000000000,8.892776623,536.679853248,46.075786523,1.000000000
ENTITYNAME=Wire_Device
