OBJECTMODELPOINTER=4c6b0b69-f6e8-45d3-aa43-50b9a86c6b63.dev
BASEFAMILY=50ab3fe7-0539-4818-911b-a1d8350eedb0.fam
TRANSFORMMATRIX=-0.004334397,0.167342856,-0.985889421,0.000000000,-0.999664451,-0.025896261,0.000001003,0.000000000,-0.025531960,0.985558610,0.167398762,0.000000000,7.500000000,-0.953000000,30.000000000,1.000000000
ENTITYNAME=Tower_Device
