OBJECTMODELPOINTER=33777c94-e4b9-4947-906f-f84480f3cb99.dev
BASEFAMILY=50b09e4e-ede3-4acf-87c0-176c9e1515c4.fam
BLHA=28.73032666,113.45294372,113.432437,258.301958
TRANSFORMMATRIX=-0.012650993,-0.999919972,0.000037886,0.000000000,0.999919973,-0.012650993,0.000002302,0.000000000,-0.000001822,0.000037912,0.999999999,0.000000000,-11.380298737,240.793959070,28.537320904,1.000000000
ENTITYNAME=Wire_Device
