OBJECTMODELPOINTER=33777c94-e4b9-4947-906f-f84480f3cb99.dev
BASEFAMILY=50be8819-cb27-449e-99a6-ceb92bea5a4a.fam
BLHA=28.46688419,113.40170203,216.340862,242.026912
TRANSFORMMATRIX=-0.000019364,-0.999999996,0.000086219,0.000000000,1.000000000,-0.000019364,0.000000619,0.000000000,-0.000000617,0.000086219,0.999999996,0.000000000,-2.753892131,548.129387663,56.953544404,1.000000000
ENTITYNAME=Wire_Device
