OBJECTMODELPOINTER=33777c94-e4b9-4947-906f-f84480f3cb99.dev
BASEFAMILY=50c5e899-d46f-4427-98ec-b094ca32d44c.fam
BLHA=28.32292443,113.37625760,67.775568,311.415680
TRANSFORMMATRIX=-0.003053231,-0.999995337,0.000069234,0.000000000,0.999995339,-0.003053231,-0.000001286,0.000000000,0.000001498,0.000069230,0.999999998,0.000000000,8.398009078,440.580738455,28.134324458,1.000000000
ENTITYNAME=Wire_Device
