OBJECTMODELPOINTER=33777c94-e4b9-4947-906f-f84480f3cb99.dev
BASEFAMILY=50c91462-9ce9-43c1-a1ae-bea036158380.fam
BLHA=28.30572385,113.43813150,65.831158,307.005893
TRANSFORMMATRIX=0.003275456,-0.999994635,0.000031342,0.000000000,0.999994636,0.003275456,0.000001123,0.000000000,-0.000001226,0.000031338,1.000000000,0.000000000,-8.304947095,199.391129225,53.207719149,1.000000000
ENTITYNAME=Wire_Device
