OBJECTMODELPOINTER=33777c94-e4b9-4947-906f-f84480f3cb99.dev
BASEFAMILY=50d718b5-9a08-4f33-83aa-295b6ae6fb32.fam
BLHA=28.56928949,113.49371034,236.536103,312.996987
TRANSFORMMATRIX=0.000024932,-0.999999998,0.000065603,0.000000000,1.000000000,0.000024932,0.000002198,0.000000000,-0.000002199,0.000065603,0.999999998,0.000000000,-15.084910302,417.639501883,39.231930619,1.000000000
ENTITYNAME=Wire_Device
