OBJECTMODELPOINTER=33777c94-e4b9-4947-906f-f84480f3cb99.dev
BASEFAMILY=50d80368-d5fa-4489-a4ba-9a9f19f91160.fam
BLHA=28.49379582,113.42815973,297.068153,224.957371
TRANSFORMMATRIX=-0.002738019,-0.999996250,0.000048676,0.000000000,0.999996252,-0.002738019,0.000002452,0.000000000,-0.000002319,0.000048683,0.999999999,0.000000000,-13.954740158,309.915307624,-3.141602751,1.000000000
ENTITYNAME=Wire_Device
