OBJECTMODELPOINTER=33777c94-e4b9-4947-906f-f84480f3cb99.dev
BASEFAMILY=50d93a40-98b3-48e1-9cb8-6f617a8aa7b2.fam
BLHA=28.64674167,113.46331381,165.940967,277.610658
TRANSFORMMATRIX=-0.000001110,-1.000000000,0.000005583,0.000000000,1.000000000,-0.000001110,-0.000001839,0.000000000,0.000001838,0.000005582,1.000000000,0.000000000,11.710941838,35.447230913,30.280916548,1.000000000
ENTITYNAME=Wire_Device
