OBJECTMODELPOINTER=33777c94-e4b9-4947-906f-f84480f3cb99.dev
BASEFAMILY=50dd52c8-93a8-476f-b912-d6537ed77ea4.fam
BLHA=28.77883021,113.47993260,194.739259,236.227775
TRANSFORMMATRIX=-0.000010044,-0.999999999,0.000039422,0.000000000,1.000000000,-0.000010044,0.000000270,0.000000000,-0.000000269,0.000039423,0.999999999,0.000000000,-1.121163095,250.745214022,31.497096198,1.000000000
ENTITYNAME=Wire_Device
