OBJECTMODELPOINTER=33777c94-e4b9-4947-906f-f84480f3cb99.dev
BASEFAMILY=50fe023a-132e-4f2a-abe3-0b981480d9bc.fam
BLHA=28.56928949,113.49371034,236.536103,312.996987
TRANSFORMMATRIX=0.000015515,-0.999999999,0.000041017,0.000000000,1.000000000,0.000015515,0.000000066,0.000000000,-0.000000067,0.000041017,0.999999999,0.000000000,-1.103313624,261.100937395,31.266558993,1.000000000
ENTITYNAME=Wire_Device
