OBJECTMODELPOINTER=33777c94-e4b9-4947-906f-f84480f3cb99.dev
BASEFAMILY=5102aaa3-47b3-4234-a9fb-7af698df6390.fam
BLHA=28.59525170,113.47626182,222.708449,294.633001
TRANSFORMMATRIX=-0.002307781,-0.999997335,0.000071089,0.000000000,0.999997337,-0.002307781,0.000000170,0.000000000,-0.000000006,0.000071090,0.999999997,0.000000000,-0.926990863,451.844621151,19.591716292,1.000000000
ENTITYNAME=Wire_Device
