ENTITYNAME=WIRE
BASEFAMILY=510e9bc7-44e2-4fad-89f8-5c9892f65e08.fam
OBJECTMODELPOINTER=81b82497-164d-48c0-b1cb-18fa700dacdf.dev
KVALUE=0.097998
SPLIT=4
POINT0.BLHA=28.26907527,113.47529619,67.191,514.001895
POINT0.MATRIX0=0.438341419,-0.898808545,-0.000000000,0.000000000,0.898808545,0.438341419,0.000000000,0.000000000,-0.000000000,0.000000000,1.000000000,0.000000000,7.115248793,0.000058524,55.090002307,1.000000000
POINT0.MATRIX1=0.438341419,-0.898808545,-0.000000000,0.000000000,0.898808545,0.438341419,0.000000000,0.000000000,-0.000000000,0.000000000,1.000000000,0.000000000,7.115248793,0.000058523,55.540002310,1.000000000
POINT0.MATRIX2=0.438341419,-0.898808545,-0.000000000,0.000000000,0.898808545,0.438341419,0.000000000,0.000000000,-0.000000000,0.000000000,1.000000000,0.000000000,7.565248860,0.000058483,55.540002310,1.000000000
POINT0.MATRIX3=0.438341419,-0.898808545,-0.000000000,0.000000000,0.898808545,0.438341419,0.000000000,0.000000000,-0.000000000,0.000000000,1.000000000,0.000000000,7.565248860,0.000058483,55.090002307,1.000000000
POINT1.BLHA=28.26907527,113.47529619,67.191,514.001895
POINT1.MATRIX0=0.438341419,-0.898808545,-0.000000000,0.000000000,0.898808545,0.438341419,0.000000000,0.000000000,-0.000000000,0.000000000,1.000000000,0.000000000,9.492312246,-8.490445715,59.026234829,1.000000000
POINT1.MATRIX1=0.438341419,-0.898808545,-0.000000000,0.000000000,0.898808545,0.438341419,0.000000000,0.000000000,-0.000000000,0.000000000,1.000000000,0.000000000,9.727510534,-9.185908647,59.553637468,1.000000000
POINT1.MATRIX2=0.438341419,-0.898808545,-0.000000000,0.000000000,0.898808545,0.438341419,0.000000000,0.000000000,-0.000000000,0.000000000,1.000000000,0.000000000,10.190419584,-9.003340455,59.553622210,1.000000000
POINT1.MATRIX3=0.438341419,-0.898808545,-0.000000000,0.000000000,0.898808545,0.438341419,0.000000000,0.000000000,-0.000000000,0.000000000,1.000000000,0.000000000,9.957190762,-8.307460286,59.026234829,1.000000000
