ENTITYNAME=WIRE
BASEFAMILY=51158187-da40-4847-8b03-57b808fb2d5d.fam
OBJECTMODELPOINTER=81b82497-164d-48c0-b1cb-18fa700dacdf.dev
KVALUE=0.000375
SPLIT=4
POINT0.BLHA=28.31411764,113.38983103,66.772,527.133635
POINT0.MATRIX0=0.222677850,-0.974892084,0.000000000,0.000000000,0.974892084,0.222677850,-0.000000000,0.000000000,-0.000000000,-0.000000000,1.000000000,0.000000000,13.489822987,-9.111062050,41.824790096,1.000000000
POINT0.MATRIX1=0.222677850,-0.974892084,0.000000000,0.000000000,0.974892084,0.222677850,-0.000000000,0.000000000,-0.000000000,-0.000000000,1.000000000,0.000000000,13.704006537,-9.776862319,42.363761044,1.000000000
POINT0.MATRIX2=0.222677850,-0.974892084,0.000000000,0.000000000,0.974892084,0.222677850,-0.000000000,0.000000000,-0.000000000,-0.000000000,1.000000000,0.000000000,14.179980303,-9.624068417,42.363761045,1.000000000
POINT0.MATRIX3=0.222677850,-0.974892084,0.000000000,0.000000000,0.974892084,0.222677850,-0.000000000,0.000000000,-0.000000000,-0.000000000,1.000000000,0.000000000,13.965796754,-8.958268149,41.824820615,1.000000000
POINT1.BLHA=28.31435017,113.39267151,117.559,4.996372
POINT1.MATRIX0=0.087092668,0.996200214,0.000000000,0.000000000,-0.996200214,0.087092668,0.000000000,0.000000000,0.000000000,-0.000000000,1.000000000,0.000000000,-10.004613045,-0.129632533,52.066962783,1.000000000
POINT1.MATRIX1=0.087092668,0.996200214,0.000000000,0.000000000,-0.996200214,0.087092668,0.000000000,0.000000000,0.000000000,-0.000000000,1.000000000,0.000000000,-9.820356088,-0.130056574,52.532065933,1.000000000
POINT1.MATRIX2=0.087092668,0.996200214,0.000000000,0.000000000,-0.996200214,0.087092668,0.000000000,0.000000000,0.000000000,-0.000000000,1.000000000,0.000000000,-10.285017463,-0.130115544,52.715598648,1.000000000
POINT1.MATRIX3=0.087092668,0.996200214,0.000000000,0.000000000,-0.996200214,0.087092668,0.000000000,0.000000000,0.000000000,-0.000000000,1.000000000,0.000000000,-10.469274419,-0.129691502,52.250495498,1.000000000
