OBJECTMODELPOINTER=4bcda70f-f919-4b53-a691-e413ae565833.dev
BASEFAMILY=5116748d-1539-4ada-a243-ba870736c1fc.fam
TRANSFORMMATRIX=-0.999991739,0.004065067,-0.000000003,0.000000000,-0.004065066,-0.999991736,0.000000004,0.000000000,-0.000000000,0.000000000,1.000000000,0.000000000,-11.320000000,-0.320000000,63.999999999,1.000000000
ENTITYNAME=Tower_Device
