OBJECTMODELPOINTER=33777c94-e4b9-4947-906f-f84480f3cb99.dev
BASEFAMILY=5122b0be-bf7b-47bb-b818-c5efa1abbcb4.fam
BLHA=28.47144509,113.40546217,294.357908,229.813402
TRANSFORMMATRIX=0.002789217,-0.999996109,0.000038337,0.000000000,0.999996110,0.002789217,0.000000292,0.000000000,-0.000000399,0.000038337,0.999999999,0.000000000,-1.915997074,243.965428722,-1.261225828,1.000000000
ENTITYNAME=Wire_Device
