OBJECTMODELPOINTER=33777c94-e4b9-4947-906f-f84480f3cb99.dev
BASEFAMILY=5124fcab-b378-4925-b119-b9a4135ac834.fam
BLHA=28.36557656,113.36066804,62.497212,414.735470
TRANSFORMMATRIX=-0.000057258,0.999999998,-0.000000079,0.000000000,-0.999999998,-0.000057258,0.000001176,0.000000000,0.000001176,0.000000079,1.000000000,0.000000000,7.497489896,0.519540689,37.434564108,1.000000000
ENTITYNAME=Wire_Device
