OBJECTMODELPOINTER=13702788-5c02-4c2f-8296-b308a444e2a2.dev
BASEFAMILY=5128eed2-89e9-4dcd-965e-8f4d2c2222dc.fam
TRANSFORMMATRIX=0.920624984,-0.049516927,-0.387295534,0.000000000,0.390440115,0.123214216,0.912345689,0.000000000,0.002543332,-0.991143927,0.132767646,0.000000000,1.384939760,1.384939759,37.000000000,1.000000000
ENTITYNAME=Tower_Device
