OBJECTMODELPOINTER=7df55f27-a215-4730-a268-8e89d601611e.dev
BASEFAMILY=51366ee6-40c8-4642-9eaf-589d43053d85.fam
TRANSFORMMATRIX=-0.999996180,-0.002763841,0.000000003,0.000000000,0.002763843,-0.999996181,-0.000000000,0.000000000,-0.000000000,0.000000000,1.000000000,0.000000000,-10.610000000,-0.324999999,55.000000000,1.000000000
ENTITYNAME=Tower_Device
