ENTITYNAME=WIRE
BASEFAMILY=51463d13-3dd4-4dea-a41e-b0f3f067d9dd.fam
OBJECTMODELPOINTER=81b82497-164d-48c0-b1cb-18fa700dacdf.dev
KVALUE=0.000000
SPLIT=4
POINT0.BLHA=28.49037109,113.42431436,249.697,224.957371
POINT0.MATRIX0=-0.706580481,-0.707632690,0.000000000,0.000000000,0.707632690,-0.706580481,0.000000000,0.000000000,0.000000000,-0.000000000,1.000000000,0.000000000,0.180220173,0.000291690,43.762688936,1.000000000
POINT0.MATRIX1=-0.706580481,-0.707632690,0.000000000,0.000000000,0.707632690,-0.706580481,0.000000000,0.000000000,0.000000000,-0.000000000,1.000000000,0.000000000,0.217422745,0.000233052,44.211140931,1.000000000
POINT0.MATRIX2=-0.706580481,-0.707632690,0.000000000,0.000000000,0.707632690,-0.706580481,0.000000000,0.000000000,0.000000000,-0.000000000,1.000000000,0.000000000,-0.230992947,0.000331004,44.248410523,1.000000000
POINT0.MATRIX3=-0.706580481,-0.707632690,0.000000000,0.000000000,0.707632690,-0.706580481,0.000000000,0.000000000,0.000000000,-0.000000000,1.000000000,0.000000000,-0.268281771,0.000303260,43.799954714,1.000000000
POINT1.BLHA=28.49037109,113.42431436,249.697,224.957371
POINT1.MATRIX0=-0.706580481,-0.707632690,0.000000000,0.000000000,0.707632690,-0.706580481,0.000000000,0.000000000,0.000000000,-0.000000000,1.000000000,0.000000000,0.180228003,0.120282795,43.762688936,1.000000000
POINT1.MATRIX1=-0.706580481,-0.707632690,0.000000000,0.000000000,0.707632690,-0.706580481,0.000000000,0.000000000,0.000000000,-0.000000000,1.000000000,0.000000000,0.217430574,0.120224158,44.211140932,1.000000000
POINT1.MATRIX2=-0.706580481,-0.707632690,0.000000000,0.000000000,0.707632690,-0.706580481,0.000000000,0.000000000,0.000000000,-0.000000000,1.000000000,0.000000000,-0.230985117,0.120322109,44.248410524,1.000000000
POINT1.MATRIX3=-0.706580481,-0.707632690,0.000000000,0.000000000,0.707632690,-0.706580481,0.000000000,0.000000000,0.000000000,-0.000000000,1.000000000,0.000000000,-0.268273941,0.120294366,43.799954714,1.000000000
