OBJECTMODELPOINTER=33777c94-e4b9-4947-906f-f84480f3cb99.dev
BASEFAMILY=5146540e-0602-47e8-8ad1-0146f0b3b001.fam
BLHA=28.50469488,113.45163258,174.515783,200.251669
TRANSFORMMATRIX=0.002721350,-0.999996296,0.000040858,0.000000000,0.999996297,0.002721350,0.000000039,0.000000000,-0.000000151,0.000040858,0.999999999,0.000000000,-0.516009726,260.639066638,20.401257096,1.000000000
ENTITYNAME=Wire_Device
