OBJECTMODELPOINTER=33777c94-e4b9-4947-906f-f84480f3cb99.dev
BASEFAMILY=5149596a-910d-4fa6-b9ec-af4ecbe2b8c4.fam
BLHA=28.44721846,113.39002654,265.559825,242.026912
TRANSFORMMATRIX=0.002828930,-0.999995998,0.000017830,0.000000000,0.999995999,0.002828930,-0.000001961,0.000000000,0.000001910,0.000017836,1.000000000,0.000000000,12.426304692,113.418158516,33.648180370,1.000000000
ENTITYNAME=Wire_Device
