OBJECTMODELPOINTER=03b862b1-3ccf-422c-bca7-e60a517d758f.dev
BASEFAMILY=5149f5fb-1a32-4ae9-b55b-203067de518a.fam
TRANSFORMMATRIX=-0.999996559,0.002623641,-0.000000003,0.000000000,-0.002623642,-0.999996557,0.000000001,0.000000000,-0.000000000,0.000000000,1.000000000,0.000000000,9.870000000,-0.310000000,55.000000000,1.000000000
ENTITYNAME=Tower_Device
