OBJECTMODELPOINTER=33777c94-e4b9-4947-906f-f84480f3cb99.dev
BASEFAMILY=514f77cb-0fab-45e5-937f-6cc26ea7fb06.fam
BLHA=28.68956538,113.45703476,163.838478,277.425083
TRANSFORMMATRIX=0.005021866,-0.999987390,0.000016395,0.000000000,0.999987390,0.005021866,-0.000002024,0.000000000,0.000001942,0.000016405,1.000000000,0.000000000,12.323911960,104.178453985,47.585280789,1.000000000
ENTITYNAME=Wire_Device
