OBJECTMODELPOINTER=33777c94-e4b9-4947-906f-f84480f3cb99.dev
BASEFAMILY=51508976-c703-45ac-afd3-ca954c0daa1c.fam
BLHA=28.39632770,113.36872548,122.542167,249.667673
TRANSFORMMATRIX=-0.000013224,-0.999999998,0.000069560,0.000000000,1.000000000,-0.000013224,-0.000001606,0.000000000,0.000001608,0.000069560,0.999999998,0.000000000,11.003809942,442.001368843,55.316170869,1.000000000
ENTITYNAME=Wire_Device
