OBJECTMODELPOINTER=33777c94-e4b9-4947-906f-f84480f3cb99.dev
BASEFAMILY=51715181-89c4-42cf-bcb9-911c6d57a0bd.fam
BLHA=28.32854622,113.36798434,68.151851,482.460958
TRANSFORMMATRIX=-0.105596722,0.994409035,0.000064071,0.000000000,-0.994409037,-0.105596722,0.000001326,0.000000000,0.000008084,-0.000063573,0.999999998,0.000000000,52.481478489,-404.407708732,21.283359187,1.000000000
ENTITYNAME=Wire_Device
