OBJECTMODELPOINTER=0e312739-8609-4a3d-966c-75d05d59356d.dev
BASEFAMILY=517e8da4-d8f9-4fc7-b5b1-34de85d145ca.fam
TRANSFORMMATRIX=0.000000000,1.000000000,0.000000000,0.000000000,-1.000000000,0.000000000,-0.000000000,0.000000000,0.000000000,0.000000000,1.000000000,0.000000000,5.396691266,-5.396862281,0.000000238,1.000000000
ENTITYNAME=Tower_Device
