OBJECTMODELPOINTER=33777c94-e4b9-4947-906f-f84480f3cb99.dev
BASEFAMILY=518015d4-7a40-4795-a95c-632df49c9a42.fam
BLHA=28.68327588,113.45799727,190.105481,276.549179
TRANSFORMMATRIX=-0.010589560,-0.999943929,0.000017895,0.000000000,0.999943929,-0.010589560,-0.000000143,0.000000000,0.000000333,0.000017892,1.000000000,0.000000000,2.058534108,113.631588571,22.450648427,1.000000000
ENTITYNAME=Wire_Device
