ENTITYNAME=WIRE
BASEFAMILY=518172db-dbc1-4cf9-a831-41d46f197d8e.fam
OBJECTMODELPOINTER=81b82497-164d-48c0-b1cb-18fa700dacdf.dev
KVALUE=0.000000
SPLIT=4
POINT0.BLHA=28.65418328,113.46214797,157.582,277.610658
POINT0.MATRIX0=-0.991190922,0.132440763,-0.000000000,0.000000000,-0.132440763,-0.991190922,-0.000000000,0.000000000,-0.000000000,0.000000000,1.000000000,0.000000000,0.224907936,0.000924047,40.000003712,1.000000000
POINT0.MATRIX1=-0.991190922,0.132440763,-0.000000000,0.000000000,-0.132440763,-0.991190922,-0.000000000,0.000000000,-0.000000000,0.000000000,1.000000000,0.000000000,0.224907936,0.000924047,40.450000660,1.000000000
POINT0.MATRIX2=-0.991190922,0.132440763,-0.000000000,0.000000000,-0.132440763,-0.991190922,-0.000000000,0.000000000,-0.000000000,0.000000000,1.000000000,0.000000000,-0.224984626,-0.000047271,40.450000660,1.000000000
POINT0.MATRIX3=-0.991190922,0.132440763,-0.000000000,0.000000000,-0.132440763,-0.991190922,-0.000000000,0.000000000,-0.000000000,0.000000000,1.000000000,0.000000000,-0.224984626,-0.000047270,40.000003712,1.000000000
POINT1.BLHA=28.65418328,113.46214797,157.582,277.610658
POINT1.MATRIX0=-0.991190922,0.132440763,-0.000000000,0.000000000,-0.132440763,-0.991190922,-0.000000000,0.000000000,-0.000000000,0.000000000,1.000000000,0.000000000,0.224907168,0.110917134,40.000003712,1.000000000
POINT1.MATRIX1=-0.991190922,0.132440763,-0.000000000,0.000000000,-0.132440763,-0.991190922,-0.000000000,0.000000000,-0.000000000,0.000000000,1.000000000,0.000000000,0.224907169,0.110917134,40.450000660,1.000000000
POINT1.MATRIX2=-0.991190922,0.132440763,-0.000000000,0.000000000,-0.132440763,-0.991190922,-0.000000000,0.000000000,-0.000000000,0.000000000,1.000000000,0.000000000,-0.224985393,0.109945817,40.450000660,1.000000000
POINT1.MATRIX3=-0.991190922,0.132440763,-0.000000000,0.000000000,-0.132440763,-0.991190922,-0.000000000,0.000000000,-0.000000000,0.000000000,1.000000000,0.000000000,-0.224985393,0.109945817,40.000003712,1.000000000
