ENTITYNAME=WIRE
BASEFAMILY=5191e0a7-e63e-45e4-bb82-1770d3704629.fam
OBJECTMODELPOINTER=81b82497-164d-48c0-b1cb-18fa700dacdf.dev
KVALUE=0.000000
SPLIT=4
POINT0.BLHA=28.26827851,113.48694026,97.360,314.005848
POINT0.MATRIX0=-0.719268901,0.694731781,-0.000000000,0.000000000,-0.694731781,-0.719268901,0.000000000,0.000000000,0.000000000,0.000000000,1.000000000,0.000000000,9.724226269,-0.001680795,55.290007136,1.000000000
POINT0.MATRIX1=-0.719268901,0.694731781,-0.000000000,0.000000000,-0.694731781,-0.719268901,0.000000000,0.000000000,0.000000000,0.000000000,1.000000000,0.000000000,9.724226269,-0.001680795,55.740007124,1.000000000
POINT0.MATRIX2=-0.719268901,0.694731781,-0.000000000,0.000000000,-0.694731781,-0.719268901,0.000000000,0.000000000,0.000000000,0.000000000,1.000000000,0.000000000,9.274226297,-0.001680712,55.740007124,1.000000000
POINT0.MATRIX3=-0.719268901,0.694731781,-0.000000000,0.000000000,-0.694731781,-0.719268901,0.000000000,0.000000000,0.000000000,0.000000000,1.000000000,0.000000000,9.274226297,-0.001680712,55.290007136,1.000000000
POINT1.BLHA=28.26827851,113.48694026,97.360,314.005848
POINT1.MATRIX0=-0.719268901,0.694731781,-0.000000000,0.000000000,-0.694731781,-0.719268901,0.000000000,0.000000000,0.000000000,0.000000000,1.000000000,0.000000000,9.724226296,0.000319291,55.290007137,1.000000000
POINT1.MATRIX1=-0.719268901,0.694731781,-0.000000000,0.000000000,-0.694731781,-0.719268901,0.000000000,0.000000000,0.000000000,0.000000000,1.000000000,0.000000000,9.724226296,0.000319291,55.740007125,1.000000000
POINT1.MATRIX2=-0.719268901,0.694731781,-0.000000000,0.000000000,-0.694731781,-0.719268901,0.000000000,0.000000000,0.000000000,0.000000000,1.000000000,0.000000000,9.274226367,0.000319332,55.740007125,1.000000000
POINT1.MATRIX3=-0.719268901,0.694731781,-0.000000000,0.000000000,-0.694731781,-0.719268901,0.000000000,0.000000000,0.000000000,0.000000000,1.000000000,0.000000000,9.274226367,0.000319332,55.290007137,1.000000000
