OBJECTMODELPOINTER=33777c94-e4b9-4947-906f-f84480f3cb99.dev
BASEFAMILY=51a845e7-ac04-4439-88e4-146ca8832b18.fam
BLHA=28.71973492,113.45364743,163.020408,283.291091
TRANSFORMMATRIX=-0.002484882,-0.999996912,0.000041213,0.000000000,0.999996913,-0.002484882,0.000000141,0.000000000,-0.000000038,0.000041214,0.999999999,0.000000000,-0.548037741,261.788986949,27.162916901,1.000000000
ENTITYNAME=Wire_Device
