OBJECTMODELPOINTER=33777c94-e4b9-4947-906f-f84480f3cb99.dev
BASEFAMILY=51a83191-4750-4a92-b9ae-9c3d65e02395.fam
BLHA=28.31294059,113.42646212,52.368358,335.449580
TRANSFORMMATRIX=0.000004510,-1.000000000,0.000016105,0.000000000,1.000000000,0.000004510,-0.000000972,0.000000000,0.000000971,0.000016105,1.000000000,0.000000000,5.975693300,102.696069290,51.532176599,1.000000000
ENTITYNAME=Wire_Device
