ENTITYNAME=WIRE
BASEFAMILY=51b02b66-24b3-4c6f-9ae1-5c84ff78fe55.fam
OBJECTMODELPOINTER=81b82497-164d-48c0-b1cb-18fa700dacdf.dev
KVALUE=0.000000
SPLIT=4
POINT0.BLHA=28.54296028,113.51100370,560.595,255.750198
POINT0.MATRIX0=-0.969231762,-0.246149938,0.000000000,0.000000000,0.246149938,-0.969231762,0.000000000,0.000000000,-0.000000000,-0.000000000,1.000000000,0.000000000,-12.504894460,-0.110169590,27.999996874,1.000000000
POINT0.MATRIX1=-0.969231762,-0.246149938,0.000000000,0.000000000,0.246149938,-0.969231762,0.000000000,0.000000000,-0.000000000,-0.000000000,1.000000000,0.000000000,-12.504894460,-0.110169590,28.449978563,1.000000000
POINT0.MATRIX2=-0.969231762,-0.246149938,0.000000000,0.000000000,0.246149938,-0.969231762,0.000000000,0.000000000,-0.000000000,-0.000000000,1.000000000,0.000000000,-12.955352692,-0.109864946,28.449978563,1.000000000
POINT0.MATRIX3=-0.969231762,-0.246149938,0.000000000,0.000000000,0.246149938,-0.969231762,0.000000000,0.000000000,-0.000000000,-0.000000000,1.000000000,0.000000000,-12.955352693,-0.109864945,27.999996873,1.000000000
POINT1.BLHA=28.54296028,113.51100370,560.595,255.750198
POINT1.MATRIX0=-0.969231762,-0.246149938,0.000000000,0.000000000,0.246149938,-0.969231762,0.000000000,0.000000000,-0.000000000,-0.000000000,1.000000000,0.000000000,-12.504797476,-0.000163111,27.999996874,1.000000000
POINT1.MATRIX1=-0.969231762,-0.246149938,0.000000000,0.000000000,0.246149938,-0.969231762,0.000000000,0.000000000,-0.000000000,-0.000000000,1.000000000,0.000000000,-12.504797476,-0.000163111,28.449978563,1.000000000
POINT1.MATRIX2=-0.969231762,-0.246149938,0.000000000,0.000000000,0.246149938,-0.969231762,0.000000000,0.000000000,-0.000000000,-0.000000000,1.000000000,0.000000000,-12.955255707,0.000141533,28.449978563,1.000000000
POINT1.MATRIX3=-0.969231762,-0.246149938,0.000000000,0.000000000,0.246149938,-0.969231762,0.000000000,0.000000000,-0.000000000,-0.000000000,1.000000000,0.000000000,-12.955255707,0.000141533,27.999996873,1.000000000
