OBJECTMODELPOINTER=33777c94-e4b9-4947-906f-f84480f3cb99.dev
BASEFAMILY=51b4c3db-ff44-4fff-a19e-be9295cedf23.fam
BLHA=28.70879307,113.45409149,169.216562,451.156517
TRANSFORMMATRIX=-0.128658028,0.991689020,0.000007295,0.000000000,-0.991689020,-0.128658028,0.000001174,0.000000000,0.000002103,-0.000007083,1.000000000,0.000000000,13.425860944,-44.980928377,28.468327076,1.000000000
ENTITYNAME=Wire_Device
