ENTITYNAME=WIRE
BASEFAMILY=51d232fe-0317-49ea-bae0-f40197b70792.fam
OBJECTMODELPOINTER=81b82497-164d-48c0-b1cb-18fa700dacdf.dev
KVALUE=0.124764
SPLIT=4
POINT0.BLHA=28.38255325,113.36304670,117.224,441.473487
POINT0.MATRIX0=0.988947360,0.148267054,-0.000000000,0.000000000,-0.148267054,0.988947360,0.000000000,0.000000000,0.000000000,0.000000000,1.000000000,0.000000000,3.356542701,9.366408194,30.856358727,1.000000000
POINT0.MATRIX1=0.988947360,0.148267054,-0.000000000,0.000000000,-0.148267054,0.988947360,0.000000000,0.000000000,0.000000000,0.000000000,1.000000000,0.000000000,3.605414899,9.316822186,31.286839714,1.000000000
POINT0.MATRIX2=0.988947360,0.148267054,-0.000000000,0.000000000,-0.148267054,0.988947360,0.000000000,0.000000000,0.000000000,0.000000000,1.000000000,0.000000000,3.327310858,10.122816664,31.583650222,1.000000000
POINT0.MATRIX3=0.988947360,0.148267054,-0.000000000,0.000000000,-0.148267054,0.988947360,0.000000000,0.000000000,0.000000000,0.000000000,1.000000000,0.000000000,3.078149076,10.174334210,31.153153947,1.000000000
POINT1.BLHA=28.38255325,113.36304670,117.224,441.473487
POINT1.MATRIX0=0.988947360,0.148267054,-0.000000000,0.000000000,-0.148267054,0.988947360,0.000000000,0.000000000,0.000000000,0.000000000,1.000000000,0.000000000,7.275369034,4.000923599,32.790004959,1.000000000
POINT1.MATRIX1=0.988947360,0.148267054,-0.000000000,0.000000000,-0.148267054,0.988947360,0.000000000,0.000000000,0.000000000,0.000000000,1.000000000,0.000000000,7.275369034,4.000923600,33.240005006,1.000000000
POINT1.MATRIX2=0.988947360,0.148267054,-0.000000000,0.000000000,-0.148267054,0.988947360,0.000000000,0.000000000,0.000000000,0.000000000,1.000000000,0.000000000,7.725369130,4.000923540,33.240005006,1.000000000
POINT1.MATRIX3=0.988947360,0.148267054,-0.000000000,0.000000000,-0.148267054,0.988947360,0.000000000,0.000000000,0.000000000,0.000000000,1.000000000,0.000000000,7.725369130,4.000923540,32.790004959,1.000000000
