OBJECTMODELPOINTER=33777c94-e4b9-4947-906f-f84480f3cb99.dev
BASEFAMILY=51d33ddb-1252-419a-81f2-b3f68c56abd7.fam
BLHA=28.54843684,113.51255198,454.586266,280.370385
TRANSFORMMATRIX=-0.414719685,-0.909949219,0.000040257,0.000000000,0.909949220,-0.414719685,0.000000098,0.000000000,0.000016606,0.000036673,0.999999999,0.000000000,105.771879920,232.833169922,61.012433024,1.000000000
ENTITYNAME=Wire_Device
