OBJECTMODELPOINTER=33777c94-e4b9-4947-906f-f84480f3cb99.dev
BASEFAMILY=51ebaf69-d0eb-4d15-83f4-5c100dffe427.fam
BLHA=28.52337409,113.48828309,330.016596,210.734491
TRANSFORMMATRIX=0.002145521,-0.999997696,0.000072396,0.000000000,0.999997698,0.002145521,0.000000259,0.000000000,-0.000000415,0.000072395,0.999999997,0.000000000,-1.585737882,461.494254755,33.003708277,1.000000000
ENTITYNAME=Wire_Device
