OBJECTMODELPOINTER=33777c94-e4b9-4947-906f-f84480f3cb99.dev
BASEFAMILY=51f58950-2ad0-43d0-91f1-fa160ca357ad.fam
BLHA=28.62257154,113.46619683,208.116407,273.436520
TRANSFORMMATRIX=0.000003117,-0.999999996,0.000089532,0.000000000,1.000000000,0.000003117,0.000000369,0.000000000,-0.000000369,0.000089532,0.999999996,0.000000000,-2.537469593,568.567185421,22.804962270,1.000000000
ENTITYNAME=Wire_Device
