ENTITYNAME=WIRE
BASEFAMILY=521aaf41-aa3b-4d7a-9c2f-04f9740a8bfa.fam
OBJECTMODELPOINTER=81b82497-164d-48c0-b1cb-18fa700dacdf.dev
KVALUE=0.000000
SPLIT=4
POINT0.BLHA=28.32529000,113.37096013,66.626,509.137564
POINT0.MATRIX0=0.512978582,-0.858401406,0.000000000,0.000000000,0.858401406,0.512978582,0.000000000,0.000000000,0.000000000,-0.000000000,1.000000000,0.000000000,-10.724605118,0.001354416,25.790004111,1.000000000
POINT0.MATRIX1=0.512978582,-0.858401406,0.000000000,0.000000000,0.858401406,0.512978582,0.000000000,0.000000000,0.000000000,-0.000000000,1.000000000,0.000000000,-10.724605118,0.001354415,26.240004098,1.000000000
POINT0.MATRIX2=0.512978582,-0.858401406,0.000000000,0.000000000,0.858401406,0.512978582,0.000000000,0.000000000,0.000000000,-0.000000000,1.000000000,0.000000000,-10.274605157,0.001354295,26.240004098,1.000000000
POINT0.MATRIX3=0.512978582,-0.858401406,0.000000000,0.000000000,0.858401406,0.512978582,0.000000000,0.000000000,0.000000000,-0.000000000,1.000000000,0.000000000,-10.274605158,0.001354295,25.790004110,1.000000000
POINT1.BLHA=28.32529000,113.37096013,66.626,509.137564
POINT1.MATRIX0=0.512978582,-0.858401406,0.000000000,0.000000000,0.858401406,0.512978582,0.000000000,0.000000000,0.000000000,-0.000000000,1.000000000,0.000000000,-10.724605261,-0.000645727,25.790004111,1.000000000
POINT1.MATRIX1=0.512978582,-0.858401406,0.000000000,0.000000000,0.858401406,0.512978582,0.000000000,0.000000000,0.000000000,-0.000000000,1.000000000,0.000000000,-10.724605261,-0.000645728,26.240004098,1.000000000
POINT1.MATRIX2=0.512978582,-0.858401406,0.000000000,0.000000000,0.858401406,0.512978582,0.000000000,0.000000000,0.000000000,-0.000000000,1.000000000,0.000000000,-10.274605423,-0.000645643,26.240004098,1.000000000
POINT1.MATRIX3=0.512978582,-0.858401406,0.000000000,0.000000000,0.858401406,0.512978582,0.000000000,0.000000000,0.000000000,-0.000000000,1.000000000,0.000000000,-10.274605423,-0.000645643,25.790004110,1.000000000
