OBJECTMODELPOINTER=33777c94-e4b9-4947-906f-f84480f3cb99.dev
BASEFAMILY=521c8747-1a66-4cff-9a43-43cac1e1256f.fam
BLHA=28.44044510,113.38600635,302.501930,242.026912
TRANSFORMMATRIX=-0.000006652,-1.000000000,0.000017222,0.000000000,1.000000000,-0.000006652,-0.000001737,0.000000000,0.000001737,0.000017221,1.000000000,0.000000000,11.311338713,109.510557221,27.481993518,1.000000000
ENTITYNAME=Wire_Device
