OBJECTMODELPOINTER=33777c94-e4b9-4947-906f-f84480f3cb99.dev
BASEFAMILY=5234940b-148e-46c9-87c4-8e2c0d2e3c55.fam
BLHA=28.73433869,113.45386444,142.659000,258.301958
TRANSFORMMATRIX=0.000056952,-0.999999998,0.000007216,0.000000000,0.999999998,0.000056952,0.000000040,0.000000000,-0.000000041,0.000007217,1.000000000,0.000000000,-0.212114355,45.833550070,31.008092676,1.000000000
ENTITYNAME=Wire_Device
