OBJECTMODELPOINTER=33777c94-e4b9-4947-906f-f84480f3cb99.dev
BASEFAMILY=523ae330-a28d-48b7-b0c4-acd977dc2fac.fam
BLHA=28.28492071,113.44885804,59.682173,504.180323
TRANSFORMMATRIX=-0.274543967,0.961574547,0.000028234,0.000000000,-0.961574547,-0.274543967,0.000001392,0.000000000,0.000009090,-0.000026767,1.000000000,0.000000000,58.246098213,-170.695970562,25.700059281,1.000000000
ENTITYNAME=Wire_Device
