OBJECTMODELPOINTER=33777c94-e4b9-4947-906f-f84480f3cb99.dev
BASEFAMILY=523fc80e-e932-40b3-8ce0-685aed46d589.fam
BLHA=28.58865070,113.47941927,287.208654,287.849619
TRANSFORMMATRIX=0.002241104,-0.999997488,0.000028708,0.000000000,0.999997489,0.002241104,0.000001941,0.000000000,-0.000002005,0.000028704,1.000000000,0.000000000,-13.069188825,182.387526835,13.582675527,1.000000000
ENTITYNAME=Wire_Device
