OBJECTMODELPOINTER=29e43a7a-7778-4eac-877d-64db606b933a.dev
BASEFAMILY=5252adf9-d89f-4e2c-bfb5-2aff35f30c65.fam
TRANSFORMMATRIX=1.000000000,0.000000000,0.000000000,0.000000000,-0.000000000,1.000000000,-0.000000000,0.000000000,-0.000000000,-0.000000000,1.000000000,0.000000000,-0.000000000,-0.000000000,0.000000001,1.000000000
ENTITYNAME=Tower_Device
