OBJECTMODELPOINTER=33777c94-e4b9-4947-906f-f84480f3cb99.dev
BASEFAMILY=5254714c-0f6b-4f94-8ce2-67d1edea6d19.fam
BLHA=28.54536406,113.51168326,478.790289,255.750198
TRANSFORMMATRIX=0.002140111,-0.999997709,0.000037165,0.000000000,0.999997710,0.002140111,-0.000001891,0.000000000,0.000001811,0.000037169,0.999999999,0.000000000,11.851629585,236.133243867,99.352271803,1.000000000
ENTITYNAME=Wire_Device
