OBJECTMODELPOINTER=33777c94-e4b9-4947-906f-f84480f3cb99.dev
BASEFAMILY=5255bacf-351a-4351-8dcd-4f41982893c5.fam
BLHA=28.45855791,113.39675815,237.532667,242.026912
TRANSFORMMATRIX=-0.004370152,-0.999990450,0.000047222,0.000000000,0.999990451,-0.004370152,0.000002429,0.000000000,-0.000002222,0.000047233,0.999999999,0.000000000,-13.521071977,300.248321027,52.931547185,1.000000000
ENTITYNAME=Wire_Device
