OBJECTMODELPOINTER=33777c94-e4b9-4947-906f-f84480f3cb99.dev
BASEFAMILY=525e8d61-5eab-4e88-ba41-59a8fa145dea.fam
BLHA=28.79959310,113.50336431,218.110050,224.374488
TRANSFORMMATRIX=0.696998371,-0.717072710,0.000000264,0.000000000,0.717072710,0.696998371,-0.000001278,0.000000000,0.000000733,0.000001080,1.000000000,0.000000000,4.683036922,6.889228283,29.430279009,1.000000000
ENTITYNAME=Wire_Device
