OBJECTMODELPOINTER=0e528b80-d9a0-4b13-adb1-01f4aa936c61.dev
BASEFAMILY=5263d492-01ae-4ac8-9723-b9af403f85a9.fam
TRANSFORMMATRIX=0.000000308,1.000000313,-0.000000777,0.000000000,-0.999999687,-0.000000235,0.000001449,0.000000000,-0.000000000,-0.000000000,1.000000000,0.000000000,8.002000000,-0.000000000,48.000000000,1.000000000
ENTITYNAME=Tower_Device
