OBJECTMODELPOINTER=33777c94-e4b9-4947-906f-f84480f3cb99.dev
BASEFAMILY=5269a264-544a-4512-8e76-22b6028fa598.fam
BLHA=28.38483527,113.36398740,139.075387,249.667673
TRANSFORMMATRIX=0.004156236,-0.999991363,0.000004898,0.000000000,0.999991363,0.004156236,0.000000038,0.000000000,-0.000000058,0.000004897,1.000000000,0.000000000,-0.318299763,31.117983979,29.273989680,1.000000000
ENTITYNAME=Wire_Device
