OBJECTMODELPOINTER=33777c94-e4b9-4947-906f-f84480f3cb99.dev
BASEFAMILY=526bef5c-5bd7-41f3-a8b5-cd3ae8c98df2.fam
BLHA=28.32292443,113.37625760,67.775568,311.415680
TRANSFORMMATRIX=-0.003219970,-0.999994816,0.000015203,0.000000000,0.999994816,-0.003219970,-0.000001110,0.000000000,0.000001158,0.000015200,1.000000000,0.000000000,7.129155023,96.718661224,24.447906150,1.000000000
ENTITYNAME=Wire_Device
