OBJECTMODELPOINTER=33777c94-e4b9-4947-906f-f84480f3cb99.dev
BASEFAMILY=5272e016-812d-4b70-b03f-5a1830731c0d.fam
BLHA=28.27407839,113.47004129,94.944746,312.669055
TRANSFORMMATRIX=0.001809397,-0.999998362,0.000052931,0.000000000,0.999998363,0.001809397,0.000001267,0.000000000,-0.000001362,0.000052929,0.999999999,0.000000000,-9.552921778,336.917283875,14.150530922,1.000000000
ENTITYNAME=Wire_Device
