ENTITYNAME=WIRE
BASEFAMILY=52790ff1-7b11-46be-bb5a-9d5d675d42dc.fam
OBJECTMODELPOINTER=31970f28-780e-4bf1-8adb-439f78c329a3.dev
KVALUE=0.000242
SPLIT=1
POINT0.BLHA=28.59525170,113.47626182,222.708,294.633001
POINT0.MATRIX0=-0.908996188,0.416804426,0.000000000,0.000000000,-0.416804426,-0.908996188,0.000000000,0.000000000,-0.000000000,0.000000000,1.000000000,0.000000000,-10.611689515,0.309791960,51.558000858,1.000000000
POINT1.BLHA=28.59065738,113.47867622,222.764,291.241310
POINT1.MATRIX0=-0.932062828,0.362296680,0.000000000,0.000000000,-0.362296680,-0.932062828,0.000000000,0.000000000,0.000000000,-0.000000000,1.000000000,0.000000000,-5.466968565,-1.559236842,43.919241267,1.000000000
