OBJECTMODELPOINTER=1f9b9921-b786-417d-90d3-97ee18e73a47.dev
BASEFAMILY=5279dcc3-5d20-4790-a129-76534638cd84.fam
TRANSFORMMATRIX=-0.000000175,1.000000107,-0.000001638,0.000000000,-0.999999893,0.000000636,0.000000105,0.000000000,0.000000000,0.000000000,1.000000000,0.000000000,0.000000000,0.000000000,48.000000000,1.000000000
ENTITYNAME=Tower_Device
