ENTITYNAME=WIRE
BASEFAMILY=527bd656-bd9b-4027-931d-754c0e8956aa.fam
OBJECTMODELPOINTER=81b82497-164d-48c0-b1cb-18fa700dacdf.dev
KVALUE=0.000372
SPLIT=4
POINT0.BLHA=28.71568525,113.45475484,179.580,274.089521
POINT0.MATRIX0=-0.997453842,0.071315024,0.000000000,0.000000000,-0.071315024,-0.997453842,0.000000000,0.000000000,0.000000000,0.000000000,1.000000000,0.000000000,2.816618514,9.859419479,36.096988416,1.000000000
POINT0.MATRIX1=-0.997453842,0.071315024,0.000000000,0.000000000,-0.071315024,-0.997453842,0.000000000,0.000000000,0.000000000,0.000000000,1.000000000,0.000000000,3.043561632,9.854942376,36.542514509,1.000000000
POINT0.MATRIX2=-0.997453842,0.071315024,0.000000000,0.000000000,-0.071315024,-0.997453842,0.000000000,0.000000000,0.000000000,0.000000000,1.000000000,0.000000000,2.767291849,10.677520225,36.693546062,1.000000000
POINT0.MATRIX3=-0.997453842,0.071315024,0.000000000,0.000000000,-0.071315024,-0.997453842,0.000000000,0.000000000,0.000000000,0.000000000,1.000000000,0.000000000,2.540488018,10.683945481,36.248019880,1.000000000
POINT1.BLHA=28.71274605,113.45447194,199.235,264.887951
POINT1.MATRIX0=-0.996022350,-0.089103753,-0.000000000,0.000000000,0.089103753,-0.996022350,-0.000000000,0.000000000,-0.000000000,-0.000000000,1.000000000,0.000000000,0.224624393,-0.111384181,34.000004419,1.000000000
POINT1.MATRIX1=-0.996022350,-0.089103753,-0.000000000,0.000000000,0.089103753,-0.996022350,-0.000000000,0.000000000,-0.000000000,-0.000000000,1.000000000,0.000000000,0.224624393,-0.111384181,34.450001368,1.000000000
POINT1.MATRIX2=-0.996022350,-0.089103753,-0.000000000,0.000000000,0.089103753,-0.996022350,-0.000000000,0.000000000,-0.000000000,-0.000000000,1.000000000,0.000000000,-0.225420351,-0.108504652,34.450001368,1.000000000
POINT1.MATRIX3=-0.996022350,-0.089103753,-0.000000000,0.000000000,0.089103753,-0.996022350,-0.000000000,0.000000000,-0.000000000,-0.000000000,1.000000000,0.000000000,-0.225420351,-0.108504652,34.000004420,1.000000000
