OBJECTMODELPOINTER=33777c94-e4b9-4947-906f-f84480f3cb99.dev
BASEFAMILY=5280ac44-fc42-4374-a9d5-b53bfdc6bfbd.fam
BLHA=28.31510010,113.40690744,78.265120,0.896163
TRANSFORMMATRIX=0.002055876,-0.999997887,0.000015971,0.000000000,0.999997887,0.002055876,-0.000001158,0.000000000,0.000001124,0.000015973,1.000000000,0.000000000,7.150933275,101.956131550,32.972857877,1.000000000
ENTITYNAME=Wire_Device
