ENTITYNAME=WIRE
BASEFAMILY=52816879-d734-481d-9252-c545e8d759fe.fam
OBJECTMODELPOINTER=81b82497-164d-48c0-b1cb-18fa700dacdf.dev
KVALUE=0.000000
SPLIT=4
POINT0.BLHA=28.46846127,113.40263855,250.773,415.920157
POINT0.MATRIX0=0.828257519,0.560347644,0.000000000,0.000000000,-0.560347644,0.828257519,-0.000000000,0.000000000,0.000000000,0.000000000,1.000000000,0.000000000,7.564827087,0.001283314,25.790000451,1.000000000
POINT0.MATRIX1=0.828257519,0.560347644,0.000000000,0.000000000,-0.560347644,0.828257519,-0.000000000,0.000000000,0.000000000,0.000000000,1.000000000,0.000000000,7.564827087,0.001283314,26.240000451,1.000000000
POINT0.MATRIX2=0.828257519,0.560347644,0.000000000,0.000000000,-0.560347644,0.828257519,-0.000000000,0.000000000,0.000000000,0.000000000,1.000000000,0.000000000,8.014826976,0.001283171,26.240000451,1.000000000
POINT0.MATRIX3=0.828257519,0.560347644,0.000000000,0.000000000,-0.560347644,0.828257519,-0.000000000,0.000000000,0.000000000,0.000000000,1.000000000,0.000000000,8.014826976,0.001283171,25.790000451,1.000000000
POINT1.BLHA=28.46846127,113.40263855,250.773,415.920157
POINT1.MATRIX0=0.828257519,0.560347644,0.000000000,0.000000000,-0.560347644,0.828257519,-0.000000000,0.000000000,0.000000000,0.000000000,1.000000000,0.000000000,7.564827005,-0.000716763,25.790000452,1.000000000
POINT1.MATRIX1=0.828257519,0.560347644,0.000000000,0.000000000,-0.560347644,0.828257519,-0.000000000,0.000000000,0.000000000,0.000000000,1.000000000,0.000000000,7.564827005,-0.000716763,26.240000451,1.000000000
POINT1.MATRIX2=0.828257519,0.560347644,0.000000000,0.000000000,-0.560347644,0.828257519,-0.000000000,0.000000000,0.000000000,0.000000000,1.000000000,0.000000000,8.014827091,-0.000716772,26.240000451,1.000000000
POINT1.MATRIX3=0.828257519,0.560347644,0.000000000,0.000000000,-0.560347644,0.828257519,-0.000000000,0.000000000,0.000000000,0.000000000,1.000000000,0.000000000,8.014827091,-0.000716772,25.790000451,1.000000000
