OBJECTMODELPOINTER=33777c94-e4b9-4947-906f-f84480f3cb99.dev
BASEFAMILY=52914adc-eb30-4e4b-b5e3-9ac756e2e5f7.fam
BLHA=28.31502906,113.40300484,68.016258,0.896163
TRANSFORMMATRIX=-0.001178568,-0.999999304,0.000053968,0.000000000,0.999999306,-0.001178568,-0.000000747,0.000000000,0.000000810,0.000053967,0.999999999,0.000000000,5.175685710,344.477252862,74.951152757,1.000000000
ENTITYNAME=Wire_Device
