OBJECTMODELPOINTER=268b0607-e1dd-4b58-a139-f979a86e6d3f.dev
BASEFAMILY=52a66331-7fda-4e70-b490-350d085c0494.fam
TRANSFORMMATRIX=-0.999819173,-0.019016026,0.000000011,0.000000000,0.019016016,-0.999819186,-0.000000019,0.000000000,0.000000000,0.000000000,1.000000000,0.000000000,9.870000000,-0.310000000,54.999999999,1.000000000
ENTITYNAME=Tower_Device
