OBJECTMODELPOINTER=33777c94-e4b9-4947-906f-f84480f3cb99.dev
BASEFAMILY=52b027cd-2028-42f5-b4ec-39a384f86536.fam
BLHA=28.36557656,113.36066804,62.497212,414.735470
TRANSFORMMATRIX=-0.393693514,0.919241762,0.000000141,0.000000000,-0.919241762,-0.393693514,-0.000001440,0.000000000,-0.000001268,-0.000000696,1.000000000,0.000000000,-8.090610143,-4.445603268,25.351926179,1.000000000
ENTITYNAME=Wire_Device
