OBJECTMODELPOINTER=33777c94-e4b9-4947-906f-f84480f3cb99.dev
BASEFAMILY=52b3e462-c8d9-4a1b-892a-023c41d32074.fam
BLHA=28.32474464,113.37442409,71.722945,330.514691
TRANSFORMMATRIX=-0.335281193,-0.942118103,0.000027464,0.000000000,0.942118104,-0.335281194,0.000001905,0.000000000,0.000007413,0.000026513,1.000000000,0.000000000,46.754942886,168.916415270,40.526292159,1.000000000
ENTITYNAME=Wire_Device
