ENTITYNAME=WIRE
BASEFAMILY=52b54eea-0b9d-4c6d-9ee6-1ed8304832e5.fam
OBJECTMODELPOINTER=31970f28-780e-4bf1-8adb-439f78c329a3.dev
KVALUE=0.000233
SPLIT=1
POINT0.BLHA=28.33832123,113.36372877,73.392,278.143009
POINT0.MATRIX0=-0.989917611,0.141644356,-0.000000000,0.000000000,-0.141644356,-0.989917611,0.000000000,0.000000000,-0.000000000,-0.000000000,1.000000000,0.000000000,-11.325181996,0.629633182,69.558005642,1.000000000
POINT1.BLHA=28.33513056,113.36426418,74.466,467.201749
POINT1.MATRIX0=0.955269333,-0.295737218,0.000000000,0.000000000,0.295737218,0.955269333,0.000000000,0.000000000,-0.000000000,-0.000000000,1.000000000,0.000000000,5.615317126,1.553195873,43.990777711,1.000000000
