ENTITYNAME=WIRE
BASEFAMILY=52c6ae2d-1445-4d95-b13b-926f04f95451.fam
OBJECTMODELPOINTER=81b82497-164d-48c0-b1cb-18fa700dacdf.dev
KVALUE=0.000000
SPLIT=4
POINT0.BLHA=28.51918695,113.48038702,399.659,210.734491
POINT0.MATRIX0=-0.511060437,-0.859544780,0.000000000,0.000000000,0.859544780,-0.511060437,-0.000000000,0.000000000,0.000000000,-0.000000000,1.000000000,0.000000000,-11.645114976,-0.000024668,37.000001251,1.000000000
POINT0.MATRIX1=-0.511060437,-0.859544780,0.000000000,0.000000000,0.859544780,-0.511060437,-0.000000000,0.000000000,0.000000000,-0.000000000,1.000000000,0.000000000,-11.645114976,-0.000024668,37.449998200,1.000000000
POINT0.MATRIX2=-0.511060437,-0.859544780,0.000000000,0.000000000,0.859544780,-0.511060437,-0.000000000,0.000000000,0.000000000,-0.000000000,1.000000000,0.000000000,-12.095050978,-0.000066526,37.449998200,1.000000000
POINT0.MATRIX3=-0.511060437,-0.859544780,0.000000000,0.000000000,0.859544780,-0.511060437,-0.000000000,0.000000000,0.000000000,-0.000000000,1.000000000,0.000000000,-12.095050978,-0.000066526,37.000001252,1.000000000
POINT1.BLHA=28.51918695,113.48038702,399.659,210.734491
POINT1.MATRIX0=-0.511060437,-0.859544780,0.000000000,0.000000000,0.859544780,-0.511060437,-0.000000000,0.000000000,0.000000000,-0.000000000,1.000000000,0.000000000,-11.645115472,0.109968100,37.000001251,1.000000000
POINT1.MATRIX1=-0.511060437,-0.859544780,0.000000000,0.000000000,0.859544780,-0.511060437,-0.000000000,0.000000000,0.000000000,-0.000000000,1.000000000,0.000000000,-11.645115472,0.109968100,37.449998199,1.000000000
POINT1.MATRIX2=-0.511060437,-0.859544780,0.000000000,0.000000000,0.859544780,-0.511060437,-0.000000000,0.000000000,0.000000000,-0.000000000,1.000000000,0.000000000,-12.095051474,0.109926243,37.449998199,1.000000000
POINT1.MATRIX3=-0.511060437,-0.859544780,0.000000000,0.000000000,0.859544780,-0.511060437,-0.000000000,0.000000000,0.000000000,-0.000000000,1.000000000,0.000000000,-12.095051474,0.109926243,37.000001251,1.000000000
