OBJECTMODELPOINTER=33777c94-e4b9-4947-906f-f84480f3cb99.dev
BASEFAMILY=52caa8cd-d239-4123-9ba4-fbb9ba4c1c8a.fam
BLHA=28.30070252,113.44082959,73.741833,287.794387
TRANSFORMMATRIX=0.001916430,-0.999998163,0.000039806,0.000000000,0.999998164,0.001916430,0.000001607,0.000000000,-0.000001683,0.000039803,0.999999999,0.000000000,-11.126914036,252.885780795,50.285402879,1.000000000
ENTITYNAME=Wire_Device
