OBJECTMODELPOINTER=33777c94-e4b9-4947-906f-f84480f3cb99.dev
BASEFAMILY=52df670e-7725-43e7-9cf5-3222a44f4991.fam
BLHA=28.28033977,113.46346380,83.899072,326.450928
TRANSFORMMATRIX=-0.421798881,-0.906689420,-0.000000034,0.000000000,0.906689420,-0.421798881,0.000001707,0.000000000,-0.000001562,0.000000690,1.000000000,0.000000000,-9.943733902,4.418591108,31.317586319,1.000000000
ENTITYNAME=Wire_Device
