OBJECTMODELPOINTER=33777c94-e4b9-4947-906f-f84480f3cb99.dev
BASEFAMILY=52f1218a-e3f1-44ff-8431-1ceefc2df647.fam
BLHA=28.46166988,113.39860583,270.672858,242.026912
TRANSFORMMATRIX=0.001513270,-0.999998854,0.000035514,0.000000000,0.999998855,0.001513270,0.000002250,0.000000000,-0.000002304,0.000035510,0.999999999,0.000000000,-14.201793522,225.726997064,13.574717527,1.000000000
ENTITYNAME=Wire_Device
