OBJECTMODELPOINTER=0e312739-8609-4a3d-966c-75d05d59356d.dev
BASEFAMILY=52f4d8da-f5a4-4979-8aee-a9d1e8d0ef49.fam
TRANSFORMMATRIX=0.000000000,-1.000000000,-0.000000000,0.000000000,1.000000000,0.000000000,-0.000000000,0.000000000,0.000000000,0.000000000,1.000000000,0.000000000,-7.370364055,7.369895706,-0.000006066,1.000000000
ENTITYNAME=Tower_Device
