OBJECTMODELPOINTER=4da9e460-8356-49c2-a075-f2e66dc85613.dev
BASEFAMILY=52f876bd-538f-4bd3-af94-b301be701246.fam
TRANSFORMMATRIX=0.000000347,0.999999634,-0.000000747,0.000000000,-1.000000366,-0.000000051,-0.000001463,0.000000000,-0.000000000,0.000000000,1.000000000,0.000000000,7.500000000,4.000000000,43.000000000,1.000000000
ENTITYNAME=Tower_Device
