OBJECTMODELPOINTER=5df72e5a-dd7d-429c-9211-a9293a9a5f28.dev
BASEFAMILY=5306c4ba-ba06-4488-97c9-51a90985aff8.fam
TRANSFORMMATRIX=-0.999996322,0.002712206,-0.000000003,0.000000000,-0.002712208,-0.999996322,-0.000000000,0.000000000,0.000000000,0.000000000,1.000000000,0.000000000,11.320000000,0.320000001,70.000000000,1.000000000
ENTITYNAME=Tower_Device
