OBJECTMODELPOINTER=33777c94-e4b9-4947-906f-f84480f3cb99.dev
BASEFAMILY=530dd272-97ca-490c-98a2-d7efb767c4e1.fam
BLHA=28.31515909,113.41015274,70.673124,0.896163
TRANSFORMMATRIX=0.000005952,-1.000000000,0.000015033,0.000000000,1.000000000,0.000005952,-0.000001060,0.000000000,0.000001059,0.000015034,1.000000000,0.000000000,6.740308773,95.958203440,20.025865337,1.000000000
ENTITYNAME=Wire_Device
