OBJECTMODELPOINTER=0e312739-8609-4a3d-966c-75d05d59356d.dev
BASEFAMILY=5313f868-aaf6-48b3-bb71-4d1c0887ff29.fam
TRANSFORMMATRIX=1.000000000,0.000000000,-0.000000000,0.000000000,-0.000000000,1.000000000,-0.000000000,0.000000000,0.000000000,-0.000000000,1.000000000,0.000000000,-5.067126792,-5.066953670,0.000003177,1.000000000
ENTITYNAME=Tower_Device
