OBJECTMODELPOINTER=33777c94-e4b9-4947-906f-f84480f3cb99.dev
BASEFAMILY=532720e3-1ca2-4acf-beba-e0369a527732.fam
BLHA=28.36295604,113.35959378,63.083646,458.145379
TRANSFORMMATRIX=-0.026347209,0.999652852,0.000015685,0.000000000,-0.999652852,-0.026347209,0.000001240,0.000000000,0.000001653,-0.000015647,1.000000000,0.000000000,10.622466389,-99.371366066,40.031847266,1.000000000
ENTITYNAME=Wire_Device
