OBJECTMODELPOINTER=852595be-47e4-46e0-bddc-124ad0dd87e5.dev
BASEFAMILY=53334e63-3bb0-41e3-8bc6-2e8557a05780.fam
TRANSFORMMATRIX=0.000000342,0.999999730,-0.000000468,0.000000000,-1.000000270,-0.000000291,-0.000001576,0.000000000,0.000000000,-0.000000000,1.000000000,0.000000000,-0.000000000,0.000000000,45.000000000,1.000000000
ENTITYNAME=Tower_Device
