OBJECTMODELPOINTER=33777c94-e4b9-4947-906f-f84480f3cb99.dev
BASEFAMILY=533c4fa7-f6bb-4cd0-9934-beb7466ec2fb.fam
BLHA=28.77096466,113.47401910,153.559218,236.227775
TRANSFORMMATRIX=-0.000032317,-0.999999994,0.000104385,0.000000000,1.000000000,-0.000032317,0.000000716,0.000000000,-0.000000714,0.000104385,0.999999994,0.000000000,-2.958150706,663.935802573,45.605783416,1.000000000
ENTITYNAME=Wire_Device
