OBJECTMODELPOINTER=33777c94-e4b9-4947-906f-f84480f3cb99.dev
BASEFAMILY=533d7bec-956a-44fc-8e89-5ad535948646.fam
BLHA=28.31529425,113.41760444,47.126172,0.896163
TRANSFORMMATRIX=0.009099217,-0.999958601,0.000027082,0.000000000,0.999958601,0.009099217,0.000001311,0.000000000,-0.000001558,0.000027069,1.000000000,0.000000000,-9.877016247,172.782584828,28.248997765,1.000000000
ENTITYNAME=Wire_Device
