OBJECTMODELPOINTER=33777c94-e4b9-4947-906f-f84480f3cb99.dev
BASEFAMILY=53414e4e-a1aa-4a58-86e3-cc2fba612c26.fam
BLHA=28.48504373,113.41833342,235.006355,407.385386
TRANSFORMMATRIX=0.258989946,0.965880017,-0.000000404,0.000000000,-0.965880017,0.258989946,-0.000001446,0.000000000,-0.000001292,0.000000765,1.000000000,0.000000000,-8.213614373,4.845862549,25.566697805,1.000000000
ENTITYNAME=Wire_Device
