OBJECTMODELPOINTER=34e7fda4-7364-4c47-a2c0-b6c0bee437ee.dev
BASEFAMILY=534538ee-cea6-40c1-8cee-f5acda35dd6a.fam
TRANSFORMMATRIX=-0.999988204,-0.004857102,0.000000006,0.000000000,0.004857106,-0.999988204,0.000000000,0.000000000,-0.000000000,-0.000000000,1.000000000,0.000000000,9.870000000,-0.000000000,54.999999999,1.000000000
ENTITYNAME=Tower_Device
