ENTITYNAME=WIRE
BASEFAMILY=535e10a0-5adf-476e-82ee-99218a78c11c.fam
OBJECTMODELPOINTER=31970f28-780e-4bf1-8adb-439f78c329a3.dev
KVALUE=0.000245
SPLIT=1
POINT0.BLHA=28.62257154,113.46619683,208.116,273.436520
POINT0.MATRIX0=-0.998201823,0.059942640,-0.000000000,0.000000000,-0.059942640,-0.998201823,0.000000000,0.000000000,0.000000000,-0.000000000,1.000000000,0.000000000,10.609725617,0.309435740,54.558001842,1.000000000
POINT1.BLHA=28.61647630,113.46664258,210.970,273.436520
POINT1.MATRIX0=-0.998201823,0.059942640,0.000000000,0.000000000,-0.059942640,-0.998201823,0.000000000,0.000000000,0.000000000,0.000000000,1.000000000,0.000000000,10.608767905,-0.309234044,54.558002384,1.000000000
