OBJECTMODELPOINTER=33777c94-e4b9-4947-906f-f84480f3cb99.dev
BASEFAMILY=53623f17-c89a-48af-bae6-5de48ac9d22d.fam
BLHA=28.27407839,113.47004129,94.944746,312.669055
TRANSFORMMATRIX=0.001797521,-0.999998384,0.000018828,0.000000000,0.999998384,0.001797521,0.000001521,0.000000000,-0.000001555,0.000018825,1.000000000,0.000000000,-10.213409824,119.847086089,30.898084984,1.000000000
ENTITYNAME=Wire_Device
