OBJECTMODELPOINTER=33777c94-e4b9-4947-906f-f84480f3cb99.dev
BASEFAMILY=53668794-6457-4406-9756-872d6c6f93b7.fam
BLHA=28.52451102,113.49042735,376.991440,210.734491
TRANSFORMMATRIX=-0.021531724,-0.999768165,0.000031671,0.000000000,0.999768166,-0.021531724,0.000002210,0.000000000,-0.000001528,0.000031711,0.999999999,0.000000000,-9.255760513,202.126874377,-9.761645655,1.000000000
ENTITYNAME=Wire_Device
