OBJECTMODELPOINTER=33777c94-e4b9-4947-906f-f84480f3cb99.dev
BASEFAMILY=5389270b-0949-4264-9886-a2d1924e946d.fam
BLHA=28.72596649,113.45194319,126.516960,450.796525
TRANSFORMMATRIX=-0.202812977,0.979217492,0.000006405,0.000000000,-0.979217492,-0.202812977,-0.000001235,0.000000000,0.000000090,-0.000006523,1.000000000,0.000000000,0.572908417,-41.420775613,27.845945122,1.000000000
ENTITYNAME=Wire_Device
