OBJECTMODELPOINTER=33777c94-e4b9-4947-906f-f84480f3cb99.dev
BASEFAMILY=539b7545-4f9c-4e51-85aa-b2fa7606ed40.fam
BLHA=28.61307891,113.46689101,233.448700,464.034761
TRANSFORMMATRIX=0.376381274,0.926464860,-0.000000241,0.000000000,-0.926464860,0.376381274,-0.000001453,0.000000000,-0.000001256,0.000000770,1.000000000,0.000000000,-8.015803556,4.903786369,25.317824439,1.000000000
ENTITYNAME=Wire_Device
