OBJECTMODELPOINTER=33777c94-e4b9-4947-906f-f84480f3cb99.dev
BASEFAMILY=53a655d0-17c7-4eb3-9181-f53b95b16717.fam
BLHA=28.65774704,113.46158959,182.997853,277.610658
TRANSFORMMATRIX=-0.000000323,-1.000000000,0.000005047,0.000000000,1.000000000,-0.000000323,-0.000001841,0.000000000,0.000001840,0.000005046,1.000000000,0.000000000,11.725843040,32.044293950,22.807469085,1.000000000
ENTITYNAME=Wire_Device
