OBJECTMODELPOINTER=33777c94-e4b9-4947-906f-f84480f3cb99.dev
BASEFAMILY=53ad4c79-0312-4296-8d26-03000881cad7.fam
BLHA=28.31135450,113.43043530,49.303319,335.449580
TRANSFORMMATRIX=0.003209069,-0.999994849,0.000057789,0.000000000,0.999994851,0.003209070,0.000001649,0.000000000,-0.000001835,0.000057783,0.999999998,0.000000000,-12.383315309,368.526037309,38.385746069,1.000000000
ENTITYNAME=Wire_Device
