OBJECTMODELPOINTER=27c5b98e-6c08-45b2-a0ae-49838c1a0ee9.dev
BASEFAMILY=53bca733-57e9-4993-a8e6-21255bf543ff.fam
TRANSFORMMATRIX=-0.003784813,-0.999992918,-0.000000052,0.000000000,0.999992754,-0.003785635,-0.000001638,0.000000000,0.000000000,-0.000000000,1.000000000,0.000000000,-11.870000000,0.600000000,44.999999999,1.000000000
ENTITYNAME=Tower_Device
