OBJECTMODELPOINTER=33777c94-e4b9-4947-906f-f84480f3cb99.dev
BASEFAMILY=53c220e3-00c7-470e-afd2-1f41672f3738.fam
BLHA=28.30961923,113.43478171,54.752520,501.227736
TRANSFORMMATRIX=0.239225904,0.970963937,0.000025234,0.000000000,-0.970963937,0.239225904,-0.000001215,0.000000000,-0.000007216,-0.000024210,1.000000000,0.000000000,-45.522811670,-154.103633800,61.132945376,1.000000000
ENTITYNAME=Wire_Device
