OBJECTMODELPOINTER=33777c94-e4b9-4947-906f-f84480f3cb99.dev
BASEFAMILY=53c4ecb6-e30d-4b90-aa0c-dd6a5d50cad9.fam
BLHA=28.49037109,113.42431436,249.696550,224.957371
TRANSFORMMATRIX=-0.000016039,-0.999999999,0.000041515,0.000000000,1.000000000,-0.000016039,0.000000311,0.000000000,-0.000000310,0.000041515,0.999999999,0.000000000,-1.292128992,264.312403891,8.991689895,1.000000000
ENTITYNAME=Wire_Device
