ENTITYNAME=WIRE
BASEFAMILY=53c53766-c66f-48a4-8661-53932c3b6a8e.fam
OBJECTMODELPOINTER=81b82497-164d-48c0-b1cb-18fa700dacdf.dev
KVALUE=0.088240
SPLIT=4
POINT0.BLHA=28.32474464,113.37442409,71.723,330.514691
POINT0.MATRIX0=-0.492200384,0.870481925,0.000000000,0.000000000,-0.870481925,-0.492200384,0.000000000,0.000000000,0.000000000,0.000000000,1.000000000,0.000000000,-5.753527375,-8.187556615,51.820236109,1.000000000
POINT0.MATRIX1=-0.492200384,0.870481925,0.000000000,0.000000000,-0.870481925,-0.492200384,0.000000000,0.000000000,0.000000000,0.000000000,1.000000000,0.000000000,-5.502776373,-8.963266020,52.212030314,1.000000000
POINT0.MATRIX2=-0.492200384,0.870481925,0.000000000,0.000000000,-0.870481925,-0.492200384,0.000000000,0.000000000,0.000000000,0.000000000,1.000000000,0.000000000,-5.972091008,-9.137200705,52.212076092,1.000000000
POINT0.MATRIX3=-0.492200384,0.870481925,0.000000000,0.000000000,-0.870481925,-0.492200384,0.000000000,0.000000000,0.000000000,0.000000000,1.000000000,0.000000000,-6.224782494,-8.362027585,51.820266627,1.000000000
POINT1.BLHA=28.32474464,113.37442409,71.723,330.514691
POINT1.MATRIX0=-0.492200384,0.870481925,0.000000000,0.000000000,-0.870481925,-0.492200384,0.000000000,0.000000000,0.000000000,0.000000000,1.000000000,0.000000000,-10.275563582,-0.000619456,49.290001833,1.000000000
POINT1.MATRIX1=-0.492200384,0.870481925,0.000000000,0.000000000,-0.870481925,-0.492200384,0.000000000,0.000000000,0.000000000,0.000000000,1.000000000,0.000000000,-10.275563583,-0.000619456,49.740001820,1.000000000
POINT1.MATRIX2=-0.492200384,0.870481925,0.000000000,0.000000000,-0.870481925,-0.492200384,0.000000000,0.000000000,0.000000000,0.000000000,1.000000000,0.000000000,-10.725563635,-0.000619244,49.740001821,1.000000000
POINT1.MATRIX3=-0.492200384,0.870481925,0.000000000,0.000000000,-0.870481925,-0.492200384,0.000000000,0.000000000,0.000000000,0.000000000,1.000000000,0.000000000,-10.725563635,-0.000619244,49.290001833,1.000000000
