OBJECTMODELPOINTER=7208e796-2f53-468e-8eec-f4c255f4cd4a.dev
BASEFAMILY=53c8fb47-7907-4ece-85bd-ef75fbac11ec.fam
TRANSFORMMATRIX=-0.033316249,0.051492821,-0.998117635,0.000000000,-0.839581706,-0.543233156,0.000001018,0.000000000,-0.542211428,0.838000783,0.061330697,0.000000000,-7.500000000,-0.900000000,44.000000001,1.000000000
ENTITYNAME=Tower_Device
