OBJECTMODELPOINTER=33777c94-e4b9-4947-906f-f84480f3cb99.dev
BASEFAMILY=53ca8553-1aa5-43a5-b4d8-61a4cab2b1a4.fam
BLHA=28.50709200,113.45758686,253.896568,210.734491
TRANSFORMMATRIX=-0.017692900,-0.999843468,0.000013351,0.000000000,0.999843468,-0.017692900,0.000001959,0.000000000,-0.000001723,0.000013383,1.000000000,0.000000000,-10.760909256,85.288292077,41.462651335,1.000000000
ENTITYNAME=Wire_Device
