OBJECTMODELPOINTER=33777c94-e4b9-4947-906f-f84480f3cb99.dev
BASEFAMILY=53ce394e-9d14-48b3-8aca-7d445be4e6a8.fam
BLHA=28.70879307,113.45409149,169.216562,451.156517
TRANSFORMMATRIX=-0.105192920,0.994451833,0.000041691,0.000000000,-0.994451834,-0.105192920,0.000000356,0.000000000,0.000004740,-0.000041422,0.999999999,0.000000000,30.281234416,-263.047538887,43.244342875,1.000000000
ENTITYNAME=Wire_Device
