OBJECTMODELPOINTER=33777c94-e4b9-4947-906f-f84480f3cb99.dev
BASEFAMILY=53e280e6-0189-493b-9019-a6bb52a5761b.fam
BLHA=28.53971514,113.51008635,497.099735,255.750198
TRANSFORMMATRIX=-0.007009244,-0.999975432,0.000072092,0.000000000,0.999975435,-0.007009244,0.000002380,0.000000000,-0.000001875,0.000072105,0.999999997,0.000000000,-11.395913134,458.038333109,-26.445569611,1.000000000
ENTITYNAME=Wire_Device
