OBJECTMODELPOINTER=33777c94-e4b9-4947-906f-f84480f3cb99.dev
BASEFAMILY=53f7525f-dd0b-492a-a42c-7461c078ceaa.fam
BLHA=28.28492071,113.44885804,59.682173,504.180323
TRANSFORMMATRIX=-0.274538482,0.961576113,0.000016974,0.000000000,-0.961576113,-0.274538482,0.000001360,0.000000000,0.000005968,-0.000015948,1.000000000,0.000000000,38.211078603,-101.713169250,27.076180769,1.000000000
ENTITYNAME=Wire_Device
