OBJECTMODELPOINTER=4a9aecb1-f72c-45af-a7e7-d40ecc6d8167.dev
BASEFAMILY=540ac68e-ad66-4a9e-9b62-5e2daad3b737.fam
TRANSFORMMATRIX=-0.005039202,-0.999987034,0.000001573,0.000000000,0.999987575,-0.005038568,-0.000000463,0.000000000,0.000000000,0.000000000,1.000000000,0.000000000,13.320000000,0.600000000,57.000000000,1.000000000
ENTITYNAME=Tower_Device
