OBJECTMODELPOINTER=33777c94-e4b9-4947-906f-f84480f3cb99.dev
BASEFAMILY=5410c6a2-ff84-4270-a722-aafe77d03e6e.fam
BLHA=28.31925198,113.37995663,64.126344,500.343289
TRANSFORMMATRIX=-0.153507935,0.988147415,0.000026655,0.000000000,-0.988147415,-0.153507935,0.000001445,0.000000000,0.000005520,-0.000026117,1.000000000,0.000000000,35.548733389,-166.446938502,33.423023172,1.000000000
ENTITYNAME=Wire_Device
