OBJECTMODELPOINTER=33777c94-e4b9-4947-906f-f84480f3cb99.dev
BASEFAMILY=541dfa32-5071-4088-9ad7-e868c786f780.fam
BLHA=28.50209029,113.44375287,199.020645,200.251669
TRANSFORMMATRIX=-0.000021946,-0.999999999,0.000038780,0.000000000,1.000000000,-0.000021946,0.000000251,0.000000000,-0.000000249,0.000038779,0.999999999,0.000000000,-1.171228850,247.386256766,83.514650771,1.000000000
ENTITYNAME=Wire_Device
