OBJECTMODELPOINTER=33777c94-e4b9-4947-906f-f84480f3cb99.dev
BASEFAMILY=542b4884-9de2-45f7-afb1-35fbf2e38f38.fam
BLHA=28.49972812,113.43660808,222.066271,200.251669
TRANSFORMMATRIX=0.003540492,-0.999993732,0.000005406,0.000000000,0.999993732,0.003540492,0.000000039,0.000000000,-0.000000058,0.000005406,1.000000000,0.000000000,-0.309223319,34.488065844,58.249963596,1.000000000
ENTITYNAME=Wire_Device
