OBJECTMODELPOINTER=33777c94-e4b9-4947-906f-f84480f3cb99.dev
BASEFAMILY=543b81ab-47f8-4ae4-9ab7-5abff405c595.fam
BLHA=28.52957493,113.49997928,454.520911,210.734491
TRANSFORMMATRIX=-0.000021556,-0.999999999,0.000045667,0.000000000,1.000000000,-0.000021556,0.000000296,0.000000000,-0.000000295,0.000045667,0.999999999,0.000000000,-1.213384589,291.116593904,0.172118262,1.000000000
ENTITYNAME=Wire_Device
