OBJECTMODELPOINTER=3c476dc4-a2ee-4a1e-b476-2003b99d2811.dev
BASEFAMILY=5445f62a-5bb6-4239-9798-00f75fb45081.fam
TRANSFORMMATRIX=0.000705447,-0.003999244,-0.999991956,0.000000000,-0.984747150,-0.173990364,-0.000001142,0.000000000,-0.173988850,0.984739250,-0.004060663,0.000000000,12.500000000,-0.400000000,61.299999999,1.000000000
ENTITYNAME=Tower_Device
