OBJECTMODELPOINTER=283e4b4c-ab00-4582-b9d6-0c8d8a53b76e.dev
BASEFAMILY=544668b2-917e-470e-bade-5163ae65d906.fam
TRANSFORMMATRIX=0.000000225,1.000000338,0.000001505,0.000000000,-0.999999662,0.000000702,-0.000000663,0.000000000,0.000000000,0.000000000,1.000000000,0.000000000,11.305000000,0.000000000,46.999999999,1.000000000
ENTITYNAME=Tower_Device
