OBJECTMODELPOINTER=6b12279f-5d49-4b76-ba0a-ef3466708f14.dev
BASEFAMILY=544e6392-292a-43b8-8616-bd128509d73f.fam
TRANSFORMMATRIX=-1.000000000,-0.000000071,0.000000000,0.000000000,0.000000071,-1.000000000,-0.000000000,0.000000000,0.000000000,0.000000000,1.000000000,0.000000000,-11.320000000,-0.320000000,63.999999999,1.000000000
ENTITYNAME=Tower_Device
