OBJECTMODELPOINTER=33777c94-e4b9-4947-906f-f84480f3cb99.dev
BASEFAMILY=545140e3-6fd8-444e-93da-ff1cdec84531.fam
BLHA=28.61307891,113.46689101,233.448700,464.034761
TRANSFORMMATRIX=-0.181622638,0.983368300,0.000069460,0.000000000,-0.983368302,-0.181622638,0.000000349,0.000000000,0.000012958,-0.000068242,0.999999998,0.000000000,83.220860311,-433.587520316,8.515842630,1.000000000
ENTITYNAME=Wire_Device
