OBJECTMODELPOINTER=33777c94-e4b9-4947-906f-f84480f3cb99.dev
BASEFAMILY=5451f987-1ad4-4123-b248-1fd11d901022.fam
BLHA=28.70605444,113.45451077,165.912680,277.425083
TRANSFORMMATRIX=-0.002578722,-0.999996675,0.000028291,0.000000000,0.999996675,-0.002578722,0.000002197,0.000000000,-0.000002125,0.000028297,1.000000000,0.000000000,-13.677390112,179.715440857,14.393519651,1.000000000
ENTITYNAME=Wire_Device
