OBJECTMODELPOINTER=146d895a-fdff-4646-a5ce-e15abbf3f3eb.dev
BASEFAMILY=54622d21-da24-498e-805e-e0fad16f5138.fam
TRANSFORMMATRIX=-1.000000000,0.000000000,0.000000000,0.000000000,-0.000000000,-1.000000000,0.000000000,0.000000000,-0.000000000,0.000000000,1.000000000,0.000000000,5.809921708,5.809976576,-0.000000776,1.000000000
ENTITYNAME=Tower_Device
