OBJECTMODELPOINTER=146d895a-fdff-4646-a5ce-e15abbf3f3eb.dev
BASEFAMILY=546247ab-2b6e-42dd-823f-bb1a80290fd6.fam
TRANSFORMMATRIX=-1.000000000,0.000000000,0.000000000,0.000000000,-0.000000000,-1.000000000,0.000000000,0.000000000,-0.000000000,-0.000000000,1.000000000,0.000000000,7.175217410,7.176714059,0.000002879,1.000000000
ENTITYNAME=Tower_Device
