OBJECTMODELPOINTER=33777c94-e4b9-4947-906f-f84480f3cb99.dev
BASEFAMILY=5467613e-33ea-4dfc-bf26-5dbcf71c82b0.fam
BLHA=28.31534552,113.42043692,48.733934,348.172871
TRANSFORMMATRIX=-0.223605592,-0.974679711,0.000018708,0.000000000,0.974679711,-0.223605592,0.000001381,0.000000000,0.000002838,0.000018543,1.000000000,0.000000000,17.896310016,118.319629788,51.476833702,1.000000000
ENTITYNAME=Wire_Device
