OBJECTMODELPOINTER=0e312739-8609-4a3d-966c-75d05d59356d.dev
BASEFAMILY=546afac8-c3b5-4dc0-aab8-15b1f3f87302.fam
TRANSFORMMATRIX=1.000000000,-0.000000000,-0.000000000,0.000000000,-0.000000000,1.000000000,-0.000000000,0.000000000,-0.000000000,0.000000000,1.000000000,0.000000000,-4.077247276,-4.078582943,-0.000004726,1.000000000
ENTITYNAME=Tower_Device
