OBJECTMODELPOINTER=33777c94-e4b9-4947-906f-f84480f3cb99.dev
BASEFAMILY=5474a154-0603-4852-9727-0ffd03d8a190.fam
BLHA=28.81479133,113.52057006,101.431429,372.952022
TRANSFORMMATRIX=-0.235815658,0.971797806,0.000028610,0.000000000,-0.971797806,-0.235815658,-0.000001353,0.000000000,0.000005431,-0.000028122,1.000000000,0.000000000,34.302567631,-179.426919864,40.336244837,1.000000000
ENTITYNAME=Wire_Device
