OBJECTMODELPOINTER=33777c94-e4b9-4947-906f-f84480f3cb99.dev
BASEFAMILY=5477e079-1b84-4ea2-8a89-9c458a16b4bf.fam
BLHA=28.70103226,113.45527961,136.730850,277.425083
TRANSFORMMATRIX=0.000003708,-0.999999998,0.000063482,0.000000000,1.000000000,0.000003708,-0.000001614,0.000000000,0.000001614,0.000063483,0.999999998,0.000000000,10.029358901,403.159370855,47.580640952,1.000000000
ENTITYNAME=Wire_Device
