OBJECTMODELPOINTER=864aa955-f06e-4d16-8813-9cfd40259580.dev
BASEFAMILY=548820e2-2095-4d5c-9f87-d2e81842b3a2.fam
TRANSFORMMATRIX=1.000000000,0.000000000,-0.000000000,0.000000000,0.000000000,1.000000000,0.000000000,0.000000000,0.000000000,-0.000000000,1.000000000,0.000000000,0.000000000,-0.000000000,0.000000000,1.000000000
ENTITYNAME=Tower_Device
