OBJECTMODELPOINTER=33777c94-e4b9-4947-906f-f84480f3cb99.dev
BASEFAMILY=5493c4fd-a608-48b2-80ca-cf16227bec8a.fam
BLHA=28.81479053,113.52098652,97.065454,179.643183
TRANSFORMMATRIX=-0.017638104,-0.999844437,0.000003131,0.000000000,0.999844437,-0.017638104,-0.000001403,0.000000000,0.000001458,0.000003106,1.000000000,0.000000000,9.261810263,19.826459551,29.855809977,1.000000000
ENTITYNAME=Wire_Device
