OBJECTMODELPOINTER=33777c94-e4b9-4947-906f-f84480f3cb99.dev
BASEFAMILY=549ae5a6-5baf-42fd-9600-03c9fa6bca94.fam
BLHA=28.56112925,113.50240150,222.763342,308.993779
TRANSFORMMATRIX=-0.078913908,-0.996881434,0.000037737,0.000000000,0.996881435,-0.078913908,-0.000001443,0.000000000,0.000004416,0.000037506,0.999999999,0.000000000,27.532094456,238.592074239,63.567099787,1.000000000
ENTITYNAME=Wire_Device
