OBJECTMODELPOINTER=33777c94-e4b9-4947-906f-f84480f3cb99.dev
BASEFAMILY=549c4528-bbde-419a-b840-9054740b7108.fam
BLHA=28.26851271,113.48351910,83.112496,355.334735
TRANSFORMMATRIX=-0.001459686,-0.999998934,0.000026251,0.000000000,0.999998935,-0.001459686,0.000001698,0.000000000,-0.000001660,0.000026253,1.000000000,0.000000000,-10.611520127,167.574476568,48.773802238,1.000000000
ENTITYNAME=Wire_Device
