ENTITYNAME=WIRE
BASEFAMILY=54a0f588-b192-4121-9d12-da4ac26f5b2b.fam
OBJECTMODELPOINTER=81b82497-164d-48c0-b1cb-18fa700dacdf.dev
KVALUE=0.000000
SPLIT=4
POINT0.BLHA=28.67391263,113.45910068,183.694,275.673275
POINT0.MATRIX0=-0.995101789,0.098855601,0.000000000,0.000000000,-0.098855601,-0.995101789,0.000000000,0.000000000,-0.000000000,-0.000000000,1.000000000,0.000000000,-13.094917689,0.002025330,58.741104276,1.000000000
POINT0.MATRIX1=-0.995101789,0.098855601,0.000000000,0.000000000,-0.098855601,-0.995101789,0.000000000,0.000000000,-0.000000000,-0.000000000,1.000000000,0.000000000,-13.094917688,0.002025330,59.191101224,1.000000000
POINT0.MATRIX2=-0.995101789,0.098855601,0.000000000,0.000000000,-0.098855601,-0.995101789,0.000000000,0.000000000,-0.000000000,-0.000000000,1.000000000,0.000000000,-13.545062391,-0.002324778,59.191101224,1.000000000
POINT0.MATRIX3=-0.995101789,0.098855601,0.000000000,0.000000000,-0.098855601,-0.995101789,0.000000000,0.000000000,-0.000000000,-0.000000000,1.000000000,0.000000000,-13.545062391,-0.002324778,58.741104276,1.000000000
POINT1.BLHA=28.67391263,113.45910068,183.694,275.673275
POINT1.MATRIX0=-0.995101789,0.098855601,0.000000000,0.000000000,-0.098855601,-0.995101789,0.000000000,0.000000000,-0.000000000,-0.000000000,1.000000000,0.000000000,-13.095953801,0.122020173,58.741104276,1.000000000
POINT1.MATRIX1=-0.995101789,0.098855601,0.000000000,0.000000000,-0.098855601,-0.995101789,0.000000000,0.000000000,-0.000000000,-0.000000000,1.000000000,0.000000000,-13.095953801,0.122020173,59.191101225,1.000000000
POINT1.MATRIX2=-0.995101789,0.098855601,0.000000000,0.000000000,-0.098855601,-0.995101789,0.000000000,0.000000000,-0.000000000,-0.000000000,1.000000000,0.000000000,-13.546098503,0.117670065,59.191101225,1.000000000
POINT1.MATRIX3=-0.995101789,0.098855601,0.000000000,0.000000000,-0.098855601,-0.995101789,0.000000000,0.000000000,-0.000000000,-0.000000000,1.000000000,0.000000000,-13.546098503,0.117670065,58.741104277,1.000000000
