OBJECTMODELPOINTER=33777c94-e4b9-4947-906f-f84480f3cb99.dev
BASEFAMILY=54b3ab5e-2fc2-44dd-a3a4-731af4a3780b.fam
BLHA=28.32292443,113.37625760,67.775568,311.415680
TRANSFORMMATRIX=-0.003072474,-0.999995280,0.000015225,0.000000000,0.999995280,-0.003072474,-0.000001424,0.000000000,0.000001471,0.000015220,1.000000000,0.000000000,9.115474265,96.844929719,35.861424175,1.000000000
ENTITYNAME=Wire_Device
