OBJECTMODELPOINTER=33777c94-e4b9-4947-906f-f84480f3cb99.dev
BASEFAMILY=54ba9550-7d45-41ec-8aeb-1f35741c5e53.fam
BLHA=28.78468964,113.48433856,117.864116,408.814230
TRANSFORMMATRIX=-0.138572650,0.990352269,0.000068721,0.000000000,-0.990352271,-0.138572650,0.000001606,0.000000000,0.000011113,-0.000067836,0.999999998,0.000000000,69.674813805,-431.567379050,78.393848299,1.000000000
ENTITYNAME=Wire_Device
