OBJECTMODELPOINTER=33777c94-e4b9-4947-906f-f84480f3cb99.dev
BASEFAMILY=54be2d95-b158-49a1-b80e-db76fec5b851.fam
BLHA=28.37974338,113.36324559,104.024514,459.829193
TRANSFORMMATRIX=-0.110206937,0.993908663,0.000017603,0.000000000,-0.993908663,-0.110206937,0.000000271,0.000000000,0.000002210,-0.000017466,1.000000000,0.000000000,14.200040484,-110.935599125,12.157318397,1.000000000
ENTITYNAME=Wire_Device
