OBJECTMODELPOINTER=33777c94-e4b9-4947-906f-f84480f3cb99.dev
BASEFAMILY=54c0048d-1f95-4bd6-8ffe-899349c57df9.fam
BLHA=28.29096601,113.44441625,53.539724,287.794387
TRANSFORMMATRIX=-0.013231069,-0.999912465,0.000026725,0.000000000,0.999912466,-0.013231069,-0.000001360,0.000000000,0.000001713,0.000026705,1.000000000,0.000000000,10.673389783,169.638472929,42.434896719,1.000000000
ENTITYNAME=Wire_Device
