OBJECTMODELPOINTER=33777c94-e4b9-4947-906f-f84480f3cb99.dev
BASEFAMILY=54e7e22b-35e2-4396-ab91-ea2b6271a588.fam
BLHA=28.67391263,113.45910068,183.694474,275.673275
TRANSFORMMATRIX=-0.046229864,-0.998930828,0.000004346,0.000000000,0.998930828,-0.046229864,0.000002104,0.000000000,-0.000001900,0.000004439,1.000000000,0.000000000,-12.147142332,28.192453229,53.499659724,1.000000000
ENTITYNAME=Wire_Device
