OBJECTMODELPOINTER=33777c94-e4b9-4947-906f-f84480f3cb99.dev
BASEFAMILY=54f362b5-be93-4ba8-a1d9-13e52ba554ce.fam
BLHA=28.62257154,113.46619683,208.116407,273.436520
TRANSFORMMATRIX=0.000000063,-1.000000000,0.000006421,0.000000000,1.000000000,0.000000063,-0.000001968,0.000000000,0.000001968,0.000006421,1.000000000,0.000000000,12.548304074,40.770731022,33.821624865,1.000000000
ENTITYNAME=Wire_Device
