OBJECTMODELPOINTER=93414782-50e7-41b7-9c0f-62a2d96470d9.dev
BASEFAMILY=54f73892-3198-4ede-9ee5-c108a6a55aad.fam
TRANSFORMMATRIX=-0.013377223,0.124260907,-0.992159435,0.000000000,-0.994255972,-0.107028008,-0.000001051,0.000000000,-0.106188616,0.986460367,0.124979688,0.000000000,-7.500000000,-0.900000000,35.000000000,1.000000000
ENTITYNAME=Tower_Device
