OBJECTMODELPOINTER=1eeee841-966b-4a3f-bc47-69c942faf593.dev
BASEFAMILY=54fec243-dc61-4333-a105-5d73aa3cc0c1.fam
TRANSFORMMATRIX=-1.000000000,-0.000000078,0.000000000,0.000000000,0.000000078,-1.000000000,-0.000000000,0.000000000,-0.000000000,-0.000000000,1.000000000,0.000000000,11.320000000,-0.320000000,64.000000000,1.000000000
ENTITYNAME=Tower_Device
