OBJECTMODELPOINTER=33777c94-e4b9-4947-906f-f84480f3cb99.dev
BASEFAMILY=55003df5-3d3a-4dc5-8909-eeacddcf5d52.fam
BLHA=28.72353047,113.45260943,123.369332,283.291091
TRANSFORMMATRIX=0.000004193,-0.999999999,0.000051703,0.000000000,1.000000000,0.000004193,-0.000001684,0.000000000,0.000001684,0.000051704,0.999999999,0.000000000,10.361936221,328.410586028,56.051263903,1.000000000
ENTITYNAME=Wire_Device
