OBJECTMODELPOINTER=33777c94-e4b9-4947-906f-f84480f3cb99.dev
BASEFAMILY=55038d43-0316-483c-a096-bd5700ccbaa6.fam
BLHA=28.31775016,113.38284517,61.633463,329.270898
TRANSFORMMATRIX=-0.001435491,-0.999998967,0.000065915,0.000000000,0.999998970,-0.001435490,0.000001465,0.000000000,-0.000001370,0.000065917,0.999999998,0.000000000,-9.674999681,420.200523903,44.460778774,1.000000000
ENTITYNAME=Wire_Device
