OBJECTMODELPOINTER=33777c94-e4b9-4947-906f-f84480f3cb99.dev
BASEFAMILY=55050cf7-4cb3-4095-b77d-43473ea05e12.fam
BLHA=28.63338498,113.46540590,167.944131,275.523589
TRANSFORMMATRIX=-0.018832081,-0.999822659,0.000051998,0.000000000,0.999822661,-0.018832081,0.000001388,0.000000000,-0.000000408,0.000052015,0.999999999,0.000000000,-2.772032527,330.329251353,40.582337822,1.000000000
ENTITYNAME=Wire_Device
