OBJECTMODELPOINTER=33777c94-e4b9-4947-906f-f84480f3cb99.dev
BASEFAMILY=553e9168-7952-415a-b8e2-79a582e871e2.fam
BLHA=28.42674606,113.37865854,204.106778,254.006183
TRANSFORMMATRIX=-0.000004016,-1.000000000,0.000027873,0.000000000,1.000000000,-0.000004016,0.000000182,0.000000000,-0.000000182,0.000027873,1.000000000,0.000000000,-0.914157165,177.062188771,10.352035890,1.000000000
ENTITYNAME=Wire_Device
