OBJECTMODELPOINTER=1a865279-3b09-49c6-a94b-1a885752fc74.dev
BASEFAMILY=553e1d66-0a58-4f4d-832d-5c15eceb94db.fam
TRANSFORMMATRIX=-0.000000287,0.999999780,-0.000001548,0.000000000,-1.000000220,0.000000417,-0.000000553,0.000000000,0.000000000,-0.000000000,1.000000000,0.000000000,0.000000000,-0.000000000,57.000000000,1.000000000
ENTITYNAME=Tower_Device
