OBJECTMODELPOINTER=8b00cee2-9c1d-4b5f-bf12-2596339d9be0.dev
BASEFAMILY=554ea77a-c91f-4530-9619-18b91d4d6460.fam
TRANSFORMMATRIX=1.000000000,-0.000000000,0.000000000,0.000000000,-0.000000000,1.000000000,-0.000000000,0.000000000,0.000000000,0.000000000,1.000000000,0.000000000,0.000000000,0.000000000,0.000000000,1.000000000
ENTITYNAME=Tower_Device
