OBJECTMODELPOINTER=97ece172-d711-4751-b02a-37b42edfba42.dev
BASEFAMILY=55514471-a733-494d-b7d9-99e01d332b55.fam
TRANSFORMMATRIX=-0.999997925,-0.002036602,0.000000002,0.000000000,0.002036601,-0.999997927,-0.000000002,0.000000000,0.000000000,-0.000000000,1.000000000,0.000000000,-9.870000000,-0.310000000,52.000000000,1.000000000
ENTITYNAME=Tower_Device
