OBJECTMODELPOINTER=33777c94-e4b9-4947-906f-f84480f3cb99.dev
BASEFAMILY=555c22ec-923b-4fd8-948a-460e63e0d501.fam
BLHA=28.51174980,113.46636581,279.463297,210.734491
TRANSFORMMATRIX=-0.007049339,-0.999975152,0.000039990,0.000000000,0.999975153,-0.007049339,-0.000000909,0.000000000,0.000001191,0.000039982,0.999999999,0.000000000,8.152151903,254.893343009,-13.078142799,1.000000000
ENTITYNAME=Wire_Device
