OBJECTMODELPOINTER=3a332ce9-e867-410c-9529-6b4557b1cab6.dev
BASEFAMILY=555d5629-0818-492b-b702-dd5eff1e24dd.fam
TRANSFORMMATRIX=-0.000000332,1.000000148,-0.000001632,0.000000000,-0.999999852,0.000000448,0.000000191,0.000000000,0.000000000,0.000000000,1.000000000,0.000000000,-11.500000000,-2.038999999,30.000000000,1.000000000
ENTITYNAME=Tower_Device
