OBJECTMODELPOINTER=33777c94-e4b9-4947-906f-f84480f3cb99.dev
BASEFAMILY=556d37d4-c2d8-4e90-8d2a-4518053bc69e.fam
BLHA=28.65774704,113.46158959,182.997853,277.610658
TRANSFORMMATRIX=0.000004286,-0.999999999,0.000047697,0.000000000,1.000000000,0.000004287,0.000002041,0.000000000,-0.000002041,0.000047697,0.999999999,0.000000000,-13.235249513,302.927602563,7.288365414,1.000000000
ENTITYNAME=Wire_Device
