OBJECTMODELPOINTER=33777c94-e4b9-4947-906f-f84480f3cb99.dev
BASEFAMILY=5580fb5d-8d8e-4982-b719-bdfb074286d8.fam
BLHA=28.70103226,113.45527961,136.730850,277.425083
TRANSFORMMATRIX=0.000002064,-0.999999999,0.000040920,0.000000000,1.000000000,0.000002064,-0.000001701,0.000000000,0.000001701,0.000040920,0.999999999,0.000000000,10.683508528,259.871228362,32.221140115,1.000000000
ENTITYNAME=Wire_Device
