OBJECTMODELPOINTER=33777c94-e4b9-4947-906f-f84480f3cb99.dev
BASEFAMILY=5587d1ed-4480-4ae9-9097-9c838ef631e1.fam
BLHA=28.27407839,113.47004129,94.944746,312.669055
TRANSFORMMATRIX=0.001809999,-0.999998361,0.000052929,0.000000000,0.999998362,0.001809999,0.000001581,0.000000000,-0.000001676,0.000052927,0.999999999,0.000000000,-11.552937873,336.909256248,25.745529318,1.000000000
ENTITYNAME=Wire_Device
