OBJECTMODELPOINTER=33777c94-e4b9-4947-906f-f84480f3cb99.dev
BASEFAMILY=5597bf95-2b1c-469d-a8ce-a20ca1ebd0a6.fam
BLHA=28.32529000,113.37096013,66.626202,509.137564
TRANSFORMMATRIX=-0.364670921,0.931136465,0.000048054,0.000000000,-0.931136467,-0.364670921,0.000001183,0.000000000,0.000018625,-0.000044314,0.999999999,0.000000000,119.077008754,-282.742413311,40.018816266,1.000000000
ENTITYNAME=Wire_Device
