OBJECTMODELPOINTER=0f93e8b6-5c5f-4c63-aa6c-999fd5adc6eb.dev
BASEFAMILY=5598de18-56f7-4bfa-a0d2-053bde586153.fam
TRANSFORMMATRIX=-0.028396115,0.120453175,-0.992312692,0.000000000,-0.973317623,-0.229462459,0.000000758,0.000000000,-0.227697362,0.965835642,0.123755500,0.000000000,-12.100000000,-0.842000000,47.000000000,1.000000000
ENTITYNAME=Tower_Device
