OBJECTMODELPOINTER=33777c94-e4b9-4947-906f-f84480f3cb99.dev
BASEFAMILY=559ec41e-8393-42a6-b52e-efc59016a3c8.fam
BLHA=28.31435017,113.39267151,117.559440,4.996372
TRANSFORMMATRIX=0.000017805,-0.999999999,0.000028188,0.000000000,1.000000000,0.000017805,-0.000001398,0.000000000,0.000001397,0.000028188,1.000000000,0.000000000,8.955792542,179.921308423,30.182472705,1.000000000
ENTITYNAME=Wire_Device
