OBJECTMODELPOINTER=33777c94-e4b9-4947-906f-f84480f3cb99.dev
BASEFAMILY=55a63ac7-6bfb-420b-911f-eb244a2361ce.fam
BLHA=28.47949059,113.41307678,290.814083,229.813402
TRANSFORMMATRIX=-0.000935280,-0.999999562,0.000018102,0.000000000,0.999999563,-0.000935280,-0.000001864,0.000000000,0.000001881,0.000018100,1.000000000,0.000000000,12.273720917,115.219238524,31.926408192,1.000000000
ENTITYNAME=Wire_Device
