OBJECTMODELPOINTER=33777c94-e4b9-4947-906f-f84480f3cb99.dev
BASEFAMILY=55ab5b4c-b9c1-4eaa-a51e-da2f1c76a536.fam
BLHA=28.56928949,113.49371034,236.536103,312.996987
TRANSFORMMATRIX=0.000028324,-0.999999997,0.000075457,0.000000000,1.000000000,0.000028324,0.000000122,0.000000000,-0.000000123,0.000075457,0.999999997,0.000000000,-2.029679755,480.334555440,47.496089665,1.000000000
ENTITYNAME=Wire_Device
