OBJECTMODELPOINTER=33777c94-e4b9-4947-906f-f84480f3cb99.dev
BASEFAMILY=55acd035-e79a-446c-90b1-22b822f1ae65.fam
BLHA=28.28033977,113.46346380,83.899072,326.450928
TRANSFORMMATRIX=-0.242474392,-0.970157806,0.000028337,0.000000000,0.970157806,-0.242474392,0.000001620,0.000000000,0.000005299,0.000027884,1.000000000,0.000000000,33.280483247,177.621407118,31.411188045,1.000000000
ENTITYNAME=Wire_Device
