OBJECTMODELPOINTER=33777c94-e4b9-4947-906f-f84480f3cb99.dev
BASEFAMILY=55b1adf7-dd91-4a84-8018-64da5725bb48.fam
BLHA=28.65418328,113.46214797,157.582490,277.610658
TRANSFORMMATRIX=0.000002803,-0.999999999,0.000044964,0.000000000,1.000000000,0.000002803,0.000000171,0.000000000,-0.000000171,0.000044964,0.999999999,0.000000000,-1.285282682,285.559429250,40.928690507,1.000000000
ENTITYNAME=Wire_Device
