OBJECTMODELPOINTER=33777c94-e4b9-4947-906f-f84480f3cb99.dev
BASEFAMILY=55cc4aaf-5e0f-4082-aecb-a215e518aec2.fam
BLHA=28.74846038,113.45710577,102.803547,427.264866
TRANSFORMMATRIX=0.385273757,0.922802325,-0.000000216,0.000000000,-0.922802325,0.385273757,-0.000001458,0.000000000,-0.000001262,0.000000762,1.000000000,0.000000000,-8.044253398,4.822023082,25.616987664,1.000000000
ENTITYNAME=Wire_Device
