OBJECTMODELPOINTER=33777c94-e4b9-4947-906f-f84480f3cb99.dev
BASEFAMILY=55d4d020-7167-4346-a223-4341238f27bd.fam
BLHA=28.78468964,113.48433856,117.864116,408.814230
TRANSFORMMATRIX=-0.126561931,0.991958706,0.000048294,0.000000000,-0.991958708,-0.126561932,0.000000513,0.000000000,0.000006620,-0.000047842,0.999999999,0.000000000,41.389272502,-304.383711084,52.175528226,1.000000000
ENTITYNAME=Wire_Device
