OBJECTMODELPOINTER=33777c94-e4b9-4947-906f-f84480f3cb99.dev
BASEFAMILY=55d66604-5374-41f0-9638-ab4861e28854.fam
BLHA=28.75811652,113.46436186,140.284510,236.227775
TRANSFORMMATRIX=0.000954144,-0.999999543,0.000064825,0.000000000,0.999999545,0.000954145,0.000002444,0.000000000,-0.000002505,0.000064823,0.999999998,0.000000000,-14.985377519,412.267639417,7.220051807,1.000000000
ENTITYNAME=Wire_Device
