ENTITYNAME=WIRE
BASEFAMILY=55e5438c-dc43-4a85-84e9-7477119a2516.fam
OBJECTMODELPOINTER=81b82497-164d-48c0-b1cb-18fa700dacdf.dev
KVALUE=0.045663
SPLIT=4
POINT0.BLHA=28.36295604,113.35959378,63.084,458.145379
POINT0.MATRIX0=0.989911752,-0.141685295,0.000000000,0.000000000,0.141685295,0.989911752,-0.000000000,0.000000000,0.000000000,0.000000000,1.000000000,0.000000000,11.358251809,8.011283113,28.927929390,1.000000000
POINT0.MATRIX1=0.989911752,-0.141685295,0.000000000,0.000000000,0.141685295,0.989911752,-0.000000000,0.000000000,0.000000000,0.000000000,1.000000000,0.000000000,11.762228959,8.678040853,29.380657185,1.000000000
POINT0.MATRIX2=0.989911752,-0.141685295,0.000000000,0.000000000,0.141685295,0.989911752,-0.000000000,0.000000000,0.000000000,0.000000000,1.000000000,0.000000000,12.201137849,8.439620549,29.380779255,1.000000000
POINT0.MATRIX3=0.989911752,-0.141685295,0.000000000,0.000000000,0.141685295,0.989911752,-0.000000000,0.000000000,0.000000000,0.000000000,1.000000000,0.000000000,11.798887493,7.774588684,28.927868354,1.000000000
POINT1.BLHA=28.36295604,113.35959378,63.084,458.145379
POINT1.MATRIX0=0.989911752,-0.141685295,0.000000000,0.000000000,0.141685295,0.989911752,-0.000000000,0.000000000,0.000000000,0.000000000,1.000000000,0.000000000,7.198769474,-9.074533904,30.205080736,1.000000000
POINT1.MATRIX1=0.989911752,-0.141685295,0.000000000,0.000000000,0.141685295,0.989911752,-0.000000000,0.000000000,0.000000000,0.000000000,1.000000000,0.000000000,7.181934613,-9.778580626,30.774947871,1.000000000
POINT1.MATRIX2=0.989911752,-0.141685295,0.000000000,0.000000000,0.141685295,0.989911752,-0.000000000,0.000000000,0.000000000,0.000000000,1.000000000,0.000000000,7.682022894,-9.765317606,30.775069940,1.000000000
POINT1.MATRIX3=0.989911752,-0.141685295,0.000000000,0.000000000,0.141685295,0.989911752,-0.000000000,0.000000000,0.000000000,0.000000000,1.000000000,0.000000000,7.698374371,-9.061201697,30.205080736,1.000000000
