ENTITYNAME=WIRE
BASEFAMILY=560257cd-ee46-4dc2-a6f2-e3832d860e2d.fam
OBJECTMODELPOINTER=81b82497-164d-48c0-b1cb-18fa700dacdf.dev
KVALUE=0.000000
SPLIT=4
POINT0.BLHA=28.41763874,113.37576334,172.022,254.006183
POINT0.MATRIX0=-0.961291434,-0.275533624,-0.000000000,0.000000000,0.275533624,-0.961291434,-0.000000000,0.000000000,-0.000000000,0.000000000,1.000000000,0.000000000,13.545174516,-0.000675944,52.000003082,1.000000000
POINT0.MATRIX1=-0.961291434,-0.275533624,-0.000000000,0.000000000,0.275533624,-0.961291434,-0.000000000,0.000000000,-0.000000000,0.000000000,1.000000000,0.000000000,13.545174516,-0.000675944,52.450000030,1.000000000
POINT0.MATRIX2=-0.961291434,-0.275533624,-0.000000000,0.000000000,0.275533624,-0.961291434,-0.000000000,0.000000000,-0.000000000,0.000000000,1.000000000,0.000000000,13.094861616,0.000284904,52.450000031,1.000000000
POINT0.MATRIX3=-0.961291434,-0.275533624,-0.000000000,0.000000000,0.275533624,-0.961291434,-0.000000000,0.000000000,-0.000000000,0.000000000,1.000000000,0.000000000,13.094861616,0.000284904,52.000003082,1.000000000
POINT1.BLHA=28.41763874,113.37576334,172.022,254.006183
POINT1.MATRIX0=-0.961291434,-0.275533624,-0.000000000,0.000000000,0.275533624,-0.961291434,-0.000000000,0.000000000,-0.000000000,0.000000000,1.000000000,0.000000000,13.545243462,0.109329350,52.000003083,1.000000000
POINT1.MATRIX1=-0.961291434,-0.275533624,-0.000000000,0.000000000,0.275533624,-0.961291434,-0.000000000,0.000000000,-0.000000000,0.000000000,1.000000000,0.000000000,13.545243462,0.109329351,52.450000032,1.000000000
POINT1.MATRIX2=-0.961291434,-0.275533624,-0.000000000,0.000000000,0.275533624,-0.961291434,-0.000000000,0.000000000,-0.000000000,0.000000000,1.000000000,0.000000000,13.094930563,0.110290198,52.450000030,1.000000000
POINT1.MATRIX3=-0.961291434,-0.275533624,-0.000000000,0.000000000,0.275533624,-0.961291434,-0.000000000,0.000000000,-0.000000000,0.000000000,1.000000000,0.000000000,13.094930562,0.110290197,52.000003082,1.000000000
