OBJECTMODELPOINTER=33777c94-e4b9-4947-906f-f84480f3cb99.dev
BASEFAMILY=5649106a-3626-475e-a4c3-59edc6603f79.fam
BLHA=28.28492071,113.44885804,59.682173,504.180323
TRANSFORMMATRIX=-0.275891023,0.961188921,0.000028161,0.000000000,-0.961188922,-0.275891023,0.000001184,0.000000000,0.000008907,-0.000026741,1.000000000,0.000000000,57.081385144,-170.529559292,49.454917466,1.000000000
ENTITYNAME=Wire_Device
