OBJECTMODELPOINTER=33777c94-e4b9-4947-906f-f84480f3cb99.dev
BASEFAMILY=5657be3c-b6cc-47a5-a9f6-a525b49544df.fam
BLHA=28.55813742,113.50479443,276.608256,304.990571
TRANSFORMMATRIX=0.000974786,-0.999999523,0.000064431,0.000000000,0.999999525,0.000974786,0.000002198,0.000000000,-0.000002260,0.000064429,0.999999998,0.000000000,-15.404142701,409.879172853,49.541505048,1.000000000
ENTITYNAME=Wire_Device
