OBJECTMODELPOINTER=33777c94-e4b9-4947-906f-f84480f3cb99.dev
BASEFAMILY=566718cb-7d7e-4baa-af5f-603cb961072d.fam
BLHA=28.26907527,113.47529619,67.190721,514.001895
TRANSFORMMATRIX=-0.365804114,0.930691866,0.000018930,0.000000000,-0.930691866,-0.365804114,0.000001251,0.000000000,0.000008088,-0.000017160,1.000000000,0.000000000,51.637733386,-109.530082066,40.811489499,1.000000000
ENTITYNAME=Wire_Device
