OBJECTMODELPOINTER=0e312739-8609-4a3d-966c-75d05d59356d.dev
BASEFAMILY=5672f293-f542-4f2a-a305-9e29b00f6ee9.fam
TRANSFORMMATRIX=0.000000000,1.000000000,0.000000000,0.000000000,-1.000000000,0.000000000,-0.000000000,0.000000000,-0.000000000,-0.000000000,1.000000000,0.000000000,4.407150433,-4.406589890,-0.000003095,1.000000000
ENTITYNAME=Tower_Device
