OBJECTMODELPOINTER=0e312739-8609-4a3d-966c-75d05d59356d.dev
BASEFAMILY=5683e89a-285b-4a3c-9150-60ca732dbe37.fam
TRANSFORMMATRIX=0.000000000,1.000000000,0.000000000,0.000000000,-1.000000000,0.000000000,-0.000000000,0.000000000,-0.000000000,0.000000000,1.000000000,0.000000000,3.417105355,-3.416335597,-0.000007244,1.000000000
ENTITYNAME=Tower_Device
