OBJECTMODELPOINTER=6ad4b929-1a42-4c2e-a25a-4c0df76d5bcc.dev
BASEFAMILY=568d6dcf-6d56-4741-838f-f84c462f32b4.fam
TRANSFORMMATRIX=0.000000349,0.999999634,-0.000000747,0.000000000,-1.000000366,-0.000000049,-0.000001463,0.000000000,0.000000000,0.000000000,1.000000000,0.000000000,-11.870000000,0.000000000,48.000000000,1.000000000
ENTITYNAME=Tower_Device
