OBJECTMODELPOINTER=33777c94-e4b9-4947-906f-f84480f3cb99.dev
BASEFAMILY=56a8da3f-7ade-4bbf-9a57-f6509c7c3da7.fam
BLHA=28.31529425,113.41760444,47.126172,0.896163
TRANSFORMMATRIX=-0.002500399,-0.999996873,0.000035921,0.000000000,0.999996874,-0.002500399,-0.000000842,0.000000000,0.000000932,0.000035919,0.999999999,0.000000000,5.933997570,229.268908039,56.019897400,1.000000000
ENTITYNAME=Wire_Device
