OBJECTMODELPOINTER=33777c94-e4b9-4947-906f-f84480f3cb99.dev
BASEFAMILY=56ac81fb-0e4a-4240-b82f-1886b28d9582.fam
BLHA=28.46846127,113.40263855,250.773411,415.920157
TRANSFORMMATRIX=-0.100262907,0.994960979,0.000006335,0.000000000,-0.994960979,-0.100262907,0.000000239,0.000000000,0.000000873,-0.000006279,1.000000000,0.000000000,5.468417533,-39.924224864,30.150344002,1.000000000
ENTITYNAME=Wire_Device
