OBJECTMODELPOINTER=33777c94-e4b9-4947-906f-f84480f3cb99.dev
BASEFAMILY=56ae0b41-12e9-4768-83f3-06094adb3cc3.fam
BLHA=28.62772353,113.46582002,199.212660,273.436520
TRANSFORMMATRIX=0.001506688,-0.999998863,0.000061258,0.000000000,0.999998865,0.001506688,0.000002112,0.000000000,-0.000002204,0.000061255,0.999999998,0.000000000,-14.192576093,388.997528135,20.088875247,1.000000000
ENTITYNAME=Wire_Device
