OBJECTMODELPOINTER=0e312739-8609-4a3d-966c-75d05d59356d.dev
BASEFAMILY=56be7445-6d1b-46ec-9c42-fd32df134598.fam
TRANSFORMMATRIX=1.000000000,0.000000000,-0.000000000,0.000000000,0.000000000,1.000000000,0.000000000,0.000000000,-0.000000000,-0.000000000,1.000000000,0.000000000,-4.736891096,-4.737131520,0.000000086,1.000000000
ENTITYNAME=Tower_Device
