OBJECTMODELPOINTER=9c36561b-0e00-4e40-adff-28c57a38c97f.dev
BASEFAMILY=56c17bd5-bf90-4aca-b800-5d24e805bf95.fam
TRANSFORMMATRIX=0.000000054,0.999999581,-0.000001131,0.000000000,-1.000000419,0.000000123,-0.000001189,0.000000000,-0.000000000,0.000000000,1.000000000,0.000000000,-11.870000000,-0.000000000,48.000000001,1.000000000
ENTITYNAME=Tower_Device
