ENTITYNAME=WIRE
BASEFAMILY=56c56df7-8c8f-4c88-962c-b46846fdba7d.fam
OBJECTMODELPOINTER=31970f28-780e-4bf1-8adb-439f78c329a3.dev
KVALUE=0.000251
SPLIT=1
POINT0.BLHA=28.56112925,113.50240150,222.763,308.993779
POINT0.MATRIX0=-0.777214288,0.629236005,0.000000000,0.000000000,-0.629236005,-0.777214288,-0.000000000,0.000000000,0.000000000,0.000000000,1.000000000,0.000000000,4.825306597,1.699705586,44.860613657,1.000000000
POINT1.BLHA=28.55813742,113.50479443,276.608,304.990571
POINT1.MATRIX0=-0.819246424,0.573441624,0.000000000,0.000000000,-0.573441624,-0.819246424,0.000000000,0.000000000,0.000000000,0.000000000,1.000000000,0.000000000,11.321956617,-0.309886610,69.557998927,1.000000000
