OBJECTMODELPOINTER=33777c94-e4b9-4947-906f-f84480f3cb99.dev
BASEFAMILY=56deafde-3960-43b8-ace4-2a4ef3e27303.fam
BLHA=28.30399811,113.43961542,62.139238,477.400140
TRANSFORMMATRIX=0.164763260,0.986333142,0.000044010,0.000000000,-0.986333143,0.164763260,-0.000001005,0.000000000,-0.000008242,-0.000043242,0.999999999,0.000000000,-51.968747188,-274.778117715,58.508069535,1.000000000
ENTITYNAME=Wire_Device
