OBJECTMODELPOINTER=33777c94-e4b9-4947-906f-f84480f3cb99.dev
BASEFAMILY=56eae6c5-6503-42f2-855f-29f0a6072512.fam
BLHA=28.31470596,113.39701913,83.588909,4.996372
TRANSFORMMATRIX=0.002703838,-0.999996344,0.000025203,0.000000000,0.999996345,0.002703838,0.000001420,0.000000000,-0.000001489,0.000025199,1.000000000,0.000000000,-9.379419147,160.834610056,33.566402949,1.000000000
ENTITYNAME=Wire_Device
