ENTITYNAME=WIRE
BASEFAMILY=56ea31ee-5ce4-4054-8763-d82cf05c9b98.fam
OBJECTMODELPOINTER=81b82497-164d-48c0-b1cb-18fa700dacdf.dev
KVALUE=0.000000
SPLIT=4
POINT0.BLHA=28.31775016,113.38284517,61.633,329.270898
POINT0.MATRIX0=-0.510979593,0.859592843,0.000000000,0.000000000,-0.859592843,-0.510979593,0.000000000,0.000000000,-0.000000000,-0.000000000,1.000000000,0.000000000,7.999700282,-0.130483985,52.466969326,1.000000000
POINT0.MATRIX1=-0.510979593,0.859592843,0.000000000,0.000000000,-0.859592843,-0.510979593,0.000000000,0.000000000,-0.000000000,-0.000000000,1.000000000,0.000000000,8.183594892,-0.130232246,52.932072475,1.000000000
POINT0.MATRIX2=-0.510979593,0.859592843,0.000000000,0.000000000,-0.859592843,-0.510979593,0.000000000,0.000000000,-0.000000000,-0.000000000,1.000000000,0.000000000,7.717914623,-0.130418550,53.115605190,1.000000000
POINT0.MATRIX3=-0.510979593,0.859592843,0.000000000,0.000000000,-0.859592843,-0.510979593,0.000000000,0.000000000,-0.000000000,-0.000000000,1.000000000,0.000000000,7.534020012,-0.130670290,52.650502041,1.000000000
POINT1.BLHA=28.31775016,113.38284517,61.633,329.270898
POINT1.MATRIX0=-0.510979593,0.859592843,0.000000000,0.000000000,-0.859592843,-0.510979593,0.000000000,0.000000000,-0.000000000,-0.000000000,1.000000000,0.000000000,7.999698818,-0.000492949,52.466969326,1.000000000
POINT1.MATRIX1=-0.510979593,0.859592843,0.000000000,0.000000000,-0.859592843,-0.510979593,0.000000000,0.000000000,-0.000000000,-0.000000000,1.000000000,0.000000000,8.183593429,-0.000241210,52.932072475,1.000000000
POINT1.MATRIX2=-0.510979593,0.859592843,0.000000000,0.000000000,-0.859592843,-0.510979593,0.000000000,0.000000000,-0.000000000,-0.000000000,1.000000000,0.000000000,7.717913159,-0.000427514,53.115605190,1.000000000
POINT1.MATRIX3=-0.510979593,0.859592843,0.000000000,0.000000000,-0.859592843,-0.510979593,0.000000000,0.000000000,-0.000000000,-0.000000000,1.000000000,0.000000000,7.534018548,-0.000679253,52.650502041,1.000000000
