OBJECTMODELPOINTER=33777c94-e4b9-4947-906f-f84480f3cb99.dev
BASEFAMILY=56f5a8f2-cb3f-482a-a8a4-76dbb52b8d67.fam
BLHA=28.50595381,113.45544189,275.037773,205.493080
TRANSFORMMATRIX=-0.666928103,-0.745122074,-0.000000304,0.000000000,0.745122074,-0.666928103,-0.000001301,0.000000000,0.000000767,-0.000001094,1.000000000,0.000000000,4.857164436,-6.966177851,35.637043944,1.000000000
ENTITYNAME=Wire_Device
