ENTITYNAME=WIRE
BASEFAMILY=56f5c029-3325-406d-ab32-86b0e2b38181.fam
OBJECTMODELPOINTER=81b82497-164d-48c0-b1cb-18fa700dacdf.dev
KVALUE=0.000000
SPLIT=4
POINT0.BLHA=28.44044510,113.38600635,302.502,242.026912
POINT0.MATRIX0=-0.883168008,-0.469056788,0.000000000,0.000000000,0.469056788,-0.883168008,0.000000000,0.000000000,0.000000000,0.000000000,1.000000000,0.000000000,-11.645018416,-0.479413751,34.741100001,1.000000000
POINT0.MATRIX1=-0.883168008,-0.469056788,0.000000000,0.000000000,0.469056788,-0.883168008,0.000000000,0.000000000,0.000000000,0.000000000,1.000000000,0.000000000,-11.645018416,-0.479413751,35.191100764,1.000000000
POINT0.MATRIX2=-0.883168008,-0.469056788,0.000000000,0.000000000,0.469056788,-0.883168008,0.000000000,0.000000000,0.000000000,0.000000000,1.000000000,0.000000000,-12.094984866,-0.479552250,35.191100763,1.000000000
POINT0.MATRIX3=-0.883168008,-0.469056788,0.000000000,0.000000000,0.469056788,-0.883168008,0.000000000,0.000000000,0.000000000,0.000000000,1.000000000,0.000000000,-12.094984866,-0.479552250,34.741100001,1.000000000
POINT1.BLHA=28.44044510,113.38600635,302.502,242.026912
POINT1.MATRIX0=-0.883168008,-0.469056788,0.000000000,0.000000000,0.469056788,-0.883168008,0.000000000,0.000000000,0.000000000,0.000000000,1.000000000,0.000000000,-11.645235063,0.480209282,34.741100002,1.000000000
POINT1.MATRIX1=-0.883168008,-0.469056788,0.000000000,0.000000000,0.469056788,-0.883168008,0.000000000,0.000000000,0.000000000,0.000000000,1.000000000,0.000000000,-11.645235063,0.480209283,35.191100764,1.000000000
POINT1.MATRIX2=-0.883168008,-0.469056788,0.000000000,0.000000000,0.469056788,-0.883168008,0.000000000,0.000000000,0.000000000,0.000000000,1.000000000,0.000000000,-12.095201501,0.480070791,35.191100764,1.000000000
POINT1.MATRIX3=-0.883168008,-0.469056788,0.000000000,0.000000000,0.469056788,-0.883168008,0.000000000,0.000000000,0.000000000,0.000000000,1.000000000,0.000000000,-12.095201501,0.480070791,34.741100002,1.000000000
