OBJECTMODELPOINTER=33777c94-e4b9-4947-906f-f84480f3cb99.dev
BASEFAMILY=56ff7904-143f-4969-b66e-9ad5cbfd2063.fam
BLHA=28.32854622,113.36798434,68.151851,482.460958
TRANSFORMMATRIX=-0.105577676,0.994411059,0.000007211,0.000000000,-0.994411059,-0.105577676,0.000001175,0.000000000,0.000001929,-0.000007047,1.000000000,0.000000000,12.402731238,-44.841571341,23.587353168,1.000000000
ENTITYNAME=Wire_Device
