OBJECTMODELPOINTER=33777c94-e4b9-4947-906f-f84480f3cb99.dev
BASEFAMILY=570094bf-c560-434c-83f4-c6ba19dbd95b.fam
BLHA=28.32854622,113.36798434,68.151851,482.460958
TRANSFORMMATRIX=-0.106441950,0.994318918,0.000018339,0.000000000,-0.994318918,-0.106441950,-0.000001137,0.000000000,0.000000821,-0.000018356,1.000000000,0.000000000,5.509456338,-116.743826019,15.718312407,1.000000000
ENTITYNAME=Wire_Device
