OBJECTMODELPOINTER=25782f61-c69b-418a-9c3e-4e376442f4c4.dev
BASEFAMILY=57138a44-97bc-46ae-a5ae-6965a8fa23aa.fam
TRANSFORMMATRIX=0.000845891,0.999999254,-0.000001301,0.000000000,-1.000000030,0.000846212,-0.000001001,0.000000000,-0.000000000,-0.000000000,1.000000000,0.000000000,11.870000000,-0.000000001,48.000000000,1.000000000
ENTITYNAME=Tower_Device
