OBJECTMODELPOINTER=33777c94-e4b9-4947-906f-f84480f3cb99.dev
BASEFAMILY=571c513f-26cd-402b-a40c-6ff07afd5759.fam
BLHA=28.32292443,113.37625760,67.775568,311.415680
TRANSFORMMATRIX=-0.003197150,-0.999994886,0.000079263,0.000000000,0.999994889,-0.003197150,-0.000000947,0.000000000,0.000001200,0.000079260,0.999999997,0.000000000,6.338387433,504.419505790,25.393788181,1.000000000
ENTITYNAME=Wire_Device
