OBJECTMODELPOINTER=33777c94-e4b9-4947-906f-f84480f3cb99.dev
BASEFAMILY=573d3a7d-6498-40bb-badc-84fa4fcb3bc4.fam
BLHA=28.31135450,113.43043530,49.303319,335.449580
TRANSFORMMATRIX=0.003193458,-0.999994901,0.000026013,0.000000000,0.999994901,0.003193458,0.000001562,0.000000000,-0.000001646,0.000026008,1.000000000,0.000000000,-10.783508803,165.883395657,33.202730773,1.000000000
ENTITYNAME=Wire_Device
