OBJECTMODELPOINTER=146d895a-fdff-4646-a5ce-e15abbf3f3eb.dev
BASEFAMILY=573f202a-b86c-4f21-968c-4b6679a6e257.fam
TRANSFORMMATRIX=1.000000000,0.000000000,-0.000000000,0.000000000,0.000000000,1.000000000,0.000000000,0.000000000,0.000000000,-0.000000000,1.000000000,0.000000000,-5.810137368,-5.810002350,-0.000001195,1.000000000
ENTITYNAME=Tower_Device
