OBJECTMODELPOINTER=33777c94-e4b9-4947-906f-f84480f3cb99.dev
BASEFAMILY=5741f30e-54ed-4ecd-8d39-6efaea3d476a.fam
BLHA=28.43802035,113.38456732,303.277751,242.026912
TRANSFORMMATRIX=0.001499392,-0.999998874,0.000060891,0.000000000,0.999998876,0.001499392,0.000002304,0.000000000,-0.000002394,0.000060888,0.999999998,0.000000000,-14.434733396,387.055379109,-0.515940202,1.000000000
ENTITYNAME=Wire_Device
