ENTITYNAME=WIRE
BASEFAMILY=576c97be-c601-401f-a80a-28ad14370d5d.fam
OBJECTMODELPOINTER=31970f28-780e-4bf1-8adb-439f78c329a3.dev
KVALUE=0.000244
SPLIT=1
POINT0.BLHA=28.51284150,113.46842369,376.044,210.734491
POINT0.MATRIX0=-0.511060437,-0.859544780,0.000000000,0.000000000,0.859544780,-0.511060437,-0.000000000,0.000000000,-0.000000000,-0.000000000,1.000000000,0.000000000,-10.612413691,0.309988857,48.557999492,1.000000000
POINT1.BLHA=28.51174980,113.46636581,279.463,210.734491
POINT1.MATRIX0=-0.511060437,-0.859544780,-0.000000000,0.000000000,0.859544780,-0.511060437,0.000000000,0.000000000,-0.000000000,0.000000000,1.000000000,0.000000000,-5.513658957,-1.523387261,44.230881510,1.000000000
