OBJECTMODELPOINTER=33777c94-e4b9-4947-906f-f84480f3cb99.dev
BASEFAMILY=577008a6-871b-415e-a56d-24e8c7686ee1.fam
BLHA=28.51174980,113.46636581,279.463297,210.734491
TRANSFORMMATRIX=-0.007063708,-0.999975049,0.000070760,0.000000000,0.999975052,-0.007063708,-0.000000700,0.000000000,0.000001201,0.000070754,0.999999997,0.000000000,8.659201840,451.046928967,-13.644443073,1.000000000
ENTITYNAME=Wire_Device
