OBJECTMODELPOINTER=33777c94-e4b9-4947-906f-f84480f3cb99.dev
BASEFAMILY=57727933-ff7d-4932-a324-5d220cb59cf8.fam
BLHA=28.58307238,113.48148471,281.708531,287.849619
TRANSFORMMATRIX=0.012871511,-0.999917158,0.000026764,0.000000000,0.999917159,0.012871511,-0.000002016,0.000000000,0.000001671,0.000026788,1.000000000,0.000000000,10.404878074,170.180933004,19.582757963,1.000000000
ENTITYNAME=Wire_Device
