OBJECTMODELPOINTER=8a24c5a1-b62d-4545-99c6-805478cf58a7.dev
BASEFAMILY=577bf5fb-fde8-4c67-aac1-dad203a03b56.fam
TRANSFORMMATRIX=-0.002296549,-0.999996953,0.000001138,0.000000000,0.999997773,-0.002296689,-0.000001182,0.000000000,-0.000000000,0.000000000,1.000000000,0.000000000,12.730000000,-0.600000001,48.000000000,1.000000000
ENTITYNAME=Tower_Device
