OBJECTMODELPOINTER=9d98951f-0217-4b48-b5bd-6899624ba4be.dev
BASEFAMILY=577d2f35-f272-48f2-ae00-11050016b188.fam
TRANSFORMMATRIX=-0.031231213,0.076802985,-0.996557013,0.000000000,-0.926338657,-0.376691819,0.000000605,0.000000000,-0.375396155,0.923148817,0.082909517,0.000000000,-6.500000000,-0.900000000,44.000000000,1.000000000
ENTITYNAME=Tower_Device
