OBJECTMODELPOINTER=33777c94-e4b9-4947-906f-f84480f3cb99.dev
BASEFAMILY=57821a84-64ba-42ba-9b5b-fdd409c3d562.fam
BLHA=28.79022096,113.49139881,176.212376,221.400685
TRANSFORMMATRIX=-0.001026461,-0.999999473,0.000005442,0.000000000,0.999999473,-0.001026461,-0.000001963,0.000000000,0.000001969,0.000005440,1.000000000,0.000000000,12.618074151,34.682334793,33.416666716,1.000000000
ENTITYNAME=Wire_Device
