OBJECTMODELPOINTER=33777c94-e4b9-4947-906f-f84480f3cb99.dev
BASEFAMILY=578a177b-a969-4d52-ae44-9e05ce2ab00b.fam
BLHA=28.27407839,113.47004129,94.944746,312.669055
TRANSFORMMATRIX=-0.001723785,-0.999998514,0.000029432,0.000000000,0.999998514,-0.001723785,-0.000001394,0.000000000,0.000001445,0.000029429,1.000000000,0.000000000,8.714212120,187.295667575,25.561529191,1.000000000
ENTITYNAME=Wire_Device
