OBJECTMODELPOINTER=33777c94-e4b9-4947-906f-f84480f3cb99.dev
BASEFAMILY=578f70bc-8936-4801-b5a6-5748bdd62ec1.fam
BLHA=28.80183094,113.50568524,205.477677,227.348291
TRANSFORMMATRIX=-0.004001832,-0.999991993,0.000016378,0.000000000,0.999991993,-0.004001832,0.000000114,0.000000000,-0.000000049,0.000016378,1.000000000,0.000000000,-0.041626605,104.257533517,34.908523736,1.000000000
ENTITYNAME=Wire_Device
