OBJECTMODELPOINTER=33777c94-e4b9-4947-906f-f84480f3cb99.dev
BASEFAMILY=57b88932-2944-451e-9e18-64ccbfdaa60e.fam
BLHA=28.57663112,113.48588937,251.356728,312.996987
TRANSFORMMATRIX=0.000000281,-1.000000000,0.000005778,0.000000000,1.000000000,0.000000281,-0.000002082,0.000000000,0.000002083,0.000005778,1.000000000,0.000000000,13.162066609,36.743602386,51.047312673,1.000000000
ENTITYNAME=Wire_Device
