ENTITYNAME=WIRE
BASEFAMILY=57b9b529-7da4-4ad0-b611-cb43c1b2c172.fam
OBJECTMODELPOINTER=31970f28-780e-4bf1-8adb-439f78c329a3.dev
KVALUE=0.000287
SPLIT=1
POINT0.BLHA=28.38255325,113.36304670,117.224,441.473487
POINT0.MATRIX0=0.988947360,0.148267054,-0.000000000,0.000000000,-0.148267054,0.988947360,0.000000000,0.000000000,0.000000000,0.000000000,1.000000000,0.000000000,5.603193337,1.353261812,38.016727497,1.000000000
POINT1.BLHA=28.38255325,113.36304670,117.224,441.473487
POINT1.MATRIX0=0.988947360,0.148267054,-0.000000000,0.000000000,-0.148267054,0.988947360,0.000000000,0.000000000,0.000000000,0.000000000,1.000000000,0.000000000,5.594476552,-1.350523539,37.940675368,1.000000000
