OBJECTMODELPOINTER=13a78437-ad2c-452a-8fd1-0733d19ccb25.dev
BASEFAMILY=57d42011-ae5f-42e1-8374-4100053ed0f1.fam
TRANSFORMMATRIX=1.000000000,0.000000000,-0.000000000,0.000000000,0.000000000,1.000000000,-0.000000000,0.000000000,0.000000000,-0.000000000,1.000000000,0.000000000,-4.736868754,-4.736434137,0.000007165,1.000000000
ENTITYNAME=Tower_Device
