OBJECTMODELPOINTER=33777c94-e4b9-4947-906f-f84480f3cb99.dev
BASEFAMILY=57d84d79-9d1b-497b-970d-32a4de0280cb.fam
BLHA=28.62257154,113.46619683,208.116407,273.436520
TRANSFORMMATRIX=0.000001702,-0.999999999,0.000053310,0.000000000,1.000000000,0.000001702,-0.000001774,0.000000000,0.000001774,0.000053309,0.999999999,0.000000000,11.219086117,338.533232356,2.358356548,1.000000000
ENTITYNAME=Wire_Device
