OBJECTMODELPOINTER=33777c94-e4b9-4947-906f-f84480f3cb99.dev
BASEFAMILY=57d9fb0f-60bc-43c2-be34-cc814b73c82b.fam
BLHA=28.52807252,113.49714509,416.575795,210.734491
TRANSFORMMATRIX=-0.003539053,-0.999993736,0.000058337,0.000000000,0.999993738,-0.003539053,-0.000001487,0.000000000,0.000001693,0.000058332,0.999999998,0.000000000,11.616990773,371.874997680,0.748196685,1.000000000
ENTITYNAME=Wire_Device
