OBJECTMODELPOINTER=33777c94-e4b9-4947-906f-f84480f3cb99.dev
BASEFAMILY=57e12969-8287-4a14-82e8-71a3289f98c6.fam
BLHA=28.80418340,113.50812520,199.973454,227.348291
TRANSFORMMATRIX=-0.000004213,-1.000000000,0.000005559,0.000000000,1.000000000,-0.000004213,0.000001901,0.000000000,-0.000001901,0.000005558,1.000000000,0.000000000,-12.016380959,35.355093806,39.576132453,1.000000000
ENTITYNAME=Wire_Device
