OBJECTMODELPOINTER=33777c94-e4b9-4947-906f-f84480f3cb99.dev
BASEFAMILY=57e75c35-b88f-4042-a59b-4879b8b6d8cf.fam
BLHA=28.36075913,113.35996262,84.531423,278.143009
TRANSFORMMATRIX=-0.001105579,-0.999999386,0.000073222,0.000000000,0.999999389,-0.001105579,0.000002519,0.000000000,-0.000002438,0.000073225,0.999999997,0.000000000,-15.900754602,465.035077525,32.565628589,1.000000000
ENTITYNAME=Wire_Device
