OBJECTMODELPOINTER=33777c94-e4b9-4947-906f-f84480f3cb99.dev
BASEFAMILY=57f25fd3-cce9-4fc2-b6f9-23aab23b2b2f.fam
BLHA=28.56335436,113.50003182,213.977894,312.996987
TRANSFORMMATRIX=0.000315663,-0.999999950,0.000005169,0.000000000,0.999999950,0.000315663,0.000000008,0.000000000,-0.000000010,0.000005169,1.000000000,0.000000000,-0.147672026,32.904777267,39.939687861,1.000000000
ENTITYNAME=Wire_Device
