OBJECTMODELPOINTER=33777c94-e4b9-4947-906f-f84480f3cb99.dev
BASEFAMILY=580834aa-5b8b-43f3-8e97-41393158bab0.fam
BLHA=28.28149698,113.45977476,95.758412,340.232800
TRANSFORMMATRIX=0.004703724,-0.999988936,0.000053194,0.000000000,0.999988937,0.004703724,0.000001746,0.000000000,-0.000001996,0.000053185,0.999999999,0.000000000,-13.246088338,339.305582909,32.015077287,1.000000000
ENTITYNAME=Wire_Device
