OBJECTMODELPOINTER=449b863f-522b-4c7a-acd1-6c14ac05b52a.dev
BASEFAMILY=580a810c-3dd6-4d8f-89f2-f18a31385b44.fam
TRANSFORMMATRIX=0.000000825,1.000000404,0.000001109,0.000000000,-0.999999596,0.000000647,-0.000001213,0.000000000,-0.000000000,0.000000000,1.000000000,0.000000000,-10.500000000,-0.000000000,59.299999999,1.000000000
ENTITYNAME=Tower_Device
