OBJECTMODELPOINTER=33777c94-e4b9-4947-906f-f84480f3cb99.dev
BASEFAMILY=580cedcb-ee7d-4fab-9918-ea0fedeaf743.fam
BLHA=28.47508033,113.40890253,351.780005,229.813402
TRANSFORMMATRIX=-0.000005608,-1.000000000,0.000015184,0.000000000,1.000000000,-0.000005608,0.000000118,0.000000000,-0.000000118,0.000015184,1.000000000,0.000000000,-0.501143427,96.629626669,42.898981997,1.000000000
ENTITYNAME=Wire_Device
