OBJECTMODELPOINTER=33777c94-e4b9-4947-906f-f84480f3cb99.dev
BASEFAMILY=5811e9bf-8ac1-40e2-ba70-76922f446ce6.fam
BLHA=28.28708442,113.44692142,57.763329,308.127846
TRANSFORMMATRIX=-0.000690550,-0.999999762,0.000005557,0.000000000,0.999999762,-0.000690550,0.000001143,0.000000000,-0.000001140,0.000005558,1.000000000,0.000000000,-7.346433839,35.381778123,66.597960622,1.000000000
ENTITYNAME=Wire_Device
