OBJECTMODELPOINTER=4e1f355d-0bde-4c8e-8149-c1ca31ef59d4.dev
BASEFAMILY=58171384-a927-4eae-b95c-45ec4a2fbba1.fam
TRANSFORMMATRIX=0.000000242,1.000000412,-0.000001277,0.000000000,-0.999999588,0.000000310,0.000001036,0.000000000,0.000000000,0.000000000,1.000000000,0.000000000,9.342000001,0.000000000,53.550000001,1.000000000
ENTITYNAME=Tower_Device
