OBJECTMODELPOINTER=33777c94-e4b9-4947-906f-f84480f3cb99.dev
BASEFAMILY=581c554e-50ec-480d-bc07-2004c54e6a5e.fam
BLHA=28.31925198,113.37995663,64.126344,500.343289
TRANSFORMMATRIX=-0.158846981,0.987303214,0.000017427,0.000000000,-0.987303214,-0.158846981,-0.000001377,0.000000000,0.000001408,-0.000017424,1.000000000,0.000000000,9.246261508,-111.006231361,31.794636907,1.000000000
ENTITYNAME=Wire_Device
