OBJECTMODELPOINTER=33777c94-e4b9-4947-906f-f84480f3cb99.dev
BASEFAMILY=5825cd75-4726-48ff-b61e-f5e1f21c20d8.fam
BLHA=28.26907527,113.47529619,67.190721,514.001895
TRANSFORMMATRIX=-0.371991614,0.928236089,0.000044091,0.000000000,-0.928236090,-0.371991614,-0.000001811,0.000000000,0.000014721,-0.000041601,0.999999999,0.000000000,94.110900501,-265.463899869,75.636907761,1.000000000
ENTITYNAME=Wire_Device
