OBJECTMODELPOINTER=33777c94-e4b9-4947-906f-f84480f3cb99.dev
BASEFAMILY=5829dce1-e94d-42ad-bdf3-0f86986c6315.fam
BLHA=28.47322316,113.40714488,338.739938,229.813402
TRANSFORMMATRIX=-0.000009015,-1.000000000,0.000025829,0.000000000,1.000000000,-0.000009015,0.000000198,0.000000000,-0.000000198,0.000025830,1.000000000,0.000000000,-0.836654525,164.376159747,13.838796756,1.000000000
ENTITYNAME=Wire_Device
