OBJECTMODELPOINTER=3e052a71-42a9-4040-9658-6a3579c74b55.dev
BASEFAMILY=583b04da-962a-48b0-9ec7-9e547424a06d.fam
TRANSFORMMATRIX=-0.011000972,0.070342691,-0.997462421,0.000000000,-0.987992933,-0.154497794,-0.000001162,0.000000000,-0.154105791,0.985485852,0.071197193,0.000000000,7.500000001,-0.737500000,59.000000000,1.000000000
ENTITYNAME=Tower_Device
