OBJECTMODELPOINTER=33777c94-e4b9-4947-906f-f84480f3cb99.dev
BASEFAMILY=583fb531-3f6a-4ddb-a4d9-fa7bfc45ae36.fam
BLHA=28.32474464,113.37442409,71.722945,330.514691
TRANSFORMMATRIX=-0.335278145,-0.942119188,0.000036600,0.000000000,0.942119188,-0.335278146,0.000001929,0.000000000,0.000010454,0.000035129,0.999999999,0.000000000,65.966034756,223.794858954,45.450804178,1.000000000
ENTITYNAME=Wire_Device
