OBJECTMODELPOINTER=0e312739-8609-4a3d-966c-75d05d59356d.dev
BASEFAMILY=584b1617-5365-457b-ad2d-a288bbf70e7e.fam
TRANSFORMMATRIX=0.000000000,-1.000000000,-0.000000000,0.000000000,1.000000000,0.000000000,0.000000000,0.000000000,0.000000000,0.000000000,1.000000000,0.000000000,-5.397041865,5.397040182,0.000000238,1.000000000
ENTITYNAME=Tower_Device
