OBJECTMODELPOINTER=33777c94-e4b9-4947-906f-f84480f3cb99.dev
BASEFAMILY=584be967-7105-4827-aea8-dd1f020f90b4.fam
BLHA=28.53408910,113.50849608,458.182485,233.242345
TRANSFORMMATRIX=-0.377946835,-0.925827299,0.000054585,0.000000000,0.925827300,-0.377946836,0.000001645,0.000000000,0.000019107,0.000051158,0.999999998,0.000000000,122.556861833,325.782686517,-15.380380134,1.000000000
ENTITYNAME=Wire_Device
