OBJECTMODELPOINTER=33777c94-e4b9-4947-906f-f84480f3cb99.dev
BASEFAMILY=5850891e-cc3d-48c4-9e4a-d75926de03d6.fam
BLHA=28.31435017,113.39267151,117.559440,4.996372
TRANSFORMMATRIX=0.000023519,-0.999999999,0.000038902,0.000000000,1.000000000,0.000023519,0.000001496,0.000000000,-0.000001497,0.000038903,0.999999999,0.000000000,-9.391988908,248.303185056,16.513622784,1.000000000
ENTITYNAME=Wire_Device
