OBJECTMODELPOINTER=33777c94-e4b9-4947-906f-f84480f3cb99.dev
BASEFAMILY=585698e4-5a7e-4b7f-95c3-b9b19c867d02.fam
BLHA=28.43346852,113.38186613,283.381825,242.026912
TRANSFORMMATRIX=0.002472870,-0.999996940,0.000068852,0.000000000,0.999996942,0.002472870,0.000000505,0.000000000,-0.000000676,0.000068850,0.999999998,0.000000000,-3.363748472,437.701182554,-43.230169957,1.000000000
ENTITYNAME=Wire_Device
