OBJECTMODELPOINTER=33777c94-e4b9-4947-906f-f84480f3cb99.dev
BASEFAMILY=58606d16-c1c2-43ba-86b9-8a52bc91c87f.fam
BLHA=28.60189794,113.47276867,201.465001,294.633001
TRANSFORMMATRIX=0.000003541,-1.000000000,0.000013502,0.000000000,1.000000000,0.000003541,0.000000033,0.000000000,-0.000000034,0.000013501,1.000000000,0.000000000,-0.378080208,85.821796207,34.340308172,1.000000000
ENTITYNAME=Wire_Device
