OBJECTMODELPOINTER=0e312739-8609-4a3d-966c-75d05d59356d.dev
BASEFAMILY=5862e524-6ea2-4379-b5d1-9f1ac16105d9.fam
TRANSFORMMATRIX=0.000000000,-1.000000000,0.000000000,0.000000000,1.000000000,0.000000000,-0.000000000,0.000000000,0.000000000,-0.000000000,1.000000000,0.000000000,-5.067112551,5.067042545,0.000003177,1.000000000
ENTITYNAME=Tower_Device
