OBJECTMODELPOINTER=33777c94-e4b9-4947-906f-f84480f3cb99.dev
BASEFAMILY=5867fd7d-86fb-4a8e-bd11-13a053db5d8e.fam
BLHA=28.32474464,113.37442409,71.722945,330.514691
TRANSFORMMATRIX=-0.326217625,-0.945294695,0.000036773,0.000000000,0.945294695,-0.326217625,-0.000000980,0.000000000,0.000012923,0.000034441,0.999999999,0.000000000,81.673036686,219.381714431,58.490683618,1.000000000
ENTITYNAME=Wire_Device
