OBJECTMODELPOINTER=33777c94-e4b9-4947-906f-f84480f3cb99.dev
BASEFAMILY=587b0cde-f199-41a6-821c-20ffbf5294fc.fam
BLHA=28.36075913,113.35996262,84.531423,278.143009
TRANSFORMMATRIX=0.001114248,-0.999999379,0.000028661,0.000000000,0.999999379,0.001114248,-0.000002056,0.000000000,0.000002024,0.000028663,1.000000000,0.000000000,12.782505781,182.017228312,22.239336222,1.000000000
ENTITYNAME=Wire_Device
