OBJECTMODELPOINTER=33777c94-e4b9-4947-906f-f84480f3cb99.dev
BASEFAMILY=5881053f-ff1d-40bf-9d76-51f11eef875b.fam
BLHA=28.66573943,113.46033717,166.408962,277.610658
TRANSFORMMATRIX=-0.002345020,-0.999997250,0.000038943,0.000000000,0.999997250,-0.002345021,-0.000001711,0.000000000,0.000001801,0.000038938,0.999999999,0.000000000,11.332744580,247.285930498,9.747121665,1.000000000
ENTITYNAME=Wire_Device
