OBJECTMODELPOINTER=33777c94-e4b9-4947-906f-f84480f3cb99.dev
BASEFAMILY=588d858e-4b9c-48c7-af05-e431ce5e556c.fam
BLHA=28.75355465,113.46093365,124.778931,236.227775
TRANSFORMMATRIX=0.004181267,-0.999991258,0.000017448,0.000000000,0.999991258,0.004181267,-0.000001970,0.000000000,0.000001896,0.000017456,1.000000000,0.000000000,12.353086955,111.055309987,36.138237466,1.000000000
ENTITYNAME=Wire_Device
