ENTITYNAME=WIRE
BASEFAMILY=58963ded-6772-41f9-9466-6fe7b5c8ba36.fam
OBJECTMODELPOINTER=81b82497-164d-48c0-b1cb-18fa700dacdf.dev
KVALUE=0.000000
SPLIT=4
POINT0.BLHA=28.53971514,113.51008635,497.100,255.750198
POINT0.MATRIX0=-0.969231762,-0.246149938,-0.000000000,0.000000000,0.246149938,-0.969231762,-0.000000000,0.000000000,-0.000000000,-0.000000000,1.000000000,0.000000000,12.954930317,-0.001507256,40.000003050,1.000000000
POINT0.MATRIX1=-0.969231762,-0.246149938,-0.000000000,0.000000000,0.246149938,-0.969231762,-0.000000000,0.000000000,-0.000000000,-0.000000000,1.000000000,0.000000000,12.954930317,-0.001507257,40.450015257,1.000000000
POINT0.MATRIX2=-0.969231762,-0.246149938,-0.000000000,0.000000000,0.246149938,-0.969231762,-0.000000000,0.000000000,-0.000000000,-0.000000000,1.000000000,0.000000000,12.504810137,0.001433636,40.450015258,1.000000000
POINT0.MATRIX3=-0.969231762,-0.246149938,-0.000000000,0.000000000,0.246149938,-0.969231762,-0.000000000,0.000000000,-0.000000000,-0.000000000,1.000000000,0.000000000,12.504810137,0.001433636,40.000003051,1.000000000
POINT1.BLHA=28.53971514,113.51008635,497.100,255.750198
POINT1.MATRIX0=-0.969231762,-0.246149938,-0.000000000,0.000000000,0.246149938,-0.969231762,-0.000000000,0.000000000,-0.000000000,-0.000000000,1.000000000,0.000000000,12.955645342,0.108498751,40.000003051,1.000000000
POINT1.MATRIX1=-0.969231762,-0.246149938,-0.000000000,0.000000000,0.246149938,-0.969231762,-0.000000000,0.000000000,-0.000000000,-0.000000000,1.000000000,0.000000000,12.955645342,0.108498751,40.450015258,1.000000000
POINT1.MATRIX2=-0.969231762,-0.246149938,-0.000000000,0.000000000,0.246149938,-0.969231762,-0.000000000,0.000000000,-0.000000000,-0.000000000,1.000000000,0.000000000,12.505532673,0.111410064,40.450015258,1.000000000
POINT1.MATRIX3=-0.969231762,-0.246149938,-0.000000000,0.000000000,0.246149938,-0.969231762,-0.000000000,0.000000000,-0.000000000,-0.000000000,1.000000000,0.000000000,12.505532673,0.111410065,40.000003051,1.000000000
