OBJECTMODELPOINTER=33777c94-e4b9-4947-906f-f84480f3cb99.dev
BASEFAMILY=58a03e92-fc26-4e81-a0c5-d14bcb89be92.fam
BLHA=28.31435017,113.39267151,117.559440,4.996372
TRANSFORMMATRIX=0.000030508,-0.999999998,0.000060369,0.000000000,1.000000000,0.000030508,-0.000000907,0.000000000,0.000000905,0.000060370,0.999999998,0.000000000,5.922591698,385.329913337,22.916266144,1.000000000
ENTITYNAME=Wire_Device
