OBJECTMODELPOINTER=33777c94-e4b9-4947-906f-f84480f3cb99.dev
BASEFAMILY=58a348c3-bdb4-4923-a24a-b4205e848983.fam
BLHA=28.72596649,113.45194319,126.516960,450.796525
TRANSFORMMATRIX=-0.212661902,0.977125844,0.000037819,0.000000000,-0.977125844,-0.212661902,0.000000298,0.000000000,0.000008334,-0.000036890,0.999999999,0.000000000,53.214445368,-234.268535206,37.011004287,1.000000000
ENTITYNAME=Wire_Device
