OBJECTMODELPOINTER=33777c94-e4b9-4947-906f-f84480f3cb99.dev
BASEFAMILY=58a77833-f9aa-4926-9684-9954a1f8b6b6.fam
BLHA=28.39175425,113.36683981,143.500019,249.667673
TRANSFORMMATRIX=0.002617811,-0.999996571,0.000071251,0.000000000,0.999996574,0.002617811,-0.000001595,0.000000000,0.000001408,0.000071255,0.999999997,0.000000000,9.751371694,452.767995782,18.227259088,1.000000000
ENTITYNAME=Wire_Device
