OBJECTMODELPOINTER=668aa00d-3939-4ab6-b677-0b4345cd5723.dev
BASEFAMILY=58b596ae-3c7a-41a7-a3be-dc70a0839154.fam
TRANSFORMMATRIX=-0.356240662,-0.202840042,0.912111842,0.000000000,0.909687162,0.147700185,0.388142265,0.000000000,-0.213449859,0.968008476,0.131904318,0.000000000,1.406024096,-1.406024097,37.000000000,1.000000000
ENTITYNAME=Tower_Device
