OBJECTMODELPOINTER=33777c94-e4b9-4947-906f-f84480f3cb99.dev
BASEFAMILY=58d2c6cf-b09e-44c9-997b-9dc98dce4fe7.fam
BLHA=28.31529425,113.41760444,47.126172,0.896163
TRANSFORMMATRIX=0.006201516,-0.999980770,0.000036391,0.000000000,0.999980770,0.006201516,0.000001239,0.000000000,-0.000001465,0.000036383,0.999999999,0.000000000,-9.281689122,232.231989426,55.925395986,1.000000000
ENTITYNAME=Wire_Device
