OBJECTMODELPOINTER=33777c94-e4b9-4947-906f-f84480f3cb99.dev
BASEFAMILY=58d92fca-1361-45f1-8a7b-a14c4aa83427.fam
BLHA=28.81479053,113.52098652,97.065454,179.643183
TRANSFORMMATRIX=-0.059441282,-0.998231804,0.000002732,0.000000000,0.998231804,-0.059441282,0.000001429,0.000000000,-0.000001265,0.000002813,1.000000000,0.000000000,-8.030208293,17.951806791,29.895795413,1.000000000
ENTITYNAME=Wire_Device
