OBJECTMODELPOINTER=33777c94-e4b9-4947-906f-f84480f3cb99.dev
BASEFAMILY=590a1e6b-d621-4343-b223-edda10f31498.fam
BLHA=28.27757020,113.46637333,93.774105,312.669055
TRANSFORMMATRIX=0.001230572,-0.999999243,0.000005006,0.000000000,0.999999243,0.001230572,-0.000001225,0.000000000,0.000001219,0.000005007,1.000000000,0.000000000,7.680250414,31.856123015,46.054864030,1.000000000
ENTITYNAME=Wire_Device
