OBJECTMODELPOINTER=33777c94-e4b9-4947-906f-f84480f3cb99.dev
BASEFAMILY=591d4775-3f74-4b9b-882d-71c095b7e508.fam
BLHA=28.44044510,113.38600635,302.501930,242.026912
TRANSFORMMATRIX=-0.000006774,-1.000000000,0.000030513,0.000000000,1.000000000,-0.000006774,0.000002083,0.000000000,-0.000002082,0.000030513,0.999999999,0.000000000,-12.860344070,193.957529432,27.696712943,1.000000000
ENTITYNAME=Wire_Device
