OBJECTMODELPOINTER=33777c94-e4b9-4947-906f-f84480f3cb99.dev
BASEFAMILY=592325bb-b547-422e-ba5a-690a1ad0664c.fam
BLHA=28.68060600,113.45831192,164.595225,275.673275
TRANSFORMMATRIX=0.002376646,-0.999997176,0.000005818,0.000000000,0.999997176,0.002376646,-0.000001971,0.000000000,0.000001958,0.000005823,1.000000000,0.000000000,12.476515877,36.973744890,39.979122890,1.000000000
ENTITYNAME=Wire_Device
