OBJECTMODELPOINTER=33777c94-e4b9-4947-906f-f84480f3cb99.dev
BASEFAMILY=592f4f42-cf92-472e-937d-87a948f71d3c.fam
BLHA=28.63338498,113.46540590,167.944131,275.523589
TRANSFORMMATRIX=-0.054206268,-0.998529759,0.000041942,0.000000000,0.998529759,-0.054206268,-0.000000988,0.000000000,0.000003260,0.000041828,0.999999999,0.000000000,20.675049758,265.617341432,32.286195174,1.000000000
ENTITYNAME=Wire_Device
