OBJECTMODELPOINTER=33777c94-e4b9-4947-906f-f84480f3cb99.dev
BASEFAMILY=59491478-4f39-4602-a38e-5304714e9bfc.fam
BLHA=28.70605444,113.45451077,165.912680,277.425083
TRANSFORMMATRIX=0.000005550,-0.999999997,0.000083118,0.000000000,1.000000000,0.000005550,0.000000323,0.000000000,-0.000000323,0.000083118,0.999999996,0.000000000,-2.413788826,527.872792035,9.696706411,1.000000000
ENTITYNAME=Wire_Device
