OBJECTMODELPOINTER=13a78437-ad2c-452a-8fd1-0733d19ccb25.dev
BASEFAMILY=595049ef-db8c-4483-9d0a-fc64e21c1df1.fam
TRANSFORMMATRIX=1.000000000,0.000000000,0.000000000,0.000000000,-0.000000000,1.000000000,0.000000000,0.000000000,-0.000000000,0.000000000,1.000000000,0.000000000,-5.067058462,-5.066475819,-0.000005826,1.000000000
ENTITYNAME=Tower_Device
