OBJECTMODELPOINTER=33777c94-e4b9-4947-906f-f84480f3cb99.dev
BASEFAMILY=59548335-44cc-4d3b-8956-eb7baea7d0eb.fam
BLHA=28.57953661,113.48279374,260.580940,480.423303
TRANSFORMMATRIX=0.586250955,0.810129507,0.000000355,0.000000000,-0.810129507,0.586250955,0.000001321,0.000000000,0.000000862,-0.000001063,1.000000000,0.000000000,5.509381335,-6.767743889,35.902003376,1.000000000
ENTITYNAME=Wire_Device
