OBJECTMODELPOINTER=13a78437-ad2c-452a-8fd1-0733d19ccb25.dev
BASEFAMILY=5957dd9f-245b-46e6-bca6-f158caccc110.fam
TRANSFORMMATRIX=0.000000000,1.000000000,-0.000000000,0.000000000,-1.000000000,0.000000000,0.000000000,0.000000000,0.000000000,-0.000000000,1.000000000,0.000000000,5.396970580,-5.396929455,0.000000052,1.000000000
ENTITYNAME=Tower_Device
