OBJECTMODELPOINTER=64cd696d-cba1-4384-b154-e3852d9b7971.dev
BASEFAMILY=595ab65b-e240-4383-b2fc-62a883447660.fam
TRANSFORMMATRIX=0.000000175,0.999999622,0.000000795,0.000000000,-1.000000378,-0.000000175,0.000001438,0.000000000,0.000000000,-0.000000000,1.000000000,0.000000000,7.500000000,-4.000000000,43.000000000,1.000000000
ENTITYNAME=Tower_Device
