OBJECTMODELPOINTER=33777c94-e4b9-4947-906f-f84480f3cb99.dev
BASEFAMILY=596215b2-ce5f-4593-8883-668b1c806f04.fam
BLHA=28.73433869,113.45386444,142.659000,258.301958
TRANSFORMMATRIX=0.007946369,-0.999968427,0.000018359,0.000000000,0.999968427,0.007946369,0.000001624,0.000000000,-0.000001769,0.000018346,1.000000000,0.000000000,-11.175080720,116.511099717,15.359727092,1.000000000
ENTITYNAME=Wire_Device
