OBJECTMODELPOINTER=819796c9-6cf6-4141-8cbd-1bc655203155.dev
BASEFAMILY=5965cab6-3b6d-4bc7-a10a-b3d99471c605.fam
TRANSFORMMATRIX=-0.999999645,-0.000842537,0.000000001,0.000000000,0.000842538,-0.999999645,-0.000000000,0.000000000,0.000000000,-0.000000000,1.000000000,0.000000000,-11.950000000,-0.000000000,54.999999999,1.000000000
ENTITYNAME=Tower_Device
