OBJECTMODELPOINTER=0e312739-8609-4a3d-966c-75d05d59356d.dev
BASEFAMILY=596fa2f3-b569-447d-bb7a-22c405d261e6.fam
TRANSFORMMATRIX=1.000000000,-0.000000000,0.000000000,0.000000000,-0.000000000,1.000000000,0.000000000,0.000000000,-0.000000000,-0.000000000,1.000000000,0.000000000,-4.407037356,-4.406564473,-0.000003095,1.000000000
ENTITYNAME=Tower_Device
