ENTITYNAME=WIRE
BASEFAMILY=597c6555-7e7c-4bfe-b8d5-98ba67d74f36.fam
OBJECTMODELPOINTER=81b82497-164d-48c0-b1cb-18fa700dacdf.dev
KVALUE=0.000385
SPLIT=4
POINT0.BLHA=28.30961923,113.43478171,54.753,501.227736
POINT0.MATRIX0=0.626226468,-0.779641207,-0.000000000,0.000000000,0.779641207,0.626226468,0.000000000,0.000000000,-0.000000000,0.000000000,1.000000000,0.000000000,8.686242187,-9.121543826,46.320743395,1.000000000
POINT0.MATRIX1=0.626226468,-0.779641207,-0.000000000,0.000000000,0.779641207,0.626226468,0.000000000,0.000000000,-0.000000000,0.000000000,1.000000000,0.000000000,8.489534923,-9.877807033,46.730136706,1.000000000
POINT0.MATRIX2=0.626226468,-0.779641207,-0.000000000,0.000000000,0.779641207,0.626226468,0.000000000,0.000000000,-0.000000000,0.000000000,1.000000000,0.000000000,8.973025656,-10.005674987,46.730029894,1.000000000
POINT0.MATRIX3=0.626226468,-0.779641207,-0.000000000,0.000000000,0.779641207,0.626226468,0.000000000,0.000000000,-0.000000000,0.000000000,1.000000000,0.000000000,9.171784625,-9.245728361,46.320728137,1.000000000
POINT1.BLHA=28.30786495,113.43629033,62.970,307.005893
POINT1.MATRIX0=-0.798573609,0.601897160,-0.000000000,0.000000000,-0.601897160,-0.798573609,-0.000000000,0.000000000,0.000000000,-0.000000000,1.000000000,0.000000000,-9.335995139,-0.130762751,48.416803257,1.000000000
POINT1.MATRIX1=-0.798573609,0.601897160,-0.000000000,0.000000000,-0.601897160,-0.798573609,-0.000000000,0.000000000,0.000000000,-0.000000000,1.000000000,0.000000000,-9.148785796,-0.130010814,48.880655185,1.000000000
POINT1.MATRIX2=-0.798573609,0.601897160,-0.000000000,0.000000000,-0.601897160,-0.798573609,-0.000000000,0.000000000,0.000000000,-0.000000000,1.000000000,0.000000000,-9.612703315,-0.130093759,49.067315952,1.000000000
POINT1.MATRIX3=-0.798573609,0.601897160,-0.000000000,0.000000000,-0.601897160,-0.798573609,-0.000000000,0.000000000,0.000000000,-0.000000000,1.000000000,0.000000000,-9.799912659,-0.130845696,48.603464023,1.000000000
