ENTITYNAME=WIRE
BASEFAMILY=5994bbff-8209-4a1a-832d-b3ef6aec95a6.fam
OBJECTMODELPOINTER=81b82497-164d-48c0-b1cb-18fa700dacdf.dev
KVALUE=0.091067
SPLIT=4
POINT0.BLHA=28.68327588,113.45799727,190.105,276.549179
POINT0.MATRIX0=-0.993474323,0.114055990,-0.000000000,0.000000000,-0.114055990,-0.993474323,-0.000000000,0.000000000,-0.000000000,0.000000000,1.000000000,0.000000000,-7.477541078,-8.903859754,28.344856816,1.000000000
POINT0.MATRIX1=-0.993474323,0.114055990,-0.000000000,0.000000000,-0.114055990,-0.993474323,-0.000000000,0.000000000,-0.000000000,0.000000000,1.000000000,0.000000000,-7.508200105,-9.715196270,28.739344912,1.000000000
POINT0.MATRIX2=-0.993474323,0.114055990,-0.000000000,0.000000000,-0.114055990,-0.993474323,-0.000000000,0.000000000,-0.000000000,0.000000000,1.000000000,0.000000000,-8.008224571,-9.716769500,28.739268619,1.000000000
POINT0.MATRIX3=-0.993474323,0.114055990,-0.000000000,0.000000000,-0.114055990,-0.993474323,-0.000000000,0.000000000,-0.000000000,0.000000000,1.000000000,0.000000000,-7.977434379,-8.906431020,28.344856817,1.000000000
POINT1.BLHA=28.68327588,113.45799727,190.105,276.549179
POINT1.MATRIX0=-0.993474323,0.114055990,-0.000000000,0.000000000,-0.114055990,-0.993474323,-0.000000000,0.000000000,-0.000000000,0.000000000,1.000000000,0.000000000,-9.275002229,-0.000275170,25.789996046,1.000000000
POINT1.MATRIX1=-0.993474323,0.114055990,-0.000000000,0.000000000,-0.114055990,-0.993474323,-0.000000000,0.000000000,-0.000000000,0.000000000,1.000000000,0.000000000,-9.275002229,-0.000275171,26.239996033,1.000000000
POINT1.MATRIX2=-0.993474323,0.114055990,-0.000000000,0.000000000,-0.114055990,-0.993474323,-0.000000000,0.000000000,-0.000000000,0.000000000,1.000000000,0.000000000,-9.725002189,-0.000274821,26.239996034,1.000000000
POINT1.MATRIX3=-0.993474323,0.114055990,-0.000000000,0.000000000,-0.114055990,-0.993474323,-0.000000000,0.000000000,-0.000000000,0.000000000,1.000000000,0.000000000,-9.725002189,-0.000274821,25.789996046,1.000000000
