OBJECTMODELPOINTER=33777c94-e4b9-4947-906f-f84480f3cb99.dev
BASEFAMILY=5996ecfb-5b46-42b6-af5b-2c7c97e8ccf6.fam
BLHA=28.64674167,113.46331381,165.940967,277.610658
TRANSFORMMATRIX=0.000000420,-1.000000000,0.000005573,0.000000000,1.000000000,0.000000420,0.000000021,0.000000000,-0.000000021,0.000005573,1.000000000,0.000000000,-0.158888380,35.393735134,30.280938054,1.000000000
ENTITYNAME=Wire_Device
