OBJECTMODELPOINTER=33777c94-e4b9-4947-906f-f84480f3cb99.dev
BASEFAMILY=5999f26a-d46f-4198-a5e6-695c60080af7.fam
BLHA=28.67391263,113.45910068,183.694474,275.673275
TRANSFORMMATRIX=0.045885883,-0.998946688,0.000013263,0.000000000,0.998946688,0.045885883,-0.000002036,0.000000000,0.000001426,0.000013342,1.000000000,0.000000000,9.053022953,84.725644716,44.378988042,1.000000000
ENTITYNAME=Wire_Device
