OBJECTMODELPOINTER=33777c94-e4b9-4947-906f-f84480f3cb99.dev
BASEFAMILY=59c118c7-a353-42e5-8627-a73cff734670.fam
BLHA=28.26885822,113.47846971,85.176990,355.334735
TRANSFORMMATRIX=0.000040298,-0.999999997,0.000071601,0.000000000,0.999999999,0.000040298,0.000001412,0.000000000,-0.000001415,0.000071601,0.999999997,0.000000000,-9.179469649,457.021345192,63.178528944,1.000000000
ENTITYNAME=Wire_Device
