ENTITYNAME=WIRE
BASEFAMILY=59cdc961-726c-4a45-abc2-98e4aa983fc9.fam
OBJECTMODELPOINTER=81b82497-164d-48c0-b1cb-18fa700dacdf.dev
KVALUE=0.000372
SPLIT=4
POINT0.BLHA=28.49972812,113.43660808,222.066,200.251669
POINT0.MATRIX0=-0.346144382,-0.938181255,0.000000000,0.000000000,0.938181255,-0.346144382,0.000000000,0.000000000,0.000000000,-0.000000000,1.000000000,0.000000000,-13.097284955,0.724596994,58.741103406,1.000000000
POINT0.MATRIX1=-0.346144382,-0.938181255,0.000000000,0.000000000,0.938181255,-0.346144382,0.000000000,0.000000000,0.000000000,-0.000000000,1.000000000,0.000000000,-13.097284955,0.724596994,59.191100355,1.000000000
POINT0.MATRIX2=-0.346144382,-0.938181255,0.000000000,0.000000000,0.938181255,-0.346144382,0.000000000,0.000000000,0.000000000,-0.000000000,1.000000000,0.000000000,-13.547311050,0.715176841,59.191100355,1.000000000
POINT0.MATRIX3=-0.346144382,-0.938181255,0.000000000,0.000000000,0.938181255,-0.346144382,0.000000000,0.000000000,0.000000000,-0.000000000,1.000000000,0.000000000,-13.547311050,0.715176840,58.741103406,1.000000000
POINT1.BLHA=28.49878841,113.43376617,260.860,392.604520
POINT1.MATRIX0=0.538837238,0.842409895,0.000000000,0.000000000,-0.842409895,0.538837238,-0.000000000,0.000000000,0.000000000,-0.000000000,1.000000000,0.000000000,9.253337656,9.280716819,28.535905798,1.000000000
POINT1.MATRIX1=0.538837238,0.842409895,0.000000000,0.000000000,-0.842409895,0.538837238,-0.000000000,0.000000000,0.000000000,-0.000000000,1.000000000,0.000000000,9.444503471,10.075260677,28.871927221,1.000000000
POINT1.MATRIX2=0.538837238,0.842409895,0.000000000,0.000000000,-0.842409895,0.538837238,-0.000000000,0.000000000,0.000000000,-0.000000000,1.000000000,0.000000000,9.930583437,9.958012512,28.871927221,1.000000000
POINT1.MATRIX3=0.538837238,0.842409895,0.000000000,0.000000000,-0.842409895,0.538837238,-0.000000000,0.000000000,0.000000000,-0.000000000,1.000000000,0.000000000,9.739483398,9.163571488,28.535875281,1.000000000
