OBJECTMODELPOINTER=33777c94-e4b9-4947-906f-f84480f3cb99.dev
BASEFAMILY=59d0c8d5-07ce-401f-bab0-66aa68e91e4d.fam
BLHA=28.80679371,113.51083278,186.898436,227.348291
TRANSFORMMATRIX=-0.000009493,-1.000000000,0.000025857,0.000000000,1.000000000,-0.000009493,0.000002037,0.000000000,-0.000002036,0.000025857,1.000000000,0.000000000,-12.547330219,164.559039549,34.715673466,1.000000000
ENTITYNAME=Wire_Device
