OBJECTMODELPOINTER=33777c94-e4b9-4947-906f-f84480f3cb99.dev
BASEFAMILY=59d01b56-9bae-416e-862b-1679121ea821.fam
BLHA=28.58307238,113.48148471,281.708531,287.849619
TRANSFORMMATRIX=0.012876846,-0.999917088,0.000057240,0.000000000,0.999917090,0.012876846,-0.000001933,0.000000000,0.000001195,0.000057259,0.999999998,0.000000000,7.075008914,363.784018352,7.494406815,1.000000000
ENTITYNAME=Wire_Device
