OBJECTMODELPOINTER=33777c94-e4b9-4947-906f-f84480f3cb99.dev
BASEFAMILY=59d6b639-74a4-4059-bf82-ab2b683a1882.fam
BLHA=28.55326393,113.50869198,332.868298,304.990571
TRANSFORMMATRIX=0.012294739,-0.999924416,0.000040341,0.000000000,0.999924417,0.012294739,-0.000002124,0.000000000,0.000001627,0.000040364,0.999999999,0.000000000,9.747225199,256.741069000,52.261919956,1.000000000
ENTITYNAME=Wire_Device
