OBJECTMODELPOINTER=33777c94-e4b9-4947-906f-f84480f3cb99.dev
BASEFAMILY=59d6ba50-0f5d-488a-9180-241747fba7a9.fam
BLHA=28.47949059,113.41307678,290.814083,229.813402
TRANSFORMMATRIX=0.000911545,-0.999999583,0.000050061,0.000000000,0.999999585,0.000911545,0.000002372,0.000000000,-0.000002417,0.000050059,0.999999999,0.000000000,-14.581229050,318.536077429,39.743489340,1.000000000
ENTITYNAME=Wire_Device
