OBJECTMODELPOINTER=33777c94-e4b9-4947-906f-f84480f3cb99.dev
BASEFAMILY=59d7d5ef-6c64-4165-83b0-deba18e7253a.fam
BLHA=28.68956538,113.45703476,163.838478,277.425083
TRANSFORMMATRIX=0.005021042,-0.999987394,0.000005477,0.000000000,0.999987394,0.005021042,-0.000002066,0.000000000,0.000002039,0.000005487,1.000000000,0.000000000,12.987589776,34.840026386,53.783022916,1.000000000
ENTITYNAME=Wire_Device
