OBJECTMODELPOINTER=33777c94-e4b9-4947-906f-f84480f3cb99.dev
BASEFAMILY=59e740fc-5307-4989-9ac9-b73194d5bbca.fam
BLHA=28.33182616,113.36613124,59.967362,296.260490
TRANSFORMMATRIX=0.010633025,-0.999943468,0.000005099,0.000000000,0.999943468,0.010633025,-0.000001847,0.000000000,0.000001793,0.000005118,1.000000000,0.000000000,11.363025598,32.509460407,39.082839043,1.000000000
ENTITYNAME=Wire_Device
