OBJECTMODELPOINTER=33777c94-e4b9-4947-906f-f84480f3cb99.dev
BASEFAMILY=59eace2b-fed1-40db-9afe-07b51f8a5f40.fam
BLHA=28.47949059,113.41307678,290.814083,229.813402
TRANSFORMMATRIX=-0.000954017,-0.999999542,0.000072048,0.000000000,0.999999545,-0.000954017,-0.000001461,0.000000000,0.000001529,0.000072046,0.999999997,0.000000000,10.915515531,458.532660668,62.940549130,1.000000000
ENTITYNAME=Wire_Device
