OBJECTMODELPOINTER=33777c94-e4b9-4947-906f-f84480f3cb99.dev
BASEFAMILY=59eb4018-a4a3-42e7-b184-5ad62f3a36a8.fam
BLHA=28.68060600,113.45831192,164.595225,275.673275
TRANSFORMMATRIX=-0.002374981,-0.999997180,0.000018337,0.000000000,0.999997180,-0.002374981,0.000002068,0.000000000,-0.000002025,0.000018342,1.000000000,0.000000000,-12.983536285,116.492338379,34.694528287,1.000000000
ENTITYNAME=Wire_Device
