OBJECTMODELPOINTER=33777c94-e4b9-4947-906f-f84480f3cb99.dev
BASEFAMILY=5a07c0eb-f0f6-41dd-983d-4d6c497675ea.fam
BLHA=28.32292443,113.37625760,67.775568,311.415680
TRANSFORMMATRIX=0.002548227,-0.999996751,0.000068768,0.000000000,0.999996753,0.002548228,0.000001646,0.000000000,-0.000001821,0.000068764,0.999999998,0.000000000,-12.731083194,437.670892986,28.345156398,1.000000000
ENTITYNAME=Wire_Device
