OBJECTMODELPOINTER=33777c94-e4b9-4947-906f-f84480f3cb99.dev
BASEFAMILY=5a242899-0aae-4d07-aa7e-d0f5703b95e8.fam
BLHA=28.71274605,113.45447194,199.234978,264.887951
TRANSFORMMATRIX=0.009805725,-0.999951921,0.000061017,0.000000000,0.999951923,0.009805725,-0.000001557,0.000000000,0.000000959,0.000061029,0.999999998,0.000000000,6.296814900,387.573348465,-3.515100381,1.000000000
ENTITYNAME=Wire_Device
