OBJECTMODELPOINTER=33777c94-e4b9-4947-906f-f84480f3cb99.dev
BASEFAMILY=5a252e3a-e172-40f8-84fc-1423eb81c94a.fam
BLHA=28.31502906,113.40300484,68.016258,0.896163
TRANSFORMMATRIX=0.001773105,-0.999998427,0.000045566,0.000000000,0.999998428,0.001773105,0.000001722,0.000000000,-0.000001802,0.000045563,0.999999999,0.000000000,-11.420794329,290.833036340,54.487447830,1.000000000
ENTITYNAME=Wire_Device
