OBJECTMODELPOINTER=33777c94-e4b9-4947-906f-f84480f3cb99.dev
BASEFAMILY=5a269ceb-8eec-40d0-a6f1-e7f9ba936701.fam
BLHA=28.68060600,113.45831192,164.595225,275.673275
TRANSFORMMATRIX=-0.000001234,-1.000000000,0.000005737,0.000000000,1.000000000,-0.000001234,0.000000027,0.000000000,-0.000000028,0.000005737,1.000000000,0.000000000,-0.191019457,36.436118740,40.631008203,1.000000000
ENTITYNAME=Wire_Device
