OBJECTMODELPOINTER=62dfd6ac-0c6a-44e7-9717-4d38b5266ad9.dev
BASEFAMILY=5a2975f2-4d94-40b6-bb66-c1ced4f18bfb.fam
TRANSFORMMATRIX=-0.008646110,0.044065751,-0.998990956,0.000000000,-0.981289465,-0.192539631,-0.000000035,0.000000000,-0.192344231,0.980299465,0.044907192,0.000000000,5.500000000,-0.900000000,44.000000001,1.000000000
ENTITYNAME=Tower_Device
