OBJECTMODELPOINTER=33777c94-e4b9-4947-906f-f84480f3cb99.dev
BASEFAMILY=5a36d567-fbf6-4944-bd8b-2fee0ce0e2e4.fam
BLHA=28.64279778,113.46393161,145.776199,277.610658
TRANSFORMMATRIX=0.000000631,-1.000000000,0.000004769,0.000000000,1.000000000,0.000000631,0.000000018,0.000000000,-0.000000018,0.000004769,1.000000000,0.000000000,-0.135801187,30.288462451,34.038788248,1.000000000
ENTITYNAME=Wire_Device
