OBJECTMODELPOINTER=33777c94-e4b9-4947-906f-f84480f3cb99.dev
BASEFAMILY=5a45dad2-e73f-45f8-81d8-9f9adaba50ff.fam
BLHA=28.28912608,113.44509395,57.000023,477.961117
TRANSFORMMATRIX=-0.174785230,0.984606583,0.000017497,0.000000000,-0.984606583,-0.174785230,0.000001394,0.000000000,0.000004430,-0.000016984,1.000000000,0.000000000,28.482735461,-108.031767602,29.320969938,1.000000000
ENTITYNAME=Wire_Device
