OBJECTMODELPOINTER=0e312739-8609-4a3d-966c-75d05d59356d.dev
BASEFAMILY=5a4ceeb6-e6f0-479b-9155-5eb38fc2c368.fam
TRANSFORMMATRIX=0.000000000,1.000000000,-0.000000000,0.000000000,-1.000000000,0.000000000,-0.000000000,0.000000000,0.000000000,0.000000000,1.000000000,0.000000000,4.406764825,-4.406621031,0.000000167,1.000000000
ENTITYNAME=Tower_Device
