OBJECTMODELPOINTER=33777c94-e4b9-4947-906f-f84480f3cb99.dev
BASEFAMILY=5a53ae78-38ec-435d-b496-7a8923ff912a.fam
BLHA=28.38483527,113.36398740,139.075387,249.667673
TRANSFORMMATRIX=0.004150757,-0.999991385,0.000034983,0.000000000,0.999991386,0.004150757,0.000000247,0.000000000,-0.000000392,0.000034981,0.999999999,0.000000000,-2.121699582,222.267604156,9.778475472,1.000000000
ENTITYNAME=Wire_Device
