OBJECTMODELPOINTER=33777c94-e4b9-4947-906f-f84480f3cb99.dev
BASEFAMILY=5a54cae9-36f2-4903-bb89-afef737b88a3.fam
BLHA=28.35190910,113.36144828,128.122186,278.143009
TRANSFORMMATRIX=0.000001309,-1.000000000,0.000005178,0.000000000,1.000000000,0.000001310,0.000001883,0.000000000,-0.000001883,0.000005178,1.000000000,0.000000000,-12.044028537,32.893135742,37.682315395,1.000000000
ENTITYNAME=Wire_Device
