OBJECTMODELPOINTER=6e8fc93a-5746-432d-8a9a-38624ebee507.dev
BASEFAMILY=5a57b452-e051-4859-ae7a-7481326d82e8.fam
TRANSFORMMATRIX=-0.001036620,0.999999075,-0.000001301,0.000000000,-0.999999851,-0.001036300,-0.000000999,0.000000000,0.000000000,0.000000000,1.000000000,0.000000000,11.870000000,-0.000000000,47.999999999,1.000000000
ENTITYNAME=Tower_Device
