OBJECTMODELPOINTER=33777c94-e4b9-4947-906f-f84480f3cb99.dev
BASEFAMILY=5a5e0477-566b-4fd3-9723-d0149b4e0c6d.fam
BLHA=28.52041531,113.48270330,362.655379,210.734491
TRANSFORMMATRIX=-0.000001505,-1.000000000,0.000004992,0.000000000,1.000000000,-0.000001505,0.000000033,0.000000000,-0.000000033,0.000004992,1.000000000,0.000000000,-0.136938844,31.820780622,41.578225165,1.000000000
ENTITYNAME=Wire_Device
