OBJECTMODELPOINTER=33777c94-e4b9-4947-906f-f84480f3cb99.dev
BASEFAMILY=5a63ae55-5e33-4865-9580-2b1a081b5791.fam
BLHA=28.49379582,113.42815973,297.068153,224.957371
TRANSFORMMATRIX=-0.000018871,-0.999999999,0.000048702,0.000000000,1.000000000,-0.000018871,0.000000363,0.000000000,-0.000000363,0.000048702,0.999999999,0.000000000,-1.501796870,310.070690847,-2.922295515,1.000000000
ENTITYNAME=Wire_Device
