OBJECTMODELPOINTER=33777c94-e4b9-4947-906f-f84480f3cb99.dev
BASEFAMILY=5a65b5f5-0794-4c0a-b204-cfa96dab0a24.fam
BLHA=28.31515909,113.41015274,70.673124,0.896163
TRANSFORMMATRIX=0.000028187,-0.999999998,0.000056305,0.000000000,1.000000000,0.000028187,-0.000001171,0.000000000,0.000001169,0.000056306,0.999999998,0.000000000,7.454769333,359.398490996,20.215958870,1.000000000
ENTITYNAME=Wire_Device
