OBJECTMODELPOINTER=33777c94-e4b9-4947-906f-f84480f3cb99.dev
BASEFAMILY=5a65b7cf-465e-49a3-91a9-39fc736bde97.fam
BLHA=28.73032666,113.45294372,113.432437,258.301958
TRANSFORMMATRIX=0.010733507,-0.999942392,0.000070230,0.000000000,0.999942394,0.010733506,-0.000001698,0.000000000,0.000000943,0.000070244,0.999999997,0.000000000,6.480847904,446.176837484,36.648378745,1.000000000
ENTITYNAME=Wire_Device
