OBJECTMODELPOINTER=9d0a1c78-0773-4284-9826-87959cde0f5a.dev
BASEFAMILY=5a7e91d9-605e-495c-ba1d-8c2d7485c80b.fam
TRANSFORMMATRIX=-0.000000094,0.999999656,-0.000001399,0.000000000,-1.000000344,0.000000372,-0.000000862,0.000000000,0.000000000,-0.000000000,1.000000000,0.000000000,-9.500000000,-0.000000001,30.000000000,1.000000000
ENTITYNAME=Tower_Device
