OBJECTMODELPOINTER=21bb7966-a421-44fb-8988-14cd5a49f1a4.dev
BASEFAMILY=5a7fd74f-6c0f-4095-89df-553b0b9e9e15.fam
TRANSFORMMATRIX=-0.000000206,1.000000060,-0.000001641,0.000000000,-0.999999940,0.000000624,0.000000010,0.000000000,0.000000000,-0.000000000,1.000000000,0.000000000,7.500000000,-4.000000000,42.999999999,1.000000000
ENTITYNAME=Tower_Device
