ENTITYNAME=WIRE
BASEFAMILY=5a8be55e-25d8-434c-bc62-1f3270ed7241.fam
OBJECTMODELPOINTER=31970f28-780e-4bf1-8adb-439f78c329a3.dev
KVALUE=0.000240
SPLIT=1
POINT0.BLHA=28.47508033,113.40890253,351.780,229.813402
POINT0.MATRIX0=-0.763946986,-0.645279012,-0.000000000,0.000000000,0.645279012,-0.763946986,0.000000000,0.000000000,0.000000000,0.000000000,1.000000000,0.000000000,-11.319953892,0.630127707,63.557999995,1.000000000
POINT1.BLHA=28.47322316,113.40714488,338.740,229.813402
POINT1.MATRIX0=-0.763946986,-0.645279012,0.000000000,0.000000000,0.645279012,-0.763946986,0.000000000,0.000000000,-0.000000000,-0.000000000,1.000000000,0.000000000,-11.319948108,-0.630204536,63.558005284,1.000000000
