OBJECTMODELPOINTER=33777c94-e4b9-4947-906f-f84480f3cb99.dev
BASEFAMILY=5a977938-294c-4c81-925f-972f2e9f99b6.fam
BLHA=28.48305469,113.41645050,246.976349,229.813402
TRANSFORMMATRIX=-0.000020768,-0.999999998,0.000064724,0.000000000,1.000000000,-0.000020768,0.000000485,0.000000000,-0.000000484,0.000064724,0.999999998,0.000000000,-2.026296418,411.894315349,60.818577687,1.000000000
ENTITYNAME=Wire_Device
