OBJECTMODELPOINTER=33777c94-e4b9-4947-906f-f84480f3cb99.dev
BASEFAMILY=5ab22623-ed97-403d-b4bd-e3cdc83a8c9f.fam
BLHA=28.65418328,113.46214797,157.582490,277.610658
TRANSFORMMATRIX=0.000000665,-1.000000000,0.000024997,0.000000000,1.000000000,0.000000665,-0.000001765,0.000000000,0.000001765,0.000024997,1.000000000,0.000000000,11.155561906,158.746139812,33.170593988,1.000000000
ENTITYNAME=Wire_Device
