OBJECTMODELPOINTER=33777c94-e4b9-4947-906f-f84480f3cb99.dev
BASEFAMILY=5ab5c55d-084a-4811-9fe1-9967e31512ca.fam
BLHA=28.60915768,113.46895250,187.940881,294.633001
TRANSFORMMATRIX=0.001412443,-0.999999002,0.000015817,0.000000000,0.999999003,0.001412443,-0.000002050,0.000000000,0.000002027,0.000015820,1.000000000,0.000000000,12.731970854,100.526312595,52.470335736,1.000000000
ENTITYNAME=Wire_Device
