OBJECTMODELPOINTER=08fbd961-463c-44c1-bf1e-fc35ef2ccee0.dev
BASEFAMILY=5abb5276-5556-46b2-8c43-504f9de6a100.fam
TRANSFORMMATRIX=-0.315940548,-0.279808077,-0.906580511,0.000000000,0.663001025,-0.748619013,-0.000000961,0.000000000,-0.678683281,-0.601063507,0.422032777,0.000000000,7.500000000,0.737500000,59.500000000,1.000000000
ENTITYNAME=Tower_Device
