OBJECTMODELPOINTER=33777c94-e4b9-4947-906f-f84480f3cb99.dev
BASEFAMILY=5abdd3ff-ec64-4f49-a3bb-508dd3680beb.fam
BLHA=28.27160371,113.47264060,64.950919,312.669055
TRANSFORMMATRIX=-0.002533491,-0.999996790,0.000029099,0.000000000,0.999996791,-0.002533491,0.000001183,0.000000000,-0.000001110,0.000029101,1.000000000,0.000000000,-7.545874236,185.251788078,53.238312771,1.000000000
ENTITYNAME=Wire_Device
