OBJECTMODELPOINTER=33777c94-e4b9-4947-906f-f84480f3cb99.dev
BASEFAMILY=5abf3ffe-d603-4028-b15e-f205a8a5b701.fam
BLHA=28.31411764,113.38983103,66.771612,527.133635
TRANSFORMMATRIX=-0.307773943,0.951459510,0.000007740,0.000000000,-0.951459510,-0.307773943,0.000001131,0.000000000,0.000003458,-0.000007016,1.000000000,0.000000000,22.012215760,-44.799207958,59.749702491,1.000000000
ENTITYNAME=Wire_Device
