OBJECTMODELPOINTER=33777c94-e4b9-4947-906f-f84480f3cb99.dev
BASEFAMILY=5ac86ea1-5c92-44ab-a3e5-fa5ff1aaf7fd.fam
BLHA=28.79669223,113.49966037,193.055862,221.400685
TRANSFORMMATRIX=-0.000008847,-1.000000000,0.000028645,0.000000000,1.000000000,-0.000008847,0.000002194,0.000000000,-0.000002194,0.000028645,1.000000000,0.000000000,-13.496714763,182.400563373,19.438345521,1.000000000
ENTITYNAME=Wire_Device
