OBJECTMODELPOINTER=33777c94-e4b9-4947-906f-f84480f3cb99.dev
BASEFAMILY=5ae97f33-4873-43cf-af29-d887a96ed5d8.fam
BLHA=28.31411764,113.38983103,66.771612,527.133635
TRANSFORMMATRIX=-0.311457147,0.950260199,0.000017332,0.000000000,-0.950260199,-0.311457147,-0.000001212,0.000000000,0.000004246,-0.000016848,1.000000000,0.000000000,27.089841904,-107.544471905,71.128470099,1.000000000
ENTITYNAME=Wire_Device
