OBJECTMODELPOINTER=33777c94-e4b9-4947-906f-f84480f3cb99.dev
BASEFAMILY=5aeaa4de-9ad2-413a-86cd-08ccaf7c9a21.fam
BLHA=28.26885822,113.47846971,85.176990,355.334735
TRANSFORMMATRIX=0.000016875,-0.999999999,0.000028038,0.000000000,1.000000000,0.000016875,-0.000001129,0.000000000,0.000001128,0.000028038,1.000000000,0.000000000,7.089113138,178.958621879,28.684500774,1.000000000
ENTITYNAME=Wire_Device
