OBJECTMODELPOINTER=33777c94-e4b9-4947-906f-f84480f3cb99.dev
BASEFAMILY=5aebaed0-b958-49e4-90e1-f9d1d4f3a538.fam
BLHA=28.77096466,113.47401910,153.559218,236.227775
TRANSFORMMATRIX=-0.000029634,-0.999999995,0.000095503,0.000000000,1.000000000,-0.000029634,0.000000656,0.000000000,-0.000000653,0.000095502,0.999999995,0.000000000,-2.708591744,607.439561120,32.763329905,1.000000000
ENTITYNAME=Wire_Device
