OBJECTMODELPOINTER=33777c94-e4b9-4947-906f-f84480f3cb99.dev
BASEFAMILY=5af31e2c-aa77-44c2-8182-091a17e19da9.fam
BLHA=28.60573334,113.47075261,228.044876,294.633001
TRANSFORMMATRIX=0.000010643,-0.999999999,0.000047179,0.000000000,1.000000000,0.000010643,0.000000115,0.000000000,-0.000000115,0.000047180,0.999999999,0.000000000,-1.326151202,299.871242258,5.602540125,1.000000000
ENTITYNAME=Wire_Device
