OBJECTMODELPOINTER=33777c94-e4b9-4947-906f-f84480f3cb99.dev
BASEFAMILY=5aff63be-82bd-4ecf-b51e-8f155dd91961.fam
BLHA=28.77096466,113.47401910,153.559218,236.227775
TRANSFORMMATRIX=-0.000018901,-0.999999998,0.000059974,0.000000000,1.000000000,-0.000018901,0.000000413,0.000000000,-0.000000412,0.000059973,0.999999998,0.000000000,-1.710382156,381.458318929,5.282027956,1.000000000
ENTITYNAME=Wire_Device
