OBJECTMODELPOINTER=33777c94-e4b9-4947-906f-f84480f3cb99.dev
BASEFAMILY=5b0b6808-5141-4475-a96f-50224211e406.fam
BLHA=28.30961923,113.43478171,54.752520,501.227736
TRANSFORMMATRIX=0.251739484,0.967795036,0.000014598,0.000000000,-0.967795036,0.251739484,0.000001445,0.000000000,-0.000002277,-0.000014492,1.000000000,0.000000000,-14.251395992,-92.276294691,34.115473952,1.000000000
ENTITYNAME=Wire_Device
