OBJECTMODELPOINTER=33777c94-e4b9-4947-906f-f84480f3cb99.dev
BASEFAMILY=5b0f47ce-2c46-49e8-926b-7502a06c0441.fam
BLHA=28.29509828,113.44289412,61.743516,287.794387
TRANSFORMMATRIX=0.000003860,-1.000000000,0.000016686,0.000000000,1.000000000,0.000003860,0.000001106,0.000000000,-0.000001106,0.000016685,1.000000000,0.000000000,-7.215360987,106.013223895,44.969388574,1.000000000
ENTITYNAME=Wire_Device
