OBJECTMODELPOINTER=33777c94-e4b9-4947-906f-f84480f3cb99.dev
BASEFAMILY=5b17da6a-930e-4a43-aaf6-58988641874d.fam
BLHA=28.50469488,113.45163258,174.515783,200.251669
TRANSFORMMATRIX=0.004486307,-0.999989936,-0.000000061,0.000000000,0.999989936,0.004486307,0.000001184,0.000000000,-0.000001183,-0.000000067,1.000000000,0.000000000,-7.519024696,-0.436920981,27.986673586,1.000000000
ENTITYNAME=Wire_Device
