OBJECTMODELPOINTER=33777c94-e4b9-4947-906f-f84480f3cb99.dev
BASEFAMILY=5b218a5f-3013-4a80-b29f-a82f405b74ee.fam
BLHA=28.35569166,113.36081333,82.535643,278.143009
TRANSFORMMATRIX=0.000000482,-0.999999999,0.000038703,0.000000000,1.000000000,0.000000482,0.000000180,0.000000000,-0.000000180,0.000038702,0.999999999,0.000000000,-1.327728909,245.785925250,58.197266681,1.000000000
ENTITYNAME=Wire_Device
