OBJECTMODELPOINTER=33777c94-e4b9-4947-906f-f84480f3cb99.dev
BASEFAMILY=5b3f231a-064c-4fcc-87db-bc27ed8753d5.fam
BLHA=28.45391595,113.39400228,204.515406,242.026912
TRANSFORMMATRIX=0.008093100,-0.999967249,0.000043288,0.000000000,0.999967250,0.008093100,0.000001485,0.000000000,-0.000001836,0.000043274,0.999999999,0.000000000,-11.107937322,275.085256813,23.952169917,1.000000000
ENTITYNAME=Wire_Device
