OBJECTMODELPOINTER=33777c94-e4b9-4947-906f-f84480f3cb99.dev
BASEFAMILY=5b41b410-bee0-4831-ab47-5d4d7d9373c9.fam
BLHA=28.64279778,113.46393161,145.776199,277.610658
TRANSFORMMATRIX=0.005768625,-0.999983361,0.000014274,0.000000000,0.999983361,0.005768625,0.000001913,0.000000000,-0.000001996,0.000014262,1.000000000,0.000000000,-12.798108724,90.589404383,29.694231641,1.000000000
ENTITYNAME=Wire_Device
