OBJECTMODELPOINTER=33777c94-e4b9-4947-906f-f84480f3cb99.dev
BASEFAMILY=5b43b8e3-eec9-4845-b2ca-b25e656e1610.fam
BLHA=28.31435017,113.39267151,117.559440,4.996372
TRANSFORMMATRIX=0.000013130,-0.999999999,0.000028175,0.000000000,1.000000000,0.000013130,0.000001290,0.000000000,-0.000001291,0.000028176,1.000000000,0.000000000,-8.113577662,179.835700615,43.182382551,1.000000000
ENTITYNAME=Wire_Device
