OBJECTMODELPOINTER=33777c94-e4b9-4947-906f-f84480f3cb99.dev
BASEFAMILY=5b57f19d-2398-4897-9c9c-12d5a19ec8aa.fam
BLHA=28.50306305,113.44669559,173.869453,200.251669
TRANSFORMMATRIX=-0.000016153,-0.999999999,0.000034664,0.000000000,1.000000000,-0.000016153,0.000002316,0.000000000,-0.000002315,0.000034664,0.999999999,0.000000000,-14.339169150,221.106076746,64.003985354,1.000000000
ENTITYNAME=Wire_Device
