ENTITYNAME=WIRE
BASEFAMILY=5b5a3aba-7c9c-4706-be2c-42f781ee34b3.fam
OBJECTMODELPOINTER=81b82497-164d-48c0-b1cb-18fa700dacdf.dev
KVALUE=0.000000
SPLIT=4
POINT0.BLHA=28.43802035,113.38456732,303.278,242.026912
POINT0.MATRIX0=-0.883168008,-0.469056788,-0.000000000,0.000000000,0.469056788,-0.883168008,0.000000000,0.000000000,-0.000000000,-0.000000000,1.000000000,0.000000000,12.095268392,-0.480032327,34.741100686,1.000000000
POINT0.MATRIX1=-0.883168008,-0.469056788,-0.000000000,0.000000000,0.469056788,-0.883168008,0.000000000,0.000000000,-0.000000000,-0.000000000,1.000000000,0.000000000,12.095268392,-0.480032327,35.191101449,1.000000000
POINT0.MATRIX2=-0.883168008,-0.469056788,-0.000000000,0.000000000,0.469056788,-0.883168008,0.000000000,0.000000000,-0.000000000,-0.000000000,1.000000000,0.000000000,11.645301942,-0.480170825,35.191101450,1.000000000
POINT0.MATRIX3=-0.883168008,-0.469056788,-0.000000000,0.000000000,0.469056788,-0.883168008,0.000000000,0.000000000,-0.000000000,-0.000000000,1.000000000,0.000000000,11.645301942,-0.480170826,34.741100687,1.000000000
POINT1.BLHA=28.43802035,113.38456732,303.278,242.026912
POINT1.MATRIX0=-0.883168008,-0.469056788,-0.000000000,0.000000000,0.469056788,-0.883168008,0.000000000,0.000000000,-0.000000000,-0.000000000,1.000000000,0.000000000,12.095232884,0.479590839,34.741100686,1.000000000
POINT1.MATRIX1=-0.883168008,-0.469056788,-0.000000000,0.000000000,0.469056788,-0.883168008,0.000000000,0.000000000,-0.000000000,-0.000000000,1.000000000,0.000000000,12.095232884,0.479590839,35.191101449,1.000000000
POINT1.MATRIX2=-0.883168008,-0.469056788,-0.000000000,0.000000000,0.469056788,-0.883168008,0.000000000,0.000000000,-0.000000000,-0.000000000,1.000000000,0.000000000,11.645266445,0.479452351,35.191101449,1.000000000
POINT1.MATRIX3=-0.883168008,-0.469056788,-0.000000000,0.000000000,0.469056788,-0.883168008,0.000000000,0.000000000,-0.000000000,-0.000000000,1.000000000,0.000000000,11.645266445,0.479452351,34.741100686,1.000000000
