OBJECTMODELPOINTER=0e312739-8609-4a3d-966c-75d05d59356d.dev
BASEFAMILY=5b5c1419-8f01-4334-8576-385d495ef3f2.fam
TRANSFORMMATRIX=-0.000000000,1.000000000,-0.000000000,0.000000000,-1.000000000,-0.000000000,-0.000000000,0.000000000,-0.000000000,0.000000000,1.000000000,0.000000000,5.396932507,-5.396834797,0.000001604,1.000000000
ENTITYNAME=Tower_Device
