OBJECTMODELPOINTER=33777c94-e4b9-4947-906f-f84480f3cb99.dev
BASEFAMILY=5b763519-c17d-4eea-84fd-10ab737c69ef.fam
BLHA=28.75094621,113.45897359,113.766966,236.227775
TRANSFORMMATRIX=-0.014310228,-0.999897603,0.000025061,0.000000000,0.999897603,-0.014310228,0.000002037,0.000000000,-0.000001679,0.000025088,1.000000000,0.000000000,-10.314683521,159.546068433,21.500395887,1.000000000
ENTITYNAME=Wire_Device
