ENTITYNAME=WIRE
BASEFAMILY=5b7e1a21-053b-4d59-9faa-46f9c9b965f0.fam
OBJECTMODELPOINTER=81b82497-164d-48c0-b1cb-18fa700dacdf.dev
KVALUE=0.000000
SPLIT=4
POINT0.BLHA=28.46166988,113.39860583,270.673,242.026912
POINT0.MATRIX0=-0.883168008,-0.469056788,0.000000000,0.000000000,0.469056788,-0.883168008,0.000000000,0.000000000,0.000000000,-0.000000000,1.000000000,0.000000000,-12.505273977,0.600045450,28.741100480,1.000000000
POINT0.MATRIX1=-0.883168008,-0.469056788,0.000000000,0.000000000,0.469056788,-0.883168008,0.000000000,0.000000000,0.000000000,-0.000000000,1.000000000,0.000000000,-12.505273977,0.600045450,29.191101243,1.000000000
POINT0.MATRIX2=-0.883168008,-0.469056788,0.000000000,0.000000000,0.469056788,-0.883168008,0.000000000,0.000000000,0.000000000,-0.000000000,1.000000000,0.000000000,-12.955240428,0.599906951,29.191101242,1.000000000
POINT0.MATRIX3=-0.883168008,-0.469056788,0.000000000,0.000000000,0.469056788,-0.883168008,0.000000000,0.000000000,0.000000000,-0.000000000,1.000000000,0.000000000,-12.955240428,0.599906950,28.741100478,1.000000000
POINT1.BLHA=28.46166988,113.39860583,270.673,242.026912
POINT1.MATRIX0=-0.883168008,-0.469056788,0.000000000,0.000000000,0.469056788,-0.883168008,0.000000000,0.000000000,0.000000000,-0.000000000,1.000000000,0.000000000,-12.505090476,0.720047610,28.741100479,1.000000000
POINT1.MATRIX1=-0.883168008,-0.469056788,0.000000000,0.000000000,0.469056788,-0.883168008,0.000000000,0.000000000,0.000000000,-0.000000000,1.000000000,0.000000000,-12.505090476,0.720047610,29.191101242,1.000000000
POINT1.MATRIX2=-0.883168008,-0.469056788,0.000000000,0.000000000,0.469056788,-0.883168008,0.000000000,0.000000000,0.000000000,-0.000000000,1.000000000,0.000000000,-12.955056927,0.719909111,29.191101242,1.000000000
POINT1.MATRIX3=-0.883168008,-0.469056788,0.000000000,0.000000000,0.469056788,-0.883168008,0.000000000,0.000000000,0.000000000,-0.000000000,1.000000000,0.000000000,-12.955056927,0.719909111,28.741100479,1.000000000
