OBJECTMODELPOINTER=33777c94-e4b9-4947-906f-f84480f3cb99.dev
BASEFAMILY=5b844a4c-7976-4557-ab65-a1eb518e3d74.fam
BLHA=28.29768818,113.44194006,79.179744,287.794387
TRANSFORMMATRIX=0.001531228,-0.999998828,0.000005723,0.000000000,0.999998828,0.001531228,-0.000001068,0.000000000,0.000001059,0.000005724,1.000000000,0.000000000,6.701219030,36.357536020,64.516906123,1.000000000
ENTITYNAME=Wire_Device
