OBJECTMODELPOINTER=33777c94-e4b9-4947-906f-f84480f3cb99.dev
BASEFAMILY=5b987a13-54fd-4f4d-ab64-939c0132c89c.fam
BLHA=28.61307891,113.46689101,233.448700,464.034761
TRANSFORMMATRIX=-0.196538136,0.980496180,0.000038563,0.000000000,-0.980496181,-0.196538136,0.000001218,0.000000000,0.000008773,-0.000037572,0.999999999,0.000000000,56.275893596,-238.731574490,0.206825760,1.000000000
ENTITYNAME=Wire_Device
