OBJECTMODELPOINTER=33777c94-e4b9-4947-906f-f84480f3cb99.dev
BASEFAMILY=5b9cc3c7-7913-4d1d-9715-258ee4332261.fam
BLHA=28.53408910,113.50849608,458.182485,233.242345
TRANSFORMMATRIX=-0.377967092,-0.925819025,0.000101740,0.000000000,0.925819030,-0.377967094,0.000001950,0.000000000,0.000036649,0.000094930,0.999999995,0.000000000,235.017971368,604.548784741,18.210689939,1.000000000
ENTITYNAME=Wire_Device
