OBJECTMODELPOINTER=33777c94-e4b9-4947-906f-f84480f3cb99.dev
BASEFAMILY=5ba01f15-7c0e-471b-83e5-3bb3c4a8c0b9.fam
BLHA=28.28912608,113.44509395,57.000023,477.961117
TRANSFORMMATRIX=0.151480881,0.988460188,-0.000001040,0.000000000,-0.988460188,0.151480881,0.000001766,0.000000000,0.000001903,0.000000761,1.000000000,0.000000000,12.121308741,4.810712145,36.721236045,1.000000000
ENTITYNAME=Wire_Device
