OBJECTMODELPOINTER=33777c94-e4b9-4947-906f-f84480f3cb99.dev
BASEFAMILY=5bb57b80-3786-4dd2-9701-ac230a03fe73.fam
BLHA=28.46846127,113.40263855,250.773411,415.920157
TRANSFORMMATRIX=-0.243463179,0.969910141,0.000000336,0.000000000,-0.969910141,-0.243463179,-0.000001442,0.000000000,-0.000001317,-0.000000677,1.000000000,0.000000000,-8.403318147,-4.325341125,25.163828052,1.000000000
ENTITYNAME=Wire_Device
