OBJECTMODELPOINTER=33777c94-e4b9-4947-906f-f84480f3cb99.dev
BASEFAMILY=5bbd489e-e754-45cb-b28d-6f0219904d97.fam
BLHA=28.31402241,113.42375188,48.067305,335.449580
TRANSFORMMATRIX=-0.002299705,-0.999997356,0.000005488,0.000000000,0.999997356,-0.002299705,0.000001612,0.000000000,-0.000001599,0.000005492,1.000000000,0.000000000,-10.231304913,35.042328349,52.129465551,1.000000000
ENTITYNAME=Wire_Device
