OBJECTMODELPOINTER=29e43a7a-7778-4eac-877d-64db606b933a.dev
BASEFAMILY=5bcbe289-4aba-4343-92df-3f9441376263.fam
TRANSFORMMATRIX=1.000000000,0.000000000,0.000000000,0.000000000,0.000000000,1.000000000,0.000000000,0.000000000,0.000000000,0.000000000,1.000000000,0.000000000,0.000000000,0.000000000,-0.000000000,1.000000000
ENTITYNAME=Tower_Device
