OBJECTMODELPOINTER=33777c94-e4b9-4947-906f-f84480f3cb99.dev
BASEFAMILY=5bce3bc5-4703-4884-9787-2d271e381e27.fam
BLHA=28.28708442,113.44692142,57.763329,308.127846
TRANSFORMMATRIX=-0.006504431,-0.999978846,0.000005688,0.000000000,0.999978846,-0.006504431,-0.000001536,0.000000000,0.000001573,0.000005678,1.000000000,0.000000000,9.928635165,36.099670703,53.549600963,1.000000000
ENTITYNAME=Wire_Device
