OBJECTMODELPOINTER=33777c94-e4b9-4947-906f-f84480f3cb99.dev
BASEFAMILY=5be74b40-934d-4bef-aab2-b0723b0bcc75.fam
BLHA=28.57953661,113.48279374,260.580940,480.423303
TRANSFORMMATRIX=-0.215352976,0.976536273,0.000062652,0.000000000,-0.976536275,-0.215352977,0.000000275,0.000000000,0.000013761,-0.000061123,0.999999998,0.000000000,88.604718769,-388.862672062,41.469658255,1.000000000
ENTITYNAME=Wire_Device
