OBJECTMODELPOINTER=33777c94-e4b9-4947-906f-f84480f3cb99.dev
BASEFAMILY=5bf991ea-588a-45f6-9a67-ff790c6a6af3.fam
BLHA=28.31510010,113.40690744,78.265120,0.896163
TRANSFORMMATRIX=-0.002101178,-0.999997793,0.000004993,0.000000000,0.999997793,-0.002101178,0.000001623,0.000000000,-0.000001613,0.000004996,1.000000000,0.000000000,-10.233719963,31.889473463,53.221995262,1.000000000
ENTITYNAME=Wire_Device
