OBJECTMODELPOINTER=33777c94-e4b9-4947-906f-f84480f3cb99.dev
BASEFAMILY=5bfa0d4b-2663-4b05-a1ae-5056dc1093b6.fam
BLHA=28.31566161,113.38686189,71.437616,329.270898
TRANSFORMMATRIX=-0.007855822,-0.999969142,0.000025970,0.000000000,0.999969143,-0.007855822,-0.000001062,0.000000000,0.000001265,0.000025961,1.000000000,0.000000000,7.670410478,165.465760955,22.182683655,1.000000000
ENTITYNAME=Wire_Device
