OBJECTMODELPOINTER=33777c94-e4b9-4947-906f-f84480f3cb99.dev
BASEFAMILY=5c04a3f2-2c0e-46b1-85a8-d800c740ce74.fam
BLHA=28.66573943,113.46033717,166.408962,277.610658
TRANSFORMMATRIX=-0.002344308,-0.999997251,0.000048670,0.000000000,0.999997252,-0.002344308,-0.000001673,0.000000000,0.000001787,0.000048666,0.999999999,0.000000000,11.198611536,309.066449698,8.469980175,1.000000000
ENTITYNAME=Wire_Device
