OBJECTMODELPOINTER=33777c94-e4b9-4947-906f-f84480f3cb99.dev
BASEFAMILY=5c1a84b3-8dd6-44e5-9fb5-9e27ed3a973d.fam
BLHA=28.26851271,113.48351910,83.112496,355.334735
TRANSFORMMATRIX=0.006348883,-0.999979845,0.000036075,0.000000000,0.999979846,0.006348883,-0.000001413,0.000000000,0.000001184,0.000036083,0.999999999,0.000000000,7.420792970,230.309449017,51.941996255,1.000000000
ENTITYNAME=Wire_Device
