OBJECTMODELPOINTER=33777c94-e4b9-4947-906f-f84480f3cb99.dev
BASEFAMILY=5c2caeb1-8f44-460d-9e2c-c215a16a45e9.fam
BLHA=28.61307891,113.46689101,233.448700,464.034761
TRANSFORMMATRIX=-0.173097655,0.984904664,0.000069463,0.000000000,-0.984904666,-0.173097655,-0.000001087,0.000000000,0.000010953,-0.000068602,0.999999998,0.000000000,70.426910266,-435.865135044,7.909121080,1.000000000
ENTITYNAME=Wire_Device
