ENTITYNAME=WIRE
BASEFAMILY=5c3427cd-27d1-4d8c-8887-c8a89a96d1a1.fam
OBJECTMODELPOINTER=81b82497-164d-48c0-b1cb-18fa700dacdf.dev
KVALUE=0.000000
SPLIT=4
POINT0.BLHA=28.50209029,113.44375287,199.021,200.251669
POINT0.MATRIX0=-0.346144382,-0.938181255,0.000000000,0.000000000,0.938181255,-0.346144382,0.000000000,0.000000000,-0.000000000,-0.000000000,1.000000000,0.000000000,13.545059449,0.598826840,52.741097521,1.000000000
POINT0.MATRIX1=-0.346144382,-0.938181255,0.000000000,0.000000000,0.938181255,-0.346144382,0.000000000,0.000000000,-0.000000000,-0.000000000,1.000000000,0.000000000,13.545059449,0.598826841,53.191098284,1.000000000
POINT0.MATRIX2=-0.346144382,-0.938181255,0.000000000,0.000000000,0.938181255,-0.346144382,0.000000000,0.000000000,-0.000000000,-0.000000000,1.000000000,0.000000000,13.095171440,0.601065980,53.191098284,1.000000000
POINT0.MATRIX3=-0.346144382,-0.938181255,0.000000000,0.000000000,0.938181255,-0.346144382,0.000000000,0.000000000,-0.000000000,-0.000000000,1.000000000,0.000000000,13.095171440,0.601065980,52.741097521,1.000000000
POINT1.BLHA=28.50209029,113.44375287,199.021,200.251669
POINT1.MATRIX0=-0.346144382,-0.938181255,0.000000000,0.000000000,0.938181255,-0.346144382,0.000000000,0.000000000,-0.000000000,-0.000000000,1.000000000,0.000000000,13.545664957,0.718828572,52.741097521,1.000000000
POINT1.MATRIX1=-0.346144382,-0.938181255,0.000000000,0.000000000,0.938181255,-0.346144382,0.000000000,0.000000000,-0.000000000,-0.000000000,1.000000000,0.000000000,13.545664957,0.718828573,53.191098284,1.000000000
POINT1.MATRIX2=-0.346144382,-0.938181255,0.000000000,0.000000000,0.938181255,-0.346144382,0.000000000,0.000000000,-0.000000000,-0.000000000,1.000000000,0.000000000,13.095776948,0.721067712,53.191098284,1.000000000
POINT1.MATRIX3=-0.346144382,-0.938181255,0.000000000,0.000000000,0.938181255,-0.346144382,0.000000000,0.000000000,-0.000000000,-0.000000000,1.000000000,0.000000000,13.095776948,0.721067712,52.741097521,1.000000000
