OBJECTMODELPOINTER=33777c94-e4b9-4947-906f-f84480f3cb99.dev
BASEFAMILY=5c3e51da-0701-485b-8439-96168bca6b32.fam
BLHA=28.31529425,113.41760444,47.126172,0.896163
TRANSFORMMATRIX=-0.004754414,-0.999988697,0.000026666,0.000000000,0.999988698,-0.004754414,-0.000001005,0.000000000,0.000001132,0.000026661,1.000000000,0.000000000,7.200442057,170.178708099,28.451596631,1.000000000
ENTITYNAME=Wire_Device
