OBJECTMODELPOINTER=67fcddfb-de09-4ea8-bb34-dc1485f9d531.dev
BASEFAMILY=5c40a3d6-644d-4972-9136-9302b80229ca.fam
TRANSFORMMATRIX=0.005606535,0.999984674,-0.000001411,0.000000000,-0.999983891,0.005606821,0.000000852,0.000000000,0.000000000,0.000000000,1.000000000,0.000000000,13.950000001,0.000000001,54.000000000,1.000000000
ENTITYNAME=Tower_Device
