OBJECTMODELPOINTER=8fbe43b4-93cf-4ce6-9b69-e97ea8e31c73.dev
BASEFAMILY=5c5603ab-7189-44bf-af73-3ef4bb43f43e.fam
TRANSFORMMATRIX=-0.465923164,-0.059739254,0.882805982,0.000000000,0.884022309,0.011070649,0.467314051,0.000000000,-0.037691300,0.998152557,0.047653330,0.000000000,1.384939759,-1.384939759,37.000000000,1.000000000
ENTITYNAME=Tower_Device
