OBJECTMODELPOINTER=33777c94-e4b9-4947-906f-f84480f3cb99.dev
BASEFAMILY=5c57e1d6-9c69-470e-a792-82932507761b.fam
BLHA=28.31523299,113.41422428,48.000024,0.896163
TRANSFORMMATRIX=0.000007075,-1.000000000,0.000016636,0.000000000,1.000000000,0.000007075,-0.000001053,0.000000000,0.000001053,0.000016635,1.000000000,0.000000000,6.694783185,106.186118755,23.945901091,1.000000000
ENTITYNAME=Wire_Device
