OBJECTMODELPOINTER=103b6721-af12-4922-a0e9-dfa74eb8efea.dev
BASEFAMILY=5c60c4e2-8b68-47bc-ba08-5134feb364da.fam
TRANSFORMMATRIX=0.010358444,0.045563850,-0.998907531,0.000000000,0.975116791,-0.221692642,0.000000347,0.000000000,-0.221449074,-0.974051779,-0.046727279,0.000000000,5.500000000,0.900000000,38.000000000,1.000000000
ENTITYNAME=Tower_Device
