ENTITYNAME=WIRE
BASEFAMILY=5c7bcfc8-19c8-42a6-a918-f546a8f4290c.fam
OBJECTMODELPOINTER=81b82497-164d-48c0-b1cb-18fa700dacdf.dev
KVALUE=0.000000
SPLIT=4
POINT0.BLHA=28.33182616,113.36613124,59.967,296.260490
POINT0.MATRIX0=-0.896791752,0.442452882,-0.000000000,0.000000000,-0.442452882,-0.896791752,-0.000000000,0.000000000,0.000000000,-0.000000000,1.000000000,0.000000000,12.096477358,-0.717304743,43.741096829,1.000000000
POINT0.MATRIX1=-0.896791752,0.442452882,-0.000000000,0.000000000,-0.442452882,-0.896791752,-0.000000000,0.000000000,0.000000000,-0.000000000,1.000000000,0.000000000,12.096477358,-0.717304742,44.191093778,1.000000000
POINT0.MATRIX2=-0.896791752,0.442452882,-0.000000000,0.000000000,-0.442452882,-0.896791752,-0.000000000,0.000000000,0.000000000,-0.000000000,1.000000000,0.000000000,11.646661333,-0.721879498,44.191093777,1.000000000
POINT0.MATRIX3=-0.896791752,0.442452882,-0.000000000,0.000000000,-0.442452882,-0.896791752,-0.000000000,0.000000000,0.000000000,-0.000000000,1.000000000,0.000000000,11.646661333,-0.721879498,43.741096829,1.000000000
POINT1.BLHA=28.33182616,113.36613124,59.967,296.260490
POINT1.MATRIX0=-0.896791752,0.442452882,-0.000000000,0.000000000,-0.442452882,-0.896791752,-0.000000000,0.000000000,0.000000000,-0.000000000,1.000000000,0.000000000,12.095218507,-0.597307378,43.741096830,1.000000000
POINT1.MATRIX1=-0.896791752,0.442452882,-0.000000000,0.000000000,-0.442452882,-0.896791752,-0.000000000,0.000000000,0.000000000,-0.000000000,1.000000000,0.000000000,12.095218507,-0.597307378,44.191093778,1.000000000
POINT1.MATRIX2=-0.896791752,0.442452882,-0.000000000,0.000000000,-0.442452882,-0.896791752,-0.000000000,0.000000000,0.000000000,-0.000000000,1.000000000,0.000000000,11.645402483,-0.601882134,44.191093778,1.000000000
POINT1.MATRIX3=-0.896791752,0.442452882,-0.000000000,0.000000000,-0.442452882,-0.896791752,-0.000000000,0.000000000,0.000000000,-0.000000000,1.000000000,0.000000000,11.645402482,-0.601882134,43.741096830,1.000000000
