OBJECTMODELPOINTER=33777c94-e4b9-4947-906f-f84480f3cb99.dev
BASEFAMILY=5c87188e-ad87-446b-9c8a-0422c3e027b5.fam
BLHA=28.26851271,113.48351910,83.112496,355.334735
TRANSFORMMATRIX=0.006353718,-0.999979814,0.000045089,0.000000000,0.999979815,0.006353718,-0.000001378,0.000000000,0.000001092,0.000045097,0.999999999,0.000000000,6.810998608,287.843985676,56.489207839,1.000000000
ENTITYNAME=Wire_Device
