OBJECTMODELPOINTER=33777c94-e4b9-4947-906f-f84480f3cb99.dev
BASEFAMILY=5cbb8376-7c5f-4fec-aeab-b585cce700a2.fam
BLHA=28.30070252,113.44082959,73.741833,287.794387
TRANSFORMMATRIX=-0.001849230,-0.999998290,0.000005559,0.000000000,0.999998290,-0.001849230,-0.000001426,0.000000000,0.000001437,0.000005556,1.000000000,0.000000000,9.111626362,35.284393325,46.099516484,1.000000000
ENTITYNAME=Wire_Device
