OBJECTMODELPOINTER=33777c94-e4b9-4947-906f-f84480f3cb99.dev
BASEFAMILY=5cc6b37e-ea80-48f3-bca0-88a8f7844b04.fam
BLHA=28.43346852,113.38186613,283.381825,242.026912
TRANSFORMMATRIX=0.010639253,-0.999943399,0.000069047,0.000000000,0.999943402,0.010639253,-0.000001497,0.000000000,0.000000762,0.000069059,0.999999998,0.000000000,5.804823907,439.044006746,-49.682445898,1.000000000
ENTITYNAME=Wire_Device
