OBJECTMODELPOINTER=33777c94-e4b9-4947-906f-f84480f3cb99.dev
BASEFAMILY=5cc87c86-b989-4122-8001-b291fc0c03c3.fam
BLHA=28.33182616,113.36613124,59.967362,296.260490
TRANSFORMMATRIX=0.002976747,-0.999995569,0.000036137,0.000000000,0.999995569,0.002976747,0.000000118,0.000000000,-0.000000226,0.000036136,0.999999999,0.000000000,-1.912781802,229.697870473,29.682953640,1.000000000
ENTITYNAME=Wire_Device
