OBJECTMODELPOINTER=33777c94-e4b9-4947-906f-f84480f3cb99.dev
BASEFAMILY=5ccece51-ac73-4186-9496-98d994fb068e.fam
BLHA=28.27757020,113.46637333,93.774105,312.669055
TRANSFORMMATRIX=0.000895478,-0.999999598,0.000053135,0.000000000,0.999999599,0.000895478,-0.000000992,0.000000000,0.000000944,0.000053136,0.999999999,0.000000000,5.136936376,338.200850331,44.203984066,1.000000000
ENTITYNAME=Wire_Device
