OBJECTMODELPOINTER=33777c94-e4b9-4947-906f-f84480f3cb99.dev
BASEFAMILY=5cd3fe22-5e7b-41c4-9aa3-09a5d15fe8ab.fam
BLHA=28.31502906,113.40300484,68.016258,0.896163
TRANSFORMMATRIX=-0.001668715,-0.999998606,0.000053969,0.000000000,0.999998608,-0.001668715,-0.000000865,0.000000000,0.000000955,0.000053968,0.999999999,0.000000000,6.092542625,344.480475086,50.361245212,1.000000000
ENTITYNAME=Wire_Device
