OBJECTMODELPOINTER=33777c94-e4b9-4947-906f-f84480f3cb99.dev
BASEFAMILY=5cf67312-4cd6-455c-85a0-74577a612cee.fam
BLHA=28.31529425,113.41760444,47.126172,0.896163
TRANSFORMMATRIX=-0.004760692,-0.999988668,0.000015013,0.000000000,0.999988668,-0.004760692,-0.000001062,0.000000000,0.000001133,0.000015008,1.000000000,0.000000000,7.204328110,95.797576526,26.972660387,1.000000000
ENTITYNAME=Wire_Device
