OBJECTMODELPOINTER=13a78437-ad2c-452a-8fd1-0733d19ccb25.dev
BASEFAMILY=5cfd34f0-b725-4bf6-a0f7-a62038fb0359.fam
TRANSFORMMATRIX=0.000000000,-1.000000000,0.000000000,0.000000000,1.000000000,0.000000000,0.000000000,0.000000000,-0.000000000,-0.000000000,1.000000000,0.000000000,-5.396867404,5.397556842,-0.000002707,1.000000000
ENTITYNAME=Tower_Device
