OBJECTMODELPOINTER=33777c94-e4b9-4947-906f-f84480f3cb99.dev
BASEFAMILY=5d0dee52-ba24-4201-b36d-17be2ef96428.fam
BLHA=28.31510010,113.40690744,78.265120,0.896163
TRANSFORMMATRIX=0.002049970,-0.999997899,0.000005007,0.000000000,0.999997899,0.002049970,-0.000001213,0.000000000,0.000001202,0.000005010,1.000000000,0.000000000,7.637785162,31.977302669,41.627026535,1.000000000
ENTITYNAME=Wire_Device
