OBJECTMODELPOINTER=33777c94-e4b9-4947-906f-f84480f3cb99.dev
BASEFAMILY=5d12750a-0ad2-4392-9c99-b4ef38a5a618.fam
BLHA=28.36075913,113.35996262,84.531423,278.143009
TRANSFORMMATRIX=-0.001109070,-0.999999385,0.000028634,0.000000000,0.999999385,-0.001109070,0.000002316,0.000000000,-0.000002285,0.000028637,1.000000000,0.000000000,-14.713267886,181.870493023,22.239247290,1.000000000
ENTITYNAME=Wire_Device
