OBJECTMODELPOINTER=33777c94-e4b9-4947-906f-f84480f3cb99.dev
BASEFAMILY=5d1c70fb-b954-4837-9bd1-c3ca55fade3e.fam
BLHA=28.80418340,113.50812520,199.973454,227.348291
TRANSFORMMATRIX=-0.000016926,-0.999999999,0.000039936,0.000000000,1.000000000,-0.000016926,0.000002132,0.000000000,-0.000002131,0.000039936,0.999999999,0.000000000,-12.920842381,254.179683087,37.774701423,1.000000000
ENTITYNAME=Wire_Device
