OBJECTMODELPOINTER=33777c94-e4b9-4947-906f-f84480f3cb99.dev
BASEFAMILY=5d1d57ed-c2b7-4a12-8de0-9e3e37709849.fam
BLHA=28.46166988,113.39860583,270.672858,242.026912
TRANSFORMMATRIX=-0.001523585,-0.999998839,0.000005005,0.000000000,0.999998839,-0.001523585,-0.000001961,0.000000000,0.000001968,0.000005002,1.000000000,0.000000000,12.618207724,31.828395607,24.609720613,1.000000000
ENTITYNAME=Wire_Device
