OBJECTMODELPOINTER=33777c94-e4b9-4947-906f-f84480f3cb99.dev
BASEFAMILY=5d1d5054-79b8-4608-b512-6914b2b85446.fam
BLHA=28.67276970,113.45923535,192.994115,456.641966
TRANSFORMMATRIX=0.036010943,0.999351396,0.000000619,0.000000000,-0.999351396,0.036010943,0.000001222,0.000000000,0.000001200,-0.000000663,1.000000000,0.000000000,7.656107218,-4.214623688,25.077450115,1.000000000
ENTITYNAME=Wire_Device
