OBJECTMODELPOINTER=33777c94-e4b9-4947-906f-f84480f3cb99.dev
BASEFAMILY=5d2ffb7c-0b99-4d43-8a84-9a486530eace.fam
BLHA=28.77401473,113.47631208,189.623101,236.227775
TRANSFORMMATRIX=0.002121612,-0.999997749,0.000005115,0.000000000,0.999997749,0.002121612,0.000001897,0.000000000,-0.000001908,0.000005111,1.000000000,0.000000000,-12.082379584,32.479563624,35.830670143,1.000000000
ENTITYNAME=Wire_Device
