OBJECTMODELPOINTER=33777c94-e4b9-4947-906f-f84480f3cb99.dev
BASEFAMILY=5d493e69-869f-4ad6-9d2f-0dacb5dc7b34.fam
BLHA=28.40337100,113.37122865,129.378598,254.006183
TRANSFORMMATRIX=0.012035214,-0.999927574,0.000016560,0.000000000,0.999927574,0.012035214,-0.000001980,0.000000000,0.000001780,0.000016582,1.000000000,0.000000000,11.503899810,105.355902026,42.514668591,1.000000000
ENTITYNAME=Wire_Device
