OBJECTMODELPOINTER=36c11745-2f61-4226-aebb-3264ed1fcba2.dev
BASEFAMILY=5d51689e-f69c-4fd0-89ab-c2611ff69e9b.fam
TRANSFORMMATRIX=-0.325785248,-0.206105762,0.922704571,0.000000000,0.939217370,0.041265674,0.340835059,0.000000000,-0.108324708,0.977659091,0.180134558,0.000000000,1.469277108,-1.469277109,28.000000001,1.000000000
ENTITYNAME=Tower_Device
