OBJECTMODELPOINTER=8c8b67d6-6edd-41c3-9d4e-36425022a01a.dev
BASEFAMILY=5d62457c-5f9f-49fa-b32f-e9a405985545.fam
TRANSFORMMATRIX=0.003646616,-0.173845222,-0.984765848,0.000000000,-0.999780430,-0.020972788,-0.000000528,0.000000000,-0.020654175,0.984549390,-0.173884744,0.000000000,5.500000000,-0.900000000,43.999999999,1.000000000
ENTITYNAME=Tower_Device
