ENTITYNAME=WIRE
BASEFAMILY=5d638f8d-a21f-4fd8-a4d2-ee717acd1e36.fam
OBJECTMODELPOINTER=81b82497-164d-48c0-b1cb-18fa700dacdf.dev
KVALUE=0.000000
SPLIT=4
POINT0.BLHA=28.66021577,113.46120276,152.793,277.610658
POINT0.MATRIX0=-0.991190922,0.132440763,-0.000000000,0.000000000,-0.132440763,-0.991190922,-0.000000000,0.000000000,0.000000000,0.000000000,1.000000000,0.000000000,-13.094949460,-0.109087722,58.000005789,1.000000000
POINT0.MATRIX1=-0.991190922,0.132440763,-0.000000000,0.000000000,-0.132440763,-0.991190922,-0.000000000,0.000000000,0.000000000,0.000000000,1.000000000,0.000000000,-13.094949460,-0.109087722,58.450002737,1.000000000
POINT0.MATRIX2=-0.991190922,0.132440763,-0.000000000,0.000000000,-0.132440763,-0.991190922,-0.000000000,0.000000000,0.000000000,0.000000000,1.000000000,0.000000000,-13.544842022,-0.110059039,58.450002738,1.000000000
POINT0.MATRIX3=-0.991190922,0.132440763,-0.000000000,0.000000000,-0.132440763,-0.991190922,-0.000000000,0.000000000,0.000000000,0.000000000,1.000000000,0.000000000,-13.544842022,-0.110059039,58.000005790,1.000000000
POINT1.BLHA=28.66021577,113.46120276,152.793,277.610658
POINT1.MATRIX0=-0.991190922,0.132440763,-0.000000000,0.000000000,-0.132440763,-0.991190922,-0.000000000,0.000000000,0.000000000,0.000000000,1.000000000,0.000000000,-13.094948206,0.000920489,58.000005790,1.000000000
POINT1.MATRIX1=-0.991190922,0.132440763,-0.000000000,0.000000000,-0.132440763,-0.991190922,-0.000000000,0.000000000,0.000000000,0.000000000,1.000000000,0.000000000,-13.094948207,0.000920489,58.450002738,1.000000000
POINT1.MATRIX2=-0.991190922,0.132440763,-0.000000000,0.000000000,-0.132440763,-0.991190922,-0.000000000,0.000000000,0.000000000,0.000000000,1.000000000,0.000000000,-13.544840768,-0.000050828,58.450002737,1.000000000
POINT1.MATRIX3=-0.991190922,0.132440763,-0.000000000,0.000000000,-0.132440763,-0.991190922,-0.000000000,0.000000000,0.000000000,0.000000000,1.000000000,0.000000000,-13.544840768,-0.000050828,58.000005789,1.000000000
