OBJECTMODELPOINTER=33777c94-e4b9-4947-906f-f84480f3cb99.dev
BASEFAMILY=5d686243-e708-4d45-93bc-a6f1fd7e0ec3.fam
BLHA=28.31566161,113.38686189,71.437616,329.270898
TRANSFORMMATRIX=-0.007865400,-0.999969067,0.000005224,0.000000000,0.999969067,-0.007865400,-0.000001119,0.000000000,0.000001160,0.000005216,1.000000000,0.000000000,7.301221382,33.226604669,34.947701427,1.000000000
ENTITYNAME=Wire_Device
