OBJECTMODELPOINTER=0e312739-8609-4a3d-966c-75d05d59356d.dev
BASEFAMILY=5d742e8b-6c9b-44f7-9339-11d12fc51e17.fam
TRANSFORMMATRIX=0.000000000,-1.000000000,-0.000000000,0.000000000,1.000000000,0.000000000,-0.000000000,0.000000000,0.000000000,0.000000000,1.000000000,0.000000000,-5.397107527,5.397199629,0.000000486,1.000000000
ENTITYNAME=Tower_Device
