OBJECTMODELPOINTER=4c94e6dd-274b-4ee1-811c-2c0084565bc4.dev
BASEFAMILY=5d7752a0-2c7d-4837-a20d-71cf381a8a9a.fam
TRANSFORMMATRIX=-0.002067351,-0.014452934,-0.999893489,0.000000000,0.989932500,-0.141539727,0.000000907,0.000000000,-0.141523528,-0.989827227,0.014599706,0.000000000,-5.500000000,0.900000000,44.000000000,1.000000000
ENTITYNAME=Tower_Device
