OBJECTMODELPOINTER=33777c94-e4b9-4947-906f-f84480f3cb99.dev
BASEFAMILY=5d78daf0-6ece-4534-a246-1cda1248bd12.fam
BLHA=28.55326393,113.50869198,332.868298,304.990571
TRANSFORMMATRIX=-0.001106211,-0.999999388,0.000006097,0.000000000,0.999999388,-0.001106211,0.000000010,0.000000000,-0.000000004,0.000006097,1.000000000,0.000000000,-0.116050968,38.782072464,46.935863933,1.000000000
ENTITYNAME=Wire_Device
