OBJECTMODELPOINTER=33777c94-e4b9-4947-906f-f84480f3cb99.dev
BASEFAMILY=5d7cb457-43ed-436c-bfe5-0650cdb81ab3.fam
BLHA=28.43346852,113.38186613,283.381825,242.026912
TRANSFORMMATRIX=0.002488536,-0.999996904,0.000006004,0.000000000,0.999996904,0.002488536,0.000000048,0.000000000,-0.000000063,0.000006005,1.000000000,0.000000000,-0.316602896,38.170659674,28.551579532,1.000000000
ENTITYNAME=Wire_Device
