OBJECTMODELPOINTER=33777c94-e4b9-4947-906f-f84480f3cb99.dev
BASEFAMILY=5d7d554a-5023-438a-af9e-5b245648dc62.fam
BLHA=28.55326393,113.50869198,332.868298,304.990571
TRANSFORMMATRIX=0.012283830,-0.999924551,0.000006055,0.000000000,0.999924551,0.012283830,-0.000002180,0.000000000,0.000002105,0.000006082,1.000000000,0.000000000,13.320127983,38.653084174,46.609435908,1.000000000
ENTITYNAME=Wire_Device
