OBJECTMODELPOINTER=53dba965-24c8-4463-8f76-09deb201a05b.dev
BASEFAMILY=5d9655b3-64e5-483d-86b4-9c895ee024ee.fam
TRANSFORMMATRIX=0.785007190,0.078532501,0.614488797,0.000000000,0.619461514,-0.108537669,-0.777487546,0.000000000,0.005638100,0.990985216,-0.133852584,0.000000000,1.384939759,-1.384939759,36.999999999,1.000000000
ENTITYNAME=Tower_Device
