OBJECTMODELPOINTER=33777c94-e4b9-4947-906f-f84480f3cb99.dev
BASEFAMILY=5d9d9de8-ef89-4dae-aced-638c1428015d.fam
BLHA=28.59065738,113.47867622,222.763908,291.241310
TRANSFORMMATRIX=-0.040579590,-0.999176309,0.000030387,0.000000000,0.999176309,-0.040579590,0.000001264,0.000000000,-0.000000030,0.000030413,1.000000000,0.000000000,-0.529516481,193.265726172,91.785444416,1.000000000
ENTITYNAME=Wire_Device
