OBJECTMODELPOINTER=52c1e3e9-1a03-4ee5-a19d-fbccca018276.dev
BASEFAMILY=5da12a04-2b79-4ab0-8a0c-0e41c3d422ee.fam
TRANSFORMMATRIX=-0.000000301,1.000000096,0.000001640,0.000000000,-0.999999904,0.000000514,-0.000000083,0.000000000,0.000000000,-0.000000000,1.000000000,0.000000000,-9.500000000,-0.000000000,30.000000001,1.000000000
ENTITYNAME=Tower_Device
