OBJECTMODELPOINTER=33777c94-e4b9-4947-906f-f84480f3cb99.dev
BASEFAMILY=5da30006-a06b-47fb-bf12-fc71c403db90.fam
BLHA=28.31498130,113.40038482,72.539572,2.946268
TRANSFORMMATRIX=-0.028924782,-0.999581591,0.000015536,0.000000000,0.999581591,-0.028924782,-0.000001333,0.000000000,0.000001781,0.000015492,1.000000000,0.000000000,11.341713479,98.880413309,30.059745479,1.000000000
ENTITYNAME=Wire_Device
