OBJECTMODELPOINTER=29ba5996-f5a7-4a65-a994-c883fd3a1c16.dev
BASEFAMILY=5db2a7b5-ae71-4b75-a06d-5e8baaf00df5.fam
TRANSFORMMATRIX=0.000000408,0.999999928,0.000000039,0.000000000,-1.000000072,-0.000000408,0.000001644,0.000000000,0.000000000,-0.000000000,1.000000000,0.000000000,8.002000000,-0.000000000,44.999999999,1.000000000
ENTITYNAME=Tower_Device
