OBJECTMODELPOINTER=33777c94-e4b9-4947-906f-f84480f3cb99.dev
BASEFAMILY=5dbbe985-7c92-49aa-94b2-e5ec42c969a0.fam
BLHA=28.52615363,113.49352553,361.372655,210.734491
TRANSFORMMATRIX=0.000054692,-0.999999998,0.000039943,0.000000000,0.999999999,0.000054692,0.000000261,0.000000000,-0.000000263,0.000039942,0.999999999,0.000000000,-1.093383510,254.621754623,50.429422156,1.000000000
ENTITYNAME=Wire_Device
