OBJECTMODELPOINTER=80dc7147-edf2-4c2e-ad30-377a3610b8ac.dev
BASEFAMILY=5dbc33a4-9d82-4e43-b71d-406a4daf9102.fam
TRANSFORMMATRIX=-0.999871037,0.016059937,-0.000000012,0.000000000,-0.016059933,-0.999871025,0.000000014,0.000000000,-0.000000000,-0.000000000,1.000000000,0.000000000,11.319999999,0.320000000,69.999999999,1.000000000
ENTITYNAME=Tower_Device
