OBJECTMODELPOINTER=76523ed2-8c42-4ebf-9b56-3b0c4fdfc25c.dev
BASEFAMILY=5dc5169c-cc9b-40b2-b43d-cbbc8827f780.fam
TRANSFORMMATRIX=0.000000584,1.000000067,-0.000000237,0.000000000,-0.999999933,-0.000000232,0.000001627,0.000000000,0.000000000,0.000000000,1.000000000,0.000000000,-8.002018237,0.000000000,50.999999999,1.000000000
ENTITYNAME=Tower_Device
