OBJECTMODELPOINTER=33777c94-e4b9-4947-906f-f84480f3cb99.dev
BASEFAMILY=5dc7e8ed-4508-43d0-ad6d-61a1684c7afc.fam
BLHA=28.34583559,113.36246769,78.593273,278.143009
TRANSFORMMATRIX=-0.000001606,-1.000000000,0.000005938,0.000000000,1.000000000,-0.000001606,0.000000031,0.000000000,-0.000000031,0.000005938,1.000000000,0.000000000,-0.225050915,37.709305436,49.733513875,1.000000000
ENTITYNAME=Wire_Device
