OBJECTMODELPOINTER=33777c94-e4b9-4947-906f-f84480f3cb99.dev
BASEFAMILY=5dcd4e12-2660-4a3a-b7f0-0d32e2f93383.fam
BLHA=28.38255325,113.36304670,117.224132,441.473487
TRANSFORMMATRIX=0.583956753,0.811784769,0.000000365,0.000000000,-0.811784769,0.583956753,0.000001326,0.000000000,0.000000864,-0.000001071,1.000000000,0.000000000,5.504017481,-6.796136654,29.801386250,1.000000000
ENTITYNAME=Wire_Device
