OBJECTMODELPOINTER=29e43a7a-7778-4eac-877d-64db606b933a.dev
BASEFAMILY=5dcea065-f4fe-4fd1-8cc7-ce2208324675.fam
TRANSFORMMATRIX=1.000000000,-0.000000000,-0.000000000,0.000000000,0.000000000,1.000000000,0.000000000,0.000000000,-0.000000000,-0.000000000,1.000000000,0.000000000,-0.000000000,-0.000000000,-0.000000000,1.000000000
ENTITYNAME=Tower_Device
