OBJECTMODELPOINTER=7e37e4a2-0e68-4149-ab50-ff963c04852d.dev
BASEFAMILY=5ddca53b-ffb4-4b5b-aa06-c915092092ab.fam
TRANSFORMMATRIX=1.000000000,0.000000000,0.000000000,0.000000000,0.000000000,1.000000000,0.000000000,0.000000000,-0.000000000,-0.000000000,1.000000000,0.000000000,-0.000000000,-0.000000000,-0.000000000,1.000000000
ENTITYNAME=Tower_Device
