OBJECTMODELPOINTER=33777c94-e4b9-4947-906f-f84480f3cb99.dev
BASEFAMILY=5de7b3a1-7ef4-4089-a995-a5396c015dea.fam
BLHA=28.31294059,113.42646212,52.368358,335.449580
TRANSFORMMATRIX=0.000003962,-1.000000000,0.000005370,0.000000000,1.000000000,0.000003962,0.000001506,0.000000000,-0.000001506,0.000005369,1.000000000,0.000000000,-9.636466751,34.263452935,46.478628944,1.000000000
ENTITYNAME=Wire_Device
