ENTITYNAME=WIRE
BASEFAMILY=5e022b99-6b68-4203-9c01-e06439850f14.fam
OBJECTMODELPOINTER=81b82497-164d-48c0-b1cb-18fa700dacdf.dev
KVALUE=0.000000
SPLIT=4
POINT0.BLHA=28.51511181,113.47270360,348.782,210.734491
POINT0.MATRIX0=-0.511060437,-0.859544780,-0.000000000,0.000000000,0.859544780,-0.511060437,-0.000000000,0.000000000,-0.000000000,0.000000000,1.000000000,0.000000000,13.545150284,0.000093271,58.000001736,1.000000000
POINT0.MATRIX1=-0.511060437,-0.859544780,-0.000000000,0.000000000,0.859544780,-0.511060437,-0.000000000,0.000000000,-0.000000000,0.000000000,1.000000000,0.000000000,13.545150283,0.000093271,58.449998684,1.000000000
POINT0.MATRIX2=-0.511060437,-0.859544780,-0.000000000,0.000000000,0.859544780,-0.511060437,-0.000000000,0.000000000,-0.000000000,0.000000000,1.000000000,0.000000000,13.094964740,-0.000368286,58.449998684,1.000000000
POINT0.MATRIX3=-0.511060437,-0.859544780,-0.000000000,0.000000000,0.859544780,-0.511060437,-0.000000000,0.000000000,-0.000000000,0.000000000,1.000000000,0.000000000,13.094964741,-0.000368286,58.000001736,1.000000000
POINT1.BLHA=28.51511181,113.47270360,348.782,210.734491
POINT1.MATRIX0=-0.511060437,-0.859544780,-0.000000000,0.000000000,0.859544780,-0.511060437,-0.000000000,0.000000000,-0.000000000,0.000000000,1.000000000,0.000000000,13.545020228,0.110092064,58.000001736,1.000000000
POINT1.MATRIX1=-0.511060437,-0.859544780,-0.000000000,0.000000000,0.859544780,-0.511060437,-0.000000000,0.000000000,-0.000000000,0.000000000,1.000000000,0.000000000,13.545020228,0.110092064,58.449998685,1.000000000
POINT1.MATRIX2=-0.511060437,-0.859544780,-0.000000000,0.000000000,0.859544780,-0.511060437,-0.000000000,0.000000000,-0.000000000,0.000000000,1.000000000,0.000000000,13.094834684,0.109630506,58.449998684,1.000000000
POINT1.MATRIX3=-0.511060437,-0.859544780,-0.000000000,0.000000000,0.859544780,-0.511060437,-0.000000000,0.000000000,-0.000000000,0.000000000,1.000000000,0.000000000,13.094834685,0.109630506,58.000001736,1.000000000
