OBJECTMODELPOINTER=33777c94-e4b9-4947-906f-f84480f3cb99.dev
BASEFAMILY=5e0b7700-2b20-443b-85d4-7fa84304b168.fam
BLHA=28.68956538,113.45703476,163.838478,277.425083
TRANSFORMMATRIX=-0.000000069,-1.000000000,0.000005476,0.000000000,1.000000000,-0.000000069,0.000000021,0.000000000,-0.000000021,0.000005477,1.000000000,0.000000000,-0.158125869,34.780766741,53.783150050,1.000000000
ENTITYNAME=Wire_Device
