OBJECTMODELPOINTER=33777c94-e4b9-4947-906f-f84480f3cb99.dev
BASEFAMILY=5e0c9243-d2fa-4c84-8b56-962e8cd02f81.fam
BLHA=28.28240757,113.45687165,86.867380,340.232800
TRANSFORMMATRIX=0.002234232,-0.999997504,0.000030304,0.000000000,0.999997504,0.002234232,0.000001262,0.000000000,-0.000001330,0.000030301,1.000000000,0.000000000,-8.770419757,193.311615833,41.163525127,1.000000000
ENTITYNAME=Wire_Device
