OBJECTMODELPOINTER=33777c94-e4b9-4947-906f-f84480f3cb99.dev
BASEFAMILY=5e2859e5-5682-4c96-8ae0-d99fa1dc815d.fam
BLHA=28.49972812,113.43660808,222.066271,200.251669
TRANSFORMMATRIX=-0.021108403,-0.999777192,0.000038480,0.000000000,0.999777193,-0.021108403,0.000002342,0.000000000,-0.000001530,0.000038520,0.999999999,0.000000000,-9.306453715,245.721746455,62.653779671,1.000000000
ENTITYNAME=Wire_Device
