OBJECTMODELPOINTER=33777c94-e4b9-4947-906f-f84480f3cb99.dev
BASEFAMILY=5e383fea-9efc-4ff5-a7b6-6ff686418f84.fam
BLHA=28.79669223,113.49966037,193.055862,221.400685
TRANSFORMMATRIX=-0.000017647,-0.999999999,0.000050118,0.000000000,1.000000000,-0.000017647,0.000002340,0.000000000,-0.000002339,0.000050118,0.999999999,0.000000000,-14.072247575,319.158896350,17.700289397,1.000000000
ENTITYNAME=Wire_Device
