OBJECTMODELPOINTER=33777c94-e4b9-4947-906f-f84480f3cb99.dev
BASEFAMILY=5e41e786-5b20-43e4-90e0-e742d2caa84f.fam
BLHA=28.66021577,113.46120276,152.793290,277.610658
TRANSFORMMATRIX=0.005255437,-0.999986190,0.000027830,0.000000000,0.999986190,0.005255437,-0.000001982,0.000000000,0.000001836,0.000027840,1.000000000,0.000000000,11.594467172,176.803322051,51.856975165,1.000000000
ENTITYNAME=Wire_Device
