OBJECTMODELPOINTER=46bba510-f53a-475e-bf02-c78f9803e400.dev
BASEFAMILY=5e48948d-92ab-4441-ae3a-27b8d544e52d.fam
TRANSFORMMATRIX=-0.000000000,-1.000000000,0.000000000,0.000000000,1.000000000,-0.000000000,-0.000000000,0.000000000,0.000000000,0.000000000,1.000000000,0.000000000,-5.066768399,5.066663779,-0.000002771,1.000000000
ENTITYNAME=Tower_Device
