OBJECTMODELPOINTER=26b800a5-6a10-469a-a6d3-691de5d475fd.dev
BASEFAMILY=5e4edd99-a232-43f8-bc15-73a0016888f1.fam
TRANSFORMMATRIX=-0.000000338,1.000000116,-0.000001639,0.000000000,-0.999999884,0.000000457,0.000000129,0.000000000,-0.000000000,0.000000000,1.000000000,0.000000000,0.000000000,-0.000000000,56.999999999,1.000000000
ENTITYNAME=Tower_Device
