OBJECTMODELPOINTER=33777c94-e4b9-4947-906f-f84480f3cb99.dev
BASEFAMILY=5e4f5c4b-af5f-411f-b3c7-b232ccd33e75.fam
BLHA=28.49878841,113.43376617,260.859889,392.604520
TRANSFORMMATRIX=0.589453917,0.807802006,0.000000309,0.000000000,-0.807802006,0.589453917,0.000001327,0.000000000,0.000000889,-0.000001032,1.000000000,0.000000000,5.640492523,-6.564162880,36.947657804,1.000000000
ENTITYNAME=Wire_Device
