OBJECTMODELPOINTER=33777c94-e4b9-4947-906f-f84480f3cb99.dev
BASEFAMILY=5e51422e-f4e8-4cdb-938c-1e52bcde5e59.fam
BLHA=28.38483527,113.36398740,139.075387,249.667673
TRANSFORMMATRIX=-0.018676461,-0.999825579,0.000025853,0.000000000,0.999825580,-0.018676461,0.000002045,0.000000000,-0.000001561,0.000025887,1.000000000,0.000000000,-9.680839588,164.469481833,8.465354629,1.000000000
ENTITYNAME=Wire_Device
