ENTITYNAME=WIRE
BASEFAMILY=5e5ca525-1270-4d3f-b89a-ad43c6148d36.fam
OBJECTMODELPOINTER=31970f28-780e-4bf1-8adb-439f78c329a3.dev
KVALUE=0.000247
SPLIT=1
POINT0.BLHA=28.74269478,113.45578230,73.561,258.301958
POINT0.MATRIX0=-0.979229741,-0.202753828,-0.000000000,0.000000000,0.202753828,-0.979229741,-0.000000000,0.000000000,-0.000000000,0.000000000,1.000000000,0.000000000,11.320054986,0.629836627,69.557997876,1.000000000
POINT1.BLHA=28.73821142,113.45475326,97.655,258.301958
POINT1.MATRIX0=-0.979229741,-0.202753828,-0.000000000,0.000000000,0.202753828,-0.979229741,-0.000000000,0.000000000,-0.000000000,0.000000000,1.000000000,0.000000000,11.317689665,-0.309218606,69.558008495,1.000000000
