OBJECTMODELPOINTER=33777c94-e4b9-4947-906f-f84480f3cb99.dev
BASEFAMILY=5e90e5e9-a716-4589-b704-72db2dc59c49.fam
BLHA=28.79669223,113.49966037,193.055862,221.400685
TRANSFORMMATRIX=-0.000019313,-0.999999999,0.000050121,0.000000000,1.000000000,-0.000019313,0.000000344,0.000000000,-0.000000344,0.000050121,0.999999999,0.000000000,-1.368031386,319.210998263,19.196529971,1.000000000
ENTITYNAME=Wire_Device
