OBJECTMODELPOINTER=33777c94-e4b9-4947-906f-f84480f3cb99.dev
BASEFAMILY=5ea5cae8-2410-470c-8d13-c2c5488a467f.fam
BLHA=28.70879307,113.45409149,169.216562,451.156517
TRANSFORMMATRIX=-0.090458370,0.995900238,0.000007080,0.000000000,-0.995900238,-0.090458370,-0.000001155,0.000000000,-0.000000510,-0.000007155,1.000000000,0.000000000,-3.252193158,-45.438909334,28.423000929,1.000000000
ENTITYNAME=Wire_Device
