OBJECTMODELPOINTER=33777c94-e4b9-4947-906f-f84480f3cb99.dev
BASEFAMILY=5eb06fbd-4f90-4be7-b574-e731bef7b54c.fam
BLHA=28.28033977,113.46346380,83.899072,326.450928
TRANSFORMMATRIX=-0.236805963,-0.971556964,0.000028775,0.000000000,0.971556965,-0.236805963,-0.000001277,0.000000000,0.000008055,0.000027654,1.000000000,0.000000000,50.806983550,176.111854505,31.759715929,1.000000000
ENTITYNAME=Wire_Device
