OBJECTMODELPOINTER=33777c94-e4b9-4947-906f-f84480f3cb99.dev
BASEFAMILY=5ec0c714-aca4-4e47-b28a-0f1dabd71155.fam
BLHA=28.32292443,113.37625760,67.775568,311.415680
TRANSFORMMATRIX=0.001256151,-0.999999210,0.000036951,0.000000000,0.999999211,0.001256151,0.000001134,0.000000000,-0.000001181,0.000036950,0.999999999,0.000000000,-8.125620523,235.182459841,35.001146089,1.000000000
ENTITYNAME=Wire_Device
