OBJECTMODELPOINTER=0579ba62-deb5-4ac8-8889-9ff1ea76687b.dev
BASEFAMILY=5ec2cbaa-e62d-4aa4-a57f-ebbd33e932a7.fam
TRANSFORMMATRIX=0.003346901,-0.020493912,-0.999784579,0.000000000,0.986916605,0.161230298,0.000001143,0.000000000,0.161195929,-0.986703945,0.020765297,0.000000000,-12.400000000,0.400000000,67.000000000,1.000000000
ENTITYNAME=Tower_Device
