OBJECTMODELPOINTER=33777c94-e4b9-4947-906f-f84480f3cb99.dev
BASEFAMILY=5ec9092d-c0e1-4076-89f3-e2d7a3b2f923.fam
BLHA=28.28240757,113.45687165,86.867380,340.232800
TRANSFORMMATRIX=-0.002138263,-0.999997713,0.000030318,0.000000000,0.999997714,-0.002138263,-0.000001049,0.000000000,0.000001114,0.000030316,1.000000000,0.000000000,6.757598756,193.381283238,41.163543756,1.000000000
ENTITYNAME=Wire_Device
