OBJECTMODELPOINTER=33777c94-e4b9-4947-906f-f84480f3cb99.dev
BASEFAMILY=5ee329fc-c89c-4f2e-ad85-25c7c7bc398a.fam
BLHA=28.26885822,113.47846971,85.176990,355.334735
TRANSFORMMATRIX=0.000018913,-0.999999999,0.000038918,0.000000000,1.000000000,0.000018913,0.000001749,0.000000000,-0.000001750,0.000038918,0.999999999,0.000000000,-11.214325568,248.412666532,37.361111821,1.000000000
ENTITYNAME=Wire_Device
