OBJECTMODELPOINTER=33777c94-e4b9-4947-906f-f84480f3cb99.dev
BASEFAMILY=5eec59e8-591e-47de-a906-617057ce4c05.fam
BLHA=28.31435017,113.39267151,117.559440,4.996372
TRANSFORMMATRIX=0.000006628,-1.000000000,0.000016105,0.000000000,1.000000000,0.000006628,0.000001686,0.000000000,-0.000001686,0.000016105,1.000000000,0.000000000,-10.661310435,102.788764519,36.715326217,1.000000000
ENTITYNAME=Wire_Device
