OBJECTMODELPOINTER=33777c94-e4b9-4947-906f-f84480f3cb99.dev
BASEFAMILY=5ef28752-3eed-4d47-b958-5c50031795f2.fam
BLHA=28.27160371,113.47264060,64.950919,312.669055
TRANSFORMMATRIX=-0.002537305,-0.999996781,0.000018626,0.000000000,0.999996781,-0.002537305,0.000001165,0.000000000,-0.000001117,0.000018630,1.000000000,0.000000000,-7.424916621,118.596571765,56.835927476,1.000000000
ENTITYNAME=Wire_Device
