OBJECTMODELPOINTER=33777c94-e4b9-4947-906f-f84480f3cb99.dev
BASEFAMILY=5f185106-accf-43b7-bcf9-196434c3d95e.fam
BLHA=28.81479133,113.52057006,101.431429,372.952022
TRANSFORMMATRIX=-0.638573872,0.769560530,-0.000000204,0.000000000,-0.769560530,-0.638573872,0.000001306,0.000000000,0.000000874,0.000000991,1.000000000,0.000000000,5.562948395,6.327448877,34.793055545,1.000000000
ENTITYNAME=Wire_Device
