OBJECTMODELPOINTER=33777c94-e4b9-4947-906f-f84480f3cb99.dev
BASEFAMILY=5f29fa3f-4f9a-4ff5-bf2f-709e2bbfaf0c.fam
BLHA=28.70103226,113.45527961,136.730850,277.425083
TRANSFORMMATRIX=0.000003647,-0.999999999,0.000053602,0.000000000,1.000000000,0.000003647,0.000000208,0.000000000,-0.000000208,0.000053601,0.999999999,0.000000000,-1.554109730,340.417171466,38.978259247,1.000000000
ENTITYNAME=Wire_Device
