OBJECTMODELPOINTER=33777c94-e4b9-4947-906f-f84480f3cb99.dev
BASEFAMILY=5f3228ff-88a6-4d08-bf8c-4938c32be0d1.fam
BLHA=28.50595381,113.45544189,275.037773,205.493080
TRANSFORMMATRIX=-0.091504789,-0.995804636,0.000027880,0.000000000,0.995804636,-0.091504789,0.000001364,0.000000000,0.000001193,0.000027888,1.000000000,0.000000000,7.943605847,177.860235757,-29.355785290,1.000000000
ENTITYNAME=Wire_Device
