OBJECTMODELPOINTER=62d7b0d9-e5e3-4040-96a4-746d7da3f88b.dev
BASEFAMILY=5f3b9515-645f-403e-a1e7-e0477cade199.fam
TRANSFORMMATRIX=-0.999999525,-0.000975236,-0.000000001,0.000000000,0.000975236,-0.999999524,-0.000000001,0.000000000,0.000000000,-0.000000000,1.000000000,0.000000000,-10.800000000,0.000000000,69.999999999,1.000000000
ENTITYNAME=Tower_Device
