OBJECTMODELPOINTER=33777c94-e4b9-4947-906f-f84480f3cb99.dev
BASEFAMILY=5f49308e-17a2-4874-ae0a-d68015362304.fam
BLHA=28.78468964,113.48433856,117.864116,408.814230
TRANSFORMMATRIX=-0.126558422,0.991959154,0.000059954,0.000000000,-0.991959155,-0.126558422,0.000000592,0.000000000,0.000008175,-0.000059397,0.999999998,0.000000000,51.094856330,-377.905777852,66.328066406,1.000000000
ENTITYNAME=Wire_Device
