ENTITYNAME=WIRE
BASEFAMILY=5f5eb56a-07fe-4939-9d7b-d26993303bb9.fam
OBJECTMODELPOINTER=81b82497-164d-48c0-b1cb-18fa700dacdf.dev
KVALUE=0.000369
SPLIT=4
POINT0.BLHA=28.42958283,113.37956045,205.552,428.016547
POINT0.MATRIX0=0.927292005,0.374338801,0.000000000,0.000000000,-0.374338801,0.927292005,0.000000000,0.000000000,-0.000000000,0.000000000,1.000000000,0.000000000,-6.970537734,-9.476753236,25.680310409,1.000000000
POINT0.MATRIX1=0.927292005,0.374338801,0.000000000,0.000000000,-0.374338801,0.927292005,0.000000000,0.000000000,-0.000000000,0.000000000,1.000000000,0.000000000,-6.896516306,-10.286219096,26.030270736,1.000000000
POINT0.MATRIX2=0.927292005,0.374338801,0.000000000,0.000000000,-0.374338801,0.927292005,0.000000000,0.000000000,-0.000000000,0.000000000,1.000000000,0.000000000,-6.398601723,-10.240026462,26.030270735,1.000000000
POINT0.MATRIX3=0.927292005,0.374338801,0.000000000,0.000000000,-0.374338801,0.927292005,0.000000000,0.000000000,-0.000000000,0.000000000,1.000000000,0.000000000,-6.472257587,-9.431466160,25.680432478,1.000000000
POINT1.BLHA=28.42674606,113.37865854,204.107,254.006183
POINT1.MATRIX0=-0.961291434,-0.275533624,-0.000000000,0.000000000,0.275533624,-0.961291434,-0.000000000,0.000000000,-0.000000000,-0.000000000,1.000000000,0.000000000,12.095897685,-0.108402499,25.000000074,1.000000000
POINT1.MATRIX1=-0.961291434,-0.275533624,-0.000000000,0.000000000,0.275533624,-0.961291434,-0.000000000,0.000000000,-0.000000000,-0.000000000,1.000000000,0.000000000,12.095897685,-0.108402500,25.449997022,1.000000000
POINT1.MATRIX2=-0.961291434,-0.275533624,-0.000000000,0.000000000,0.275533624,-0.961291434,-0.000000000,0.000000000,-0.000000000,-0.000000000,1.000000000,0.000000000,11.645722327,-0.111465772,25.449997022,1.000000000
POINT1.MATRIX3=-0.961291434,-0.275533624,-0.000000000,0.000000000,0.275533624,-0.961291434,-0.000000000,0.000000000,-0.000000000,-0.000000000,1.000000000,0.000000000,11.645722327,-0.111465772,25.000000074,1.000000000
