OBJECTMODELPOINTER=26ee893d-d221-4a67-9d8d-5b629efe64bc.dev
BASEFAMILY=5f6471b9-fe52-450a-bf4d-2d4273b67c1a.fam
TRANSFORMMATRIX=-0.999893377,-0.014602561,0.000000017,0.000000000,0.014602573,-0.999893377,0.000000001,0.000000000,-0.000000000,-0.000000000,1.000000000,0.000000000,-9.870000000,0.310000000,52.000000000,1.000000000
ENTITYNAME=Tower_Device
