OBJECTMODELPOINTER=13a78437-ad2c-452a-8fd1-0733d19ccb25.dev
BASEFAMILY=5f7db8cc-7526-46f7-9b95-2047ddc266e5.fam
TRANSFORMMATRIX=0.000000000,1.000000000,-0.000000000,0.000000000,-1.000000000,0.000000000,0.000000000,0.000000000,0.000000000,-0.000000000,1.000000000,0.000000000,5.396678853,-5.396764518,0.000001254,1.000000000
ENTITYNAME=Tower_Device
