OBJECTMODELPOINTER=3ba334c4-21e3-45ed-8aba-4d12a31b8cf1.dev
BASEFAMILY=5f8b12c4-1452-4d48-8dfe-8b1e8a10e3f5.fam
TRANSFORMMATRIX=-0.034933062,0.118599377,-0.992327687,0.000000000,-0.959256179,-0.282537099,-0.000001037,0.000000000,-0.280369541,0.951896537,0.123636172,0.000000000,-10.000000000,-1.171500000,36.000000000,1.000000000
ENTITYNAME=Tower_Device
