OBJECTMODELPOINTER=33777c94-e4b9-4947-906f-f84480f3cb99.dev
BASEFAMILY=5f93cfe1-ddbf-4da6-afb9-aa7128973dbc.fam
BLHA=28.31515909,113.41015274,70.673124,0.896163
TRANSFORMMATRIX=0.000023467,-0.999999999,0.000047549,0.000000000,1.000000000,0.000023467,-0.000000899,0.000000000,0.000000898,0.000047549,0.999999999,0.000000000,5.727315505,303.508891055,6.706074331,1.000000000
ENTITYNAME=Wire_Device
