OBJECTMODELPOINTER=33777c94-e4b9-4947-906f-f84480f3cb99.dev
BASEFAMILY=5f9a38f5-f131-47eb-94e4-85bf2ab1c728.fam
BLHA=28.27160371,113.47264060,64.950919,312.669055
TRANSFORMMATRIX=-0.007387888,-0.999972709,0.000018961,0.000000000,0.999972709,-0.007387888,-0.000001201,0.000000000,0.000001342,0.000018952,1.000000000,0.000000000,8.224003630,120.608549168,32.268852794,1.000000000
ENTITYNAME=Wire_Device
