OBJECTMODELPOINTER=33777c94-e4b9-4947-906f-f84480f3cb99.dev
BASEFAMILY=5f9c9f77-d615-45df-987d-d9b69ea3e08b.fam
BLHA=28.31502906,113.40300484,68.016258,0.896163
TRANSFORMMATRIX=0.001292586,-0.999999163,0.000053958,0.000000000,0.999999165,0.001292587,0.000001331,0.000000000,-0.000001400,0.000053957,0.999999999,0.000000000,-8.863872424,344.407758681,74.950909286,1.000000000
ENTITYNAME=Wire_Device
