OBJECTMODELPOINTER=0e312739-8609-4a3d-966c-75d05d59356d.dev
BASEFAMILY=5fa653c4-f41b-40b9-922a-898b70cdf4f7.fam
TRANSFORMMATRIX=0.000000000,1.000000000,-0.000000000,0.000000000,-1.000000000,0.000000000,0.000000000,0.000000000,-0.000000000,-0.000000000,1.000000000,0.000000000,5.397069985,-5.397334907,0.000001544,1.000000000
ENTITYNAME=Tower_Device
