OBJECTMODELPOINTER=33777c94-e4b9-4947-906f-f84480f3cb99.dev
BASEFAMILY=5fb5f554-9385-4f79-96ed-87a13646e40d.fam
BLHA=28.31502906,113.40300484,68.016258,0.896163
TRANSFORMMATRIX=-0.001678336,-0.999998591,0.000045581,0.000000000,0.999998592,-0.001678337,-0.000001221,0.000000000,0.000001299,0.000045578,0.999999999,0.000000000,8.266008098,290.930422805,54.487427676,1.000000000
ENTITYNAME=Wire_Device
