OBJECTMODELPOINTER=33777c94-e4b9-4947-906f-f84480f3cb99.dev
BASEFAMILY=5fc00b1f-66e4-4620-9ec9-1b692a59bdb3.fam
BLHA=28.30786495,113.43629033,62.969533,307.005893
TRANSFORMMATRIX=0.000007165,-1.000000000,0.000016872,0.000000000,1.000000000,0.000007165,0.000001092,0.000000000,-0.000001092,0.000016872,1.000000000,0.000000000,-7.227755184,107.353377164,54.839557896,1.000000000
ENTITYNAME=Wire_Device
