OBJECTMODELPOINTER=81216366-d175-4cbd-96df-a50e4ad928dc.dev
BASEFAMILY=5fc25af4-3853-4c37-a6e1-9abf064f46b3.fam
TRANSFORMMATRIX=0.003113322,-0.999995271,-0.000000132,0.000000000,0.999995039,0.003112527,-0.000001641,0.000000000,0.000000000,0.000000000,1.000000000,0.000000000,11.870000000,0.599999999,36.000000000,1.000000000
ENTITYNAME=Tower_Device
