OBJECTMODELPOINTER=33777c94-e4b9-4947-906f-f84480f3cb99.dev
BASEFAMILY=5fc79e12-c5c4-4651-9027-61656424f140.fam
BLHA=28.28240757,113.45687165,86.867380,340.232800
TRANSFORMMATRIX=-0.002150726,-0.999997687,0.000005709,0.000000000,0.999997687,-0.002150726,-0.000001119,0.000000000,0.000001130,0.000005706,1.000000000,0.000000000,7.124593048,36.390915067,35.815231248,1.000000000
ENTITYNAME=Wire_Device
