OBJECTMODELPOINTER=7e198517-7f77-4a36-ba66-51c1669471ca.dev
BASEFAMILY=5fdd7d6e-41b5-4d82-bfe2-30df3255f589.fam
TRANSFORMMATRIX=0.000000146,-0.999999590,0.000001138,0.000000000,1.000000410,0.000000006,-0.000001185,0.000000000,-0.000000000,-0.000000000,1.000000000,0.000000000,13.320000000,-0.600000000,57.000000001,1.000000000
ENTITYNAME=Tower_Device
