OBJECTMODELPOINTER=0e312739-8609-4a3d-966c-75d05d59356d.dev
BASEFAMILY=5fe0090a-3040-4b1e-8200-205c4b46ebc9.fam
TRANSFORMMATRIX=0.000000000,-1.000000000,-0.000000000,0.000000000,1.000000000,0.000000000,-0.000000000,0.000000000,0.000000000,-0.000000000,1.000000000,0.000000000,-5.396824400,5.397162398,-0.000005867,1.000000000
ENTITYNAME=Tower_Device
