OBJECTMODELPOINTER=33777c94-e4b9-4947-906f-f84480f3cb99.dev
BASEFAMILY=60070db3-069d-4a8a-89ee-785ba88e8d7c.fam
BLHA=28.78677028,113.48699418,119.837662,221.400685
TRANSFORMMATRIX=-0.017410977,-0.999848417,0.000005253,0.000000000,0.999848417,-0.017410977,0.000002129,0.000000000,-0.000002037,0.000005289,1.000000000,0.000000000,-12.880278203,33.652921444,45.993257962,1.000000000
ENTITYNAME=Wire_Device
