OBJECTMODELPOINTER=33777c94-e4b9-4947-906f-f84480f3cb99.dev
BASEFAMILY=600b85b8-65d3-47e3-9a7d-927adcbb989a.fam
BLHA=28.31411764,113.38983103,66.771612,527.133635
TRANSFORMMATRIX=-0.313572394,0.949564297,0.000007074,0.000000000,-0.949564297,-0.313572394,-0.000001515,0.000000000,0.000000780,-0.000007192,1.000000000,0.000000000,5.005137874,-45.900005484,36.071876089,1.000000000
ENTITYNAME=Wire_Device
