OBJECTMODELPOINTER=33777c94-e4b9-4947-906f-f84480f3cb99.dev
BASEFAMILY=6018f228-0d2a-443f-9f35-cdbba9b60750.fam
BLHA=28.75811652,113.46436186,140.284510,236.227775
TRANSFORMMATRIX=0.000957592,-0.999999540,0.000053388,0.000000000,0.999999542,0.000957592,0.000002365,0.000000000,-0.000002416,0.000053386,0.999999999,0.000000000,-14.587445677,339.523703823,3.376785857,1.000000000
ENTITYNAME=Wire_Device
