OBJECTMODELPOINTER=33777c94-e4b9-4947-906f-f84480f3cb99.dev
BASEFAMILY=60192d1a-2b2a-4d15-afda-25bb16b966bb.fam
BLHA=28.64674167,113.46331381,165.940967,277.610658
TRANSFORMMATRIX=0.000003003,-0.999999999,0.000040296,0.000000000,1.000000000,0.000003004,0.000000153,0.000000000,-0.000000153,0.000040296,0.999999999,0.000000000,-1.149142359,255.914946960,7.950373564,1.000000000
ENTITYNAME=Wire_Device
