ENTITYNAME=WIRE
BASEFAMILY=602153ad-3baf-40ca-9704-2114d7e50c8f.fam
OBJECTMODELPOINTER=81b82497-164d-48c0-b1cb-18fa700dacdf.dev
KVALUE=0.117173
SPLIT=4
POINT0.BLHA=28.33513056,113.36426418,74.466,467.201749
POINT0.MATRIX0=0.955269333,-0.295737218,0.000000000,0.000000000,0.295737218,0.955269333,0.000000000,0.000000000,-0.000000000,-0.000000000,1.000000000,0.000000000,7.274881719,-3.999331673,38.790007095,1.000000000
POINT0.MATRIX1=0.955269333,-0.295737218,0.000000000,0.000000000,0.295737218,0.955269333,0.000000000,0.000000000,-0.000000000,-0.000000000,1.000000000,0.000000000,7.274881720,-3.999331674,39.240007143,1.000000000
POINT0.MATRIX2=0.955269333,-0.295737218,0.000000000,0.000000000,0.295737218,0.955269333,0.000000000,0.000000000,-0.000000000,-0.000000000,1.000000000,0.000000000,7.724881700,-3.999331744,39.240007142,1.000000000
POINT0.MATRIX3=0.955269333,-0.295737218,0.000000000,0.000000000,0.295737218,0.955269333,0.000000000,0.000000000,-0.000000000,-0.000000000,1.000000000,0.000000000,7.724881699,-3.999331744,38.790007095,1.000000000
POINT1.BLHA=28.33513056,113.36426418,74.466,467.201749
POINT1.MATRIX0=0.955269333,-0.295737218,0.000000000,0.000000000,0.295737218,0.955269333,0.000000000,0.000000000,-0.000000000,-0.000000000,1.000000000,0.000000000,2.855895683,-9.955537593,35.341101418,1.000000000
POINT1.MATRIX1=0.955269333,-0.295737218,0.000000000,0.000000000,0.295737218,0.955269333,0.000000000,0.000000000,-0.000000000,-0.000000000,1.000000000,0.000000000,2.536737591,-9.352031588,35.933728646,1.000000000
POINT1.MATRIX2=0.955269333,-0.295737218,0.000000000,0.000000000,0.295737218,0.955269333,0.000000000,0.000000000,-0.000000000,-0.000000000,1.000000000,0.000000000,3.002677364,-9.308178230,36.111264627,1.000000000
POINT1.MATRIX3=0.955269333,-0.295737218,0.000000000,0.000000000,0.295737218,0.955269333,0.000000000,0.000000000,-0.000000000,-0.000000000,1.000000000,0.000000000,3.321257844,-9.913549996,35.518622178,1.000000000
