OBJECTMODELPOINTER=33777c94-e4b9-4947-906f-f84480f3cb99.dev
BASEFAMILY=602605bb-38d6-4215-ac3c-6f9d19a8feac.fam
BLHA=28.78112316,113.48165670,163.744709,236.227775
TRANSFORMMATRIX=-0.000015007,-0.999999999,0.000043125,0.000000000,1.000000000,-0.000015007,-0.000001571,0.000000000,0.000001572,0.000043125,0.999999999,0.000000000,10.675069431,274.323533862,68.001395278,1.000000000
ENTITYNAME=Wire_Device
