OBJECTMODELPOINTER=33777c94-e4b9-4947-906f-f84480f3cb99.dev
BASEFAMILY=6035c457-9c0b-4761-8d68-c23307c363dc.fam
BLHA=28.61647630,113.46664258,210.970212,273.436520
TRANSFORMMATRIX=0.002992404,-0.999995523,0.000018495,0.000000000,0.999995523,0.002992404,0.000000076,0.000000000,-0.000000132,0.000018495,1.000000000,0.000000000,-0.874581265,117.452613840,37.143415659,1.000000000
ENTITYNAME=Wire_Device
