OBJECTMODELPOINTER=28d14331-1f06-4bed-8eb9-990e50404bc9.dev
BASEFAMILY=603811d3-11ac-4d01-936b-7134cd174929.fam
TRANSFORMMATRIX=1.000000000,-0.000000000,-0.000000000,0.000000000,0.000000000,1.000000000,-0.000000000,0.000000000,-0.000000000,-0.000000000,1.000000000,0.000000000,-0.000000000,-0.000000000,-0.000000001,1.000000000
ENTITYNAME=Tower_Device
