OBJECTMODELPOINTER=33777c94-e4b9-4947-906f-f84480f3cb99.dev
BASEFAMILY=6039a438-5461-4271-8122-f3f0625fc0a1.fam
BLHA=28.26907527,113.47529619,67.190721,514.001895
TRANSFORMMATRIX=-0.366721031,0.930330954,0.000042329,0.000000000,-0.930330955,-0.366721032,0.000001147,0.000000000,0.000016591,-0.000038959,0.999999999,0.000000000,105.962927624,-248.646490978,86.250869222,1.000000000
ENTITYNAME=Wire_Device
