OBJECTMODELPOINTER=33777c94-e4b9-4947-906f-f84480f3cb99.dev
BASEFAMILY=603d89b9-ef21-49df-9e12-b6faeb5b5df7.fam
BLHA=28.49878841,113.43376617,260.859889,392.604520
TRANSFORMMATRIX=-0.598997830,0.800750647,-0.000000351,0.000000000,-0.800750647,-0.598997830,0.000001315,0.000000000,0.000000843,0.000001070,1.000000000,0.000000000,5.373302508,6.826526674,35.791340612,1.000000000
ENTITYNAME=Wire_Device
