OBJECTMODELPOINTER=33777c94-e4b9-4947-906f-f84480f3cb99.dev
BASEFAMILY=60409842-5783-4b4d-8a5a-00277707250d.fam
BLHA=28.51174980,113.46636581,279.463297,210.734491
TRANSFORMMATRIX=-0.007059218,-0.999975082,0.000061145,0.000000000,0.999975083,-0.007059218,-0.000000766,0.000000000,0.000001197,0.000061138,0.999999998,0.000000000,8.500741481,389.748756252,-16.511099973,1.000000000
ENTITYNAME=Wire_Device
