OBJECTMODELPOINTER=33777c94-e4b9-4947-906f-f84480f3cb99.dev
BASEFAMILY=6040c1e7-ff0b-4f25-93ce-b8190ae59cc0.fam
BLHA=28.52957493,113.49997928,454.520911,210.734491
TRANSFORMMATRIX=-0.000002668,-1.000000000,0.000005089,0.000000000,1.000000000,-0.000002668,0.000000033,0.000000000,-0.000000033,0.000005089,1.000000000,0.000000000,-0.135315459,32.444125662,35.305072724,1.000000000
ENTITYNAME=Wire_Device
