OBJECTMODELPOINTER=2aea2ce9-fcd8-41fc-a1cb-cfc5fe1cf70e.dev
BASEFAMILY=60459c7e-ff93-4750-bab3-1c010d8e374b.fam
TRANSFORMMATRIX=-0.000000227,1.000000095,-0.000001639,0.000000000,-0.999999905,0.000000589,0.000000081,0.000000000,0.000000000,0.000000000,1.000000000,0.000000000,7.790000000,0.000000001,30.000000000,1.000000000
ENTITYNAME=Tower_Device
