OBJECTMODELPOINTER=33777c94-e4b9-4947-906f-f84480f3cb99.dev
BASEFAMILY=6053b2f3-c471-4c3c-9132-a948d3b373bf.fam
BLHA=28.48698475,113.42051247,234.671308,224.957371
TRANSFORMMATRIX=0.004307525,-0.999990723,0.000005531,0.000000000,0.999990723,0.004307525,0.000000045,0.000000000,-0.000000069,0.000005532,1.000000000,0.000000000,-0.346413098,35.214738814,37.101278066,1.000000000
ENTITYNAME=Wire_Device
