ENTITYNAME=WIRE
BASEFAMILY=605e1a03-1d50-4c28-b7ca-98919a0ffedc.fam
OBJECTMODELPOINTER=81b82497-164d-48c0-b1cb-18fa700dacdf.dev
KVALUE=0.000000
SPLIT=4
POINT0.BLHA=28.79327466,113.49529712,200.216,221.400685
POINT0.MATRIX0=-0.661320829,-0.750103167,-0.000000000,0.000000000,0.750103167,-0.661320829,0.000000000,0.000000000,-0.000000000,0.000000000,1.000000000,0.000000000,-12.505661446,-0.109041818,43.000001011,1.000000000
POINT0.MATRIX1=-0.661320829,-0.750103167,-0.000000000,0.000000000,0.750103167,-0.661320829,0.000000000,0.000000000,-0.000000000,0.000000000,1.000000000,0.000000000,-12.505661446,-0.109041817,43.449997959,1.000000000
POINT0.MATRIX2=-0.661320829,-0.750103167,-0.000000000,0.000000000,0.750103167,-0.661320829,0.000000000,0.000000000,-0.000000000,0.000000000,1.000000000,0.000000000,-12.954624671,-0.110298752,43.449997959,1.000000000
POINT0.MATRIX3=-0.661320829,-0.750103167,-0.000000000,0.000000000,0.750103167,-0.661320829,0.000000000,0.000000000,-0.000000000,0.000000000,1.000000000,0.000000000,-12.954624671,-0.110298752,43.000001011,1.000000000
POINT1.BLHA=28.79327466,113.49529712,200.216,221.400685
POINT1.MATRIX0=-0.661320829,-0.750103167,-0.000000000,0.000000000,0.750103167,-0.661320829,0.000000000,0.000000000,-0.000000000,0.000000000,1.000000000,0.000000000,-12.505661142,0.000948481,43.000001011,1.000000000
POINT1.MATRIX1=-0.661320829,-0.750103167,-0.000000000,0.000000000,0.750103167,-0.661320829,0.000000000,0.000000000,-0.000000000,0.000000000,1.000000000,0.000000000,-12.505661142,0.000948481,43.449997960,1.000000000
POINT1.MATRIX2=-0.661320829,-0.750103167,-0.000000000,0.000000000,0.750103167,-0.661320829,0.000000000,0.000000000,-0.000000000,0.000000000,1.000000000,0.000000000,-12.954624367,-0.000308453,43.449997959,1.000000000
POINT1.MATRIX3=-0.661320829,-0.750103167,-0.000000000,0.000000000,0.750103167,-0.661320829,0.000000000,0.000000000,-0.000000000,0.000000000,1.000000000,0.000000000,-12.954624367,-0.000308454,43.000001010,1.000000000
