OBJECTMODELPOINTER=33777c94-e4b9-4947-906f-f84480f3cb99.dev
BASEFAMILY=60727940-09eb-407a-a86c-eea0bd6f220f.fam
BLHA=28.32529000,113.37096013,66.626202,509.137564
TRANSFORMMATRIX=-0.364660767,0.931140443,0.000027559,0.000000000,-0.931140443,-0.364660768,0.000001094,0.000000000,0.000011068,-0.000025262,1.000000000,0.000000000,70.744341740,-161.190935316,28.339810464,1.000000000
ENTITYNAME=Wire_Device
