OBJECTMODELPOINTER=33777c94-e4b9-4947-906f-f84480f3cb99.dev
BASEFAMILY=6076b445-596a-42ff-ab74-071462f902dc.fam
BLHA=28.30399811,113.43961542,62.139238,477.400140
TRANSFORMMATRIX=-0.039024052,0.999238272,0.000000712,0.000000000,-0.999238272,-0.039024052,-0.000001727,0.000000000,-0.000001697,-0.000000779,1.000000000,0.000000000,-10.812442171,-4.925329711,31.528755060,1.000000000
ENTITYNAME=Wire_Device
