OBJECTMODELPOINTER=33777c94-e4b9-4947-906f-f84480f3cb99.dev
BASEFAMILY=6076ede5-4640-4a4b-b3d7-0270857903c9.fam
BLHA=28.27160371,113.47264060,64.950919,312.669055
TRANSFORMMATRIX=-0.007192012,-0.999974137,0.000005973,0.000000000,0.999974137,-0.007192012,-0.000001538,0.000000000,0.000001581,0.000005962,1.000000000,0.000000000,9.965489153,37.921465593,52.602494149,1.000000000
ENTITYNAME=Wire_Device
