OBJECTMODELPOINTER=33777c94-e4b9-4947-906f-f84480f3cb99.dev
BASEFAMILY=607b6876-5862-4480-b9e9-4816f42c35a7.fam
BLHA=28.77401473,113.47631208,189.623101,236.227775
TRANSFORMMATRIX=-0.002132853,-0.999997725,0.000026786,0.000000000,0.999997725,-0.002132853,-0.000001681,0.000000000,0.000001738,0.000026782,1.000000000,0.000000000,11.481858851,170.375536047,13.214897993,1.000000000
ENTITYNAME=Wire_Device
