ENTITYNAME=WIRE
BASEFAMILY=60881e94-4f11-4ac1-9f34-7c607a333034.fam
OBJECTMODELPOINTER=31970f28-780e-4bf1-8adb-439f78c329a3.dev
KVALUE=0.000287
SPLIT=1
POINT0.BLHA=28.71973492,113.45364743,163.020,283.291091
POINT0.MATRIX0=-0.973214630,0.229898421,-0.000000000,0.000000000,-0.229898421,-0.973214630,-0.000000000,0.000000000,-0.000000000,-0.000000000,1.000000000,0.000000000,-9.869702434,0.001185834,48.558007096,1.000000000
POINT1.BLHA=28.71973492,113.45364743,163.020,283.291091
POINT1.MATRIX0=-0.973214630,0.229898421,-0.000000000,0.000000000,-0.229898421,-0.973214630,-0.000000000,0.000000000,-0.000000000,-0.000000000,1.000000000,0.000000000,-9.866807446,0.001505219,48.558007095,1.000000000
