OBJECTMODELPOINTER=33777c94-e4b9-4947-906f-f84480f3cb99.dev
BASEFAMILY=6092e368-f419-4448-9feb-2cbd68542b7c.fam
BLHA=28.28149698,113.45977476,95.758412,340.232800
TRANSFORMMATRIX=-0.001870253,-0.999998250,0.000041950,0.000000000,0.999998251,-0.001870253,-0.000001435,0.000000000,0.000001513,0.000041946,0.999999999,0.000000000,9.171226652,267.574947489,30.737583551,1.000000000
ENTITYNAME=Wire_Device
