OBJECTMODELPOINTER=33777c94-e4b9-4947-906f-f84480f3cb99.dev
BASEFAMILY=60984d27-fc26-4d5c-9b1e-20b2b23ebf0b.fam
BLHA=28.80183094,113.50568524,205.477677,227.348291
TRANSFORMMATRIX=-0.012934810,-0.999916341,0.000046128,0.000000000,0.999916342,-0.012934810,0.000002175,0.000000000,-0.000001579,0.000046152,0.999999999,0.000000000,-9.297331896,293.757612567,32.863736077,1.000000000
ENTITYNAME=Wire_Device
