OBJECTMODELPOINTER=33777c94-e4b9-4947-906f-f84480f3cb99.dev
BASEFAMILY=60b88ef0-1829-4380-b49f-b19765fa45d8.fam
BLHA=28.74269478,113.45578230,73.560853,258.301958
TRANSFORMMATRIX=-0.000002123,-1.000000000,0.000017570,0.000000000,1.000000000,-0.000002123,0.000000102,0.000000000,-0.000000101,0.000017571,1.000000000,0.000000000,-0.535702363,111.600860259,48.810154368,1.000000000
ENTITYNAME=Wire_Device
