OBJECTMODELPOINTER=33777c94-e4b9-4947-906f-f84480f3cb99.dev
BASEFAMILY=60b90ddf-8713-45b6-9c62-a8545f60af80.fam
BLHA=28.33513056,113.36426418,74.466119,467.201749
TRANSFORMMATRIX=-0.168653723,0.985675363,0.000028017,0.000000000,-0.985675363,-0.168653723,0.000001222,0.000000000,0.000005930,-0.000027408,1.000000000,0.000000000,38.089310975,-174.180350766,14.626259527,1.000000000
ENTITYNAME=Wire_Device
