OBJECTMODELPOINTER=33777c94-e4b9-4947-906f-f84480f3cb99.dev
BASEFAMILY=60c0249c-ec06-4c54-9f5b-3c7b82a71466.fam
BLHA=28.64054809,113.46428400,121.846877,277.610658
TRANSFORMMATRIX=0.002770365,-0.999996162,0.000029718,0.000000000,0.999996163,0.002770365,-0.000001975,0.000000000,0.000001893,0.000029723,1.000000000,0.000000000,11.951818549,188.760749548,34.933174795,1.000000000
ENTITYNAME=Wire_Device
