OBJECTMODELPOINTER=33777c94-e4b9-4947-906f-f84480f3cb99.dev
BASEFAMILY=60c48238-8a13-4f58-b5c5-076fcb9f73c5.fam
BLHA=28.27757020,113.46637333,93.774105,312.669055
TRANSFORMMATRIX=-0.001244661,-0.999999223,0.000066393,0.000000000,0.999999225,-0.001244661,0.000001712,0.000000000,-0.000001629,0.000066394,0.999999998,0.000000000,-11.472713212,422.638971396,36.205471526,1.000000000
ENTITYNAME=Wire_Device
