OBJECTMODELPOINTER=33777c94-e4b9-4947-906f-f84480f3cb99.dev
BASEFAMILY=60cfc0c1-7bef-4b90-bc1c-26ba3cc3d76a.fam
BLHA=28.31529425,113.41760444,47.126172,0.896163
TRANSFORMMATRIX=0.009104226,-0.999958555,0.000036383,0.000000000,0.999958556,0.009104226,0.000001357,0.000000000,-0.000001688,0.000036369,0.999999999,0.000000000,-10.702553321,232.144481198,32.426388816,1.000000000
ENTITYNAME=Wire_Device
