OBJECTMODELPOINTER=6893518b-e3e0-4605-af5c-9366e0f1b526.dev
BASEFAMILY=60d06a75-843b-4c65-9fad-14d96ca54e79.fam
TRANSFORMMATRIX=-0.010594490,-0.999944203,-0.000000621,0.000000000,0.999943546,-0.010594994,-0.000001513,0.000000000,-0.000000000,0.000000000,1.000000000,0.000000000,11.870000000,0.600000000,47.999999999,1.000000000
ENTITYNAME=Tower_Device
