OBJECTMODELPOINTER=33777c94-e4b9-4947-906f-f84480f3cb99.dev
BASEFAMILY=60dc794a-3509-48d0-a387-82047e8ad7b6.fam
BLHA=28.63338498,113.46540590,167.944131,275.523589
TRANSFORMMATRIX=-0.054206579,-0.998529742,0.000029626,0.000000000,0.998529743,-0.054206579,-0.000001040,0.000000000,0.000002644,0.000029526,1.000000000,0.000000000,16.784493748,187.499232135,26.238593007,1.000000000
ENTITYNAME=Wire_Device
