OBJECTMODELPOINTER=33777c94-e4b9-4947-906f-f84480f3cb99.dev
BASEFAMILY=60e87d9b-e98b-4650-aa20-060c8a688ed4.fam
BLHA=28.55326393,113.50869198,332.868298,304.990571
TRANSFORMMATRIX=-0.001081533,-0.999999412,0.000085128,0.000000000,0.999999415,-0.001081533,0.000000139,0.000000000,-0.000000048,0.000085128,0.999999996,0.000000000,-1.619250715,541.525553182,117.289909253,1.000000000
ENTITYNAME=Wire_Device
