OBJECTMODELPOINTER=33777c94-e4b9-4947-906f-f84480f3cb99.dev
BASEFAMILY=60f992b9-4f40-434a-8a7b-1cf55783834c.fam
BLHA=28.41408598,113.37463405,174.728080,254.006183
TRANSFORMMATRIX=-0.000002112,-1.000000000,0.000015871,0.000000000,1.000000000,-0.000002112,-0.000001984,0.000000000,0.000001983,0.000015871,1.000000000,0.000000000,12.795983579,100.839556271,41.676528057,1.000000000
ENTITYNAME=Wire_Device
