OBJECTMODELPOINTER=382f3d8e-47c5-4c6b-9719-f8e17502edaf.dev
BASEFAMILY=60fa5261-3e01-4d18-b59d-0c872c53750a.fam
TRANSFORMMATRIX=-0.999998250,-0.001870621,0.000000002,0.000000000,0.001870622,-0.999998251,-0.000000000,0.000000000,0.000000000,-0.000000000,1.000000000,0.000000000,10.610000000,-0.000000001,55.000000000,1.000000000
ENTITYNAME=Tower_Device
