OBJECTMODELPOINTER=33777c94-e4b9-4947-906f-f84480f3cb99.dev
BASEFAMILY=60fae3a1-b5a5-4ecf-a524-1e95f675c18c.fam
BLHA=28.43346852,113.38186613,283.381825,242.026912
TRANSFORMMATRIX=-0.011108546,-0.999938298,0.000026974,0.000000000,0.999938298,-0.011108546,0.000002195,0.000000000,-0.000001896,0.000026997,1.000000000,0.000000000,-11.714947928,171.603753991,-11.686482466,1.000000000
ENTITYNAME=Wire_Device
