ENTITYNAME=WIRE
BASEFAMILY=60fe8b50-18b3-4d7b-ad7b-0793ab14dd54.fam
OBJECTMODELPOINTER=81b82497-164d-48c0-b1cb-18fa700dacdf.dev
KVALUE=0.000000
SPLIT=4
POINT0.BLHA=28.36295604,113.35959378,63.084,458.145379
POINT0.MATRIX0=0.989911752,-0.141685295,0.000000000,0.000000000,0.141685295,0.989911752,-0.000000000,0.000000000,0.000000000,0.000000000,1.000000000,0.000000000,7.274995759,-3.999818709,38.790003288,1.000000000
POINT0.MATRIX1=0.989911752,-0.141685295,0.000000000,0.000000000,0.141685295,0.989911752,-0.000000000,0.000000000,0.000000000,0.000000000,1.000000000,0.000000000,7.274995760,-3.999818709,39.240003336,1.000000000
POINT0.MATRIX2=0.989911752,-0.141685295,0.000000000,0.000000000,0.141685295,0.989911752,-0.000000000,0.000000000,0.000000000,0.000000000,1.000000000,0.000000000,7.724995789,-3.999818723,39.240003336,1.000000000
POINT0.MATRIX3=0.989911752,-0.141685295,0.000000000,0.000000000,0.141685295,0.989911752,-0.000000000,0.000000000,0.000000000,0.000000000,1.000000000,0.000000000,7.724995789,-3.999818723,38.790003288,1.000000000
POINT1.BLHA=28.36295604,113.35959378,63.084,458.145379
POINT1.MATRIX0=0.989911752,-0.141685295,0.000000000,0.000000000,0.141685295,0.989911752,-0.000000000,0.000000000,0.000000000,0.000000000,1.000000000,0.000000000,7.274995778,-4.001818717,38.790003289,1.000000000
POINT1.MATRIX1=0.989911752,-0.141685295,0.000000000,0.000000000,0.141685295,0.989911752,-0.000000000,0.000000000,0.000000000,0.000000000,1.000000000,0.000000000,7.274995778,-4.001818716,39.240003336,1.000000000
POINT1.MATRIX2=0.989911752,-0.141685295,0.000000000,0.000000000,0.141685295,0.989911752,-0.000000000,0.000000000,0.000000000,0.000000000,1.000000000,0.000000000,7.724995778,-4.001818726,39.240003336,1.000000000
POINT1.MATRIX3=0.989911752,-0.141685295,0.000000000,0.000000000,0.141685295,0.989911752,-0.000000000,0.000000000,0.000000000,0.000000000,1.000000000,0.000000000,7.724995778,-4.001818726,38.790003288,1.000000000
