OBJECTMODELPOINTER=33777c94-e4b9-4947-906f-f84480f3cb99.dev
BASEFAMILY=610821ad-1052-48ad-98a9-da429901771d.fam
BLHA=28.49573132,113.43033310,334.786047,224.957371
TRANSFORMMATRIX=0.004820057,-0.999988383,0.000017123,0.000000000,0.999988383,0.004820058,0.000001989,0.000000000,-0.000002072,0.000017113,1.000000000,0.000000000,-12.908795376,108.921052675,22.275423604,1.000000000
ENTITYNAME=Wire_Device
