OBJECTMODELPOINTER=16d52a31-3573-4f93-a219-a2bfee6b92dd.dev
BASEFAMILY=610c9b19-140a-451f-a22e-c117254d86f3.fam
TRANSFORMMATRIX=-0.023249749,-0.103093851,-0.994400067,0.000000000,0.975498503,-0.220005191,-0.000001074,0.000000000,-0.218773109,-0.970035873,0.105682218,0.000000000,7.500000000,0.738000000,59.300000000,1.000000000
ENTITYNAME=Tower_Device
