OBJECTMODELPOINTER=33777c94-e4b9-4947-906f-f84480f3cb99.dev
BASEFAMILY=610d7ba4-89b5-4c37-b046-18fe4bbf3828.fam
BLHA=28.33182616,113.36613124,59.967362,296.260490
TRANSFORMMATRIX=-0.011176628,-0.999937539,0.000026180,0.000000000,0.999937540,-0.011176628,0.000001946,0.000000000,-0.000001654,0.000026200,1.000000000,0.000000000,-10.889865580,166.560065200,26.858288557,1.000000000
ENTITYNAME=Wire_Device
