OBJECTMODELPOINTER=33777c94-e4b9-4947-906f-f84480f3cb99.dev
BASEFAMILY=6111a768-809d-4f31-80bf-fd74b0382cb0.fam
BLHA=28.35190910,113.36144828,128.122186,278.143009
TRANSFORMMATRIX=0.000002527,-0.999999999,0.000045810,0.000000000,1.000000000,0.000002527,-0.000001652,0.000000000,0.000001651,0.000045810,0.999999999,0.000000000,10.330129959,290.913048074,15.428266776,1.000000000
ENTITYNAME=Wire_Device
