ENTITYNAME=WIRE
BASEFAMILY=611cf521-8d16-4102-8848-8736ae0291f1.fam
OBJECTMODELPOINTER=81b82497-164d-48c0-b1cb-18fa700dacdf.dev
KVALUE=0.000372
SPLIT=4
POINT0.BLHA=28.31294059,113.42646212,52.368,335.449580
POINT0.MATRIX0=-0.415493846,0.909595989,-0.000000000,0.000000000,-0.909595989,-0.415493846,0.000000000,0.000000000,-0.000000000,-0.000000000,1.000000000,0.000000000,7.348717306,0.130051566,39.866809432,1.000000000
POINT0.MATRIX1=-0.415493846,0.909595989,-0.000000000,0.000000000,-0.909595989,-0.415493846,0.000000000,0.000000000,-0.000000000,-0.000000000,1.000000000,0.000000000,7.535484421,0.130146046,40.330661361,1.000000000
POINT0.MATRIX2=-0.415493846,0.909595989,-0.000000000,0.000000000,-0.909595989,-0.415493846,0.000000000,0.000000000,-0.000000000,-0.000000000,1.000000000,0.000000000,7.071713300,0.130072284,40.517322128,1.000000000
POINT0.MATRIX3=-0.415493846,0.909595989,-0.000000000,0.000000000,-0.909595989,-0.415493846,0.000000000,0.000000000,-0.000000000,-0.000000000,1.000000000,0.000000000,6.884895465,0.130088838,40.053470200,1.000000000
POINT1.BLHA=28.31135450,113.43043530,49.303,335.449580
POINT1.MATRIX0=-0.415493846,0.909595989,-0.000000000,0.000000000,-0.909595989,-0.415493846,-0.000000000,0.000000000,-0.000000000,-0.000000000,1.000000000,0.000000000,7.348241959,-0.130093216,39.866815474,1.000000000
POINT1.MATRIX1=-0.415493846,0.909595989,-0.000000000,0.000000000,-0.909595989,-0.415493846,-0.000000000,0.000000000,-0.000000000,-0.000000000,1.000000000,0.000000000,7.535009074,-0.129998736,40.330667402,1.000000000
POINT1.MATRIX2=-0.415493846,0.909595989,-0.000000000,0.000000000,-0.909595989,-0.415493846,-0.000000000,0.000000000,-0.000000000,-0.000000000,1.000000000,0.000000000,7.071237952,-0.130072498,40.517328169,1.000000000
POINT1.MATRIX3=-0.415493846,0.909595989,-0.000000000,0.000000000,-0.909595989,-0.415493846,-0.000000000,0.000000000,-0.000000000,-0.000000000,1.000000000,0.000000000,6.884420117,-0.130055943,40.053476241,1.000000000
