OBJECTMODELPOINTER=33777c94-e4b9-4947-906f-f84480f3cb99.dev
BASEFAMILY=611ea740-871d-4da7-b12d-47c23068ba3e.fam
BLHA=28.50885387,113.46090739,244.701846,210.734491
TRANSFORMMATRIX=-0.000012979,-0.999999999,0.000029741,0.000000000,1.000000000,-0.000012979,0.000002069,0.000000000,-0.000002069,0.000029741,1.000000000,0.000000000,-12.721487665,189.556555434,35.401765217,1.000000000
ENTITYNAME=Wire_Device
