ENTITYNAME=WIRE
BASEFAMILY=612ad515-0941-4e71-b744-dba27821c408.fam
OBJECTMODELPOINTER=81b82497-164d-48c0-b1cb-18fa700dacdf.dev
KVALUE=0.000372
SPLIT=4
POINT0.BLHA=28.31135450,113.43043530,49.303,335.449580
POINT0.MATRIX0=-0.415493846,0.909595989,-0.000000000,0.000000000,-0.909595989,-0.415493846,-0.000000000,0.000000000,-0.000000000,-0.000000000,1.000000000,0.000000000,-9.335790924,0.129791199,51.416803267,1.000000000
POINT0.MATRIX1=-0.415493846,0.909595989,-0.000000000,0.000000000,-0.909595989,-0.415493846,-0.000000000,0.000000000,-0.000000000,-0.000000000,1.000000000,0.000000000,-9.149023808,0.129885679,51.880655196,1.000000000
POINT0.MATRIX2=-0.415493846,0.909595989,-0.000000000,0.000000000,-0.909595989,-0.415493846,-0.000000000,0.000000000,-0.000000000,-0.000000000,1.000000000,0.000000000,-9.612794931,0.129811918,52.067315962,1.000000000
POINT0.MATRIX3=-0.415493846,0.909595989,-0.000000000,0.000000000,-0.909595989,-0.415493846,-0.000000000,0.000000000,-0.000000000,-0.000000000,1.000000000,0.000000000,-9.799612764,0.129828471,51.603464034,1.000000000
POINT1.BLHA=28.30961923,113.43478171,54.753,501.227736
POINT1.MATRIX0=0.626226468,-0.779641207,-0.000000000,0.000000000,0.779641207,0.626226468,0.000000000,0.000000000,-0.000000000,0.000000000,1.000000000,0.000000000,8.751191321,8.985147495,45.291035189,1.000000000
POINT1.MATRIX1=0.626226468,-0.779641207,-0.000000000,0.000000000,0.779641207,0.626226468,0.000000000,0.000000000,-0.000000000,0.000000000,1.000000000,0.000000000,8.543916798,9.785885781,45.603230013,1.000000000
POINT1.MATRIX2=0.626226468,-0.779641207,-0.000000000,0.000000000,0.779641207,0.626226468,0.000000000,0.000000000,-0.000000000,0.000000000,1.000000000,0.000000000,9.030382526,9.910062141,45.603397860,1.000000000
POINT1.MATRIX3=0.626226468,-0.779641207,-0.000000000,0.000000000,0.779641207,0.626226468,0.000000000,0.000000000,-0.000000000,0.000000000,1.000000000,0.000000000,9.236089953,9.111274861,45.290760531,1.000000000
