OBJECTMODELPOINTER=13a78437-ad2c-452a-8fd1-0733d19ccb25.dev
BASEFAMILY=6138df47-b8ab-4ab7-8d97-4211d88f7aa2.fam
TRANSFORMMATRIX=1.000000000,0.000000000,0.000000000,0.000000000,0.000000000,1.000000000,0.000000000,0.000000000,0.000000000,0.000000000,1.000000000,0.000000000,-5.397073369,-5.397412778,-0.000000774,1.000000000
ENTITYNAME=Tower_Device
