OBJECTMODELPOINTER=33777c94-e4b9-4947-906f-f84480f3cb99.dev
BASEFAMILY=61423837-1927-46ef-bbec-f212fa9c5df4.fam
BLHA=28.27407839,113.47004129,94.944746,312.669055
TRANSFORMMATRIX=0.001806127,-0.999998368,0.000042346,0.000000000,0.999998369,0.001806127,0.000001562,0.000000000,-0.000001639,0.000042344,0.999999999,0.000000000,-11.137219891,269.545009851,23.608806473,1.000000000
ENTITYNAME=Wire_Device
