OBJECTMODELPOINTER=29d68559-c1bd-47d0-9d8d-6df603333f32.dev
BASEFAMILY=6145e70b-ea78-4db8-b3a3-b253c6436f60.fam
TRANSFORMMATRIX=0.000000414,0.999999987,-0.000000079,0.000000000,-1.000000013,-0.000000414,0.000001643,0.000000000,0.000000000,0.000000000,1.000000000,0.000000000,6.595000000,0.000000001,60.499999999,1.000000000
ENTITYNAME=Tower_Device
