OBJECTMODELPOINTER=88b756f6-adfb-4667-8f2c-0c3826b1998a.dev
BASEFAMILY=6153d4c7-e95e-4e79-a213-b2db2edf13e3.fam
TRANSFORMMATRIX=0.000000254,1.000000326,0.000000812,0.000000000,-0.999999674,-0.000000254,-0.000001430,0.000000000,-0.000000000,-0.000000000,1.000000000,0.000000000,-14.600000000,-0.400000000,67.300000000,1.000000000
ENTITYNAME=Tower_Device
