OBJECTMODELPOINTER=33777c94-e4b9-4947-906f-f84480f3cb99.dev
BASEFAMILY=615a158c-8d42-4362-a0e6-738289e5e964.fam
BLHA=28.72353047,113.45260943,123.369332,283.291091
TRANSFORMMATRIX=-0.000058006,-0.999999998,0.000005466,0.000000000,0.999999998,-0.000058006,0.000000023,0.000000000,-0.000000022,0.000005467,1.000000000,0.000000000,-0.182615092,34.718995111,41.504789624,1.000000000
ENTITYNAME=Wire_Device
