OBJECTMODELPOINTER=33777c94-e4b9-4947-906f-f84480f3cb99.dev
BASEFAMILY=61630a4c-278c-490f-a3bb-08f188f97dff.fam
BLHA=28.34247838,113.36303113,107.750676,278.143009
TRANSFORMMATRIX=-0.003123388,-0.999995122,0.000026452,0.000000000,0.999995122,-0.003123388,-0.000001739,0.000000000,0.000001823,0.000026447,1.000000000,0.000000000,11.505119753,167.943365455,10.822105123,1.000000000
ENTITYNAME=Wire_Device
