OBJECTMODELPOINTER=33777c94-e4b9-4947-906f-f84480f3cb99.dev
BASEFAMILY=6173d33c-3490-4923-b311-53e3a0059330.fam
BLHA=28.36995278,113.36656265,67.148041,253.042546
TRANSFORMMATRIX=-0.548508418,-0.836145032,0.000019031,0.000000000,0.836145032,-0.548508418,0.000000082,0.000000000,0.000010369,0.000015958,1.000000000,0.000000000,66.309888660,101.472743627,25.967787910,1.000000000
ENTITYNAME=Wire_Device
