OBJECTMODELPOINTER=2189c6a0-04d5-4509-aad5-b4998f40e7bc.dev
BASEFAMILY=617c665f-4b15-4da9-ac9b-a2335249a018.fam
TRANSFORMMATRIX=-0.999995155,0.003113111,-0.000000002,0.000000000,-0.003113111,-0.999995153,0.000000003,0.000000000,0.000000000,-0.000000000,1.000000000,0.000000000,-9.870000000,0.310000000,43.000000000,1.000000000
ENTITYNAME=Tower_Device
