ENTITYNAME=WIRE
BASEFAMILY=617f4ee7-da8f-4252-beaa-d323be8bf9c9.fam
OBJECTMODELPOINTER=81b82497-164d-48c0-b1cb-18fa700dacdf.dev
KVALUE=0.093613
SPLIT=4
POINT0.BLHA=28.50595381,113.45544189,275.038,205.493080
POINT0.MATRIX0=-0.430402079,-0.902637275,0.000000000,0.000000000,0.902637275,-0.430402079,0.000000000,0.000000000,0.000000000,0.000000000,1.000000000,0.000000000,8.365003102,-8.924724408,28.716278614,1.000000000
POINT0.MATRIX1=-0.430402079,-0.902637275,0.000000000,0.000000000,0.902637275,-0.430402079,0.000000000,0.000000000,0.000000000,0.000000000,1.000000000,0.000000000,8.417356587,-9.716988235,29.148083748,1.000000000
POINT0.MATRIX2=-0.430402079,-0.902637275,0.000000000,0.000000000,0.902637275,-0.430402079,0.000000000,0.000000000,0.000000000,0.000000000,1.000000000,0.000000000,7.920700028,-9.772146371,29.148054185,1.000000000
POINT0.MATRIX3=-0.430402079,-0.902637275,0.000000000,0.000000000,0.902637275,-0.430402079,0.000000000,0.000000000,0.000000000,0.000000000,1.000000000,0.000000000,7.868398980,-8.979772574,28.716293873,1.000000000
POINT1.BLHA=28.50595381,113.45544189,275.038,205.493080
POINT1.MATRIX0=-0.430402079,-0.902637275,0.000000000,0.000000000,0.902637275,-0.430402079,0.000000000,0.000000000,0.000000000,0.000000000,1.000000000,0.000000000,8.015046158,-0.000003016,25.789999844,1.000000000
POINT1.MATRIX1=-0.430402079,-0.902637275,0.000000000,0.000000000,0.902637275,-0.430402079,0.000000000,0.000000000,0.000000000,0.000000000,1.000000000,0.000000000,8.015046158,-0.000003016,26.239999832,1.000000000
POINT1.MATRIX2=-0.430402079,-0.902637275,0.000000000,0.000000000,0.902637275,-0.430402079,0.000000000,0.000000000,0.000000000,0.000000000,1.000000000,0.000000000,7.565046191,-0.000002841,26.239999832,1.000000000
POINT1.MATRIX3=-0.430402079,-0.902637275,0.000000000,0.000000000,0.902637275,-0.430402079,0.000000000,0.000000000,0.000000000,0.000000000,1.000000000,0.000000000,7.565046191,-0.000002841,25.789999844,1.000000000
