OBJECTMODELPOINTER=33777c94-e4b9-4947-906f-f84480f3cb99.dev
BASEFAMILY=6187a981-c01a-44de-97d4-87413acd79cc.fam
BLHA=28.28240757,113.45687165,86.867380,340.232800
TRANSFORMMATRIX=-0.002133046,-0.999997724,0.000040732,0.000000000,0.999997725,-0.002133046,-0.000001335,0.000000000,0.000001421,0.000040730,0.999999999,0.000000000,8.602931941,259.810285766,60.568288604,1.000000000
ENTITYNAME=Wire_Device
