OBJECTMODELPOINTER=33777c94-e4b9-4947-906f-f84480f3cb99.dev
BASEFAMILY=618c23e0-c5a0-4816-975a-a3de43b1d206.fam
BLHA=28.77883021,113.47993260,194.739259,236.227775
TRANSFORMMATRIX=0.004152314,-0.999991378,0.000049280,0.000000000,0.999991379,0.004152314,0.000002195,0.000000000,-0.000002399,0.000049270,0.999999999,0.000000000,-14.544031448,313.351898092,34.197794843,1.000000000
ENTITYNAME=Wire_Device
