OBJECTMODELPOINTER=33777c94-e4b9-4947-906f-f84480f3cb99.dev
BASEFAMILY=61903675-eaf9-499a-8b19-db2e5f92b5f0.fam
BLHA=28.33832123,113.36372877,73.392099,278.143009
TRANSFORMMATRIX=-0.017095970,-0.999853852,0.000039259,0.000000000,0.999853853,-0.017095970,0.000002269,0.000000000,-0.000001598,0.000039292,0.999999999,0.000000000,-10.380775680,249.534915997,29.552408135,1.000000000
ENTITYNAME=Wire_Device
