OBJECTMODELPOINTER=33777c94-e4b9-4947-906f-f84480f3cb99.dev
BASEFAMILY=619ab930-6c5e-43fe-92fc-d3b9f8ba9b37.fam
BLHA=28.26885822,113.47846971,85.176990,355.334735
TRANSFORMMATRIX=0.000028660,-0.999999998,0.000049813,0.000000000,1.000000000,0.000028660,0.000001476,0.000000000,-0.000001477,0.000049813,0.999999999,0.000000000,-9.514427949,317.952211097,26.432900971,1.000000000
ENTITYNAME=Wire_Device
