OBJECTMODELPOINTER=407a7af5-6911-4023-8d65-23f64d5185c8.dev
BASEFAMILY=619de8c7-81b8-4cc8-b242-39d192288ea5.fam
TRANSFORMMATRIX=0.000000162,-0.999999584,0.000001235,0.000000000,1.000000416,0.000000163,-0.000001084,0.000000000,0.000000000,-0.000000000,1.000000000,0.000000000,11.870000000,-0.600000000,39.000000000,1.000000000
ENTITYNAME=Tower_Device
