OBJECTMODELPOINTER=33777c94-e4b9-4947-906f-f84480f3cb99.dev
BASEFAMILY=61b96238-1fd3-472e-b1ec-93f0c4493e14.fam
BLHA=28.79327466,113.49529712,200.216421,221.400685
TRANSFORMMATRIX=-0.000012528,-1.000000000,0.000028792,0.000000000,1.000000000,-0.000012528,0.000002196,0.000000000,-0.000002196,0.000028791,1.000000000,0.000000000,-13.507862217,183.337051889,12.515791568,1.000000000
ENTITYNAME=Wire_Device
