OBJECTMODELPOINTER=4e9af763-39f8-4e7a-a98f-ad0d2d22f0bd.dev
BASEFAMILY=61c276c3-a1b6-4efc-861e-bfe665f5e080.fam
TRANSFORMMATRIX=-0.001414512,0.999999108,-0.000001637,0.000000000,-0.999998893,-0.001413701,0.000000107,0.000000000,-0.000000000,-0.000000000,1.000000000,0.000000000,-0.000000000,-0.000000000,57.000000000,1.000000000
ENTITYNAME=Tower_Device
