OBJECTMODELPOINTER=33777c94-e4b9-4947-906f-f84480f3cb99.dev
BASEFAMILY=61c5403c-10bd-4166-9c47-2717cdfc4800.fam
BLHA=28.50595381,113.45544189,275.037773,205.493080
TRANSFORMMATRIX=-0.091667044,-0.995789713,0.000028008,0.000000000,0.995789713,-0.091667044,-0.000000986,0.000000000,0.000003550,0.000027799,1.000000000,0.000000000,22.919660269,177.324785173,-29.261781442,1.000000000
ENTITYNAME=Wire_Device
