OBJECTMODELPOINTER=33777c94-e4b9-4947-906f-f84480f3cb99.dev
BASEFAMILY=61c7271c-2f0e-4db8-97f6-43898b6fad4b.fam
BLHA=28.58865070,113.47941927,287.208654,287.849619
TRANSFORMMATRIX=0.002243183,-0.999997483,0.000040966,0.000000000,0.999997484,0.002243183,0.000001975,0.000000000,-0.000002067,0.000040962,0.999999999,0.000000000,-13.581846339,260.267028278,8.049715834,1.000000000
ENTITYNAME=Wire_Device
