OBJECTMODELPOINTER=17e05595-3d70-4240-b14d-481ed518ba67.dev
BASEFAMILY=61d329e6-7b78-48e4-a92d-cb900f177b15.fam
TRANSFORMMATRIX=0.000000054,0.999999581,-0.000001131,0.000000000,-1.000000419,0.000000123,-0.000001188,0.000000000,0.000000000,-0.000000000,1.000000000,0.000000000,11.870000000,0.000000000,48.000000001,1.000000000
ENTITYNAME=Tower_Device
