ENTITYNAME=WIRE
BASEFAMILY=61dce1b0-408a-460d-8e74-bc99897be209.fam
OBJECTMODELPOINTER=81b82497-164d-48c0-b1cb-18fa700dacdf.dev
KVALUE=0.000000
SPLIT=4
POINT0.BLHA=28.26907527,113.47529619,67.191,514.001895
POINT0.MATRIX0=0.438341419,-0.898808545,-0.000000000,0.000000000,0.898808545,0.438341419,0.000000000,0.000000000,-0.000000000,0.000000000,1.000000000,0.000000000,8.616485852,0.001707949,31.789999271,1.000000000
POINT0.MATRIX1=0.438341419,-0.898808545,-0.000000000,0.000000000,0.898808545,0.438341419,0.000000000,0.000000000,-0.000000000,0.000000000,1.000000000,0.000000000,8.616485852,0.001707949,32.239999259,1.000000000
POINT0.MATRIX2=0.438341419,-0.898808545,-0.000000000,0.000000000,0.898808545,0.438341419,0.000000000,0.000000000,-0.000000000,0.000000000,1.000000000,0.000000000,9.066486025,0.001707961,32.239999259,1.000000000
POINT0.MATRIX3=0.438341419,-0.898808545,-0.000000000,0.000000000,0.898808545,0.438341419,0.000000000,0.000000000,-0.000000000,0.000000000,1.000000000,0.000000000,9.066486025,0.001707961,31.789999271,1.000000000
POINT1.BLHA=28.26907527,113.47529619,67.191,514.001895
POINT1.MATRIX0=0.438341419,-0.898808545,-0.000000000,0.000000000,0.898808545,0.438341419,0.000000000,0.000000000,-0.000000000,0.000000000,1.000000000,0.000000000,8.616485893,-0.000292096,31.789999271,1.000000000
POINT1.MATRIX1=0.438341419,-0.898808545,-0.000000000,0.000000000,0.898808545,0.438341419,0.000000000,0.000000000,-0.000000000,0.000000000,1.000000000,0.000000000,8.616485894,-0.000292096,32.239999259,1.000000000
POINT1.MATRIX2=0.438341419,-0.898808545,-0.000000000,0.000000000,0.898808545,0.438341419,0.000000000,0.000000000,-0.000000000,0.000000000,1.000000000,0.000000000,9.066485853,-0.000292189,32.239999259,1.000000000
POINT1.MATRIX3=0.438341419,-0.898808545,-0.000000000,0.000000000,0.898808545,0.438341419,0.000000000,0.000000000,-0.000000000,0.000000000,1.000000000,0.000000000,9.066485853,-0.000292189,31.789999271,1.000000000
