OBJECTMODELPOINTER=33777c94-e4b9-4947-906f-f84480f3cb99.dev
BASEFAMILY=61df4655-3fb2-4602-9a26-6a3d55dfdd1e.fam
BLHA=28.52807252,113.49714509,416.575795,210.734491
TRANSFORMMATRIX=-0.000023200,-0.999999999,0.000049257,0.000000000,1.000000000,-0.000023200,0.000000321,0.000000000,-0.000000320,0.000049257,0.999999999,0.000000000,-1.316006662,313.998337908,-0.299558796,1.000000000
ENTITYNAME=Wire_Device
