OBJECTMODELPOINTER=33777c94-e4b9-4947-906f-f84480f3cb99.dev
BASEFAMILY=61f23886-a111-49e9-a5a3-36e2601f2ffd.fam
BLHA=28.32529000,113.37096013,66.626202,509.137564
TRANSFORMMATRIX=-0.369915384,0.929065449,0.000027356,0.000000000,-0.929065449,-0.369915384,0.000000246,0.000000000,0.000010348,-0.000025325,1.000000000,0.000000000,66.168055222,-161.576102299,38.058131665,1.000000000
ENTITYNAME=Wire_Device
