OBJECTMODELPOINTER=33777c94-e4b9-4947-906f-f84480f3cb99.dev
BASEFAMILY=620b0f72-47d9-413b-805e-7f114ee331ae.fam
BLHA=28.49878841,113.43376617,260.859889,392.604520
TRANSFORMMATRIX=-0.209918216,0.977718948,0.000034998,0.000000000,-0.977718949,-0.209918216,0.000000426,0.000000000,0.000007763,-0.000034129,0.999999999,0.000000000,48.860016813,-217.413096901,67.111533501,1.000000000
ENTITYNAME=Wire_Device
