OBJECTMODELPOINTER=33777c94-e4b9-4947-906f-f84480f3cb99.dev
BASEFAMILY=62120b5b-5684-456f-99a5-ab1b73a8323d.fam
BLHA=28.28492071,113.44885804,59.682173,504.180323
TRANSFORMMATRIX=-0.187114800,0.982338054,0.000001015,0.000000000,-0.982338054,-0.187114800,0.000001767,0.000000000,0.000001926,-0.000000666,1.000000000,0.000000000,12.258156949,-4.274618687,42.419458942,1.000000000
ENTITYNAME=Wire_Device
