OBJECTMODELPOINTER=0e312739-8609-4a3d-966c-75d05d59356d.dev
BASEFAMILY=6215cdb4-2862-44c6-902a-61af2488d39b.fam
TRANSFORMMATRIX=-0.000000000,1.000000000,-0.000000000,0.000000000,-1.000000000,-0.000000000,0.000000000,0.000000000,0.000000000,-0.000000000,1.000000000,0.000000000,5.397323443,-5.397709070,-0.000003339,1.000000000
ENTITYNAME=Tower_Device
