ENTITYNAME=WIRE
BASEFAMILY=62225622-ec74-410f-b557-13640817600c.fam
OBJECTMODELPOINTER=81b82497-164d-48c0-b1cb-18fa700dacdf.dev
KVALUE=0.000000
SPLIT=4
POINT0.BLHA=28.59994740,113.47379389,183.494,294.633001
POINT0.MATRIX0=-0.908996188,0.416804426,-0.000000000,0.000000000,-0.416804426,-0.908996188,0.000000000,0.000000000,0.000000000,-0.000000000,1.000000000,0.000000000,-13.094870633,-0.000061490,55.000001358,1.000000000
POINT0.MATRIX1=-0.908996188,0.416804426,-0.000000000,0.000000000,-0.416804426,-0.908996188,0.000000000,0.000000000,0.000000000,-0.000000000,1.000000000,0.000000000,-13.094870633,-0.000061490,55.449998306,1.000000000
POINT0.MATRIX2=-0.908996188,0.416804426,-0.000000000,0.000000000,-0.416804426,-0.908996188,0.000000000,0.000000000,0.000000000,-0.000000000,1.000000000,0.000000000,-13.544964239,0.000049630,55.449998306,1.000000000
POINT0.MATRIX3=-0.908996188,0.416804426,-0.000000000,0.000000000,-0.416804426,-0.908996188,0.000000000,0.000000000,0.000000000,-0.000000000,1.000000000,0.000000000,-13.544964240,0.000049629,55.000001358,1.000000000
POINT1.BLHA=28.59994740,113.47379389,183.494,294.633001
POINT1.MATRIX0=-0.908996188,0.416804426,-0.000000000,0.000000000,-0.416804426,-0.908996188,0.000000000,0.000000000,0.000000000,-0.000000000,1.000000000,0.000000000,-13.094757729,0.109938490,55.000001358,1.000000000
POINT1.MATRIX1=-0.908996188,0.416804426,-0.000000000,0.000000000,-0.416804426,-0.908996188,0.000000000,0.000000000,0.000000000,-0.000000000,1.000000000,0.000000000,-13.094757729,0.109938490,55.449998306,1.000000000
POINT1.MATRIX2=-0.908996188,0.416804426,-0.000000000,0.000000000,-0.416804426,-0.908996188,0.000000000,0.000000000,0.000000000,-0.000000000,1.000000000,0.000000000,-13.544851336,0.110049610,55.449998306,1.000000000
POINT1.MATRIX3=-0.908996188,0.416804426,-0.000000000,0.000000000,-0.416804426,-0.908996188,0.000000000,0.000000000,0.000000000,-0.000000000,1.000000000,0.000000000,-13.544851336,0.110049610,55.000001358,1.000000000
