OBJECTMODELPOINTER=4289f0b5-a351-4fd3-bbc3-5273ef058f0f.dev
BASEFAMILY=6224dc2c-6978-44cf-a092-4fa5baf37b3d.fam
TRANSFORMMATRIX=-0.008521873,-0.026706345,-0.999607173,0.000000000,0.952686366,-0.303954500,0.000001137,0.000000000,-0.303835486,-0.952311999,0.028033072,0.000000000,12.499999999,0.400000000,61.300000000,1.000000000
ENTITYNAME=Tower_Device
