OBJECTMODELPOINTER=6c644a40-6dcb-4d47-bd8a-3fc440e76fc7.dev
BASEFAMILY=622f1460-e4d0-4d44-ab57-bb48ecdddd51.fam
TRANSFORMMATRIX=-0.999999650,-0.000836537,0.000000001,0.000000000,0.000836537,-0.999999650,-0.000000000,0.000000000,0.000000000,-0.000000000,1.000000000,0.000000000,11.320000000,0.000000000,64.000000001,1.000000000
ENTITYNAME=Tower_Device
