OBJECTMODELPOINTER=33777c94-e4b9-4947-906f-f84480f3cb99.dev
BASEFAMILY=6233c9d9-719e-4d70-a9fc-35e85fe2cbbc.fam
BLHA=28.32854622,113.36798434,68.151851,482.460958
TRANSFORMMATRIX=0.656395566,0.754416901,0.000000290,0.000000000,-0.754416901,0.656395566,0.000001300,0.000000000,0.000000790,-0.000001072,1.000000000,0.000000000,5.052038889,-6.828233561,35.650122586,1.000000000
ENTITYNAME=Wire_Device
