OBJECTMODELPOINTER=33777c94-e4b9-4947-906f-f84480f3cb99.dev
BASEFAMILY=6239705b-56f9-4896-980e-eeb3fbd02a42.fam
BLHA=28.56335436,113.50003182,213.977894,312.996987
TRANSFORMMATRIX=0.009222555,-0.999957471,0.000025752,0.000000000,0.999957471,0.009222555,-0.000001959,0.000000000,0.000001721,0.000025768,1.000000000,0.000000000,10.536690692,164.007161953,30.615361414,1.000000000
ENTITYNAME=Wire_Device
