OBJECTMODELPOINTER=860a7b6a-8555-49db-bb91-781e0a5c449b.dev
BASEFAMILY=6244e0c5-b17e-4cf9-a636-dc615d28203a.fam
TRANSFORMMATRIX=0.741260570,-0.548757318,-0.386520282,0.000000000,0.393701508,-0.110928120,0.912520860,0.000000000,-0.543628844,-0.828589092,0.133820013,0.000000000,1.469277109,1.469277108,37.000000001,1.000000000
ENTITYNAME=Tower_Device
