OBJECTMODELPOINTER=33777c94-e4b9-4947-906f-f84480f3cb99.dev
BASEFAMILY=6246a8b0-1ffa-4216-814c-e9d0a3614fee.fam
BLHA=28.70879307,113.45409149,169.216562,451.156517
TRANSFORMMATRIX=-0.128658952,0.991688900,0.000018460,0.000000000,-0.991688900,-0.128658952,0.000001216,0.000000000,0.000003581,-0.000018150,1.000000000,0.000000000,22.870918954,-115.261041613,29.064618025,1.000000000
ENTITYNAME=Wire_Device
