OBJECTMODELPOINTER=33777c94-e4b9-4947-906f-f84480f3cb99.dev
BASEFAMILY=624a99da-314a-4d8e-bb12-f47c75837e0c.fam
BLHA=28.28912608,113.44509395,57.000023,477.961117
TRANSFORMMATRIX=-0.174362019,0.984681616,0.000029677,0.000000000,-0.984681617,-0.174362020,0.000001753,0.000000000,0.000006900,-0.000028916,1.000000000,0.000000000,44.391968810,-183.924461593,45.733089081,1.000000000
ENTITYNAME=Wire_Device
