OBJECTMODELPOINTER=33777c94-e4b9-4947-906f-f84480f3cb99.dev
BASEFAMILY=624d21d9-c4f2-477b-9c34-34acd367a286.fam
BLHA=28.70605444,113.45451077,165.912680,277.425083
TRANSFORMMATRIX=0.002581632,-0.999996668,0.000005327,0.000000000,0.999996668,0.002581632,-0.000002066,0.000000000,0.000002052,0.000005333,1.000000000,0.000000000,13.077851891,33.858130375,43.264473613,1.000000000
ENTITYNAME=Wire_Device
