OBJECTMODELPOINTER=33777c94-e4b9-4947-906f-f84480f3cb99.dev
BASEFAMILY=624fa589-077e-4d02-80e3-f6f4173dca13.fam
BLHA=28.56585701,113.49736639,238.961591,312.996987
TRANSFORMMATRIX=0.000009451,-1.000000000,0.000025123,0.000000000,1.000000000,0.000009451,0.000000040,0.000000000,-0.000000040,0.000025123,1.000000000,0.000000000,-0.670925019,159.924844676,24.877421129,1.000000000
ENTITYNAME=Wire_Device
