ENTITYNAME=WIRE
BASEFAMILY=62700d01-49ae-4097-837d-de2ea194a983.fam
OBJECTMODELPOINTER=81b82497-164d-48c0-b1cb-18fa700dacdf.dev
KVALUE=0.000000
SPLIT=4
POINT0.BLHA=28.46166988,113.39860583,270.673,242.026912
POINT0.MATRIX0=-0.883168008,-0.469056788,0.000000000,0.000000000,0.469056788,-0.883168008,0.000000000,0.000000000,0.000000000,-0.000000000,1.000000000,0.000000000,12.955337853,0.480050964,28.741100955,1.000000000
POINT0.MATRIX1=-0.883168008,-0.469056788,0.000000000,0.000000000,0.469056788,-0.883168008,0.000000000,0.000000000,0.000000000,-0.000000000,1.000000000,0.000000000,12.955337853,0.480050964,29.191101718,1.000000000
POINT0.MATRIX2=-0.883168008,-0.469056788,0.000000000,0.000000000,0.469056788,-0.883168008,0.000000000,0.000000000,0.000000000,-0.000000000,1.000000000,0.000000000,12.505371393,0.479912452,29.191101719,1.000000000
POINT0.MATRIX3=-0.883168008,-0.469056788,0.000000000,0.000000000,0.469056788,-0.883168008,0.000000000,0.000000000,0.000000000,-0.000000000,1.000000000,0.000000000,12.505371393,0.479912452,28.741100956,1.000000000
POINT1.BLHA=28.46166988,113.39860583,270.673,242.026912
POINT1.MATRIX0=-0.883168008,-0.469056788,0.000000000,0.000000000,0.469056788,-0.883168008,0.000000000,0.000000000,0.000000000,-0.000000000,1.000000000,0.000000000,12.955156120,0.600050832,28.741100955,1.000000000
POINT1.MATRIX1=-0.883168008,-0.469056788,0.000000000,0.000000000,0.469056788,-0.883168008,0.000000000,0.000000000,0.000000000,-0.000000000,1.000000000,0.000000000,12.955156120,0.600050833,29.191101718,1.000000000
POINT1.MATRIX2=-0.883168008,-0.469056788,0.000000000,0.000000000,0.469056788,-0.883168008,0.000000000,0.000000000,0.000000000,-0.000000000,1.000000000,0.000000000,12.505189670,0.599912334,29.191101719,1.000000000
POINT1.MATRIX3=-0.883168008,-0.469056788,0.000000000,0.000000000,0.469056788,-0.883168008,0.000000000,0.000000000,0.000000000,-0.000000000,1.000000000,0.000000000,12.505189670,0.599912334,28.741100956,1.000000000
