OBJECTMODELPOINTER=33777c94-e4b9-4947-906f-f84480f3cb99.dev
BASEFAMILY=6276dfa8-32d7-4be0-9a68-6477d02d0678.fam
BLHA=28.28492071,113.44885804,59.682173,504.180323
TRANSFORMMATRIX=-0.275885527,0.961190499,0.000016877,0.000000000,-0.961190499,-0.275885527,0.000001151,0.000000000,0.000005763,-0.000015904,1.000000000,0.000000000,36.907270134,-101.429493830,50.635293142,1.000000000
ENTITYNAME=Wire_Device
