OBJECTMODELPOINTER=0e312739-8609-4a3d-966c-75d05d59356d.dev
BASEFAMILY=628e7fc7-65df-4be6-b978-142876976932.fam
TRANSFORMMATRIX=-1.000000000,0.000000000,0.000000000,0.000000000,-0.000000000,-1.000000000,-0.000000000,0.000000000,0.000000000,-0.000000000,1.000000000,0.000000000,5.067153782,5.066944908,0.000003177,1.000000000
ENTITYNAME=Tower_Device
