OBJECTMODELPOINTER=33777c94-e4b9-4947-906f-f84480f3cb99.dev
BASEFAMILY=629003c4-2183-4e06-b66b-002c419a54ca.fam
BLHA=28.31470596,113.39701913,83.588909,4.996372
TRANSFORMMATRIX=0.002714644,-0.999996314,0.000045351,0.000000000,0.999996315,0.002714644,0.000001530,0.000000000,-0.000001653,0.000045346,0.999999999,0.000000000,-10.367283176,289.430610582,25.038688986,1.000000000
ENTITYNAME=Wire_Device
