ENTITYNAME=WIRE
BASEFAMILY=629acc69-d13c-4dc6-8980-3918a9b5c3ad.fam
OBJECTMODELPOINTER=31970f28-780e-4bf1-8adb-439f78c329a3.dev
KVALUE=0.000233
SPLIT=1
POINT0.BLHA=28.49878841,113.43376617,260.860,392.604520
POINT0.MATRIX0=0.538837238,0.842409895,0.000000000,0.000000000,-0.842409895,0.538837238,-0.000000000,0.000000000,0.000000000,-0.000000000,1.000000000,0.000000000,-5.868071817,-1.548314955,44.067067106,1.000000000
POINT1.BLHA=28.49713910,113.43191399,298.003,224.957371
POINT1.MATRIX0=-0.706580481,-0.707632690,-0.000000000,0.000000000,0.707632690,-0.706580481,-0.000000000,0.000000000,-0.000000000,-0.000000000,1.000000000,0.000000000,9.874586036,-0.619934117,48.557999697,1.000000000
