OBJECTMODELPOINTER=33777c94-e4b9-4947-906f-f84480f3cb99.dev
BASEFAMILY=62a4d393-756c-4acf-aea9-796d7cb113cc.fam
BLHA=28.49972812,113.43660808,222.066271,200.251669
TRANSFORMMATRIX=-0.021096967,-0.999777434,0.000016144,0.000000000,0.999777434,-0.021096967,0.000002201,0.000000000,-0.000001859,0.000016187,1.000000000,0.000000000,-11.643170175,103.242352705,55.072756637,1.000000000
ENTITYNAME=Wire_Device
