OBJECTMODELPOINTER=33777c94-e4b9-4947-906f-f84480f3cb99.dev
BASEFAMILY=62a78734-e840-4aa3-a94b-e9e1d4b8b38a.fam
BLHA=28.49379582,113.42815973,297.068153,224.957371
TRANSFORMMATRIX=-0.000026551,-0.999999997,0.000068847,0.000000000,1.000000000,-0.000026551,0.000000512,0.000000000,-0.000000511,0.000068847,0.999999998,0.000000000,-2.112384029,438.325903386,-7.768223253,1.000000000
ENTITYNAME=Wire_Device
