OBJECTMODELPOINTER=33777c94-e4b9-4947-906f-f84480f3cb99.dev
BASEFAMILY=62a993d6-63f3-408e-9404-48fddeb3e0d5.fam
BLHA=28.66573943,113.46033717,166.408962,277.610658
TRANSFORMMATRIX=0.000000283,-1.000000000,0.000005854,0.000000000,1.000000000,0.000000283,0.000000022,0.000000000,-0.000000023,0.000005854,1.000000000,0.000000000,-0.168051458,37.177942507,35.287116503,1.000000000
ENTITYNAME=Wire_Device
