OBJECTMODELPOINTER=33777c94-e4b9-4947-906f-f84480f3cb99.dev
BASEFAMILY=62abd9ae-2875-4f8a-b443-550f82161230.fam
BLHA=28.71973492,113.45364743,163.020408,283.291091
TRANSFORMMATRIX=-0.009350988,-0.999956278,0.000029998,0.000000000,0.999956279,-0.009350988,0.000001964,0.000000000,-0.000001684,0.000030015,1.000000000,0.000000000,-10.966840675,190.667584285,21.869859238,1.000000000
ENTITYNAME=Wire_Device
