ENTITYNAME=WIRE
BASEFAMILY=62bad83d-53ce-4903-b06c-4ab067b86bf0.fam
OBJECTMODELPOINTER=81b82497-164d-48c0-b1cb-18fa700dacdf.dev
KVALUE=0.000000
SPLIT=4
POINT0.BLHA=28.60915768,113.46895250,187.941,294.633001
POINT0.MATRIX0=-0.908996188,0.416804426,-0.000000000,0.000000000,-0.416804426,-0.908996188,0.000000000,0.000000000,-0.000000000,-0.000000000,1.000000000,0.000000000,0.224972644,0.000510766,58.000003758,1.000000000
POINT0.MATRIX1=-0.908996188,0.416804426,-0.000000000,0.000000000,-0.416804426,-0.908996188,0.000000000,0.000000000,-0.000000000,-0.000000000,1.000000000,0.000000000,0.224972643,0.000510766,58.450000468,1.000000000
POINT0.MATRIX2=-0.908996188,0.416804426,-0.000000000,0.000000000,-0.416804426,-0.908996188,0.000000000,0.000000000,-0.000000000,-0.000000000,1.000000000,0.000000000,-0.225084152,-0.000469324,58.450000469,1.000000000
POINT0.MATRIX3=-0.908996188,0.416804426,-0.000000000,0.000000000,-0.416804426,-0.908996188,0.000000000,0.000000000,-0.000000000,-0.000000000,1.000000000,0.000000000,-0.225084151,-0.000469324,58.000003759,1.000000000
POINT1.BLHA=28.60915768,113.46895250,187.941,294.633001
POINT1.MATRIX0=-0.908996188,0.416804426,-0.000000000,0.000000000,-0.416804426,-0.908996188,0.000000000,0.000000000,-0.000000000,-0.000000000,1.000000000,0.000000000,0.224832975,0.110509053,58.000003758,1.000000000
POINT1.MATRIX1=-0.908996188,0.416804426,-0.000000000,0.000000000,-0.416804426,-0.908996188,0.000000000,0.000000000,-0.000000000,-0.000000000,1.000000000,0.000000000,0.224832975,0.110509053,58.450000468,1.000000000
POINT1.MATRIX2=-0.908996188,0.416804426,-0.000000000,0.000000000,-0.416804426,-0.908996188,0.000000000,0.000000000,-0.000000000,-0.000000000,1.000000000,0.000000000,-0.225223821,0.109528963,58.450000469,1.000000000
POINT1.MATRIX3=-0.908996188,0.416804426,-0.000000000,0.000000000,-0.416804426,-0.908996188,0.000000000,0.000000000,-0.000000000,-0.000000000,1.000000000,0.000000000,-0.225223820,0.109528963,58.000003759,1.000000000
