OBJECTMODELPOINTER=33777c94-e4b9-4947-906f-f84480f3cb99.dev
BASEFAMILY=62c44322-df29-48b2-8797-1793f25d44bb.fam
BLHA=28.51284150,113.46842369,376.044241,210.734491
TRANSFORMMATRIX=-0.005940717,-0.999982354,0.000019777,0.000000000,0.999982354,-0.005940717,0.000000133,0.000000000,-0.000000016,0.000019778,1.000000000,0.000000000,0.188691438,126.075684683,-20.391844331,1.000000000
ENTITYNAME=Wire_Device
