OBJECTMODELPOINTER=33777c94-e4b9-4947-906f-f84480f3cb99.dev
BASEFAMILY=62d2a449-cbf5-4e8c-a481-1736db0757cb.fam
BLHA=28.26907527,113.47529619,67.190721,514.001895
TRANSFORMMATRIX=-0.365798504,0.930694071,0.000007689,0.000000000,-0.930694071,-0.365798504,0.000001206,0.000000000,0.000003936,-0.000006715,1.000000000,0.000000000,25.102666755,-42.867288663,36.644806151,1.000000000
ENTITYNAME=Wire_Device
