OBJECTMODELPOINTER=33777c94-e4b9-4947-906f-f84480f3cb99.dev
BASEFAMILY=62d75e1b-db33-47fb-bbe7-9ab67ae7e3d2.fam
BLHA=28.40337100,113.37122865,129.378598,254.006183
TRANSFORMMATRIX=-0.011882201,-0.999929404,0.000027111,0.000000000,0.999929404,-0.011882201,0.000002267,0.000000000,-0.000001946,0.000027136,1.000000000,0.000000000,-12.173059452,172.366080051,40.096143313,1.000000000
ENTITYNAME=Wire_Device
