OBJECTMODELPOINTER=823c0920-c0fe-4d1b-952e-831b452f533d.dev
BASEFAMILY=62decfe2-7b56-4972-98b4-6029ded195aa.fam
TRANSFORMMATRIX=0.000000412,0.999999958,-0.000000020,0.000000000,-1.000000042,-0.000000412,0.000001645,0.000000000,0.000000000,0.000000000,1.000000000,0.000000000,11.305000000,0.000000001,47.000000000,1.000000000
ENTITYNAME=Tower_Device
