OBJECTMODELPOINTER=33777c94-e4b9-4947-906f-f84480f3cb99.dev
BASEFAMILY=62f2eeb2-6f9b-46d3-8af0-a8b51ee3b71c.fam
BLHA=28.72596649,113.45194319,126.516960,450.796525
TRANSFORMMATRIX=0.026941427,0.999637014,-0.000000146,0.000000000,-0.999637014,0.026941427,0.000001479,0.000000000,0.000001483,0.000000107,1.000000000,0.000000000,9.462298304,0.675204060,25.402067487,1.000000000
ENTITYNAME=Wire_Device
