OBJECTMODELPOINTER=33777c94-e4b9-4947-906f-f84480f3cb99.dev
BASEFAMILY=62f82d0c-67be-4805-8445-ec5605c817fa.fam
BLHA=28.26907527,113.47529619,67.190721,514.001895
TRANSFORMMATRIX=-0.370282683,0.928919122,0.000016313,0.000000000,-0.928919122,-0.370282683,-0.000001369,0.000000000,0.000004769,-0.000015660,1.000000000,0.000000000,30.517305297,-99.921924616,63.215484673,1.000000000
ENTITYNAME=Wire_Device
