OBJECTMODELPOINTER=33777c94-e4b9-4947-906f-f84480f3cb99.dev
BASEFAMILY=630686d1-e4c0-45eb-bf82-5ab8bb25bf97.fam
BLHA=28.44959265,113.39143584,231.811382,242.026912
TRANSFORMMATRIX=-0.004919071,-0.999987901,0.000040130,0.000000000,0.999987901,-0.004919071,-0.000001571,0.000000000,0.000001769,0.000040122,0.999999999,0.000000000,11.826831408,255.094944988,76.779309817,1.000000000
ENTITYNAME=Wire_Device
