OBJECTMODELPOINTER=87ffcb18-6c8d-4150-856a-3a17feca0888.dev
BASEFAMILY=63116925-be54-4be9-aa13-0f4459e1ab2c.fam
TRANSFORMMATRIX=-0.004852284,0.999987861,-0.000000748,0.000000000,-0.999988593,-0.004852682,-0.000001458,0.000000000,0.000000000,-0.000000000,1.000000000,0.000000000,11.870000000,0.000000001,45.000000000,1.000000000
ENTITYNAME=Tower_Device
