ENTITYNAME=WIRE
BASEFAMILY=631a5655-df79-4ffc-a1e1-bae42857c4f0.fam
OBJECTMODELPOINTER=81b82497-164d-48c0-b1cb-18fa700dacdf.dev
KVALUE=0.124297
SPLIT=4
POINT0.BLHA=28.61307891,113.46689101,233.449,464.034761
POINT0.MATRIX0=0.970148776,-0.242510520,-0.000000000,0.000000000,0.242510520,0.970148776,-0.000000000,0.000000000,0.000000000,0.000000000,1.000000000,0.000000000,7.275137198,-3.999791948,38.790000558,1.000000000
POINT0.MATRIX1=0.970148776,-0.242510520,-0.000000000,0.000000000,0.242510520,0.970148776,-0.000000000,0.000000000,0.000000000,0.000000000,1.000000000,0.000000000,7.275137199,-3.999791949,39.240000606,1.000000000
POINT0.MATRIX2=0.970148776,-0.242510520,-0.000000000,0.000000000,0.242510520,0.970148776,-0.000000000,0.000000000,0.000000000,0.000000000,1.000000000,0.000000000,7.725137182,-3.999792013,39.240000605,1.000000000
POINT0.MATRIX3=0.970148776,-0.242510520,-0.000000000,0.000000000,0.242510520,0.970148776,-0.000000000,0.000000000,0.000000000,0.000000000,1.000000000,0.000000000,7.725137182,-3.999792013,38.790000558,1.000000000
POINT1.BLHA=28.61307891,113.46689101,233.449,464.034761
POINT1.MATRIX0=0.970148776,-0.242510520,-0.000000000,0.000000000,0.242510520,0.970148776,-0.000000000,0.000000000,0.000000000,0.000000000,1.000000000,0.000000000,3.080702838,-9.830653975,34.855925023,1.000000000
POINT1.MATRIX1=0.970148776,-0.242510520,-0.000000000,0.000000000,0.242510520,0.970148776,-0.000000000,0.000000000,0.000000000,0.000000000,1.000000000,0.000000000,2.778449876,-9.266993188,35.494698032,1.000000000
POINT1.MATRIX2=0.970148776,-0.242510520,-0.000000000,0.000000000,0.242510520,0.970148776,-0.000000000,0.000000000,0.000000000,0.000000000,1.000000000,0.000000000,3.252506170,-9.213867041,35.644627094,1.000000000
POINT1.MATRIX3=0.970148776,-0.242510520,-0.000000000,0.000000000,0.242510520,0.970148776,-0.000000000,0.000000000,0.000000000,0.000000000,1.000000000,0.000000000,3.554759190,-9.777527841,35.005854070,1.000000000
