OBJECTMODELPOINTER=33777c94-e4b9-4947-906f-f84480f3cb99.dev
BASEFAMILY=631ff827-e65c-402d-9b3d-488325b57328.fam
BLHA=28.64054809,113.46428400,121.846877,277.610658
TRANSFORMMATRIX=0.002773118,-0.999996153,0.000066013,0.000000000,0.999996155,0.002773118,-0.000001839,0.000000000,0.000001656,0.000066018,0.999999998,0.000000000,10.280566251,419.261360379,45.933121582,1.000000000
ENTITYNAME=Wire_Device
