OBJECTMODELPOINTER=33777c94-e4b9-4947-906f-f84480f3cb99.dev
BASEFAMILY=63223852-e3de-4512-959f-cf8475b07f3c.fam
BLHA=28.71274605,113.45447194,199.234978,264.887951
TRANSFORMMATRIX=0.009807051,-0.999951909,0.000028478,0.000000000,0.999951910,0.009807051,-0.000001718,0.000000000,0.000001439,0.000028494,1.000000000,0.000000000,9.268890749,180.954895271,2.605388646,1.000000000
ENTITYNAME=Wire_Device
