OBJECTMODELPOINTER=33777c94-e4b9-4947-906f-f84480f3cb99.dev
BASEFAMILY=632692e5-5faf-400a-b95f-4a6c601191dd.fam
BLHA=28.77096466,113.47401910,153.559218,236.227775
TRANSFORMMATRIX=-0.000022926,-0.999999997,0.000073297,0.000000000,1.000000000,-0.000022926,0.000000504,0.000000000,-0.000000502,0.000073297,0.999999997,0.000000000,-2.084713879,466.200733982,11.140205498,1.000000000
ENTITYNAME=Wire_Device
