OBJECTMODELPOINTER=9ed072f0-13e4-448f-8bf3-bb997606d05c.dev
BASEFAMILY=6326f2cd-3792-420a-b20d-d375e83ab2df.fam
TRANSFORMMATRIX=-1.000000000,0.000000060,-0.000000000,0.000000000,-0.000000060,-1.000000000,0.000000000,0.000000000,-0.000000000,0.000000000,1.000000000,0.000000000,-9.870000000,-0.310000000,46.000000000,1.000000000
ENTITYNAME=Tower_Device
