OBJECTMODELPOINTER=33777c94-e4b9-4947-906f-f84480f3cb99.dev
BASEFAMILY=6334ca0e-b5db-40f7-9f4a-629b3cee2a68.fam
BLHA=28.50469488,113.45163258,174.515783,200.251669
TRANSFORMMATRIX=-0.011336430,-0.999935740,0.000040795,0.000000000,0.999935741,-0.011336430,-0.000000924,0.000000000,0.000001386,0.000040782,0.999999999,0.000000000,9.244728295,260.170250856,16.545436686,1.000000000
ENTITYNAME=Wire_Device
