OBJECTMODELPOINTER=33777c94-e4b9-4947-906f-f84480f3cb99.dev
BASEFAMILY=6339a190-3311-4b64-8458-2581e8e003c4.fam
BLHA=28.31294059,113.42646212,52.368358,335.449580
TRANSFORMMATRIX=0.000015161,-0.999999999,0.000028150,0.000000000,1.000000000,0.000015161,0.000001136,0.000000000,-0.000001137,0.000028150,1.000000000,0.000000000,-7.578108986,179.535146492,46.821180066,1.000000000
ENTITYNAME=Wire_Device
