OBJECTMODELPOINTER=33777c94-e4b9-4947-906f-f84480f3cb99.dev
BASEFAMILY=63397596-4ac3-4e77-95e4-31a88029aedd.fam
BLHA=28.52041531,113.48270330,362.655379,210.734491
TRANSFORMMATRIX=-0.000005001,-1.000000000,0.000004996,0.000000000,1.000000000,-0.000005001,-0.000001834,0.000000000,0.000001834,0.000004996,1.000000000,0.000000000,11.732647833,31.872092175,41.578225093,1.000000000
ENTITYNAME=Wire_Device
