OBJECTMODELPOINTER=33777c94-e4b9-4947-906f-f84480f3cb99.dev
BASEFAMILY=63567365-d40f-44cb-9d21-582da15b0f12.fam
BLHA=28.29768818,113.44194006,79.179744,287.794387
TRANSFORMMATRIX=-0.002217776,-0.999997540,0.000030394,0.000000000,0.999997541,-0.002217776,0.000001684,0.000000000,-0.000001616,0.000030398,1.000000000,0.000000000,-10.606984971,193.132880978,33.191363711,1.000000000
ENTITYNAME=Wire_Device
