OBJECTMODELPOINTER=33777c94-e4b9-4947-906f-f84480f3cb99.dev
BASEFAMILY=6365b201-b06a-4129-a8c9-25b50fb81788.fam
BLHA=28.69273331,113.45654991,185.538391,277.425083
TRANSFORMMATRIX=-0.004093792,-0.999991620,0.000040177,0.000000000,0.999991620,-0.004093792,-0.000001703,0.000000000,0.000001868,0.000040170,0.999999999,0.000000000,11.752444134,255.102995259,25.654687509,1.000000000
ENTITYNAME=Wire_Device
