OBJECTMODELPOINTER=33777c94-e4b9-4947-906f-f84480f3cb99.dev
BASEFAMILY=63681a6d-dc29-433e-931f-36218e2e3cab.fam
BLHA=28.59525170,113.47626182,222.708449,294.633001
TRANSFORMMATRIX=0.009470343,-0.999955155,0.000015613,0.000000000,0.999955155,0.009470343,-0.000001959,0.000000000,0.000001812,0.000015632,1.000000000,0.000000000,11.357171211,99.330353394,21.494680877,1.000000000
ENTITYNAME=Wire_Device
