OBJECTMODELPOINTER=33777c94-e4b9-4947-906f-f84480f3cb99.dev
BASEFAMILY=63721c04-608b-446d-a3b4-8ab8be672bee.fam
BLHA=28.30572385,113.43813150,65.831158,307.005893
TRANSFORMMATRIX=0.003266656,-0.999994664,0.000004387,0.000000000,0.999994664,0.003266656,0.000001065,0.000000000,-0.000001080,0.000004384,1.000000000,0.000000000,-6.947701602,27.906866737,58.668176731,1.000000000
ENTITYNAME=Wire_Device
