OBJECTMODELPOINTER=33777c94-e4b9-4947-906f-f84480f3cb99.dev
BASEFAMILY=638193d4-e147-40fa-8263-02dd409a84ba.fam
BLHA=28.40635362,113.37217651,164.659139,254.006183
TRANSFORMMATRIX=-0.040320501,-0.999186798,-0.000000766,0.000000000,0.999186798,-0.040320501,-0.000001644,0.000000000,0.000001612,-0.000000832,1.000000000,0.000000000,10.273876183,-5.268048127,33.888416285,1.000000000
ENTITYNAME=Wire_Device
