OBJECTMODELPOINTER=33777c94-e4b9-4947-906f-f84480f3cb99.dev
BASEFAMILY=63853532-3fe3-47b8-99ef-cd20637dc291.fam
BLHA=28.31775016,113.38284517,61.633463,329.270898
TRANSFORMMATRIX=-0.001444703,-0.999998955,0.000045854,0.000000000,0.999998956,-0.001444702,0.000001724,0.000000000,-0.000001657,0.000045856,0.999999999,0.000000000,-11.208795021,292.330338908,44.602419898,1.000000000
ENTITYNAME=Wire_Device
