ENTITYNAME=WIRE
BASEFAMILY=63892f03-a544-4fb7-a512-091cc87a7d72.fam
OBJECTMODELPOINTER=31970f28-780e-4bf1-8adb-439f78c329a3.dev
KVALUE=0.000238
SPLIT=1
POINT0.BLHA=28.41763874,113.37576334,172.022,254.006183
POINT0.MATRIX0=-0.961291434,-0.275533624,-0.000000000,0.000000000,0.275533624,-0.961291434,-0.000000000,0.000000000,-0.000000000,0.000000000,1.000000000,0.000000000,-11.319659751,0.309906563,63.558005077,1.000000000
POINT1.BLHA=28.41408598,113.37463405,174.728,254.006183
POINT1.MATRIX0=-0.961291434,-0.275533624,0.000000000,0.000000000,0.275533624,-0.961291434,0.000000000,0.000000000,0.000000000,-0.000000000,1.000000000,0.000000000,-11.319988545,-0.310496398,66.558006966,1.000000000
