OBJECTMODELPOINTER=33777c94-e4b9-4947-906f-f84480f3cb99.dev
BASEFAMILY=6396dd95-16e2-4e46-acc1-b5f3a48bbd50.fam
BLHA=28.48698475,113.42051247,234.671308,224.957371
TRANSFORMMATRIX=0.004294625,-0.999990777,0.000039525,0.000000000,0.999990778,0.004294625,0.000000298,0.000000000,-0.000000468,0.000039524,0.999999999,0.000000000,-2.323108821,251.631307678,33.263603373,1.000000000
ENTITYNAME=Wire_Device
