OBJECTMODELPOINTER=33777c94-e4b9-4947-906f-f84480f3cb99.dev
BASEFAMILY=63b48269-b5a6-44b2-9ddf-d3a7e9b9c0ae.fam
BLHA=28.57262295,113.49015944,261.228990,312.996987
TRANSFORMMATRIX=0.000000848,-1.000000000,0.000004810,0.000000000,1.000000000,0.000000848,-0.000002084,0.000000000,0.000002083,0.000004809,1.000000000,0.000000000,13.190253448,30.582733813,51.357120786,1.000000000
ENTITYNAME=Wire_Device
