OBJECTMODELPOINTER=33777c94-e4b9-4947-906f-f84480f3cb99.dev
BASEFAMILY=63b801e1-329e-4ab7-ab68-6c1a88951dd9.fam
BLHA=28.42674606,113.37865854,204.106778,254.006183
TRANSFORMMATRIX=0.001553992,-0.999998792,0.000027869,0.000000000,0.999998793,0.001553992,0.000002042,0.000000000,-0.000002085,0.000027865,1.000000000,0.000000000,-13.058640070,176.999504598,10.351938845,1.000000000
ENTITYNAME=Wire_Device
