ENTITYNAME=WIRE
BASEFAMILY=63d0679d-0c57-4579-bc7d-d9e1b0967afa.fam
OBJECTMODELPOINTER=81b82497-164d-48c0-b1cb-18fa700dacdf.dev
KVALUE=0.000000
SPLIT=4
POINT0.BLHA=28.78468964,113.48433856,117.864,408.814230
POINT0.MATRIX0=0.752578474,0.658502575,-0.000000000,0.000000000,-0.658502575,0.752578474,-0.000000000,0.000000000,0.000000000,-0.000000000,1.000000000,0.000000000,7.275190892,4.001137393,38.790005090,1.000000000
POINT0.MATRIX1=0.752578474,0.658502575,-0.000000000,0.000000000,-0.658502575,0.752578474,-0.000000000,0.000000000,0.000000000,-0.000000000,1.000000000,0.000000000,7.275190892,4.001137392,39.240005138,1.000000000
POINT0.MATRIX2=0.752578474,0.658502575,-0.000000000,0.000000000,-0.658502575,0.752578474,-0.000000000,0.000000000,0.000000000,-0.000000000,1.000000000,0.000000000,7.725190908,4.001137404,39.240005139,1.000000000
POINT0.MATRIX3=0.752578474,0.658502575,-0.000000000,0.000000000,-0.658502575,0.752578474,-0.000000000,0.000000000,0.000000000,-0.000000000,1.000000000,0.000000000,7.725190908,4.001137404,38.790005091,1.000000000
POINT1.BLHA=28.78468964,113.48433856,117.864,408.814230
POINT1.MATRIX0=0.752578474,0.658502575,-0.000000000,0.000000000,-0.658502575,0.752578474,-0.000000000,0.000000000,0.000000000,-0.000000000,1.000000000,0.000000000,7.275191035,3.999137229,38.790005090,1.000000000
POINT1.MATRIX1=0.752578474,0.658502575,-0.000000000,0.000000000,-0.658502575,0.752578474,-0.000000000,0.000000000,0.000000000,-0.000000000,1.000000000,0.000000000,7.275191035,3.999137229,39.240005138,1.000000000
POINT1.MATRIX2=0.752578474,0.658502575,-0.000000000,0.000000000,-0.658502575,0.752578474,-0.000000000,0.000000000,0.000000000,-0.000000000,1.000000000,0.000000000,7.725191038,3.999137228,39.240005138,1.000000000
POINT1.MATRIX3=0.752578474,0.658502575,-0.000000000,0.000000000,-0.658502575,0.752578474,-0.000000000,0.000000000,0.000000000,-0.000000000,1.000000000,0.000000000,7.725191038,3.999137228,38.790005090,1.000000000
