OBJECTMODELPOINTER=33777c94-e4b9-4947-906f-f84480f3cb99.dev
BASEFAMILY=63d95cc8-f818-47c7-9bee-611adc6524a4.fam
BLHA=28.63586389,113.46501767,148.649697,277.610658
TRANSFORMMATRIX=0.015976036,-0.999872375,0.000005045,0.000000000,0.999872375,0.015976036,-0.000001841,0.000000000,0.000001761,0.000005074,1.000000000,0.000000000,11.214650540,32.212207382,35.729998672,1.000000000
ENTITYNAME=Wire_Device
