OBJECTMODELPOINTER=64de77fc-c683-4d39-8665-8ab653d1f70d.dev
BASEFAMILY=63e1e425-45b4-45a2-a01c-3f10cb1319fb.fam
TRANSFORMMATRIX=0.000000412,0.999999958,-0.000000020,0.000000000,-1.000000042,-0.000000412,0.000001645,0.000000000,0.000000000,0.000000000,1.000000000,0.000000000,11.000000000,0.000000000,36.000000000,1.000000000
ENTITYNAME=Tower_Device
