OBJECTMODELPOINTER=33777c94-e4b9-4947-906f-f84480f3cb99.dev
BASEFAMILY=63e1ea0a-ac4d-4491-af70-9ca0736f4d46.fam
BLHA=28.76146332,113.46687719,133.774448,236.227775
TRANSFORMMATRIX=0.001933976,-0.999998130,0.000005610,0.000000000,0.999998130,0.001933976,0.000001901,0.000000000,-0.000001911,0.000005606,1.000000000,0.000000000,-12.098475184,35.631972711,37.874472514,1.000000000
ENTITYNAME=Wire_Device
