OBJECTMODELPOINTER=33777c94-e4b9-4947-906f-f84480f3cb99.dev
BASEFAMILY=63e60d45-0c96-40c0-b184-853adf3f84f1.fam
BLHA=28.77401473,113.47631208,189.623101,236.227775
TRANSFORMMATRIX=-0.002135943,-0.999997718,0.000036980,0.000000000,0.999997719,-0.002135943,-0.000001611,0.000000000,0.000001691,0.000036977,0.999999999,0.000000000,11.334292962,235.218293161,7.463438265,1.000000000
ENTITYNAME=Wire_Device
