OBJECTMODELPOINTER=33777c94-e4b9-4947-906f-f84480f3cb99.dev
BASEFAMILY=641764b9-e497-4d3c-bf5d-88af0f53828c.fam
BLHA=28.54536406,113.51168326,478.790289,255.750198
TRANSFORMMATRIX=-0.000003241,-1.000000000,0.000027661,0.000000000,1.000000000,-0.000003241,0.000000146,0.000000000,-0.000000146,0.000027662,1.000000000,0.000000000,-0.715572690,175.715970680,84.853295117,1.000000000
ENTITYNAME=Wire_Device
