OBJECTMODELPOINTER=33777c94-e4b9-4947-906f-f84480f3cb99.dev
BASEFAMILY=641ae0a4-37ef-4351-a100-a48e6ecf5000.fam
BLHA=28.66842498,113.45991630,145.503245,277.610658
TRANSFORMMATRIX=-0.004822883,-0.999988369,0.000040656,0.000000000,0.999988370,-0.004822883,0.000002243,0.000000000,-0.000002047,0.000040666,0.999999999,0.000000000,-13.240994387,258.275535614,59.275345130,1.000000000
ENTITYNAME=Wire_Device
