OBJECTMODELPOINTER=33777c94-e4b9-4947-906f-f84480f3cb99.dev
BASEFAMILY=641a38c5-26b9-4bff-94e9-6f16632b30c8.fam
BLHA=28.46166988,113.39860583,270.672858,242.026912
TRANSFORMMATRIX=-0.001536176,-0.999998819,0.000055058,0.000000000,0.999998820,-0.001536176,-0.000001602,0.000000000,0.000001687,0.000055054,0.999999998,0.000000000,11.510589136,350.036759777,21.113869705,1.000000000
ENTITYNAME=Wire_Device
