OBJECTMODELPOINTER=33777c94-e4b9-4947-906f-f84480f3cb99.dev
BASEFAMILY=64275af1-e556-40ac-aab4-f561b7da30f6.fam
BLHA=28.70103226,113.45527961,136.730850,277.425083
TRANSFORMMATRIX=0.000000976,-1.000000000,0.000016939,0.000000000,1.000000000,0.000000976,0.000000066,0.000000000,-0.000000065,0.000016939,1.000000000,0.000000000,-0.491121965,107.575175017,32.601532427,1.000000000
ENTITYNAME=Wire_Device
