OBJECTMODELPOINTER=33777c94-e4b9-4947-906f-f84480f3cb99.dev
BASEFAMILY=64285c8c-a221-44df-afde-76abab1d884b.fam
BLHA=28.65134658,113.46259240,159.100648,277.610658
TRANSFORMMATRIX=0.000002164,-0.999999999,0.000040573,0.000000000,1.000000000,0.000002164,-0.000001706,0.000000000,0.000001705,0.000040573,0.999999999,0.000000000,10.711335111,257.664580083,19.045675219,1.000000000
ENTITYNAME=Wire_Device
