OBJECTMODELPOINTER=33777c94-e4b9-4947-906f-f84480f3cb99.dev
BASEFAMILY=642f9ab1-5808-443f-8199-da2bdca69f56.fam
BLHA=28.31135450,113.43043530,49.303319,335.449580
TRANSFORMMATRIX=0.001545229,-0.999998806,0.000004341,0.000000000,0.999998806,0.001545229,0.000001070,0.000000000,-0.000001077,0.000004339,1.000000000,0.000000000,-6.899148330,27.685233673,60.146923626,1.000000000
ENTITYNAME=Wire_Device
