OBJECTMODELPOINTER=33777c94-e4b9-4947-906f-f84480f3cb99.dev
BASEFAMILY=643ffbc4-cc16-4325-a789-0c9cef2977a1.fam
BLHA=28.63009153,113.46564681,168.255878,273.436520
TRANSFORMMATRIX=-0.007911431,-0.999968704,0.000026474,0.000000000,0.999968704,-0.007911431,0.000002296,0.000000000,-0.000002086,0.000026490,1.000000000,0.000000000,-13.370337394,168.231348476,52.485277160,1.000000000
ENTITYNAME=Wire_Device
