OBJECTMODELPOINTER=4566fa20-cc23-4774-9f84-bcf177d42e08.dev
BASEFAMILY=64539eb0-913c-491f-9e7e-60ee47a4973d.fam
TRANSFORMMATRIX=0.000000177,1.000000241,-0.000001595,0.000000000,-0.999999759,0.000000850,0.000000402,0.000000000,0.000000000,0.000000000,1.000000000,0.000000000,7.342000000,-0.000000000,42.000000000,1.000000000
ENTITYNAME=Tower_Device
