ENTITYNAME=WIRE
BASEFAMILY=6459820f-822c-4869-b7d1-5063475703df.fam
OBJECTMODELPOINTER=31970f28-780e-4bf1-8adb-439f78c329a3.dev
KVALUE=0.000232
SPLIT=1
POINT0.BLHA=28.72353047,113.45260943,123.369,283.291091
POINT0.MATRIX0=-0.973214630,0.229898421,0.000000000,0.000000000,-0.229898421,-0.973214630,0.000000000,0.000000000,0.000000000,-0.000000000,1.000000000,0.000000000,-9.868048298,0.309431671,54.558006053,1.000000000
POINT1.BLHA=28.71973492,113.45364743,163.020,283.291091
POINT1.MATRIX0=-0.973214630,0.229898421,-0.000000000,0.000000000,-0.229898421,-0.973214630,-0.000000000,0.000000000,-0.000000000,-0.000000000,1.000000000,0.000000000,-9.869932493,-0.620137935,48.558007800,1.000000000
