OBJECTMODELPOINTER=33777c94-e4b9-4947-906f-f84480f3cb99.dev
BASEFAMILY=645b47f9-355e-4bbd-a895-78474cf38f2f.fam
BLHA=28.40337100,113.37122865,129.378598,254.006183
TRANSFORMMATRIX=0.012033746,-0.999927592,0.000027097,0.000000000,0.999927592,0.012033746,-0.000001911,0.000000000,0.000001584,0.000027118,1.000000000,0.000000000,10.348742643,172.279621968,40.143273613,1.000000000
ENTITYNAME=Wire_Device
