OBJECTMODELPOINTER=33777c94-e4b9-4947-906f-f84480f3cb99.dev
BASEFAMILY=6465dd33-55b6-4a16-84cd-a1dd5f6d49fc.fam
BLHA=28.50469488,113.45163258,174.515783,200.251669
TRANSFORMMATRIX=-0.011324994,-0.999935870,0.000018389,0.000000000,0.999935870,-0.011324994,-0.000001064,0.000000000,0.000001272,0.000018376,1.000000000,0.000000000,8.280123021,117.234609602,17.770030789,1.000000000
ENTITYNAME=Wire_Device
