OBJECTMODELPOINTER=33777c94-e4b9-4947-906f-f84480f3cb99.dev
BASEFAMILY=648529ac-293b-497e-82f5-1f049cae8718.fam
BLHA=28.48504373,113.41833342,235.006355,407.385386
TRANSFORMMATRIX=0.050507354,0.998723689,-0.000000831,0.000000000,-0.998723689,0.050507354,0.000001216,0.000000000,0.000001256,0.000000768,1.000000000,0.000000000,8.012770191,4.915259865,25.628068563,1.000000000
ENTITYNAME=Wire_Device
