OBJECTMODELPOINTER=33777c94-e4b9-4947-906f-f84480f3cb99.dev
BASEFAMILY=64857acd-243a-4fa5-b70b-4abd0f7fa795.fam
BLHA=28.28492071,113.44885804,59.682173,504.180323
TRANSFORMMATRIX=0.468050094,0.883701935,-0.000000029,0.000000000,-0.883701934,0.468050095,-0.000001455,0.000000000,-0.000001273,0.000000707,1.000000000,0.000000000,-8.107344911,4.520849665,54.821206413,1.000000000
ENTITYNAME=Wire_Device
