ENTITYNAME=WIRE
BASEFAMILY=648f8f36-4ac5-47a8-9f12-4df8a96bbdb9.fam
OBJECTMODELPOINTER=81b82497-164d-48c0-b1cb-18fa700dacdf.dev
KVALUE=0.000000
SPLIT=4
POINT0.BLHA=28.26885822,113.47846971,85.177,355.334735
POINT0.MATRIX0=-0.081334298,0.996686878,-0.000000000,0.000000000,-0.996686878,-0.081334298,0.000000000,0.000000000,0.000000000,0.000000000,1.000000000,0.000000000,9.999856726,-0.130151258,64.066966496,1.000000000
POINT0.MATRIX1=-0.081334298,0.996686878,-0.000000000,0.000000000,-0.996686878,-0.081334298,0.000000000,0.000000000,0.000000000,0.000000000,1.000000000,0.000000000,10.184053485,-0.130062026,64.532069646,1.000000000
POINT0.MATRIX2=-0.081334298,0.996686878,-0.000000000,0.000000000,-0.996686878,-0.081334298,0.000000000,0.000000000,0.000000000,0.000000000,1.000000000,0.000000000,9.719618637,-0.129994488,64.715602360,1.000000000
POINT0.MATRIX3=-0.081334298,0.996686878,-0.000000000,0.000000000,-0.996686878,-0.081334298,0.000000000,0.000000000,0.000000000,0.000000000,1.000000000,0.000000000,9.535421878,-0.130083720,64.250499210,1.000000000
POINT1.BLHA=28.26885822,113.47846971,85.177,355.334735
POINT1.MATRIX0=-0.081334298,0.996686878,-0.000000000,0.000000000,-0.996686878,-0.081334298,0.000000000,0.000000000,0.000000000,0.000000000,1.000000000,0.000000000,9.999855976,-0.000142949,64.066966495,1.000000000
POINT1.MATRIX1=-0.081334298,0.996686878,-0.000000000,0.000000000,-0.996686878,-0.081334298,0.000000000,0.000000000,0.000000000,0.000000000,1.000000000,0.000000000,10.184052734,-0.000053717,64.532069645,1.000000000
POINT1.MATRIX2=-0.081334298,0.996686878,-0.000000000,0.000000000,-0.996686878,-0.081334298,0.000000000,0.000000000,0.000000000,0.000000000,1.000000000,0.000000000,9.719617888,0.000013821,64.715602360,1.000000000
POINT1.MATRIX3=-0.081334298,0.996686878,-0.000000000,0.000000000,-0.996686878,-0.081334298,0.000000000,0.000000000,0.000000000,0.000000000,1.000000000,0.000000000,9.535421128,-0.000075410,64.250499210,1.000000000
