OBJECTMODELPOINTER=33777c94-e4b9-4947-906f-f84480f3cb99.dev
BASEFAMILY=6498921c-5174-4835-a344-0350db849f2e.fam
BLHA=28.28033977,113.46346380,83.899072,326.450928
TRANSFORMMATRIX=0.147676329,-0.989035743,-0.000000986,0.000000000,0.989035743,0.147676329,-0.000001452,0.000000000,0.000001582,-0.000000761,1.000000000,0.000000000,10.070730726,-4.874563959,31.589532696,1.000000000
ENTITYNAME=Wire_Device
