OBJECTMODELPOINTER=33777c94-e4b9-4947-906f-f84480f3cb99.dev
BASEFAMILY=64a04db2-b596-4c77-bb77-c612d6a42ea9.fam
BLHA=28.28912608,113.44509395,57.000023,477.961117
TRANSFORMMATRIX=-0.183988406,0.982928413,0.000039186,0.000000000,-0.982928414,-0.183988406,-0.000001498,0.000000000,0.000005737,-0.000038792,0.999999999,0.000000000,37.112870789,-246.687257683,41.416897893,1.000000000
ENTITYNAME=Wire_Device
