OBJECTMODELPOINTER=33777c94-e4b9-4947-906f-f84480f3cb99.dev
BASEFAMILY=64ada6ea-f581-452d-a3fe-2f49f096bd60.fam
BLHA=28.42674606,113.37865854,204.106778,254.006183
TRANSFORMMATRIX=-0.000005539,-0.999999999,0.000038318,0.000000000,1.000000000,-0.000005539,0.000000250,0.000000000,-0.000000250,0.000038319,0.999999999,0.000000000,-1.256711958,243.419290950,10.747941717,1.000000000
ENTITYNAME=Wire_Device
