OBJECTMODELPOINTER=33777c94-e4b9-4947-906f-f84480f3cb99.dev
BASEFAMILY=64b6a9f9-e9bd-4206-adb1-f061669c1e96.fam
BLHA=28.55813742,113.50479443,276.608256,304.990571
TRANSFORMMATRIX=0.000012979,-0.999999999,0.000041582,0.000000000,1.000000000,0.000012979,0.000000070,0.000000000,-0.000000070,0.000041583,0.999999999,0.000000000,-1.092920267,264.513327167,38.542760630,1.000000000
ENTITYNAME=Wire_Device
