OBJECTMODELPOINTER=33777c94-e4b9-4947-906f-f84480f3cb99.dev
BASEFAMILY=64b678a3-59d5-4752-9656-4dfd81746de8.fam
BLHA=28.47322316,113.40714488,338.739938,229.813402
TRANSFORMMATRIX=0.002305364,-0.999997342,0.000015367,0.000000000,0.999997343,0.002305364,-0.000001976,0.000000000,0.000001940,0.000015372,1.000000000,0.000000000,12.613518355,97.855870596,26.871693350,1.000000000
ENTITYNAME=Wire_Device
