OBJECTMODELPOINTER=33777c94-e4b9-4947-906f-f84480f3cb99.dev
BASEFAMILY=64b89686-f10b-4cc2-bf46-21233172db21.fam
BLHA=28.47144509,113.40546217,294.357908,229.813402
TRANSFORMMATRIX=-0.012546273,-0.999921292,0.000015908,0.000000000,0.999921292,-0.012546273,0.000002120,0.000000000,-0.000001920,0.000015934,1.000000000,0.000000000,-11.970140179,101.369084016,18.061173567,1.000000000
ENTITYNAME=Wire_Device
