ENTITYNAME=WIRE
BASEFAMILY=64cc5020-4967-42cc-8aeb-6b5d9155fd13.fam
OBJECTMODELPOINTER=81b82497-164d-48c0-b1cb-18fa700dacdf.dev
KVALUE=0.238925
SPLIT=4
POINT0.BLHA=28.40635362,113.37217651,164.659,254.006183
POINT0.MATRIX0=-0.961291434,-0.275533624,0.000000000,0.000000000,0.275533624,-0.961291434,0.000000000,0.000000000,0.000000000,0.000000000,1.000000000,0.000000000,10.348637950,-9.852430827,29.090335812,1.000000000
POINT0.MATRIX1=-0.961291434,-0.275533624,0.000000000,0.000000000,0.275533624,-0.961291434,0.000000000,0.000000000,0.000000000,0.000000000,1.000000000,0.000000000,10.306510823,-9.161243958,29.670598174,1.000000000
POINT0.MATRIX2=-0.961291434,-0.275533624,0.000000000,0.000000000,0.275533624,-0.961291434,0.000000000,0.000000000,0.000000000,0.000000000,1.000000000,0.000000000,9.806368802,-9.165422588,29.670598175,1.000000000
POINT0.MATRIX3=-0.961291434,-0.275533624,0.000000000,0.000000000,0.275533624,-0.961291434,0.000000000,0.000000000,0.000000000,0.000000000,1.000000000,0.000000000,9.848295682,-9.857682740,29.090259518,1.000000000
POINT1.BLHA=28.40635362,113.37217651,164.659,254.006183
POINT1.MATRIX0=-0.961291434,-0.275533624,0.000000000,0.000000000,0.275533624,-0.961291434,0.000000000,0.000000000,0.000000000,0.000000000,1.000000000,0.000000000,10.524795241,-3.999216938,40.589998807,1.000000000
POINT1.MATRIX1=-0.961291434,-0.275533624,0.000000000,0.000000000,0.275533624,-0.961291434,0.000000000,0.000000000,0.000000000,0.000000000,1.000000000,0.000000000,10.524795241,-3.999216938,41.039998616,1.000000000
POINT1.MATRIX2=-0.961291434,-0.275533624,0.000000000,0.000000000,0.275533624,-0.961291434,0.000000000,0.000000000,0.000000000,0.000000000,1.000000000,0.000000000,10.074795279,-3.999217002,41.039998617,1.000000000
POINT1.MATRIX3=-0.961291434,-0.275533624,0.000000000,0.000000000,0.275533624,-0.961291434,0.000000000,0.000000000,0.000000000,0.000000000,1.000000000,0.000000000,10.074795280,-3.999217002,40.589998808,1.000000000
