OBJECTMODELPOINTER=7b284d42-ae5f-4d69-a559-4e1dc04b4328.dev
BASEFAMILY=64e02ecc-57ec-4cc7-b56a-bba3501447f6.fam
TRANSFORMMATRIX=0.000000349,0.999999634,-0.000000747,0.000000000,-1.000000366,-0.000000049,-0.000001463,0.000000000,-0.000000000,-0.000000000,1.000000000,0.000000000,-0.000000000,-0.000000000,42.000000000,1.000000000
ENTITYNAME=Tower_Device
