OBJECTMODELPOINTER=08965d8e-ff48-4405-b179-71d32683c284.dev
BASEFAMILY=64e1bb1e-dce7-48df-8dba-5b66d773cbfc.fam
TRANSFORMMATRIX=-0.999845103,-0.017600457,0.000000020,0.000000000,0.017600469,-0.999845096,0.000000006,0.000000000,-0.000000000,-0.000000000,1.000000000,0.000000000,-9.870000000,0.309999999,55.000000000,1.000000000
ENTITYNAME=Tower_Device
