OBJECTMODELPOINTER=30420b35-2678-4bf4-b677-363b9989c4e6.dev
BASEFAMILY=64ede6fa-ed43-4132-b64c-488fd783dcb5.fam
TRANSFORMMATRIX=0.000000242,1.000000412,-0.000001278,0.000000000,-0.999999588,0.000000310,0.000001036,0.000000000,-0.000000000,-0.000000000,1.000000000,0.000000000,7.067000000,-0.000000000,81.600000001,1.000000000
ENTITYNAME=Tower_Device
