OBJECTMODELPOINTER=33777c94-e4b9-4947-906f-f84480f3cb99.dev
BASEFAMILY=64f3d8fd-8063-42c9-858e-f312da4e3fab.fam
BLHA=28.79327466,113.49529712,200.216421,221.400685
TRANSFORMMATRIX=-0.000032961,-0.999999997,0.000073564,0.000000000,0.999999999,-0.000032962,-0.000001497,0.000000000,0.000001500,0.000073564,0.999999997,0.000000000,10.742991273,468.548560762,14.085134575,1.000000000
ENTITYNAME=Wire_Device
