OBJECTMODELPOINTER=33777c94-e4b9-4947-906f-f84480f3cb99.dev
BASEFAMILY=64f7a631-2d18-4770-a1fe-a9eb77fc90e8.fam
BLHA=28.78112316,113.48165670,163.744709,236.227775
TRANSFORMMATRIX=-0.000003607,-1.000000000,0.000015344,0.000000000,1.000000000,-0.000003607,0.000000107,0.000000000,-0.000000107,0.000015344,1.000000000,0.000000000,-0.449850254,97.592235342,46.435619564,1.000000000
ENTITYNAME=Wire_Device
