OBJECTMODELPOINTER=46bba510-f53a-475e-bf02-c78f9803e400.dev
BASEFAMILY=65000498-d9f9-440a-8435-967df7d31ad8.fam
TRANSFORMMATRIX=1.000000000,-0.000000000,-0.000000000,0.000000000,0.000000000,1.000000000,0.000000000,0.000000000,0.000000000,-0.000000000,1.000000000,0.000000000,-5.396911594,-5.395842954,-0.000004618,1.000000000
ENTITYNAME=Tower_Device
