OBJECTMODELPOINTER=58cea096-6bfd-4ec0-a855-0372ab3d6ac7.dev
BASEFAMILY=6512b2b0-5ab0-46f2-8322-da9ed4928ddd.fam
TRANSFORMMATRIX=-0.999998757,0.001576181,0.000000001,0.000000000,-0.001576180,-0.999998758,0.000000002,0.000000000,-0.000000000,-0.000000000,1.000000000,0.000000000,-10.800000000,0.000000000,73.000000000,1.000000000
ENTITYNAME=Tower_Device
