OBJECTMODELPOINTER=33777c94-e4b9-4947-906f-f84480f3cb99.dev
BASEFAMILY=6521c791-4bb8-47b2-8e94-b91e382f20c4.fam
BLHA=28.32529000,113.37096013,66.626202,509.137564
TRANSFORMMATRIX=-0.397908518,0.917425098,0.000038453,0.000000000,-0.917425098,-0.397908519,-0.000001113,0.000000000,0.000014280,-0.000035721,0.999999999,0.000000000,91.323267594,-227.902017008,25.369695158,1.000000000
ENTITYNAME=Wire_Device
