OBJECTMODELPOINTER=21997bc2-eba7-4ddb-ad17-b06d7b758017.dev
BASEFAMILY=652dde49-cf4f-490d-abf4-936d8d651b8d.fam
TRANSFORMMATRIX=-0.999998967,-0.001437039,0.000000002,0.000000000,0.001437040,-0.999998968,-0.000000000,0.000000000,0.000000000,-0.000000000,1.000000000,0.000000000,10.610000000,-0.325000000,51.999999999,1.000000000
ENTITYNAME=Tower_Device
