OBJECTMODELPOINTER=33777c94-e4b9-4947-906f-f84480f3cb99.dev
BASEFAMILY=652f994e-565a-45be-82b7-1e79dee66ecf.fam
BLHA=28.78677028,113.48699418,119.837662,221.400685
TRANSFORMMATRIX=0.016575239,-0.999862620,0.000047750,0.000000000,0.999862621,0.016575238,-0.000001763,0.000000000,0.000000972,0.000047773,0.999999999,0.000000000,6.961217334,304.272972245,26.202151523,1.000000000
ENTITYNAME=Wire_Device
