OBJECTMODELPOINTER=33777c94-e4b9-4947-906f-f84480f3cb99.dev
BASEFAMILY=6537efcb-bcf2-4a62-b3fc-afdf42f96ef2.fam
BLHA=28.81479053,113.52098652,97.065454,179.643183
TRANSFORMMATRIX=0.028508300,-0.999593556,0.000003023,0.000000000,0.999593556,0.028508300,0.000000010,0.000000000,-0.000000097,0.000003022,1.000000000,0.000000000,-0.611803762,19.289337346,33.385999471,1.000000000
ENTITYNAME=Wire_Device
