OBJECTMODELPOINTER=0e312739-8609-4a3d-966c-75d05d59356d.dev
BASEFAMILY=654ce067-1a86-4894-9036-dfa7816a2e6d.fam
TRANSFORMMATRIX=1.000000000,0.000000000,-0.000000000,0.000000000,-0.000000000,1.000000000,0.000000000,0.000000000,-0.000000000,0.000000000,1.000000000,0.000000000,-3.417014799,-3.416958423,-0.000007244,1.000000000
ENTITYNAME=Tower_Device
