OBJECTMODELPOINTER=33777c94-e4b9-4947-906f-f84480f3cb99.dev
BASEFAMILY=654daab2-eb6f-4ed3-ba11-cbfab7988f31.fam
BLHA=28.31566161,113.38686189,71.437616,329.270898
TRANSFORMMATRIX=-0.007533904,-0.999971619,0.000046855,0.000000000,0.999971620,-0.007533904,-0.000001319,0.000000000,0.000001671,0.000046844,0.999999999,0.000000000,9.948392309,298.577896087,33.524994431,1.000000000
ENTITYNAME=Wire_Device
