OBJECTMODELPOINTER=7f22b080-dc59-4eb6-bf05-8bfbbec5bcef.dev
BASEFAMILY=655a8046-7b03-40a4-bac1-de78d6b05e8f.fam
TRANSFORMMATRIX=-0.002947242,0.142119602,-0.989845266,0.000000000,-0.999784791,-0.020737734,0.000000970,0.000000000,-0.020528295,0.989632252,0.142149904,0.000000000,-7.500000000,-0.953000000,30.000000000,1.000000000
ENTITYNAME=Tower_Device
