OBJECTMODELPOINTER=8927bd2c-32ae-4bdf-885e-673283ef14f3.dev
BASEFAMILY=6562b509-5d19-490c-b628-afa84ad63ddf.fam
TRANSFORMMATRIX=-0.173600841,-0.363146089,-0.915417000,0.000000000,0.902208243,-0.431299974,-0.000000841,0.000000000,-0.394819517,-0.825897209,0.402506334,0.000000000,5.500000000,0.900000000,44.000000000,1.000000000
ENTITYNAME=Tower_Device
