OBJECTMODELPOINTER=33777c94-e4b9-4947-906f-f84480f3cb99.dev
BASEFAMILY=6569d969-376a-4d9b-b852-bb8720e7973a.fam
BLHA=28.28033977,113.46346380,83.899072,326.450928
TRANSFORMMATRIX=-0.237778882,-0.971319310,0.000028703,0.000000000,0.971319311,-0.237778882,-0.000001065,0.000000000,0.000007859,0.000027627,1.000000000,0.000000000,49.562134878,175.941395011,55.558788255,1.000000000
ENTITYNAME=Wire_Device
