OBJECTMODELPOINTER=33777c94-e4b9-4947-906f-f84480f3cb99.dev
BASEFAMILY=656adabd-f69e-469b-8a73-405187276b68.fam
BLHA=28.67734470,113.45869625,172.236825,275.673275
TRANSFORMMATRIX=0.000004371,-0.999999999,0.000054183,0.000000000,1.000000000,0.000004371,0.000000221,0.000000000,-0.000000221,0.000054182,0.999999998,0.000000000,-1.585614615,344.097472099,63.154021948,1.000000000
ENTITYNAME=Wire_Device
