OBJECTMODELPOINTER=33777c94-e4b9-4947-906f-f84480f3cb99.dev
BASEFAMILY=656d4299-82e2-4cf7-993c-f855295db4a7.fam
BLHA=28.28368001,113.45281448,67.001736,340.232800
TRANSFORMMATRIX=0.000003455,-1.000000000,0.000005319,0.000000000,1.000000000,0.000003455,-0.000001002,0.000000000,0.000001002,0.000005319,1.000000000,0.000000000,6.309790289,33.920169587,61.140884648,1.000000000
ENTITYNAME=Wire_Device
