OBJECTMODELPOINTER=33777c94-e4b9-4947-906f-f84480f3cb99.dev
BASEFAMILY=65707d85-c462-43af-98f1-90e7497a4d6e.fam
BLHA=28.26907527,113.47529619,67.190721,514.001895
TRANSFORMMATRIX=0.514040895,0.857765678,0.000000207,0.000000000,-0.857765678,0.514040895,-0.000001749,0.000000000,-0.000001607,0.000000722,1.000000000,0.000000000,-10.221715464,4.625363205,31.296007543,1.000000000
ENTITYNAME=Wire_Device
