OBJECTMODELPOINTER=33777c94-e4b9-4947-906f-f84480f3cb99.dev
BASEFAMILY=6596d55b-d32e-487c-b46c-253caa7916fb.fam
BLHA=28.54843684,113.51255198,454.586266,280.370385
TRANSFORMMATRIX=0.417916448,-0.908485466,0.000000512,0.000000000,0.908485466,0.417916448,-0.000001331,0.000000000,0.000000995,0.000001021,1.000000000,0.000000000,6.344788804,6.481433747,36.933750675,1.000000000
ENTITYNAME=Wire_Device
