OBJECTMODELPOINTER=7f1cae78-d13a-4c17-95ff-f908760a00d7.dev
BASEFAMILY=65a482cc-1028-4810-a4ea-4690dd3ecca4.fam
TRANSFORMMATRIX=-0.021635205,-0.086475869,-0.996019194,0.000000000,0.970096181,-0.242720016,-0.000001119,0.000000000,-0.241753847,-0.966234402,0.089141229,0.000000000,-12.100000000,0.842000000,47.000000000,1.000000000
ENTITYNAME=Tower_Device
