OBJECTMODELPOINTER=33777c94-e4b9-4947-906f-f84480f3cb99.dev
BASEFAMILY=65a5ac6f-e5e6-404b-ba7b-ea9e942cb416.fam
BLHA=28.50885387,113.46090739,244.701846,210.734491
TRANSFORMMATRIX=-0.000014574,-1.000000000,0.000029749,0.000000000,1.000000000,-0.000014574,-0.000001664,0.000000000,0.000001664,0.000029749,1.000000000,0.000000000,11.018539242,189.663133862,35.401783928,1.000000000
ENTITYNAME=Wire_Device
