OBJECTMODELPOINTER=24e3d804-41fb-4612-b107-e752346f2664.dev
BASEFAMILY=65b28fd7-a434-43f5-9486-aa0e0022f8a7.fam
TRANSFORMMATRIX=-0.000000095,0.999999614,0.000001299,0.000000000,-1.000000386,0.000000214,0.000001006,0.000000000,-0.000000000,0.000000000,1.000000000,0.000000000,7.500000000,-3.999999999,43.000000000,1.000000000
ENTITYNAME=Tower_Device
