ENTITYNAME=WIRE
BASEFAMILY=65b468bf-3887-4fc2-be2e-115daba77955.fam
OBJECTMODELPOINTER=31970f28-780e-4bf1-8adb-439f78c329a3.dev
KVALUE=0.000240
SPLIT=1
POINT0.BLHA=28.52451102,113.49042735,376.991,210.734491
POINT0.MATRIX0=-0.511060437,-0.859544780,0.000000000,0.000000000,0.859544780,-0.511060437,0.000000000,0.000000000,0.000000000,0.000000000,1.000000000,0.000000000,-10.616540772,0.634921319,54.558005081,1.000000000
POINT1.BLHA=28.52337409,113.48828309,330.017,210.734491
POINT1.MATRIX0=-0.511060437,-0.859544780,-0.000000000,0.000000000,0.859544780,-0.511060437,-0.000000000,0.000000000,-0.000000000,0.000000000,1.000000000,0.000000000,-5.513755613,-1.554773673,44.115635641,1.000000000
