OBJECTMODELPOINTER=8304d487-521f-486c-a9b0-e8dccd0b31a9.dev
BASEFAMILY=65b5d771-ae5c-42c7-a7c6-f8c95315d2e6.fam
TRANSFORMMATRIX=-1.000000000,-0.000000176,-0.000000000,0.000000000,0.000000176,-1.000000000,-0.000000000,0.000000000,-0.000000000,-0.000000000,1.000000000,0.000000000,11.500000000,-0.000000000,85.100000001,1.000000000
ENTITYNAME=Tower_Device
