OBJECTMODELPOINTER=33777c94-e4b9-4947-906f-f84480f3cb99.dev
BASEFAMILY=65bb0d13-c40d-46ae-ab85-17a5e5bef133.fam
BLHA=28.38255325,113.36304670,117.224132,441.473487
TRANSFORMMATRIX=-0.205539553,0.978648809,0.000018265,0.000000000,-0.978648809,-0.205539553,0.000001175,0.000000000,0.000004904,-0.000017634,1.000000000,0.000000000,31.211930310,-111.959083616,11.072559898,1.000000000
ENTITYNAME=Wire_Device
