OBJECTMODELPOINTER=33777c94-e4b9-4947-906f-f84480f3cb99.dev
BASEFAMILY=65e843f2-3b97-4d14-95fe-1893a75b7b65.fam
BLHA=28.41763874,113.37576334,172.022371,254.006183
TRANSFORMMATRIX=-0.000001713,-1.000000000,0.000015453,0.000000000,1.000000000,-0.000001712,0.000002189,0.000000000,-0.000002189,0.000015453,1.000000000,0.000000000,-13.829018106,98.148354343,42.310449514,1.000000000
ENTITYNAME=Wire_Device
