OBJECTMODELPOINTER=33777c94-e4b9-4947-906f-f84480f3cb99.dev
BASEFAMILY=6600efaa-df24-4f30-8dcd-377e527c55c4.fam
BLHA=28.60915768,113.46895250,187.940881,294.633001
TRANSFORMMATRIX=0.001417571,-0.999998995,0.000038185,0.000000000,0.999998995,0.001417571,-0.000001995,0.000000000,0.000001941,0.000038188,0.999999999,0.000000000,11.900591459,242.699326060,57.024522051,1.000000000
ENTITYNAME=Wire_Device
