OBJECTMODELPOINTER=33777c94-e4b9-4947-906f-f84480f3cb99.dev
BASEFAMILY=6608bac8-27d8-4d36-a1fa-54b163094590.fam
BLHA=28.31470596,113.39701913,83.588909,4.996372
TRANSFORMMATRIX=0.000938748,-0.999999559,0.000016154,0.000000000,0.999999559,0.000938748,0.000001224,0.000000000,-0.000001239,0.000016153,1.000000000,0.000000000,-7.819390978,103.096796152,65.540425002,1.000000000
ENTITYNAME=Wire_Device
