OBJECTMODELPOINTER=33777c94-e4b9-4947-906f-f84480f3cb99.dev
BASEFAMILY=6610d5d0-0abd-4f2c-98ec-f4d980c260f8.fam
BLHA=28.52807252,113.49714509,416.575795,210.734491
TRANSFORMMATRIX=-0.000017772,-0.999999999,0.000037595,0.000000000,1.000000000,-0.000017772,0.000000245,0.000000000,-0.000000244,0.000037595,0.999999999,0.000000000,-1.004437831,239.656477503,1.978482429,1.000000000
ENTITYNAME=Wire_Device
