OBJECTMODELPOINTER=33777c94-e4b9-4947-906f-f84480f3cb99.dev
BASEFAMILY=6610ea52-561d-40e9-b985-1d7a56471077.fam
BLHA=28.31135450,113.43043530,49.303319,335.449580
TRANSFORMMATRIX=-0.003434870,-0.999994101,0.000005749,0.000000000,0.999994101,-0.003434870,-0.000001001,0.000000000,0.000001021,0.000005746,1.000000000,0.000000000,6.416946079,36.629766344,58.859616328,1.000000000
ENTITYNAME=Wire_Device
