ENTITYNAME=WIRE
BASEFAMILY=662b719e-5261-4cd7-899d-4c760f1597c4.fam
OBJECTMODELPOINTER=31970f28-780e-4bf1-8adb-439f78c329a3.dev
KVALUE=0.000239
SPLIT=1
POINT0.BLHA=28.46166988,113.39860583,270.673,242.026912
POINT0.MATRIX0=-0.883168008,-0.469056788,0.000000000,0.000000000,0.469056788,-0.883168008,0.000000000,0.000000000,0.000000000,-0.000000000,1.000000000,0.000000000,-10.609437164,0.635416023,39.557999778,1.000000000
POINT1.BLHA=28.45855791,113.39675815,237.533,242.026912
POINT1.MATRIX0=-0.883168008,-0.469056788,-0.000000000,0.000000000,0.469056788,-0.883168008,-0.000000000,0.000000000,0.000000000,0.000000000,1.000000000,0.000000000,-11.320205322,-0.630630236,69.558000177,1.000000000
