OBJECTMODELPOINTER=4460337f-1df6-4ece-9bcd-cbf1e3cb4ecd.dev
BASEFAMILY=66320dec-04d6-46ff-a43d-c0ffeaa2cd77.fam
TRANSFORMMATRIX=-0.999975358,-0.007019745,0.000000006,0.000000000,0.007019744,-0.999975364,-0.000000006,0.000000000,0.000000000,-0.000000000,1.000000000,0.000000000,11.950000001,0.000000000,58.000000000,1.000000000
ENTITYNAME=Tower_Device
