OBJECTMODELPOINTER=88af9998-23fc-4e7c-a3c7-775237defbfb.dev
BASEFAMILY=663c97d3-fd3a-48bd-9712-1e24886bd2e9.fam
TRANSFORMMATRIX=-1.000000000,0.000000162,-0.000000000,0.000000000,-0.000000162,-1.000000000,-0.000000000,0.000000000,0.000000000,-0.000000000,1.000000000,0.000000000,-9.870000000,-0.310000001,45.999999999,1.000000000
ENTITYNAME=Tower_Device
