OBJECTMODELPOINTER=33777c94-e4b9-4947-906f-f84480f3cb99.dev
BASEFAMILY=664bf2b2-73ea-4d09-a0c6-4008bb685047.fam
BLHA=28.54296028,113.51100370,560.594660,255.750198
TRANSFORMMATRIX=-0.000001636,-1.000000000,0.000018681,0.000000000,1.000000000,-0.000001636,0.000000099,0.000000000,-0.000000099,0.000018681,1.000000000,0.000000000,-0.484013885,118.669723293,0.585306854,1.000000000
ENTITYNAME=Wire_Device
