ENTITYNAME=WIRE
BASEFAMILY=664fd244-cf86-4ed5-b83f-739b4134c365.fam
OBJECTMODELPOINTER=81b82497-164d-48c0-b1cb-18fa700dacdf.dev
KVALUE=0.116330
SPLIT=4
POINT0.BLHA=28.37974338,113.36324559,104.025,459.829193
POINT0.MATRIX0=0.985321048,-0.170711550,-0.000000000,0.000000000,0.170711550,0.985321048,-0.000000000,0.000000000,-0.000000000,0.000000000,1.000000000,0.000000000,2.659059165,9.487072814,27.517327496,1.000000000
POINT0.MATRIX1=0.985321048,-0.170711550,-0.000000000,0.000000000,0.170711550,0.985321048,-0.000000000,0.000000000,-0.000000000,0.000000000,1.000000000,0.000000000,2.895661942,9.479778032,27.957833478,1.000000000
POINT0.MATRIX2=0.985321048,-0.170711550,-0.000000000,0.000000000,0.170711550,0.985321048,-0.000000000,0.000000000,-0.000000000,0.000000000,1.000000000,0.000000000,2.537244711,10.273803712,28.203881153,1.000000000
POINT0.MATRIX3=0.985321048,-0.170711550,-0.000000000,0.000000000,0.170711550,0.985321048,-0.000000000,0.000000000,-0.000000000,0.000000000,1.000000000,0.000000000,2.300641933,10.281098494,27.763390430,1.000000000
POINT1.BLHA=28.37974338,113.36324559,104.025,459.829193
POINT1.MATRIX0=0.985321048,-0.170711550,-0.000000000,0.000000000,0.170711550,0.985321048,-0.000000000,0.000000000,-0.000000000,0.000000000,1.000000000,0.000000000,7.275222626,4.002105600,29.790007481,1.000000000
POINT1.MATRIX1=0.985321048,-0.170711550,-0.000000000,0.000000000,0.170711550,0.985321048,-0.000000000,0.000000000,-0.000000000,0.000000000,1.000000000,0.000000000,7.275222626,4.002105600,30.240007528,1.000000000
POINT1.MATRIX2=0.985321048,-0.170711550,-0.000000000,0.000000000,0.170711550,0.985321048,-0.000000000,0.000000000,-0.000000000,0.000000000,1.000000000,0.000000000,7.725222608,4.002105782,30.240007528,1.000000000
POINT1.MATRIX3=0.985321048,-0.170711550,-0.000000000,0.000000000,0.170711550,0.985321048,-0.000000000,0.000000000,-0.000000000,0.000000000,1.000000000,0.000000000,7.725222608,4.002105782,29.790007481,1.000000000
