OBJECTMODELPOINTER=33777c94-e4b9-4947-906f-f84480f3cb99.dev
BASEFAMILY=66536656-22dd-4e25-8fe5-b92b21b238b2.fam
BLHA=28.52451102,113.49042735,376.991440,210.734491
TRANSFORMMATRIX=-0.021519257,-0.999768434,0.000005211,0.000000000,0.999768434,-0.021519257,0.000002038,0.000000000,-0.000001926,0.000005254,1.000000000,0.000000000,-12.169332325,33.462223509,33.096877515,1.000000000
ENTITYNAME=Wire_Device
