OBJECTMODELPOINTER=33777c94-e4b9-4947-906f-f84480f3cb99.dev
BASEFAMILY=665d3581-6435-4ec5-825a-b6a3c4fd2d67.fam
BLHA=28.48504373,113.41833342,235.006355,407.385386
TRANSFORMMATRIX=-0.057817630,0.998327161,0.000029432,0.000000000,-0.998327162,-0.057817630,0.000001384,0.000000000,0.000003083,-0.000029303,1.000000000,0.000000000,19.154411929,-186.475229263,38.056906930,1.000000000
ENTITYNAME=Wire_Device
