OBJECTMODELPOINTER=33777c94-e4b9-4947-906f-f84480f3cb99.dev
BASEFAMILY=665efaff-169d-44b0-ae83-30aabab8456d.fam
BLHA=28.49379582,113.42815973,297.068153,224.957371
TRANSFORMMATRIX=-0.000002229,-1.000000000,0.000005055,0.000000000,1.000000000,-0.000002229,0.000000041,0.000000000,-0.000000042,0.000005055,1.000000000,0.000000000,-0.178792943,32.183888148,49.840872654,1.000000000
ENTITYNAME=Wire_Device
