OBJECTMODELPOINTER=33777c94-e4b9-4947-906f-f84480f3cb99.dev
BASEFAMILY=667d15e3-9780-4980-9fb0-094885c5ecfe.fam
BLHA=28.28368001,113.45281448,67.001736,340.232800
TRANSFORMMATRIX=0.000004934,-1.000000000,0.000015891,0.000000000,1.000000000,0.000004934,0.000001105,0.000000000,-0.000001105,0.000015890,1.000000000,0.000000000,-7.186229672,101.381625192,56.597450862,1.000000000
ENTITYNAME=Wire_Device
