OBJECTMODELPOINTER=33777c94-e4b9-4947-906f-f84480f3cb99.dev
BASEFAMILY=66870cfa-1197-472b-b028-421a09d7651e.fam
BLHA=28.51174980,113.46636581,279.463297,210.734491
TRANSFORMMATRIX=0.006988834,-0.999975574,0.000091916,0.000000000,0.999975578,0.006988834,0.000001803,0.000000000,-0.000002445,0.000091901,0.999999996,0.000000000,-14.216631127,585.800728193,2.438861917,1.000000000
ENTITYNAME=Wire_Device
