OBJECTMODELPOINTER=33777c94-e4b9-4947-906f-f84480f3cb99.dev
BASEFAMILY=669fe702-97a0-4edc-815b-5971c285a270.fam
BLHA=28.31294059,113.42646212,52.368358,335.449580
TRANSFORMMATRIX=0.000008761,-1.000000000,0.000016106,0.000000000,1.000000000,0.000008761,-0.000001090,0.000000000,0.000001089,0.000016106,1.000000000,0.000000000,6.722422970,102.699097713,27.032215956,1.000000000
ENTITYNAME=Wire_Device
