OBJECTMODELPOINTER=7eb750c0-9c95-4e53-8520-4f93b113f7bf.dev
BASEFAMILY=66b9ed02-01bb-435b-b9ec-b54fe7d42364.fam
TRANSFORMMATRIX=0.018270567,0.105228327,-0.994280292,0.000000000,-0.985257648,0.171076749,-0.000001155,0.000000000,0.170098430,0.979622143,0.106803471,0.000000000,11.000000000,-0.846000000,47.000000000,1.000000000
ENTITYNAME=Tower_Device
