OBJECTMODELPOINTER=33777c94-e4b9-4947-906f-f84480f3cb99.dev
BASEFAMILY=66bae62b-02ef-4644-ae8d-fc2eeac3e656.fam
BLHA=28.28149698,113.45977476,95.758412,340.232800
TRANSFORMMATRIX=-0.001876739,-0.999998238,0.000029142,0.000000000,0.999998239,-0.001876739,-0.000001470,0.000000000,0.000001525,0.000029139,1.000000000,0.000000000,9.381683190,185.869314905,33.502870910,1.000000000
ENTITYNAME=Wire_Device
