ENTITYNAME=WIRE
BASEFAMILY=66bb354c-4745-4d19-bbc3-6c51e6001605.fam
OBJECTMODELPOINTER=81b82497-164d-48c0-b1cb-18fa700dacdf.dev
KVALUE=0.000000
SPLIT=4
POINT0.BLHA=28.34583559,113.36246769,78.593,278.143009
POINT0.MATRIX0=-0.989917611,0.141644356,0.000000000,0.000000000,-0.141644356,-0.989917611,-0.000000000,0.000000000,-0.000000000,0.000000000,1.000000000,0.000000000,13.544578976,0.598516784,52.741101357,1.000000000
POINT0.MATRIX1=-0.989917611,0.141644356,0.000000000,0.000000000,-0.141644356,-0.989917611,-0.000000000,0.000000000,-0.000000000,0.000000000,1.000000000,0.000000000,13.544578976,0.598516784,53.191098305,1.000000000
POINT0.MATRIX2=-0.989917611,0.141644356,0.000000000,0.000000000,-0.141644356,-0.989917611,-0.000000000,0.000000000,-0.000000000,0.000000000,1.000000000,0.000000000,13.094903518,0.599722936,53.191098305,1.000000000
POINT0.MATRIX3=-0.989917611,0.141644356,0.000000000,0.000000000,-0.141644356,-0.989917611,-0.000000000,0.000000000,-0.000000000,0.000000000,1.000000000,0.000000000,13.094903518,0.599722936,52.741101357,1.000000000
POINT1.BLHA=28.34583559,113.36246769,78.593,278.143009
POINT1.MATRIX0=-0.989917611,0.141644356,0.000000000,0.000000000,-0.141644356,-0.989917611,-0.000000000,0.000000000,-0.000000000,0.000000000,1.000000000,0.000000000,13.545041637,0.718511795,52.741101357,1.000000000
POINT1.MATRIX1=-0.989917611,0.141644356,0.000000000,0.000000000,-0.141644356,-0.989917611,-0.000000000,0.000000000,-0.000000000,0.000000000,1.000000000,0.000000000,13.545041637,0.718511795,53.191098305,1.000000000
POINT1.MATRIX2=-0.989917611,0.141644356,0.000000000,0.000000000,-0.141644356,-0.989917611,-0.000000000,0.000000000,-0.000000000,0.000000000,1.000000000,0.000000000,13.095366178,0.719717947,53.191098305,1.000000000
POINT1.MATRIX3=-0.989917611,0.141644356,0.000000000,0.000000000,-0.141644356,-0.989917611,-0.000000000,0.000000000,-0.000000000,0.000000000,1.000000000,0.000000000,13.095366179,0.719717947,52.741101357,1.000000000
