OBJECTMODELPOINTER=99df2710-cdbd-4aae-a737-ae381f303e02.dev
BASEFAMILY=66bc6c87-1165-4044-b6f8-01851d6f7ee5.fam
TRANSFORMMATRIX=0.001589200,-0.193204628,0.981157307,0.000000000,0.999966034,0.008229014,-0.000000257,0.000000000,-0.008073503,0.981124253,0.193209778,0.000000000,9.725000000,-1.051265264,30.000000001,1.000000000
ENTITYNAME=Tower_Device
