OBJECTMODELPOINTER=33777c94-e4b9-4947-906f-f84480f3cb99.dev
BASEFAMILY=66bd38f0-5740-4d8c-bd89-ede9b7e9903c.fam
BLHA=28.27160371,113.47264060,64.950919,312.669055
TRANSFORMMATRIX=-0.001749401,-0.999998469,0.000029023,0.000000000,0.999998470,-0.001749401,0.000001330,0.000000000,-0.000001278,0.000029026,1.000000000,0.000000000,-8.624154530,184.768744396,29.342327474,1.000000000
ENTITYNAME=Wire_Device
