OBJECTMODELPOINTER=22e9e442-a5b0-4779-9e14-658a1701d9f7.dev
BASEFAMILY=66d4646e-f8fe-4aa7-9d30-5654757bfa73.fam
TRANSFORMMATRIX=-0.001609765,-0.014001915,-0.999900708,0.000000000,0.993462427,-0.114159254,0.000000828,0.000000000,-0.114146688,-0.993363931,0.014093742,0.000000000,-7.500000000,0.900000000,35.000000000,1.000000000
ENTITYNAME=Tower_Device
