OBJECTMODELPOINTER=33777c94-e4b9-4947-906f-f84480f3cb99.dev
BASEFAMILY=66db3bcc-77c0-4d3b-85bb-6207d4634f40.fam
BLHA=28.29509828,113.44289412,61.743516,287.794387
TRANSFORMMATRIX=0.000001357,-1.000000000,0.000016701,0.000000000,1.000000000,0.000001357,-0.000001392,0.000000000,0.000001392,0.000016701,1.000000000,0.000000000,8.720888230,106.085678425,32.019252970,1.000000000
ENTITYNAME=Wire_Device
