ENTITYNAME=WIRE
BASEFAMILY=66dc8fee-3c87-4d3e-8677-c55850956847.fam
OBJECTMODELPOINTER=31970f28-780e-4bf1-8adb-439f78c329a3.dev
KVALUE=0.000227
SPLIT=1
POINT0.BLHA=28.28368001,113.45281448,67.002,340.232800
POINT0.MATRIX0=-0.338199241,0.941074531,0.000000000,0.000000000,-0.941074531,-0.338199241,0.000000000,0.000000000,0.000000000,-0.000000000,1.000000000,0.000000000,-10.800055501,0.310190441,72.558002326,1.000000000
POINT1.BLHA=28.28240757,113.45687165,86.867,340.232800
POINT1.MATRIX0=-0.338199241,0.941074531,-0.000000000,0.000000000,-0.941074531,-0.338199241,-0.000000000,0.000000000,0.000000000,-0.000000000,1.000000000,0.000000000,-10.799952394,-0.309811271,69.558005404,1.000000000
