OBJECTMODELPOINTER=33777c94-e4b9-4947-906f-f84480f3cb99.dev
BASEFAMILY=66e4ff55-89f5-407e-9ee2-6c190e49ee07.fam
BLHA=28.30399811,113.43961542,62.139238,477.400140
TRANSFORMMATRIX=0.168884461,0.985635855,0.000020238,0.000000000,-0.985635855,0.168884461,0.000001241,0.000000000,-0.000002195,-0.000020157,1.000000000,0.000000000,-13.721598135,-128.102685977,51.447372499,1.000000000
ENTITYNAME=Wire_Device
