OBJECTMODELPOINTER=33777c94-e4b9-4947-906f-f84480f3cb99.dev
BASEFAMILY=66e9e944-4eea-47d9-ad2c-55ea57c468ea.fam
BLHA=28.50306305,113.44669559,173.869453,200.251669
TRANSFORMMATRIX=-0.000021338,-0.999999999,0.000043315,0.000000000,1.000000000,-0.000021338,-0.000001822,0.000000000,0.000001823,0.000043316,0.999999999,0.000000000,12.046594170,276.341103093,72.436005782,1.000000000
ENTITYNAME=Wire_Device
