OBJECTMODELPOINTER=33777c94-e4b9-4947-906f-f84480f3cb99.dev
BASEFAMILY=66eeded2-d4e6-4608-9fc9-ee0e62a05ecd.fam
BLHA=28.55813742,113.50479443,276.608256,304.990571
TRANSFORMMATRIX=0.000970880,-0.999999527,0.000051962,0.000000000,0.999999529,0.000970880,0.000002177,0.000000000,-0.000002227,0.000051960,0.999999999,0.000000000,-15.000780974,330.557927145,41.620173862,1.000000000
ENTITYNAME=Wire_Device
