OBJECTMODELPOINTER=33777c94-e4b9-4947-906f-f84480f3cb99.dev
BASEFAMILY=66ef8379-297e-4e74-b274-3caa9b7a7a06.fam
BLHA=28.31510010,113.40690744,78.265120,0.896163
TRANSFORMMATRIX=0.002066613,-0.999997864,0.000035904,0.000000000,0.999997865,0.002066613,-0.000001058,0.000000000,0.000000983,0.000035906,0.999999999,0.000000000,6.265760365,229.190233971,26.717316759,1.000000000
ENTITYNAME=Wire_Device
