OBJECTMODELPOINTER=33777c94-e4b9-4947-906f-f84480f3cb99.dev
BASEFAMILY=67062f40-e3ea-4f72-a50c-d144767f0a49.fam
BLHA=28.31135450,113.43043530,49.303319,335.449580
TRANSFORMMATRIX=-0.004961588,-0.999987689,0.000064231,0.000000000,0.999987691,-0.004961588,-0.000001275,0.000000000,0.000001593,0.000064224,0.999999998,0.000000000,9.323875737,409.557769197,44.029284977,1.000000000
ENTITYNAME=Wire_Device
