OBJECTMODELPOINTER=33777c94-e4b9-4947-906f-f84480f3cb99.dev
BASEFAMILY=670e3ab6-83f2-4ca0-8c9f-4704c207618c.fam
BLHA=28.39175425,113.36683981,143.500019,249.667673
TRANSFORMMATRIX=0.002629872,-0.999996542,0.000005320,0.000000000,0.999996542,0.002629872,-0.000002052,0.000000000,0.000002038,0.000005326,1.000000000,0.000000000,13.055125787,33.862314303,45.247942234,1.000000000
ENTITYNAME=Wire_Device
