OBJECTMODELPOINTER=33777c94-e4b9-4947-906f-f84480f3cb99.dev
BASEFAMILY=671ac2dc-dba4-4ed0-b625-ee1d3b17c584.fam
BLHA=28.50469488,113.45163258,174.515783,200.251669
TRANSFORMMATRIX=-0.011318459,-0.999935944,0.000005585,0.000000000,0.999935944,-0.011318459,-0.000001144,0.000000000,0.000001206,0.000005572,1.000000000,0.000000000,7.728935822,35.557105016,25.299125325,1.000000000
ENTITYNAME=Wire_Device
