OBJECTMODELPOINTER=33777c94-e4b9-4947-906f-f84480f3cb99.dev
BASEFAMILY=671da43b-4f6d-4b3e-b8c3-dd38231ee53d.fam
BLHA=28.42194077,113.37713088,216.761088,254.006183
TRANSFORMMATRIX=-0.000007997,-0.999999999,0.000049891,0.000000000,1.000000000,-0.000007997,0.000000326,0.000000000,-0.000000325,0.000049891,0.999999999,0.000000000,-1.639751488,316.933634753,-0.603900885,1.000000000
ENTITYNAME=Wire_Device
