OBJECTMODELPOINTER=33777c94-e4b9-4947-906f-f84480f3cb99.dev
BASEFAMILY=67274f1b-90e6-48ae-a353-781ebd372cb1.fam
BLHA=28.54536406,113.51168326,478.790289,255.750198
TRANSFORMMATRIX=-0.000001769,-1.000000000,0.000016431,0.000000000,1.000000000,-0.000001769,0.000000087,0.000000000,-0.000000087,0.000016431,1.000000000,0.000000000,-0.425001560,104.375829806,71.260305588,1.000000000
ENTITYNAME=Wire_Device
