OBJECTMODELPOINTER=33777c94-e4b9-4947-906f-f84480f3cb99.dev
BASEFAMILY=6735d62d-2b45-4246-b593-d41389b76b63.fam
BLHA=28.45391595,113.39400228,204.515406,242.026912
TRANSFORMMATRIX=0.165432338,-0.986221142,-0.000000474,0.000000000,0.986221142,0.165432338,0.000001465,0.000000000,-0.000001367,-0.000000710,1.000000000,0.000000000,-8.724914920,-4.529966393,26.106593110,1.000000000
ENTITYNAME=Wire_Device
