OBJECTMODELPOINTER=33777c94-e4b9-4947-906f-f84480f3cb99.dev
BASEFAMILY=6738ddb6-e11d-46a5-ad2a-56bc51bd4d80.fam
BLHA=28.37691435,113.36420413,70.521818,286.379084
TRANSFORMMATRIX=-0.000055555,-0.999999997,0.000047469,0.000000000,0.999999998,-0.000055555,0.000000186,0.000000000,-0.000000183,0.000047469,0.999999999,0.000000000,-1.596319544,301.553090566,31.307332913,1.000000000
ENTITYNAME=Wire_Device
