OBJECTMODELPOINTER=33777c94-e4b9-4947-906f-f84480f3cb99.dev
BASEFAMILY=6740402a-1478-4f99-a8ed-372d851cebda.fam
BLHA=28.67276970,113.45923535,192.994115,456.641966
TRANSFORMMATRIX=-0.014102224,0.999900556,0.000070531,0.000000000,-0.999900559,-0.014102224,0.000000485,0.000000000,0.000001480,-0.000070516,0.999999997,0.000000000,9.707717396,-447.839788365,6.474144889,1.000000000
ENTITYNAME=Wire_Device
