OBJECTMODELPOINTER=33777c94-e4b9-4947-906f-f84480f3cb99.dev
BASEFAMILY=675b6979-815a-4667-b8c6-9a606bca2ed8.fam
BLHA=28.26885822,113.47846971,85.176990,355.334735
TRANSFORMMATRIX=0.000000428,-1.000000000,0.000004696,0.000000000,1.000000000,0.000000428,-0.000001534,0.000000000,0.000001534,0.000004697,1.000000000,0.000000000,9.730595770,29.971712036,58.704130333,1.000000000
ENTITYNAME=Wire_Device
