ENTITYNAME=WIRE
BASEFAMILY=6760b55e-5b56-417b-ae97-4477e0f54828.fam
OBJECTMODELPOINTER=81b82497-164d-48c0-b1cb-18fa700dacdf.dev
KVALUE=0.000369
SPLIT=4
POINT0.BLHA=28.52957493,113.49997928,454.521,210.734491
POINT0.MATRIX0=-0.511060437,-0.859544780,-0.000000000,0.000000000,0.859544780,-0.511060437,0.000000000,0.000000000,0.000000000,0.000000000,1.000000000,0.000000000,12.094775251,0.109780290,42.999998239,1.000000000
POINT0.MATRIX1=-0.511060437,-0.859544780,-0.000000000,0.000000000,0.859544780,-0.511060437,0.000000000,0.000000000,0.000000000,0.000000000,1.000000000,0.000000000,12.094775251,0.109780290,43.450012352,1.000000000
POINT0.MATRIX2=-0.511060437,-0.859544780,-0.000000000,0.000000000,0.859544780,-0.511060437,0.000000000,0.000000000,0.000000000,0.000000000,1.000000000,0.000000000,11.645088790,0.110158132,43.450012352,1.000000000
POINT0.MATRIX3=-0.511060437,-0.859544780,-0.000000000,0.000000000,0.859544780,-0.511060437,0.000000000,0.000000000,0.000000000,0.000000000,1.000000000,0.000000000,11.645088790,0.110158132,42.999998238,1.000000000
POINT1.BLHA=28.52807252,113.49714509,416.576,210.734491
POINT1.MATRIX0=-0.511060437,-0.859544780,0.000000000,0.000000000,0.859544780,-0.511060437,0.000000000,0.000000000,-0.000000000,-0.000000000,1.000000000,0.000000000,12.095235224,-0.109502691,37.000000102,1.000000000
POINT1.MATRIX1=-0.511060437,-0.859544780,0.000000000,0.000000000,0.859544780,-0.511060437,0.000000000,0.000000000,-0.000000000,-0.000000000,1.000000000,0.000000000,12.095235224,-0.109502691,37.450012309,1.000000000
POINT1.MATRIX2=-0.511060437,-0.859544780,0.000000000,0.000000000,0.859544780,-0.511060437,0.000000000,0.000000000,-0.000000000,-0.000000000,1.000000000,0.000000000,11.645469381,-0.110213789,37.450012310,1.000000000
POINT1.MATRIX3=-0.511060437,-0.859544780,0.000000000,0.000000000,0.859544780,-0.511060437,0.000000000,0.000000000,-0.000000000,-0.000000000,1.000000000,0.000000000,11.645469381,-0.110213789,37.000000103,1.000000000
