OBJECTMODELPOINTER=33777c94-e4b9-4947-906f-f84480f3cb99.dev
BASEFAMILY=676c04c7-c505-4f0a-a089-e36cdff219f6.fam
BLHA=28.64054809,113.46428400,121.846877,277.610658
TRANSFORMMATRIX=0.002772117,-0.999996156,0.000052815,0.000000000,0.999996158,0.002772117,-0.000001888,0.000000000,0.000001742,0.000052819,0.999999999,0.000000000,10.888278871,335.442622597,37.377655094,1.000000000
ENTITYNAME=Wire_Device
