OBJECTMODELPOINTER=33777c94-e4b9-4947-906f-f84480f3cb99.dev
BASEFAMILY=67773b92-e4ff-4e64-a92f-6822a3055bf7.fam
BLHA=28.44044510,113.38600635,302.501930,242.026912
TRANSFORMMATRIX=-0.000000584,-1.000000000,0.000005809,0.000000000,1.000000000,-0.000000584,0.000001904,0.000000000,-0.000001903,0.000005808,1.000000000,0.000000000,-12.058810553,36.902956107,31.499641798,1.000000000
ENTITYNAME=Wire_Device
