ENTITYNAME=WIRE
BASEFAMILY=677b017b-f884-48a1-9735-05c4841a1442.fam
OBJECTMODELPOINTER=31970f28-780e-4bf1-8adb-439f78c329a3.dev
KVALUE=0.000287
SPLIT=1
POINT0.BLHA=28.37691435,113.36420413,70.522,286.379084
POINT0.MATRIX0=-0.959416979,0.281991241,0.000000000,0.000000000,-0.281991241,-0.959416979,0.000000000,0.000000000,0.000000000,0.000000000,1.000000000,0.000000000,9.867602774,-0.000900627,51.558000910,1.000000000
POINT1.BLHA=28.37691435,113.36420413,70.522,286.379084
POINT1.MATRIX0=-0.959416979,0.281991241,0.000000000,0.000000000,-0.281991241,-0.959416979,0.000000000,0.000000000,0.000000000,0.000000000,1.000000000,0.000000000,9.870324115,0.000426709,51.558000903,1.000000000
