OBJECTMODELPOINTER=33777c94-e4b9-4947-906f-f84480f3cb99.dev
BASEFAMILY=678481f5-4687-4c14-8e26-14c64d53e970.fam
BLHA=28.26885822,113.47846971,85.176990,355.334735
TRANSFORMMATRIX=0.000035230,-0.999999997,0.000062275,0.000000000,0.999999999,0.000035230,-0.000000996,0.000000000,0.000000994,0.000062275,0.999999998,0.000000000,6.146705660,397.485807674,31.605644804,1.000000000
ENTITYNAME=Wire_Device
