OBJECTMODELPOINTER=33777c94-e4b9-4947-906f-f84480f3cb99.dev
BASEFAMILY=6788f988-b534-454b-b38b-f28e33e290a1.fam
BLHA=28.31534552,113.42043692,48.733934,348.172871
TRANSFORMMATRIX=-0.225219330,-0.974308088,0.000050405,0.000000000,0.974308090,-0.225219330,0.000002025,0.000000000,0.000009379,0.000049566,0.999999999,0.000000000,59.240068485,316.250715613,49.742914078,1.000000000
ENTITYNAME=Wire_Device
