OBJECTMODELPOINTER=33777c94-e4b9-4947-906f-f84480f3cb99.dev
BASEFAMILY=678c7dd1-79a3-4367-b615-c2f331e2a0da.fam
BLHA=28.64054809,113.46428400,121.846877,277.610658
TRANSFORMMATRIX=0.000000763,-1.000000000,0.000018165,0.000000000,1.000000000,0.000000763,0.000000069,0.000000000,-0.000000069,0.000018164,1.000000000,0.000000000,-0.516955864,115.361245072,39.681809888,1.000000000
ENTITYNAME=Wire_Device
