OBJECTMODELPOINTER=33777c94-e4b9-4947-906f-f84480f3cb99.dev
BASEFAMILY=678d2f1a-6c16-4e9d-8056-4e23d1c48b0c.fam
BLHA=28.43346852,113.38186613,283.381825,242.026912
TRANSFORMMATRIX=-0.011119243,-0.999938177,0.000068801,0.000000000,0.999938179,-0.011119243,0.000002502,0.000000000,-0.000001736,0.000068825,0.999999998,0.000000000,-10.128301242,437.522554911,-49.632327323,1.000000000
ENTITYNAME=Wire_Device
