OBJECTMODELPOINTER=33777c94-e4b9-4947-906f-f84480f3cb99.dev
BASEFAMILY=6795ba2e-07cc-49aa-afaa-e2249966d8d0.fam
BLHA=28.31502906,113.40300484,68.016258,0.896163
TRANSFORMMATRIX=-0.001695190,-0.999998563,0.000004823,0.000000000,0.999998563,-0.001695190,-0.000001111,0.000000000,0.000001120,0.000004820,1.000000000,0.000000000,7.110237651,30.771351323,37.476754229,1.000000000
ENTITYNAME=Wire_Device
