ENTITYNAME=WIRE
BASEFAMILY=67976f09-ad6b-4d00-b0cd-c96244642ccb.fam
OBJECTMODELPOINTER=81b82497-164d-48c0-b1cb-18fa700dacdf.dev
KVALUE=0.000369
SPLIT=4
POINT0.BLHA=28.47508033,113.40890253,351.780,229.813402
POINT0.MATRIX0=-0.763946986,-0.645279012,-0.000000000,0.000000000,0.645279012,-0.763946986,0.000000000,0.000000000,0.000000000,0.000000000,1.000000000,0.000000000,13.545099019,0.719986139,52.741098790,1.000000000
POINT0.MATRIX1=-0.763946986,-0.645279012,-0.000000000,0.000000000,0.645279012,-0.763946986,0.000000000,0.000000000,0.000000000,0.000000000,1.000000000,0.000000000,13.545099019,0.719986139,53.191095738,1.000000000
POINT0.MATRIX2=-0.763946986,-0.645279012,-0.000000000,0.000000000,0.645279012,-0.763946986,0.000000000,0.000000000,0.000000000,0.000000000,1.000000000,0.000000000,13.095336123,0.719745946,53.191095738,1.000000000
POINT0.MATRIX3=-0.763946986,-0.645279012,-0.000000000,0.000000000,0.645279012,-0.763946986,0.000000000,0.000000000,0.000000000,0.000000000,1.000000000,0.000000000,13.095336123,0.719745946,52.741098789,1.000000000
POINT1.BLHA=28.47322316,113.40714488,338.740,229.813402
POINT1.MATRIX0=-0.763946986,-0.645279012,0.000000000,0.000000000,0.645279012,-0.763946986,0.000000000,0.000000000,-0.000000000,-0.000000000,1.000000000,0.000000000,13.544857645,-0.719698297,52.741104315,1.000000000
POINT1.MATRIX1=-0.763946986,-0.645279012,0.000000000,0.000000000,0.645279012,-0.763946986,0.000000000,0.000000000,-0.000000000,-0.000000000,1.000000000,0.000000000,13.544857645,-0.719698297,53.191101263,1.000000000
POINT1.MATRIX2=-0.763946986,-0.645279012,0.000000000,0.000000000,0.645279012,-0.763946986,0.000000000,0.000000000,-0.000000000,-0.000000000,1.000000000,0.000000000,13.095094750,-0.719938489,53.191101263,1.000000000
POINT1.MATRIX3=-0.763946986,-0.645279012,0.000000000,0.000000000,0.645279012,-0.763946986,0.000000000,0.000000000,-0.000000000,-0.000000000,1.000000000,0.000000000,13.095094749,-0.719938489,52.741104315,1.000000000
