OBJECTMODELPOINTER=33777c94-e4b9-4947-906f-f84480f3cb99.dev
BASEFAMILY=679c7e8a-4437-4073-9de9-58655d7a8edd.fam
BLHA=28.31502906,113.40300484,68.016258,0.896163
TRANSFORMMATRIX=-0.001194066,-0.999999287,0.000025199,0.000000000,0.999999287,-0.001194066,-0.000000891,0.000000000,0.000000921,0.000025199,1.000000000,0.000000000,5.861413881,160.841982594,58.356807964,1.000000000
ENTITYNAME=Wire_Device
