OBJECTMODELPOINTER=33777c94-e4b9-4947-906f-f84480f3cb99.dev
BASEFAMILY=67b04f89-aea3-413a-ab3c-a87f1df1f1e0.fam
BLHA=28.31498130,113.40038482,72.539572,2.946268
TRANSFORMMATRIX=-0.038837271,-0.999245548,0.000015426,0.000000000,0.999245549,-0.038837272,0.000001262,0.000000000,-0.000000662,0.000015464,1.000000000,0.000000000,-4.174276735,98.700222306,53.587198237,1.000000000
ENTITYNAME=Wire_Device
