OBJECTMODELPOINTER=0e312739-8609-4a3d-966c-75d05d59356d.dev
BASEFAMILY=67b361d1-bd1b-4272-b49b-6347f3463a12.fam
TRANSFORMMATRIX=0.000000000,-1.000000000,0.000000000,0.000000000,1.000000000,0.000000000,0.000000000,0.000000000,-0.000000000,0.000000000,1.000000000,0.000000000,-6.150860504,6.148609096,0.000000893,1.000000000
ENTITYNAME=Tower_Device
