OBJECTMODELPOINTER=33777c94-e4b9-4947-906f-f84480f3cb99.dev
BASEFAMILY=67c5d8e6-c7fc-452f-a022-90f5a06b060e.fam
BLHA=28.31925198,113.37995663,64.126344,500.343289
TRANSFORMMATRIX=0.206045464,0.978542419,-0.000000405,0.000000000,-0.978542419,0.206045464,-0.000001738,0.000000000,-0.000001617,0.000000754,1.000000000,0.000000000,-10.301524609,4.827879611,42.365918799,1.000000000
ENTITYNAME=Wire_Device
