OBJECTMODELPOINTER=33777c94-e4b9-4947-906f-f84480f3cb99.dev
BASEFAMILY=67ca3d36-844b-496f-8060-008c91962680.fam
BLHA=28.34901903,113.36193338,109.289234,278.143009
TRANSFORMMATRIX=0.004090032,-0.999991635,0.000050453,0.000000000,0.999991636,0.004090032,0.000002087,0.000000000,-0.000002293,0.000050444,0.999999999,0.000000000,-14.869191452,320.361471979,19.308863676,1.000000000
ENTITYNAME=Wire_Device
