ENTITYNAME=WIRE
BASEFAMILY=67dbc565-c1ed-43c5-99a0-195fbd665fb8.fam
OBJECTMODELPOINTER=31970f28-780e-4bf1-8adb-439f78c329a3.dev
KVALUE=0.000287
SPLIT=1
POINT0.BLHA=28.47508033,113.40890253,351.780,229.813402
POINT0.MATRIX0=-0.763946986,-0.645279012,-0.000000000,0.000000000,0.645279012,-0.763946986,0.000000000,0.000000000,0.000000000,0.000000000,1.000000000,0.000000000,-11.320014471,-0.009826886,63.558000244,1.000000000
POINT1.BLHA=28.47508033,113.40890253,351.780,229.813402
POINT1.MATRIX0=-0.763946986,-0.645279012,-0.000000000,0.000000000,0.645279012,-0.763946986,0.000000000,0.000000000,0.000000000,0.000000000,1.000000000,0.000000000,-11.320043501,0.009935687,63.558000245,1.000000000
