OBJECTMODELPOINTER=33777c94-e4b9-4947-906f-f84480f3cb99.dev
BASEFAMILY=67eedede-38c1-4657-8117-f44e979a73bd.fam
BLHA=28.57953661,113.48279374,260.580940,480.423303
TRANSFORMMATRIX=-0.350258506,0.936653073,0.000000204,0.000000000,-0.936653073,-0.350258506,-0.000001472,0.000000000,-0.000001307,-0.000000707,1.000000000,0.000000000,-8.321107719,-4.475312724,25.301912487,1.000000000
ENTITYNAME=Wire_Device
