OBJECTMODELPOINTER=33777c94-e4b9-4947-906f-f84480f3cb99.dev
BASEFAMILY=67f000ba-6be5-406d-b435-39f71446d1a6.fam
BLHA=28.36295604,113.35959378,63.083646,458.145379
TRANSFORMMATRIX=0.024379107,0.999702785,0.000015700,0.000000000,-0.999702785,0.024379107,-0.000001176,0.000000000,-0.000001559,-0.000015667,1.000000000,0.000000000,-9.874041660,-99.483105021,40.032727002,1.000000000
ENTITYNAME=Wire_Device
