OBJECTMODELPOINTER=33777c94-e4b9-4947-906f-f84480f3cb99.dev
BASEFAMILY=67f178da-725d-44b2-95a3-2a7cb7d019e4.fam
BLHA=28.68327588,113.45799727,190.105481,276.549179
TRANSFORMMATRIX=-0.033025526,-0.999454508,0.000017859,0.000000000,0.999454509,-0.033025526,-0.000001096,0.000000000,0.000001685,0.000017813,1.000000000,0.000000000,10.690869603,113.119846137,17.815089358,1.000000000
ENTITYNAME=Wire_Device
