OBJECTMODELPOINTER=010318c3-299c-4f5b-999f-8a2d5b8cb959.dev
BASEFAMILY=67f37868-6246-43bd-89f4-221fcc72ced8.fam
TRANSFORMMATRIX=-0.999831896,0.018335214,-0.000000021,0.000000000,-0.018335230,-0.999831896,-0.000000002,0.000000000,-0.000000000,-0.000000000,1.000000000,0.000000000,-9.870000000,-0.310000000,49.000000001,1.000000000
ENTITYNAME=Tower_Device
