OBJECTMODELPOINTER=33777c94-e4b9-4947-906f-f84480f3cb99.dev
BASEFAMILY=67fb8ced-d88d-414d-a088-3ea4bf7251e7.fam
BLHA=28.62257154,113.46619683,208.116407,273.436520
TRANSFORMMATRIX=0.000002010,-0.999999999,0.000042634,0.000000000,1.000000000,0.000002010,0.000002170,0.000000000,-0.000002170,0.000042634,0.999999999,0.000000000,-13.938217197,270.746701761,3.762248905,1.000000000
ENTITYNAME=Wire_Device
