ENTITYNAME=WIRE
BASEFAMILY=67fedf34-2004-4bce-a215-f32a21d9c673.fam
OBJECTMODELPOINTER=81b82497-164d-48c0-b1cb-18fa700dacdf.dev
KVALUE=0.000369
SPLIT=4
POINT0.BLHA=28.47949059,113.41307678,290.814,229.813402
POINT0.MATRIX0=-0.763946986,-0.645279012,-0.000000000,0.000000000,0.645279012,-0.763946986,-0.000000000,0.000000000,0.000000000,-0.000000000,1.000000000,0.000000000,12.955103672,0.720261474,40.741099863,1.000000000
POINT0.MATRIX1=-0.763946986,-0.645279012,-0.000000000,0.000000000,0.645279012,-0.763946986,-0.000000000,0.000000000,0.000000000,-0.000000000,1.000000000,0.000000000,12.955103672,0.720261474,41.191100626,1.000000000
POINT0.MATRIX2=-0.763946986,-0.645279012,-0.000000000,0.000000000,0.645279012,-0.763946986,-0.000000000,0.000000000,0.000000000,-0.000000000,1.000000000,0.000000000,12.504967755,0.719706204,41.191100626,1.000000000
POINT0.MATRIX3=-0.763946986,-0.645279012,-0.000000000,0.000000000,0.645279012,-0.763946986,-0.000000000,0.000000000,0.000000000,-0.000000000,1.000000000,0.000000000,12.504967755,0.719706203,40.741099863,1.000000000
POINT1.BLHA=28.47508033,113.40890253,351.780,229.813402
POINT1.MATRIX0=-0.763946986,-0.645279012,-0.000000000,0.000000000,0.645279012,-0.763946986,0.000000000,0.000000000,0.000000000,0.000000000,1.000000000,0.000000000,13.545194037,-0.719732216,52.741098789,1.000000000
POINT1.MATRIX1=-0.763946986,-0.645279012,-0.000000000,0.000000000,0.645279012,-0.763946986,0.000000000,0.000000000,0.000000000,0.000000000,1.000000000,0.000000000,13.545194037,-0.719732215,53.191095738,1.000000000
POINT1.MATRIX2=-0.763946986,-0.645279012,-0.000000000,0.000000000,0.645279012,-0.763946986,0.000000000,0.000000000,0.000000000,0.000000000,1.000000000,0.000000000,13.095058119,-0.720287486,53.191095738,1.000000000
POINT1.MATRIX3=-0.763946986,-0.645279012,-0.000000000,0.000000000,0.645279012,-0.763946986,0.000000000,0.000000000,0.000000000,0.000000000,1.000000000,0.000000000,13.095058119,-0.720287486,52.741098790,1.000000000
