OBJECTMODELPOINTER=33777c94-e4b9-4947-906f-f84480f3cb99.dev
BASEFAMILY=6815c503-b52b-468b-8160-9a78dc7637ac.fam
BLHA=28.37974338,113.36324559,104.024514,459.829193
TRANSFORMMATRIX=0.081202201,0.996697649,-0.000000964,0.000000000,-0.996697649,0.081202201,0.000001227,0.000000000,0.000001302,0.000000861,1.000000000,0.000000000,8.302456074,5.464702832,16.557968907,1.000000000
ENTITYNAME=Wire_Device
