ENTITYNAME=WIRE
BASEFAMILY=6815fcec-67c4-45ce-8a9d-e502e4e553e6.fam
OBJECTMODELPOINTER=81b82497-164d-48c0-b1cb-18fa700dacdf.dev
KVALUE=0.000368
SPLIT=4
POINT0.BLHA=28.59525170,113.47626182,222.708,294.633001
POINT0.MATRIX0=-0.908996188,0.416804426,0.000000000,0.000000000,-0.416804426,-0.908996188,0.000000000,0.000000000,-0.000000000,0.000000000,1.000000000,0.000000000,-12.505625844,0.110876056,40.000000294,1.000000000
POINT0.MATRIX1=-0.908996188,0.416804426,0.000000000,0.000000000,-0.416804426,-0.908996188,0.000000000,0.000000000,-0.000000000,0.000000000,1.000000000,0.000000000,-12.505625844,0.110876056,40.450001056,1.000000000
POINT0.MATRIX2=-0.908996188,0.416804426,0.000000000,0.000000000,-0.416804426,-0.908996188,0.000000000,0.000000000,-0.000000000,0.000000000,1.000000000,0.000000000,-12.955645829,0.108804757,40.450001057,1.000000000
POINT0.MATRIX3=-0.908996188,0.416804426,0.000000000,0.000000000,-0.416804426,-0.908996188,0.000000000,0.000000000,-0.000000000,0.000000000,1.000000000,0.000000000,-12.955645830,0.108804756,40.000000294,1.000000000
POINT1.BLHA=28.59065738,113.47867622,222.764,291.241310
POINT1.MATRIX0=-0.932062828,0.362296680,0.000000000,0.000000000,-0.362296680,-0.932062828,0.000000000,0.000000000,0.000000000,-0.000000000,1.000000000,0.000000000,-6.829042472,-9.376393796,28.193065005,1.000000000
POINT1.MATRIX1=-0.932062828,0.362296680,0.000000000,0.000000000,-0.362296680,-0.932062828,0.000000000,0.000000000,0.000000000,-0.000000000,1.000000000,0.000000000,-6.787396110,-10.204582898,28.495890933,1.000000000
POINT1.MATRIX2=-0.932062828,0.362296680,0.000000000,0.000000000,-0.362296680,-0.932062828,0.000000000,0.000000000,0.000000000,-0.000000000,1.000000000,0.000000000,-7.286868159,-10.229414376,28.495768863,1.000000000
POINT1.MATRIX3=-0.932062828,0.362296680,0.000000000,0.000000000,-0.362296680,-0.932062828,0.000000000,0.000000000,0.000000000,-0.000000000,1.000000000,0.000000000,-7.328463869,-9.401768834,28.193034488,1.000000000
