ENTITYNAME=WIRE
BASEFAMILY=6819f949-d189-4cb1-a396-761e0fb9ed48.fam
OBJECTMODELPOINTER=81b82497-164d-48c0-b1cb-18fa700dacdf.dev
KVALUE=0.100155
SPLIT=4
POINT0.BLHA=28.36295604,113.35959378,63.084,458.145379
POINT0.MATRIX0=0.989911752,-0.141685295,0.000000000,0.000000000,0.141685295,0.989911752,-0.000000000,0.000000000,0.000000000,0.000000000,1.000000000,0.000000000,7.274781104,3.999846268,38.790003289,1.000000000
POINT0.MATRIX1=0.989911752,-0.141685295,0.000000000,0.000000000,0.141685295,0.989911752,-0.000000000,0.000000000,0.000000000,0.000000000,1.000000000,0.000000000,7.274781104,3.999846268,39.240003336,1.000000000
POINT0.MATRIX2=0.989911752,-0.141685295,0.000000000,0.000000000,0.141685295,0.989911752,-0.000000000,0.000000000,0.000000000,0.000000000,1.000000000,0.000000000,7.724781134,3.999846254,39.240003336,1.000000000
POINT0.MATRIX3=0.989911752,-0.141685295,0.000000000,0.000000000,0.141685295,0.989911752,-0.000000000,0.000000000,0.000000000,0.000000000,1.000000000,0.000000000,7.724781134,3.999846254,38.790003289,1.000000000
POINT1.BLHA=28.36295604,113.35959378,63.084,458.145379
POINT1.MATRIX0=0.989911752,-0.141685295,0.000000000,0.000000000,0.141685295,0.989911752,-0.000000000,0.000000000,0.000000000,0.000000000,1.000000000,0.000000000,7.274995759,-3.999818709,38.790003288,1.000000000
POINT1.MATRIX1=0.989911752,-0.141685295,0.000000000,0.000000000,0.141685295,0.989911752,-0.000000000,0.000000000,0.000000000,0.000000000,1.000000000,0.000000000,7.274995760,-3.999818709,39.240003336,1.000000000
POINT1.MATRIX2=0.989911752,-0.141685295,0.000000000,0.000000000,0.141685295,0.989911752,-0.000000000,0.000000000,0.000000000,0.000000000,1.000000000,0.000000000,7.724995789,-3.999818723,39.240003336,1.000000000
POINT1.MATRIX3=0.989911752,-0.141685295,0.000000000,0.000000000,0.141685295,0.989911752,-0.000000000,0.000000000,0.000000000,0.000000000,1.000000000,0.000000000,7.724995789,-3.999818723,38.790003288,1.000000000
