OBJECTMODELPOINTER=46bba510-f53a-475e-bf02-c78f9803e400.dev
BASEFAMILY=681f24b0-6eba-486c-9fd4-71948b4ef924.fam
TRANSFORMMATRIX=-1.000000000,-0.000000000,-0.000000000,0.000000000,0.000000000,-1.000000000,0.000000000,0.000000000,0.000000000,0.000000000,1.000000000,0.000000000,4.736726851,4.737200154,0.000005805,1.000000000
ENTITYNAME=Tower_Device
