OBJECTMODELPOINTER=33777c94-e4b9-4947-906f-f84480f3cb99.dev
BASEFAMILY=682fe8b6-df76-4e76-8889-e03444fec6f2.fam
BLHA=28.41010958,113.37337020,176.661664,254.006183
TRANSFORMMATRIX=0.008331297,-0.999965293,0.000038561,0.000000000,0.999965294,0.008331297,-0.000001836,0.000000000,0.000001514,0.000038575,0.999999999,0.000000000,10.002846631,245.066711491,15.842101258,1.000000000
ENTITYNAME=Wire_Device
