OBJECTMODELPOINTER=90b0d957-fca3-42a6-b0e8-e8fff979ff1e.dev
BASEFAMILY=6839a31f-9682-4fc4-b694-1d20c15e5259.fam
TRANSFORMMATRIX=-0.109267497,-0.108581255,-0.988063947,0.000000000,-0.994012681,0.012076007,0.108597061,0.000000000,0.000139469,0.994014095,-0.109251819,0.000000000,-7.500000000,-0.953000000,30.000000001,1.000000000
ENTITYNAME=Tower_Device
