OBJECTMODELPOINTER=33777c94-e4b9-4947-906f-f84480f3cb99.dev
BASEFAMILY=6849bc71-2f45-42bb-bff3-df95c25d7095.fam
BLHA=28.30572385,113.43813150,65.831158,307.005893
TRANSFORMMATRIX=0.006258588,-0.999980414,0.000031410,0.000000000,0.999980415,0.006258588,0.000001553,0.000000000,-0.000001750,0.000031399,1.000000000,0.000000000,-11.650170051,199.789675971,41.032243611,1.000000000
ENTITYNAME=Wire_Device
