OBJECTMODELPOINTER=33777c94-e4b9-4947-906f-f84480f3cb99.dev
BASEFAMILY=684e8634-554b-49f4-b28c-23b75e6e6c40.fam
BLHA=28.31498130,113.40038482,72.539572,2.946268
TRANSFORMMATRIX=-0.274493964,-0.961588823,0.000000299,0.000000000,0.961588823,-0.274493964,0.000001439,0.000000000,-0.000001302,0.000000684,1.000000000,0.000000000,-8.265239237,4.358044036,54.448991143,1.000000000
ENTITYNAME=Wire_Device
