OBJECTMODELPOINTER=33777c94-e4b9-4947-906f-f84480f3cb99.dev
BASEFAMILY=68641ffe-08ab-4752-a300-66413384a727.fam
BLHA=28.74846038,113.45710577,102.803547,427.264866
TRANSFORMMATRIX=-0.200719349,0.979648783,0.000064247,0.000000000,-0.979648785,-0.200719349,0.000001476,0.000000000,0.000014342,-0.000062642,0.999999998,0.000000000,90.739761182,-397.942280605,-7.014314075,1.000000000
ENTITYNAME=Wire_Device
