OBJECTMODELPOINTER=3576deb3-9368-441a-be04-8f34b8f289d2.dev
BASEFAMILY=686983b8-dd6d-4e57-8ce4-232bf621ef93.fam
TRANSFORMMATRIX=-1.000000000,-0.000000163,0.000000000,0.000000000,0.000000163,-1.000000000,-0.000000000,0.000000000,-0.000000000,0.000000000,1.000000000,0.000000000,-11.320000000,0.320000000,70.000000000,1.000000000
ENTITYNAME=Tower_Device
