OBJECTMODELPOINTER=33777c94-e4b9-4947-906f-f84480f3cb99.dev
BASEFAMILY=68729dba-911f-486f-bd56-fff8a7bec441.fam
BLHA=28.46166988,113.39860583,270.672858,242.026912
TRANSFORMMATRIX=-0.001526042,-0.999998836,0.000014772,0.000000000,0.999998836,-0.001526042,-0.000001891,0.000000000,0.000001913,0.000014768,1.000000000,0.000000000,12.402070677,93.917771412,18.047105267,1.000000000
ENTITYNAME=Wire_Device
