OBJECTMODELPOINTER=33777c94-e4b9-4947-906f-f84480f3cb99.dev
BASEFAMILY=687f2007-291c-46be-89ac-1d312e5ee467.fam
BLHA=28.57663112,113.48588937,251.356728,312.996987
TRANSFORMMATRIX=0.000020236,-0.999999998,0.000059405,0.000000000,1.000000000,0.000020236,-0.000001992,0.000000000,0.000001991,0.000059405,0.999999998,0.000000000,11.697309474,378.120887019,31.931154258,1.000000000
ENTITYNAME=Wire_Device
