ENTITYNAME=WIRE
BASEFAMILY=6888a515-6de2-4cdc-afe5-8633e2ed7ad2.fam
OBJECTMODELPOINTER=81b82497-164d-48c0-b1cb-18fa700dacdf.dev
KVALUE=0.117370
SPLIT=4
POINT0.BLHA=28.81363020,113.51792493,127.560,396.804576
POINT0.MATRIX0=0.599087552,0.800683524,-0.000000000,0.000000000,-0.800683524,0.599087552,0.000000000,0.000000000,0.000000000,0.000000000,1.000000000,0.000000000,7.274121803,-3.999214556,38.789997837,1.000000000
POINT0.MATRIX1=0.599087552,0.800683524,-0.000000000,0.000000000,-0.800683524,0.599087552,0.000000000,0.000000000,0.000000000,0.000000000,1.000000000,0.000000000,7.274121803,-3.999214556,39.239997884,1.000000000
POINT0.MATRIX2=0.599087552,0.800683524,-0.000000000,0.000000000,-0.800683524,0.599087552,0.000000000,0.000000000,0.000000000,0.000000000,1.000000000,0.000000000,7.724121750,-3.999214782,39.239997885,1.000000000
POINT0.MATRIX3=0.599087552,0.800683524,-0.000000000,0.000000000,-0.800683524,0.599087552,0.000000000,0.000000000,0.000000000,0.000000000,1.000000000,0.000000000,7.724121750,-3.999214783,38.789997838,1.000000000
POINT1.BLHA=28.81363020,113.51792493,127.560,396.804576
POINT1.MATRIX0=0.599087552,0.800683524,-0.000000000,0.000000000,-0.800683524,0.599087552,0.000000000,0.000000000,0.000000000,0.000000000,1.000000000,0.000000000,3.122528467,-10.000504830,35.747048965,1.000000000
POINT1.MATRIX1=0.599087552,0.800683524,-0.000000000,0.000000000,-0.800683524,0.599087552,0.000000000,0.000000000,0.000000000,0.000000000,1.000000000,0.000000000,2.761800182,-9.381261267,36.299093745,1.000000000
POINT1.MATRIX2=0.599087552,0.800683524,-0.000000000,0.000000000,-0.800683524,0.599087552,0.000000000,0.000000000,0.000000000,0.000000000,1.000000000,0.000000000,3.216127165,-9.321758884,36.498465082,1.000000000
POINT1.MATRIX3=0.599087552,0.800683524,-0.000000000,0.000000000,-0.800683524,0.599087552,0.000000000,0.000000000,0.000000000,0.000000000,1.000000000,0.000000000,3.576855456,-9.941002450,35.946435561,1.000000000
