ENTITYNAME=WIRE
BASEFAMILY=688c8a11-e778-4366-8c9c-49ca335a5b53.fam
OBJECTMODELPOINTER=81b82497-164d-48c0-b1cb-18fa700dacdf.dev
KVALUE=0.000373
SPLIT=4
POINT0.BLHA=28.36788990,113.36378392,64.429,219.706007
POINT0.MATRIX0=-0.638848483,-0.769332578,0.000000000,0.000000000,0.769332578,-0.638848483,0.000000000,0.000000000,0.000000000,0.000000000,1.000000000,0.000000000,-11.645745279,0.722409822,37.741108024,1.000000000
POINT0.MATRIX1=-0.638848483,-0.769332578,0.000000000,0.000000000,0.769332578,-0.638848483,0.000000000,0.000000000,0.000000000,0.000000000,1.000000000,0.000000000,-11.645745279,0.722409823,38.191104971,1.000000000
POINT0.MATRIX2=-0.638848483,-0.769332578,0.000000000,0.000000000,0.769332578,-0.638848483,0.000000000,0.000000000,0.000000000,0.000000000,1.000000000,0.000000000,-12.096742119,0.717374886,38.191104971,1.000000000
POINT0.MATRIX3=-0.638848483,-0.769332578,0.000000000,0.000000000,0.769332578,-0.638848483,0.000000000,0.000000000,0.000000000,0.000000000,1.000000000,0.000000000,-12.096742119,0.717374886,37.741108024,1.000000000
POINT1.BLHA=28.36557656,113.36066804,62.497,414.735470
POINT1.MATRIX0=0.816495163,0.577352274,0.000000000,0.000000000,-0.577352274,0.816495163,-0.000000000,0.000000000,-0.000000000,-0.000000000,1.000000000,0.000000000,9.576798450,9.235653831,28.715263706,1.000000000
POINT1.MATRIX1=0.816495163,0.577352274,0.000000000,0.000000000,-0.577352274,0.816495163,-0.000000000,0.000000000,-0.000000000,-0.000000000,1.000000000,0.000000000,9.795584339,10.014693541,29.068428379,1.000000000
POINT1.MATRIX2=0.816495163,0.577352274,0.000000000,0.000000000,-0.577352274,0.816495163,-0.000000000,0.000000000,-0.000000000,-0.000000000,1.000000000,0.000000000,10.276734385,9.878895062,29.068672520,1.000000000
POINT1.MATRIX3=0.816495163,0.577352274,0.000000000,0.000000000,-0.577352274,0.816495163,-0.000000000,0.000000000,-0.000000000,-0.000000000,1.000000000,0.000000000,10.057549817,9.099573442,28.715385776,1.000000000
