OBJECTMODELPOINTER=33777c94-e4b9-4947-906f-f84480f3cb99.dev
BASEFAMILY=689606c6-2f96-4710-b328-bc694014d41c.fam
BLHA=28.80841146,113.51251091,171.150662,227.348291
TRANSFORMMATRIX=-0.000007882,-1.000000000,0.000013744,0.000000000,1.000000000,-0.000007882,-0.000001772,0.000000000,0.000001772,0.000013744,1.000000000,0.000000000,11.511536936,87.513496566,43.810647129,1.000000000
ENTITYNAME=Wire_Device
