OBJECTMODELPOINTER=33777c94-e4b9-4947-906f-f84480f3cb99.dev
BASEFAMILY=68ab04a7-71a1-453c-8eec-123b33aeb925.fam
BLHA=28.67276970,113.45923535,192.994115,456.641966
TRANSFORMMATRIX=-0.028944615,0.999581016,0.000039051,0.000000000,-0.999581017,-0.028944616,0.000001317,0.000000000,0.000002447,-0.000038996,0.999999999,0.000000000,15.766685268,-247.668140106,-1.624946559,1.000000000
ENTITYNAME=Wire_Device
