ENTITYNAME=WIRE
BASEFAMILY=68b5ce52-4c6a-413f-8bd8-3c39b33cfcab.fam
OBJECTMODELPOINTER=81b82497-164d-48c0-b1cb-18fa700dacdf.dev
KVALUE=0.000322
SPLIT=4
POINT0.BLHA=28.26827851,113.48694026,97.360,314.005848
POINT0.MATRIX0=-0.719268901,0.694731781,-0.000000000,0.000000000,-0.694731781,-0.719268901,-0.000000000,0.000000000,-0.000000000,0.000000000,1.000000000,0.000000000,-3.605337916,6.947420860,56.020601950,1.000000000
POINT0.MATRIX1=-0.719268901,0.694731781,-0.000000000,0.000000000,-0.694731781,-0.719268901,-0.000000000,0.000000000,-0.000000000,0.000000000,1.000000000,0.000000000,-3.087116601,7.649814021,56.148485861,1.000000000
POINT0.MATRIX2=-0.719268901,0.694731781,-0.000000000,0.000000000,-0.694731781,-0.719268901,-0.000000000,0.000000000,-0.000000000,0.000000000,1.000000000,0.000000000,-3.489724562,7.946362775,56.148485860,1.000000000
POINT0.MATRIX3=-0.719268901,0.694731781,-0.000000000,0.000000000,-0.694731781,-0.719268901,-0.000000000,0.000000000,-0.000000000,0.000000000,1.000000000,0.000000000,-4.007594673,7.243630390,56.020434103,1.000000000
POINT1.BLHA=28.26762350,113.48697800,100.998,272.676960
POINT1.MATRIX0=-0.998908737,0.046704776,-0.000000000,0.000000000,-0.046704776,-0.998908737,-0.000000000,0.000000000,-0.000000000,-0.000000000,1.000000000,0.000000000,-12.474823871,-8.545459804,28.979387465,1.000000000
POINT1.MATRIX1=-0.998908737,0.046704776,-0.000000000,0.000000000,-0.046704776,-0.998908737,-0.000000000,0.000000000,-0.000000000,-0.000000000,1.000000000,0.000000000,-12.768461492,-9.190652725,29.506654920,1.000000000
POINT1.MATRIX2=-0.998908737,0.046704776,-0.000000000,0.000000000,-0.046704776,-0.998908737,-0.000000000,0.000000000,-0.000000000,-0.000000000,1.000000000,0.000000000,-13.074015403,-9.348429074,29.143724622,1.000000000
POINT1.MATRIX3=-0.998908737,0.046704776,-0.000000000,0.000000000,-0.046704776,-0.998908737,-0.000000000,0.000000000,-0.000000000,-0.000000000,1.000000000,0.000000000,-12.780377783,-8.703236153,28.616457166,1.000000000
