OBJECTMODELPOINTER=40489bb5-24b9-49ef-bce4-cb9b17348973.dev
BASEFAMILY=68b8d6b9-81fb-4e39-ba1b-463b606f158a.fam
TRANSFORMMATRIX=-0.059267686,0.159946596,-0.985344789,0.000000000,-0.937692488,-0.347466363,0.000000888,0.000000000,-0.342373275,0.923950676,0.170574586,0.000000000,-8.500000000,-0.732500000,53.500000000,1.000000000
ENTITYNAME=Tower_Device
