OBJECTMODELPOINTER=33777c94-e4b9-4947-906f-f84480f3cb99.dev
BASEFAMILY=68cadd64-7cc1-451d-a35f-73a500fb8ffa.fam
BLHA=28.34247838,113.36303113,107.750676,278.143009
TRANSFORMMATRIX=0.003130529,-0.999995098,0.000067374,0.000000000,0.999995100,0.003130529,0.000002163,0.000000000,-0.000002374,0.000067367,0.999999998,0.000000000,-15.461928264,427.833717761,19.270997449,1.000000000
ENTITYNAME=Wire_Device
