ENTITYNAME=WIRE
BASEFAMILY=68f07957-4161-4226-9cc8-e8ac9fdfaeb1.fam
OBJECTMODELPOINTER=81b82497-164d-48c0-b1cb-18fa700dacdf.dev
KVALUE=0.187768
SPLIT=4
POINT0.BLHA=28.36995278,113.36656265,67.148,253.042546
POINT0.MATRIX0=-0.956521597,-0.291661508,0.000000000,0.000000000,0.291661508,-0.956521597,-0.000000000,0.000000000,0.000000000,0.000000000,1.000000000,0.000000000,6.385352094,-8.713534164,35.688912331,1.000000000
POINT0.MATRIX1=-0.956521597,-0.291661508,0.000000000,0.000000000,0.291661508,-0.956521597,-0.000000000,0.000000000,0.000000000,0.000000000,1.000000000,0.000000000,6.783446795,-8.483926670,35.885094552,1.000000000
POINT0.MATRIX2=-0.956521597,-0.291661508,0.000000000,0.000000000,0.291661508,-0.956521597,-0.000000000,0.000000000,0.000000000,0.000000000,1.000000000,0.000000000,6.215340457,-8.055848650,36.443111419,1.000000000
POINT0.MATRIX3=-0.956521597,-0.291661508,0.000000000,0.000000000,0.291661508,-0.956521597,-0.000000000,0.000000000,0.000000000,0.000000000,1.000000000,0.000000000,5.817815351,-8.287324366,36.246929161,1.000000000
POINT1.BLHA=28.36995278,113.36656265,67.148,253.042546
POINT1.MATRIX0=-0.956521597,-0.291661508,0.000000000,0.000000000,0.291661508,-0.956521597,-0.000000000,0.000000000,0.000000000,0.000000000,1.000000000,0.000000000,7.725393224,-4.001469672,38.790000379,1.000000000
POINT1.MATRIX1=-0.956521597,-0.291661508,0.000000000,0.000000000,0.291661508,-0.956521597,-0.000000000,0.000000000,0.000000000,0.000000000,1.000000000,0.000000000,7.725393224,-4.001469672,39.240000426,1.000000000
POINT1.MATRIX2=-0.956521597,-0.291661508,0.000000000,0.000000000,0.291661508,-0.956521597,-0.000000000,0.000000000,0.000000000,0.000000000,1.000000000,0.000000000,7.275393249,-4.001469705,39.240000426,1.000000000
POINT1.MATRIX3=-0.956521597,-0.291661508,0.000000000,0.000000000,0.291661508,-0.956521597,-0.000000000,0.000000000,0.000000000,0.000000000,1.000000000,0.000000000,7.275393249,-4.001469705,38.790000378,1.000000000
