OBJECTMODELPOINTER=33777c94-e4b9-4947-906f-f84480f3cb99.dev
BASEFAMILY=68f305e9-3b4f-49f2-b7a9-922868c382bd.fam
BLHA=28.77883021,113.47993260,194.739259,236.227775
TRANSFORMMATRIX=0.004165464,-0.999991324,0.000005494,0.000000000,0.999991324,0.004165464,0.000001899,0.000000000,-0.000001922,0.000005487,1.000000000,0.000000000,-12.166835573,34.868107464,38.634283996,1.000000000
ENTITYNAME=Wire_Device
