OBJECTMODELPOINTER=33777c94-e4b9-4947-906f-f84480f3cb99.dev
BASEFAMILY=68f7ca24-67c8-41a6-8c79-fe851900edb1.fam
BLHA=28.57663112,113.48588937,251.356728,312.996987
TRANSFORMMATRIX=0.000024461,-0.999999998,0.000059377,0.000000000,1.000000000,0.000024461,0.000002192,0.000000000,-0.000002193,0.000059377,0.999999998,0.000000000,-14.942369250,378.006487301,31.931153392,1.000000000
ENTITYNAME=Wire_Device
