OBJECTMODELPOINTER=33777c94-e4b9-4947-906f-f84480f3cb99.dev
BASEFAMILY=68f87a8d-e454-428f-b295-21d4a5a6d9aa.fam
BLHA=28.29509828,113.44289412,61.743516,287.794387
TRANSFORMMATRIX=0.000001533,-1.000000000,0.000016699,0.000000000,1.000000000,0.000001533,-0.000001079,0.000000000,0.000001079,0.000016698,1.000000000,0.000000000,6.720902158,106.076150902,20.469257648,1.000000000
ENTITYNAME=Wire_Device
