OBJECTMODELPOINTER=33777c94-e4b9-4947-906f-f84480f3cb99.dev
BASEFAMILY=68f9aa12-a497-4124-b46e-dfcf0b9eb843.fam
BLHA=28.75094621,113.45897359,113.766966,236.227775
TRANSFORMMATRIX=0.003287228,-0.999994596,0.000045254,0.000000000,0.999994597,0.003287228,0.000000317,0.000000000,-0.000000466,0.000045253,0.999999999,0.000000000,-2.281656228,287.821641915,23.902793672,1.000000000
ENTITYNAME=Wire_Device
