OBJECTMODELPOINTER=33777c94-e4b9-4947-906f-f84480f3cb99.dev
BASEFAMILY=69099bc9-1430-4e94-852d-f9afc84cad4e.fam
BLHA=28.31515909,113.41015274,70.673124,0.896163
TRANSFORMMATRIX=0.000011986,-1.000000000,0.000026276,0.000000000,1.000000000,0.000011986,0.000001623,0.000000000,-0.000001623,0.000026276,1.000000000,0.000000000,-10.293380362,167.721456606,23.284806668,1.000000000
ENTITYNAME=Wire_Device
