ENTITYNAME=WIRE
BASEFAMILY=6914bbb5-f273-46e3-9172-fc0f0d5e5ece.fam
OBJECTMODELPOINTER=81b82497-164d-48c0-b1cb-18fa700dacdf.dev
KVALUE=0.094424
SPLIT=4
POINT0.BLHA=28.31534552,113.42043692,48.734,348.172871
POINT0.MATRIX0=-0.204959508,0.978770453,-0.000000000,0.000000000,-0.978770453,-0.204959508,-0.000000000,0.000000000,0.000000000,0.000000000,1.000000000,0.000000000,-10.273358336,-8.646579172,45.698005771,1.000000000
POINT0.MATRIX1=-0.204959508,0.978770453,-0.000000000,0.000000000,-0.978770453,-0.204959508,-0.000000000,0.000000000,0.000000000,0.000000000,1.000000000,0.000000000,-10.127903050,-9.428040248,46.128046844,1.000000000
POINT0.MATRIX2=-0.204959508,0.978770453,-0.000000000,0.000000000,-0.978770453,-0.204959508,-0.000000000,0.000000000,0.000000000,0.000000000,1.000000000,0.000000000,-10.614636212,-9.543184757,46.128046845,1.000000000
POINT0.MATRIX3=-0.204959508,0.978770453,-0.000000000,0.000000000,-0.978770453,-0.204959508,-0.000000000,0.000000000,0.000000000,0.000000000,1.000000000,0.000000000,-10.760141539,-8.761484723,45.698005770,1.000000000
POINT1.BLHA=28.31534552,113.42043692,48.734,348.172871
POINT1.MATRIX0=-0.204959508,0.978770453,-0.000000000,0.000000000,-0.978770453,-0.204959508,-0.000000000,0.000000000,0.000000000,0.000000000,1.000000000,0.000000000,-12.190299212,-0.000114224,42.789999162,1.000000000
POINT1.MATRIX1=-0.204959508,0.978770453,-0.000000000,0.000000000,-0.978770453,-0.204959508,-0.000000000,0.000000000,0.000000000,0.000000000,1.000000000,0.000000000,-12.190299212,-0.000114224,43.239999149,1.000000000
POINT1.MATRIX2=-0.204959508,0.978770453,-0.000000000,0.000000000,-0.978770453,-0.204959508,-0.000000000,0.000000000,0.000000000,0.000000000,1.000000000,0.000000000,-12.640299207,-0.000114251,43.239999149,1.000000000
POINT1.MATRIX3=-0.204959508,0.978770453,-0.000000000,0.000000000,-0.978770453,-0.204959508,-0.000000000,0.000000000,0.000000000,0.000000000,1.000000000,0.000000000,-12.640299207,-0.000114251,42.789999162,1.000000000
