OBJECTMODELPOINTER=33777c94-e4b9-4947-906f-f84480f3cb99.dev
BASEFAMILY=691c3473-d0af-41a0-82f2-e91fd96af590.fam
BLHA=28.44959265,113.39143584,231.811382,242.026912
TRANSFORMMATRIX=-0.000009265,-0.999999999,0.000040183,0.000000000,1.000000000,-0.000009265,0.000000294,0.000000000,-0.000000293,0.000040184,0.999999999,0.000000000,-1.318329525,255.460226744,77.399163843,1.000000000
ENTITYNAME=Wire_Device
