OBJECTMODELPOINTER=33777c94-e4b9-4947-906f-f84480f3cb99.dev
BASEFAMILY=6921c725-65a0-4296-8d0c-70e321a17479.fam
BLHA=28.26851271,113.48351910,83.112496,355.334735
TRANSFORMMATRIX=0.006342973,-0.999979883,0.000025057,0.000000000,0.999979883,0.006342973,-0.000001456,0.000000000,0.000001297,0.000025066,1.000000000,0.000000000,8.166100885,159.989662770,49.731857092,1.000000000
ENTITYNAME=Wire_Device
