OBJECTMODELPOINTER=33777c94-e4b9-4947-906f-f84480f3cb99.dev
BASEFAMILY=69219cd4-5ccc-498d-bd90-a236e26a2d28.fam
BLHA=28.69702652,113.45589279,149.051008,277.425083
TRANSFORMMATRIX=0.000001858,-0.999999999,0.000048390,0.000000000,1.000000000,0.000001858,-0.000001672,0.000000000,0.000001673,0.000048390,0.999999999,0.000000000,10.468887256,307.315126750,39.136231599,1.000000000
ENTITYNAME=Wire_Device
