OBJECTMODELPOINTER=33777c94-e4b9-4947-906f-f84480f3cb99.dev
BASEFAMILY=693a2708-1f5b-4cb0-85d6-ababdf0af5b0.fam
BLHA=28.57663112,113.48588937,251.356728,312.996987
TRANSFORMMATRIX=0.000008121,-1.000000000,0.000026846,0.000000000,1.000000000,0.000008120,-0.000002046,0.000000000,0.000002047,0.000026846,1.000000000,0.000000000,12.586593724,170.856067942,33.266566765,1.000000000
ENTITYNAME=Wire_Device
