OBJECTMODELPOINTER=0a0c3bd3-940c-4509-a607-177d532a6548.dev
BASEFAMILY=694a9e53-cc24-4ec6-b30f-ebd93cf7b092.fam
TRANSFORMMATRIX=-0.999953781,-0.009613999,0.000000010,0.000000000,0.009614003,-0.999953788,-0.000000005,0.000000000,0.000000000,-0.000000000,1.000000000,0.000000000,11.320000000,-0.000000000,70.000000000,1.000000000
ENTITYNAME=Tower_Device
