OBJECTMODELPOINTER=19fd5963-d2bf-4351-a735-21b14a16e8f5.dev
BASEFAMILY=696bea99-84f6-4b8e-8842-fadb254ce6a0.fam
TRANSFORMMATRIX=0.000000098,0.999999585,0.000001135,0.000000000,-1.000000415,0.000000167,0.000001188,0.000000000,-0.000000000,0.000000000,1.000000000,0.000000000,-9.500000000,-0.000000000,30.000000000,1.000000000
ENTITYNAME=Tower_Device
