OBJECTMODELPOINTER=33777c94-e4b9-4947-906f-f84480f3cb99.dev
BASEFAMILY=696ea1b3-02af-4c62-bf3d-90c87472cd8a.fam
BLHA=28.48305469,113.41645050,246.976349,229.813402
TRANSFORMMATRIX=-0.001701832,-0.999998549,0.000074357,0.000000000,0.999998552,-0.001701832,-0.000001310,0.000000000,0.000001436,0.000074355,0.999999997,0.000000000,10.363156262,473.218914210,74.022507326,1.000000000
ENTITYNAME=Wire_Device
