OBJECTMODELPOINTER=33777c94-e4b9-4947-906f-f84480f3cb99.dev
BASEFAMILY=698606f8-7899-489e-9161-3fa73b8df267.fam
BLHA=28.37974338,113.36324559,104.024514,459.829193
TRANSFORMMATRIX=0.000000868,1.000000000,-0.000000083,0.000000000,-1.000000000,0.000000868,0.000001175,0.000000000,0.000001175,0.000000083,1.000000000,0.000000000,7.497364373,0.521033929,28.434754284,1.000000000
ENTITYNAME=Wire_Device
