OBJECTMODELPOINTER=429adbb0-ac33-4382-b075-91e0951c9ada.dev
BASEFAMILY=69893693-7c19-422f-9c1c-bdd2e2ee2ecd.fam
TRANSFORMMATRIX=-0.000000332,1.000000148,-0.000001632,0.000000000,-0.999999852,0.000000448,0.000000191,0.000000000,0.000000000,0.000000000,1.000000000,0.000000000,7.500000000,4.000000000,42.999999999,1.000000000
ENTITYNAME=Tower_Device
