OBJECTMODELPOINTER=33777c94-e4b9-4947-906f-f84480f3cb99.dev
BASEFAMILY=6989c896-13be-4a34-a8bf-ed740576201b.fam
BLHA=28.28912608,113.44509395,57.000023,477.961117
TRANSFORMMATRIX=-0.181871586,0.983322290,0.000006582,0.000000000,-0.983322290,-0.181871586,-0.000001320,0.000000000,-0.000000101,-0.000006713,1.000000000,0.000000000,-0.552026990,-42.672964090,52.054848645,1.000000000
ENTITYNAME=Wire_Device
