OBJECTMODELPOINTER=33777c94-e4b9-4947-906f-f84480f3cb99.dev
BASEFAMILY=698b9f74-5ee3-4d39-8298-8f1c8c1ae0bf.fam
BLHA=28.81363020,113.51792493,127.559863,396.804576
TRANSFORMMATRIX=-0.180697836,0.983538657,0.000048613,0.000000000,-0.983538658,-0.180697836,0.000000500,0.000000000,0.000009276,-0.000047723,0.999999999,0.000000000,58.263398201,-303.912952559,34.326903186,1.000000000
ENTITYNAME=Wire_Device
