OBJECTMODELPOINTER=0e312739-8609-4a3d-966c-75d05d59356d.dev
BASEFAMILY=698ca81b-3c05-4cce-bf60-bec104082aee.fam
TRANSFORMMATRIX=-1.000000000,0.000000000,-0.000000000,0.000000000,-0.000000000,-1.000000000,-0.000000000,0.000000000,-0.000000000,0.000000000,1.000000000,0.000000000,6.149163966,6.148665110,0.000000892,1.000000000
ENTITYNAME=Tower_Device
