OBJECTMODELPOINTER=33777c94-e4b9-4947-906f-f84480f3cb99.dev
BASEFAMILY=6991e7d8-0b5b-4b47-9a31-ec26339c5c27.fam
BLHA=28.26885822,113.47846971,85.176990,355.334735
TRANSFORMMATRIX=0.000028617,-0.999999998,0.000049814,0.000000000,1.000000000,0.000028618,0.000001329,0.000000000,-0.000001330,0.000049814,0.999999999,0.000000000,-8.579740437,317.957404614,51.032747028,1.000000000
ENTITYNAME=Wire_Device
