OBJECTMODELPOINTER=0e312739-8609-4a3d-966c-75d05d59356d.dev
BASEFAMILY=69aeac57-3b58-4d9f-964e-9ec36f15e6c0.fam
TRANSFORMMATRIX=-0.000000000,-1.000000000,0.000000000,0.000000000,1.000000000,0.000000000,-0.000000000,0.000000000,-0.000000000,-0.000000000,1.000000000,0.000000000,-5.066851444,5.066922902,-0.000001871,1.000000000
ENTITYNAME=Tower_Device
