OBJECTMODELPOINTER=2bc58063-2608-44d9-be2d-bb9734ae9f31.dev
BASEFAMILY=69b16141-423a-4b33-9d1f-1b4bd5d62275.fam
TRANSFORMMATRIX=0.002296844,-0.999996952,0.000001138,0.000000000,0.999997773,0.002296705,-0.000001187,0.000000000,-0.000000000,0.000000000,1.000000000,0.000000000,-12.730000000,-0.600000000,48.000000000,1.000000000
ENTITYNAME=Tower_Device
