OBJECTMODELPOINTER=714fe083-adaf-479d-84bc-65342f040d95.dev
BASEFAMILY=69d4d1b8-8a2d-4e2c-9dbd-f5120749f97a.fam
TRANSFORMMATRIX=1.000000000,-0.000000000,-0.000000000,0.000000000,-0.000000000,1.000000000,0.000000000,0.000000000,0.000000000,0.000000000,1.000000000,0.000000000,0.000000000,0.000000000,-0.000000001,1.000000000
ENTITYNAME=Tower_Device
