OBJECTMODELPOINTER=33777c94-e4b9-4947-906f-f84480f3cb99.dev
BASEFAMILY=69d7f258-c39e-4656-9d0e-7e7884bba5a7.fam
BLHA=28.73433869,113.45386444,142.659000,258.301958
TRANSFORMMATRIX=0.000050766,-0.999999997,0.000064430,0.000000000,0.999999999,0.000050766,0.000000360,0.000000000,-0.000000363,0.000064430,0.999999998,0.000000000,-1.898297337,409.233429785,24.575666271,1.000000000
ENTITYNAME=Wire_Device
