OBJECTMODELPOINTER=33777c94-e4b9-4947-906f-f84480f3cb99.dev
BASEFAMILY=69e037aa-f859-41ba-9fe5-f1b76d436b06.fam
BLHA=28.47144509,113.40546217,294.357908,229.813402
TRANSFORMMATRIX=-0.012550915,-0.999921234,0.000029095,0.000000000,0.999921234,-0.012550915,0.000002219,0.000000000,-0.000001854,0.000029121,1.000000000,0.000000000,-11.332665720,185.295261889,2.333442625,1.000000000
ENTITYNAME=Wire_Device
