OBJECTMODELPOINTER=33777c94-e4b9-4947-906f-f84480f3cb99.dev
BASEFAMILY=69e4e72c-3a1e-49b2-b116-d920d72e7be7.fam
BLHA=28.28149698,113.45977476,95.758412,340.232800
TRANSFORMMATRIX=0.003188385,-0.999994916,0.000053087,0.000000000,0.999994917,0.003188385,0.000001284,0.000000000,-0.000001453,0.000053083,0.999999999,0.000000000,-9.792348190,338.645419228,44.421718418,1.000000000
ENTITYNAME=Wire_Device
