OBJECTMODELPOINTER=13559034-f091-4d29-8dd4-0a10ddbfa145.dev
BASEFAMILY=69e9b662-0d2f-4311-bab0-6a5820acbc6b.fam
TRANSFORMMATRIX=-1.000000000,-0.000000149,0.000000000,0.000000000,0.000000149,-1.000000000,0.000000000,0.000000000,0.000000000,0.000000000,1.000000000,0.000000000,9.870000001,0.000000000,55.000000000,1.000000000
ENTITYNAME=Tower_Device
