OBJECTMODELPOINTER=33777c94-e4b9-4947-906f-f84480f3cb99.dev
BASEFAMILY=69ec4fc7-d513-4656-9959-49fc39dcc877.fam
BLHA=28.71568525,113.45475484,179.580025,274.089521
TRANSFORMMATRIX=0.306988093,-0.951713355,-0.000000374,0.000000000,0.951713355,0.306988093,0.000001416,0.000000000,-0.000001233,-0.000000790,1.000000000,0.000000000,-7.870318826,-5.018160271,25.248099793,1.000000000
ENTITYNAME=Wire_Device
