OBJECTMODELPOINTER=33777c94-e4b9-4947-906f-f84480f3cb99.dev
BASEFAMILY=69ece65e-4180-4578-8b68-5444c137da7d.fam
BLHA=28.39913011,113.36988101,173.073049,251.836928
TRANSFORMMATRIX=0.000021565,-1.000000000,-0.000000071,0.000000000,1.000000000,0.000021565,-0.000001176,0.000000000,0.000001176,-0.000000071,1.000000000,0.000000000,7.502166955,-0.440023276,37.434755266,1.000000000
ENTITYNAME=Wire_Device
