OBJECTMODELPOINTER=5f267f16-49c5-4333-960f-479e4410bc9b.dev
BASEFAMILY=69ee2b7b-6e15-4ad7-b1a3-1dbbfbde2e79.fam
TRANSFORMMATRIX=-0.999946171,0.010375937,-0.000000012,0.000000000,-0.010375944,-0.999946166,0.000000003,0.000000000,0.000000000,0.000000000,1.000000000,0.000000000,10.610000000,0.325000000,52.000000001,1.000000000
ENTITYNAME=Tower_Device
