OBJECTMODELPOINTER=33777c94-e4b9-4947-906f-f84480f3cb99.dev
BASEFAMILY=69f6cda5-9000-468e-ae1d-ba58889caff0.fam
BLHA=28.76435807,113.46905293,179.070265,236.227775
TRANSFORMMATRIX=-0.000002116,-1.000000000,0.000004856,0.000000000,1.000000000,-0.000002116,0.000000037,0.000000000,-0.000000037,0.000004856,1.000000000,0.000000000,-0.162535881,30.885886975,22.528266296,1.000000000
ENTITYNAME=Wire_Device
