OBJECTMODELPOINTER=93b1d7b4-48d5-4ede-bcab-4ded287fe0e5.dev
BASEFAMILY=69faf088-34db-4586-aa65-3246ef75a251.fam
TRANSFORMMATRIX=-0.999999497,-0.001003008,0.000000001,0.000000000,0.001003009,-0.999999497,0.000000000,0.000000000,-0.000000000,0.000000000,1.000000000,0.000000000,11.320000000,0.000000000,70.000000000,1.000000000
ENTITYNAME=Tower_Device
