OBJECTMODELPOINTER=33777c94-e4b9-4947-906f-f84480f3cb99.dev
BASEFAMILY=6a074e00-0168-4a57-9fb7-6e848d65ebb0.fam
BLHA=28.29768818,113.44194006,79.179744,287.794387
TRANSFORMMATRIX=-0.002220154,-0.999997535,0.000017102,0.000000000,0.999997535,-0.002220154,0.000001329,0.000000000,-0.000001292,0.000017106,1.000000000,0.000000000,-8.404842631,108.682337524,29.180711686,1.000000000
ENTITYNAME=Wire_Device
