OBJECTMODELPOINTER=0d96ed84-eefb-4349-9abe-258342848475.dev
BASEFAMILY=6a0e9a9c-3c53-418e-a35f-5be9c2fb30f1.fam
TRANSFORMMATRIX=-0.061147429,0.094356888,-0.993658962,0.000000000,-0.839188687,-0.543840036,0.000001051,0.000000000,-0.540392357,0.833866845,0.112437478,0.000000000,-9.500000000,-2.039000000,30.000000001,1.000000000
ENTITYNAME=Tower_Device
