ENTITYNAME=WIRE
BASEFAMILY=6a119611-eaea-4041-a532-b2bd4c5541ea.fam
OBJECTMODELPOINTER=81b82497-164d-48c0-b1cb-18fa700dacdf.dev
KVALUE=0.000000
SPLIT=4
POINT0.BLHA=28.28492071,113.44885804,59.682,504.180323
POINT0.MATRIX0=0.585236184,-0.810862879,-0.000000000,0.000000000,0.810862879,0.585236184,-0.000000000,0.000000000,-0.000000000,-0.000000000,1.000000000,0.000000000,7.589959840,0.001007173,55.090005385,1.000000000
POINT0.MATRIX1=0.585236184,-0.810862879,-0.000000000,0.000000000,0.810862879,0.585236184,-0.000000000,0.000000000,-0.000000000,-0.000000000,1.000000000,0.000000000,7.589959840,0.001007173,55.540005388,1.000000000
POINT0.MATRIX2=0.585236184,-0.810862879,-0.000000000,0.000000000,0.810862879,0.585236184,-0.000000000,0.000000000,-0.000000000,-0.000000000,1.000000000,0.000000000,8.039959851,0.001006979,55.540005388,1.000000000
POINT0.MATRIX3=0.585236184,-0.810862879,-0.000000000,0.000000000,0.810862879,0.585236184,-0.000000000,0.000000000,-0.000000000,-0.000000000,1.000000000,0.000000000,8.039959851,0.001006979,55.090005386,1.000000000
POINT1.BLHA=28.28492071,113.44885804,59.682,504.180323
POINT1.MATRIX0=0.585236184,-0.810862879,-0.000000000,0.000000000,0.810862879,0.585236184,-0.000000000,0.000000000,-0.000000000,-0.000000000,1.000000000,0.000000000,7.589959899,-0.000992780,55.090005386,1.000000000
POINT1.MATRIX1=0.585236184,-0.810862879,-0.000000000,0.000000000,0.810862879,0.585236184,-0.000000000,0.000000000,-0.000000000,-0.000000000,1.000000000,0.000000000,7.589959899,-0.000992780,55.540005389,1.000000000
POINT1.MATRIX2=0.585236184,-0.810862879,-0.000000000,0.000000000,0.810862879,0.585236184,-0.000000000,0.000000000,-0.000000000,-0.000000000,1.000000000,0.000000000,8.039959717,-0.000993114,55.540005388,1.000000000
POINT1.MATRIX3=0.585236184,-0.810862879,-0.000000000,0.000000000,0.810862879,0.585236184,-0.000000000,0.000000000,-0.000000000,-0.000000000,1.000000000,0.000000000,8.039959717,-0.000993114,55.090005386,1.000000000
