ENTITYNAME=WIRE
BASEFAMILY=6a1839e6-4393-428c-a157-fc16c9e36c43.fam
OBJECTMODELPOINTER=81b82497-164d-48c0-b1cb-18fa700dacdf.dev
KVALUE=0.000371
SPLIT=4
POINT0.BLHA=28.33832123,113.36372877,73.392,278.143009
POINT0.MATRIX0=-0.989917611,0.141644356,-0.000000000,0.000000000,-0.141644356,-0.989917611,0.000000000,0.000000000,-0.000000000,-0.000000000,1.000000000,0.000000000,0.182043215,0.120466332,59.478135419,1.000000000
POINT0.MATRIX1=-0.989917611,0.141644356,-0.000000000,0.000000000,-0.141644356,-0.989917611,0.000000000,0.000000000,-0.000000000,-0.000000000,1.000000000,0.000000000,0.214981513,0.119699324,59.926911664,1.000000000
POINT0.MATRIX2=-0.989917611,0.141644356,-0.000000000,0.000000000,-0.141644356,-0.989917611,0.000000000,0.000000000,-0.000000000,-0.000000000,1.000000000,0.000000000,-0.233243870,0.120697989,59.960175824,1.000000000
POINT0.MATRIX3=-0.989917611,0.141644356,-0.000000000,0.000000000,-0.141644356,-0.989917611,0.000000000,0.000000000,-0.000000000,-0.000000000,1.000000000,0.000000000,-0.266942176,0.119600726,59.511399579,1.000000000
POINT1.BLHA=28.33513056,113.36426418,74.466,467.201749
POINT1.MATRIX0=0.955269333,-0.295737218,0.000000000,0.000000000,0.295737218,0.955269333,0.000000000,0.000000000,-0.000000000,-0.000000000,1.000000000,0.000000000,2.519551853,10.684521711,36.228634196,1.000000000
POINT1.MATRIX1=0.955269333,-0.295737218,0.000000000,0.000000000,0.295737218,0.955269333,0.000000000,0.000000000,-0.000000000,-0.000000000,1.000000000,0.000000000,2.746645327,10.681688093,36.674419741,1.000000000
POINT1.MATRIX2=0.955269333,-0.295737218,0.000000000,0.000000000,0.295737218,0.955269333,0.000000000,0.000000000,-0.000000000,-0.000000000,1.000000000,0.000000000,3.024979781,9.855381752,36.525524447,1.000000000
POINT1.MATRIX3=0.955269333,-0.295737218,0.000000000,0.000000000,0.295737218,0.955269333,0.000000000,0.000000000,-0.000000000,-0.000000000,1.000000000,0.000000000,2.797886307,9.858215370,36.079738932,1.000000000
