OBJECTMODELPOINTER=33777c94-e4b9-4947-906f-f84480f3cb99.dev
BASEFAMILY=6a1b9f06-dbf6-44be-a8a1-934ff1798704.fam
BLHA=28.26907527,113.47529619,67.190721,514.001895
TRANSFORMMATRIX=-0.487857842,0.872923093,-0.000000121,0.000000000,-0.872923093,-0.487857842,-0.000001581,0.000000000,-0.000001440,-0.000000666,1.000000000,0.000000000,-9.142198906,-4.225172912,54.932082134,1.000000000
ENTITYNAME=Wire_Device
