OBJECTMODELPOINTER=33777c94-e4b9-4947-906f-f84480f3cb99.dev
BASEFAMILY=6a1d022a-5db4-431f-a263-6987a1ce972b.fam
BLHA=28.62772353,113.46582002,199.212660,273.436520
TRANSFORMMATRIX=-0.001501347,-0.999998869,0.000084694,0.000000000,0.999998873,-0.001501347,-0.000001509,0.000000000,0.000001636,0.000084691,0.999999996,0.000000000,10.276282053,537.824708212,44.191127655,1.000000000
ENTITYNAME=Wire_Device
