OBJECTMODELPOINTER=33777c94-e4b9-4947-906f-f84480f3cb99.dev
BASEFAMILY=6a2127b3-0750-481a-8e00-dc27c0f786af.fam
BLHA=28.52615363,113.49352553,361.372655,210.734491
TRANSFORMMATRIX=0.001663151,-0.999998617,0.000017733,0.000000000,0.999998617,0.001663151,-0.000001979,0.000000000,0.000001950,0.000017736,1.000000000,0.000000000,12.654223029,113.089788225,48.645342466,1.000000000
ENTITYNAME=Wire_Device
