ENTITYNAME=WIRE
BASEFAMILY=6a255376-90a8-429d-b381-73d67332d5b0.fam
OBJECTMODELPOINTER=31970f28-780e-4bf1-8adb-439f78c329a3.dev
KVALUE=0.000251
SPLIT=1
POINT0.BLHA=28.55326393,113.50869198,332.868,304.990571
POINT0.MATRIX0=-0.819246424,0.573441624,0.000000000,0.000000000,-0.573441624,-0.819246424,0.000000000,0.000000000,0.000000000,0.000000000,1.000000000,0.000000000,11.951672372,0.309900739,60.558002931,1.000000000
POINT1.BLHA=28.54843684,113.51255198,454.586,280.370385
POINT1.MATRIX0=-0.983664647,0.180010728,0.000000000,0.000000000,-0.180010728,-0.983664647,-0.000000000,0.000000000,0.000000000,0.000000000,1.000000000,0.000000000,5.769761408,-1.471306026,43.792208165,1.000000000
