OBJECTMODELPOINTER=33777c94-e4b9-4947-906f-f84480f3cb99.dev
BASEFAMILY=6a2873c4-321f-41b7-a5f3-0387b4f3da33.fam
BLHA=28.56335436,113.50003182,213.977894,312.996987
TRANSFORMMATRIX=-0.008693253,-0.999962212,0.000046486,0.000000000,0.999962213,-0.008693253,0.000002072,0.000000000,-0.000001668,0.000046502,0.999999999,0.000000000,-11.387503628,296.044449156,34.753786748,1.000000000
ENTITYNAME=Wire_Device
