OBJECTMODELPOINTER=33777c94-e4b9-4947-906f-f84480f3cb99.dev
BASEFAMILY=6a31ad10-a04a-48ec-a3f6-c8222b525db7.fam
BLHA=28.33513056,113.36426418,74.466119,467.201749
TRANSFORMMATRIX=-0.147016951,0.989133973,0.000006420,0.000000000,-0.989133973,-0.147016951,-0.000001165,0.000000000,-0.000000208,-0.000006522,1.000000000,0.000000000,-1.265301691,-41.429489716,24.295469063,1.000000000
ENTITYNAME=Wire_Device
