OBJECTMODELPOINTER=84f2f083-1b5e-4ded-ac01-ad99f0a59ded.dev
BASEFAMILY=6a3872f4-fd31-4991-be44-69b2c1cf4835.fam
TRANSFORMMATRIX=-1.000000000,-0.000000088,0.000000000,0.000000000,0.000000088,-1.000000000,0.000000000,0.000000000,0.000000000,0.000000000,1.000000000,0.000000000,9.870000000,0.000000000,55.000000001,1.000000000
ENTITYNAME=Tower_Device
