OBJECTMODELPOINTER=33777c94-e4b9-4947-906f-f84480f3cb99.dev
BASEFAMILY=6a4a3a7b-beae-4203-a1fb-17c76fc4037d.fam
BLHA=28.79327466,113.49529712,200.216421,221.400685
TRANSFORMMATRIX=-0.000027784,-0.999999998,0.000063967,0.000000000,1.000000000,-0.000027784,0.000000441,0.000000000,-0.000000439,0.000063966,0.999999998,0.000000000,-1.753365826,407.394341112,10.207533295,1.000000000
ENTITYNAME=Wire_Device
