OBJECTMODELPOINTER=705f9c28-b791-41d4-ae92-12cef2ff18c0.dev
BASEFAMILY=6a4ea819-03c8-4b44-b601-517b0abc12ce.fam
TRANSFORMMATRIX=0.653604808,-0.185054893,-0.733863788,0.000000000,-0.754182360,-0.078115304,-0.652001801,0.000000000,0.063329066,0.979618480,-0.190622829,0.000000000,-4.500000000,-0.500000000,25.999999999,1.000000000
ENTITYNAME=Tower_Device
