OBJECTMODELPOINTER=8b00cee2-9c1d-4b5f-bf12-2596339d9be0.dev
BASEFAMILY=6a68235f-3f87-4f9f-bbc5-584f04cd8d74.fam
TRANSFORMMATRIX=1.000000000,-0.000000000,-0.000000000,0.000000000,0.000000000,1.000000000,0.000000000,0.000000000,-0.000000000,0.000000000,1.000000000,0.000000000,-0.000000000,0.000000000,-0.000000000,1.000000000
ENTITYNAME=Tower_Device
