OBJECTMODELPOINTER=33777c94-e4b9-4947-906f-f84480f3cb99.dev
BASEFAMILY=6a6d5cd1-ed62-4bd3-94e0-27d32f0a5484.fam
BLHA=28.49972812,113.43660808,222.066271,200.251669
TRANSFORMMATRIX=0.017842291,-0.999840814,0.000005505,0.000000000,0.999840814,0.017842291,-0.000002063,0.000000000,0.000001964,0.000005541,1.000000000,0.000000000,12.538831348,35.368713202,56.723023957,1.000000000
ENTITYNAME=Wire_Device
