OBJECTMODELPOINTER=33777c94-e4b9-4947-906f-f84480f3cb99.dev
BASEFAMILY=6a6dedde-fcd3-4ff9-9a96-a5ebb6eff6ca.fam
BLHA=28.40635362,113.37217651,164.659139,254.006183
TRANSFORMMATRIX=0.728242874,-0.685319135,-0.000000063,0.000000000,0.685319135,0.728242874,0.000001107,0.000000000,-0.000000713,-0.000000850,1.000000000,0.000000000,-4.557097968,-5.401770890,36.137722834,1.000000000
ENTITYNAME=Wire_Device
