OBJECTMODELPOINTER=33777c94-e4b9-4947-906f-f84480f3cb99.dev
BASEFAMILY=6a7b4be4-1630-4c26-b7a4-0237a3f02890.fam
BLHA=28.42958283,113.37956045,205.551749,428.016547
TRANSFORMMATRIX=0.659318074,0.751864135,0.000000290,0.000000000,-0.751864135,0.659318074,0.000001304,0.000000000,0.000000790,-0.000001077,1.000000000,0.000000000,5.023913819,-6.837969532,32.687031500,1.000000000
ENTITYNAME=Wire_Device
