OBJECTMODELPOINTER=49fe0ab5-083d-4326-88ff-0c3259c80412.dev
BASEFAMILY=6a7c39e2-f7e2-480a-95f5-1b0d6c9ce1f5.fam
TRANSFORMMATRIX=-0.000000185,1.000000343,0.000001498,0.000000000,-0.999999657,0.000000279,-0.000000677,0.000000000,-0.000000000,-0.000000000,1.000000000,0.000000000,-10.500000000,-0.000000000,53.300000000,1.000000000
ENTITYNAME=Tower_Device
