OBJECTMODELPOINTER=33777c94-e4b9-4947-906f-f84480f3cb99.dev
BASEFAMILY=6a7d1789-a79b-43d9-9b2b-419f4f67aff4.fam
BLHA=28.64054809,113.46428400,121.846877,277.610658
TRANSFORMMATRIX=-0.002765698,-0.999996175,0.000029697,0.000000000,0.999996175,-0.002765698,0.000002200,0.000000000,-0.000002118,0.000029703,1.000000000,0.000000000,-13.643150209,188.645854266,34.933221364,1.000000000
ENTITYNAME=Wire_Device
