OBJECTMODELPOINTER=33777c94-e4b9-4947-906f-f84480f3cb99.dev
BASEFAMILY=6a8d4c31-a9aa-47a1-9488-c7bd71941227.fam
BLHA=28.31925198,113.37995663,64.126344,500.343289
TRANSFORMMATRIX=-0.153498828,0.988148830,0.000006771,0.000000000,-0.988148830,-0.153498828,0.000001389,0.000000000,0.000002412,-0.000006477,1.000000000,0.000000000,15.450046444,-41.297679792,33.440124938,1.000000000
ENTITYNAME=Wire_Device
