OBJECTMODELPOINTER=8b4bc062-83ae-4c41-a20f-01bbfa32cfca.dev
BASEFAMILY=6a90d226-7b00-47f5-a940-fe51bb062b7e.fam
TRANSFORMMATRIX=0.004852383,0.999987862,-0.000000745,0.000000000,-0.999988594,0.004851985,-0.000001468,0.000000000,0.000000000,-0.000000000,1.000000000,0.000000000,-11.870000000,-0.000000000,44.999999999,1.000000000
ENTITYNAME=Tower_Device
