OBJECTMODELPOINTER=33777c94-e4b9-4947-906f-f84480f3cb99.dev
BASEFAMILY=6a973634-f92e-4d43-9f56-f02c1ad37e39.fam
BLHA=28.77096466,113.47401910,153.559218,236.227775
TRANSFORMMATRIX=0.001712789,-0.999998532,0.000051091,0.000000000,0.999998533,0.001712789,0.000002345,0.000000000,-0.000002433,0.000051087,0.999999999,0.000000000,-14.726894724,324.904494959,2.537236655,1.000000000
ENTITYNAME=Wire_Device
