OBJECTMODELPOINTER=33777c94-e4b9-4947-906f-f84480f3cb99.dev
BASEFAMILY=6a9efc18-19b4-49ec-bf81-f13a637b4470.fam
BLHA=28.81044857,113.51462416,146.504318,227.348291
TRANSFORMMATRIX=-0.000017043,-0.999999999,0.000043231,0.000000000,1.000000000,-0.000017043,-0.000001576,0.000000000,0.000001576,0.000043231,0.999999999,0.000000000,10.746617014,275.213033861,62.234548638,1.000000000
ENTITYNAME=Wire_Device
