OBJECTMODELPOINTER=33777c94-e4b9-4947-906f-f84480f3cb99.dev
BASEFAMILY=6ab01b67-50a7-4bc3-ba34-08b7e4c76a52.fam
BLHA=28.79959310,113.50336431,218.110050,224.374488
TRANSFORMMATRIX=-0.685891426,-0.727703890,-0.000000294,0.000000000,0.727703890,-0.685891426,-0.000001293,0.000000000,0.000000739,-0.000001101,1.000000000,0.000000000,4.686453576,-6.997135351,29.727033772,1.000000000
ENTITYNAME=Wire_Device
