OBJECTMODELPOINTER=33777c94-e4b9-4947-906f-f84480f3cb99.dev
BASEFAMILY=6acb482e-7a4c-414a-a0ef-20ee7ff7cd26.fam
BLHA=28.32854622,113.36798434,68.151851,482.460958
TRANSFORMMATRIX=0.106443788,0.994318722,-0.000000901,0.000000000,-0.994318722,0.106443788,0.000001212,0.000000000,0.000001301,0.000000767,1.000000000,0.000000000,8.279786529,4.857663877,25.447266251,1.000000000
ENTITYNAME=Wire_Device
