ENTITYNAME=WIRE
BASEFAMILY=6ace7825-b817-4152-abfd-a238a56926dd.fam
OBJECTMODELPOINTER=81b82497-164d-48c0-b1cb-18fa700dacdf.dev
KVALUE=0.000000
SPLIT=4
POINT0.BLHA=28.73032666,113.45294372,113.432,258.301958
POINT0.MATRIX0=-0.979229741,-0.202753828,0.000000000,0.000000000,0.202753828,-0.979229741,0.000000000,0.000000000,-0.000000000,-0.000000000,1.000000000,0.000000000,13.545030287,-0.000693944,58.000001780,1.000000000
POINT0.MATRIX1=-0.979229741,-0.202753828,0.000000000,0.000000000,0.202753828,-0.979229741,0.000000000,0.000000000,-0.000000000,-0.000000000,1.000000000,0.000000000,13.545030286,-0.000693943,58.450013987,1.000000000
POINT0.MATRIX2=-0.979229741,-0.202753828,0.000000000,0.000000000,0.202753828,-0.979229741,0.000000000,0.000000000,-0.000000000,-0.000000000,1.000000000,0.000000000,13.094740266,0.001810040,58.450013987,1.000000000
POINT0.MATRIX3=-0.979229741,-0.202753828,0.000000000,0.000000000,0.202753828,-0.979229741,0.000000000,0.000000000,-0.000000000,-0.000000000,1.000000000,0.000000000,13.094740267,0.001810039,58.000001780,1.000000000
POINT1.BLHA=28.73032666,113.45294372,113.432,258.301958
POINT1.MATRIX0=-0.979229741,-0.202753828,0.000000000,0.000000000,0.202753828,-0.979229741,0.000000000,0.000000000,-0.000000000,-0.000000000,1.000000000,0.000000000,13.545229269,0.109312538,58.000001780,1.000000000
POINT1.MATRIX1=-0.979229741,-0.202753828,0.000000000,0.000000000,0.202753828,-0.979229741,0.000000000,0.000000000,-0.000000000,-0.000000000,1.000000000,0.000000000,13.545229269,0.109312538,58.450013987,1.000000000
POINT1.MATRIX2=-0.979229741,-0.202753828,0.000000000,0.000000000,0.202753828,-0.979229741,0.000000000,0.000000000,-0.000000000,-0.000000000,1.000000000,0.000000000,13.094939248,0.111816521,58.450013987,1.000000000
POINT1.MATRIX3=-0.979229741,-0.202753828,0.000000000,0.000000000,0.202753828,-0.979229741,0.000000000,0.000000000,-0.000000000,-0.000000000,1.000000000,0.000000000,13.094939249,0.111816521,58.000001780,1.000000000
