OBJECTMODELPOINTER=33777c94-e4b9-4947-906f-f84480f3cb99.dev
BASEFAMILY=6ad3f7ad-a4e0-4c33-924e-928eeb9e7bf3.fam
BLHA=28.44311633,113.38759173,262.560023,242.026912
TRANSFORMMATRIX=-0.000005427,-1.000000000,0.000016874,0.000000000,1.000000000,-0.000005427,-0.000001740,0.000000000,0.000001740,0.000016874,1.000000000,0.000000000,11.323934256,107.300988204,44.932308892,1.000000000
ENTITYNAME=Wire_Device
