OBJECTMODELPOINTER=33777c94-e4b9-4947-906f-f84480f3cb99.dev
BASEFAMILY=6ae2fade-aaa0-47eb-9318-36f288068eea.fam
BLHA=28.30572385,113.43813150,65.831158,307.005893
TRANSFORMMATRIX=0.006632610,-0.999978004,0.000031321,0.000000000,0.999978004,0.006632610,0.000001239,0.000000000,-0.000001447,0.000031312,1.000000000,0.000000000,-9.718930947,199.227866809,29.954343569,1.000000000
ENTITYNAME=Wire_Device
