OBJECTMODELPOINTER=33777c94-e4b9-4947-906f-f84480f3cb99.dev
BASEFAMILY=6aeb5c38-aeb6-4a57-86d9-c4d7753951aa.fam
BLHA=28.64279778,113.46393161,145.776199,277.610658
TRANSFORMMATRIX=-0.005765057,-0.999983381,0.000034093,0.000000000,0.999983382,-0.005765057,-0.000001730,0.000000000,0.000001926,0.000034082,0.999999999,0.000000000,12.146313885,216.446962429,29.303553674,1.000000000
ENTITYNAME=Wire_Device
