OBJECTMODELPOINTER=33777c94-e4b9-4947-906f-f84480f3cb99.dev
BASEFAMILY=6aeb1002-b72e-4acb-8143-a673ea8add5d.fam
BLHA=28.31435017,113.39267151,117.559440,4.996372
TRANSFORMMATRIX=0.000000873,-1.000000000,0.000005377,0.000000000,1.000000000,0.000000873,0.000001627,0.000000000,-0.000001627,0.000005377,1.000000000,0.000000000,-10.317214236,34.315719967,46.277255042,1.000000000
ENTITYNAME=Wire_Device
