ENTITYNAME=WIRE
BASEFAMILY=6af0943e-f41f-4ac7-b666-84e5d71f03d3.fam
OBJECTMODELPOINTER=81b82497-164d-48c0-b1cb-18fa700dacdf.dev
KVALUE=0.000000
SPLIT=4
POINT0.BLHA=28.31566161,113.38686189,71.438,329.270898
POINT0.MATRIX0=-0.510979593,0.859592843,-0.000000000,0.000000000,-0.859592843,-0.510979593,-0.000000000,0.000000000,-0.000000000,-0.000000000,1.000000000,0.000000000,-6.588901630,-0.129847699,64.366734783,1.000000000
POINT0.MATRIX1=-0.510979593,0.859592843,-0.000000000,0.000000000,-0.859592843,-0.510979593,-0.000000000,0.000000000,-0.000000000,-0.000000000,1.000000000,0.000000000,-6.402330120,-0.130276845,64.830586711,1.000000000
POINT0.MATRIX2=-0.510979593,0.859592843,-0.000000000,0.000000000,-0.859592843,-0.510979593,-0.000000000,0.000000000,-0.000000000,-0.000000000,1.000000000,0.000000000,-6.866081996,-0.129884865,65.017247478,1.000000000
POINT0.MATRIX3=-0.510979593,0.859592843,-0.000000000,0.000000000,-0.859592843,-0.510979593,-0.000000000,0.000000000,-0.000000000,-0.000000000,1.000000000,0.000000000,-7.052404004,-0.129875442,64.553395549,1.000000000
POINT1.BLHA=28.31566161,113.38686189,71.438,329.270898
POINT1.MATRIX0=-0.510979593,0.859592843,-0.000000000,0.000000000,-0.859592843,-0.510979593,-0.000000000,0.000000000,-0.000000000,-0.000000000,1.000000000,0.000000000,-6.588904333,0.000160352,64.366734782,1.000000000
POINT1.MATRIX1=-0.510979593,0.859592843,-0.000000000,0.000000000,-0.859592843,-0.510979593,-0.000000000,0.000000000,-0.000000000,-0.000000000,1.000000000,0.000000000,-6.402332822,-0.000268794,64.830586711,1.000000000
POINT1.MATRIX2=-0.510979593,0.859592843,-0.000000000,0.000000000,-0.859592843,-0.510979593,-0.000000000,0.000000000,-0.000000000,-0.000000000,1.000000000,0.000000000,-6.866084698,0.000123186,65.017247478,1.000000000
POINT1.MATRIX3=-0.510979593,0.859592843,-0.000000000,0.000000000,-0.859592843,-0.510979593,-0.000000000,0.000000000,-0.000000000,-0.000000000,1.000000000,0.000000000,-7.052406707,0.000132609,64.553395549,1.000000000
