OBJECTMODELPOINTER=325dc82e-9720-442b-b304-95dc30e5b05e.dev
BASEFAMILY=6af329e5-7b63-494a-8eaa-42fe24e98f0c.fam
TRANSFORMMATRIX=0.000000238,0.999999583,-0.000001002,0.000000000,-1.000000417,0.000000133,-0.000001300,0.000000000,0.000000000,0.000000000,1.000000000,0.000000000,-0.000000000,0.000000000,57.000000000,1.000000000
ENTITYNAME=Tower_Device
