OBJECTMODELPOINTER=33777c94-e4b9-4947-906f-f84480f3cb99.dev
BASEFAMILY=6afaa2ee-1643-4732-abf8-b55f6a669fe1.fam
BLHA=28.40635362,113.37217651,164.659139,254.006183
TRANSFORMMATRIX=0.000022677,-1.000000000,-0.000000069,0.000000000,1.000000000,0.000022677,-0.000001615,0.000000000,0.000001615,-0.000000069,1.000000000,0.000000000,10.301916926,-0.424935929,39.234768609,1.000000000
ENTITYNAME=Wire_Device
