OBJECTMODELPOINTER=33777c94-e4b9-4947-906f-f84480f3cb99.dev
BASEFAMILY=6afd18c1-1a7e-4cfc-95d7-ca4be7730f59.fam
BLHA=28.69273331,113.45654991,185.538391,277.425083
TRANSFORMMATRIX=0.004098638,-0.999991600,0.000027891,0.000000000,0.999991601,0.004098638,0.000001967,0.000000000,-0.000002081,0.000027883,1.000000000,0.000000000,-13.401491102,177.089703371,22.245783627,1.000000000
ENTITYNAME=Wire_Device
