OBJECTMODELPOINTER=33777c94-e4b9-4947-906f-f84480f3cb99.dev
BASEFAMILY=6aff1f35-bb5b-4c23-a6cc-04f2f3a9a6dd.fam
BLHA=28.31435017,113.39267151,117.559440,4.996372
TRANSFORMMATRIX=0.000005535,-1.000000000,0.000005378,0.000000000,1.000000000,0.000005535,0.000001312,0.000000000,-0.000001312,0.000005379,1.000000000,0.000000000,-8.315674633,34.325667890,34.677269779,1.000000000
ENTITYNAME=Wire_Device
