OBJECTMODELPOINTER=33777c94-e4b9-4947-906f-f84480f3cb99.dev
BASEFAMILY=6b05ab43-9804-4df0-a7e0-f8bdfbb2b39e.fam
BLHA=28.69702652,113.45589279,149.051008,277.425083
TRANSFORMMATRIX=0.000004154,-0.999999999,0.000037791,0.000000000,1.000000000,0.000004154,0.000002006,0.000000000,-0.000002006,0.000037791,0.999999999,0.000000000,-12.964674805,240.016929397,34.052988735,1.000000000
ENTITYNAME=Wire_Device
