OBJECTMODELPOINTER=33777c94-e4b9-4947-906f-f84480f3cb99.dev
BASEFAMILY=6b06eba0-0848-4d4c-ba63-56593e5f34a8.fam
BLHA=28.58307238,113.48148471,281.708531,287.849619
TRANSFORMMATRIX=-0.015173964,-0.999884869,0.000015181,0.000000000,0.999884869,-0.015173964,0.000002133,0.000000000,-0.000001904,0.000015211,1.000000000,0.000000000,-12.283409395,96.667377963,31.446081698,1.000000000
ENTITYNAME=Wire_Device
