OBJECTMODELPOINTER=37271883-fa3a-47fd-8350-f342d43deb8c.dev
BASEFAMILY=6b10d8f5-f6f0-4de8-8637-4d7115ae2c6a.fam
TRANSFORMMATRIX=0.000000408,0.999999928,0.000000039,0.000000000,-1.000000072,-0.000000408,0.000001644,0.000000000,-0.000000000,0.000000000,1.000000000,0.000000000,10.001999999,-0.000000000,77.600000001,1.000000000
ENTITYNAME=Tower_Device
