OBJECTMODELPOINTER=33777c94-e4b9-4947-906f-f84480f3cb99.dev
BASEFAMILY=6b28fbf6-f080-4e2d-972c-45626277377a.fam
BLHA=28.36788990,113.36378392,64.428624,219.706007
TRANSFORMMATRIX=-0.012329839,-0.999923985,0.000004936,0.000000000,0.999923985,-0.012329839,0.000001905,0.000000000,-0.000001845,0.000004960,1.000000000,0.000000000,-11.656534352,31.559503525,32.965219780,1.000000000
ENTITYNAME=Wire_Device
