OBJECTMODELPOINTER=33777c94-e4b9-4947-906f-f84480f3cb99.dev
BASEFAMILY=6b2a01ca-10cf-47c6-9830-b01c1cf8f757.fam
BLHA=28.28492071,113.44885804,59.682173,504.180323
TRANSFORMMATRIX=-0.275895909,0.961187519,0.000038191,0.000000000,-0.961187519,-0.275895909,0.000001213,0.000000000,0.000011703,-0.000036374,0.999999999,0.000000000,75.013961805,-231.951941695,51.650152131,1.000000000
ENTITYNAME=Wire_Device
