OBJECTMODELPOINTER=33777c94-e4b9-4947-906f-f84480f3cb99.dev
BASEFAMILY=6b31b817-200e-4a04-905d-ccf3eb689afd.fam
BLHA=28.26851271,113.48351910,83.112496,355.334735
TRANSFORMMATRIX=0.005714728,-0.999983670,0.000036204,0.000000000,0.999983671,0.005714728,-0.000001097,0.000000000,0.000000891,0.000036210,0.999999999,0.000000000,5.557873590,231.120225786,40.704907767,1.000000000
ENTITYNAME=Wire_Device
