ENTITYNAME=WIRE
BASEFAMILY=6b3a2122-0847-42f9-b0c2-ad110155aea0.fam
OBJECTMODELPOINTER=81b82497-164d-48c0-b1cb-18fa700dacdf.dev
KVALUE=0.000000
SPLIT=4
POINT0.BLHA=28.26885822,113.47846971,85.177,355.334735
POINT0.MATRIX0=-0.081334298,0.996686878,-0.000000000,0.000000000,-0.996686878,-0.081334298,0.000000000,0.000000000,0.000000000,0.000000000,1.000000000,0.000000000,7.064348045,-0.000130854,77.066966495,1.000000000
POINT0.MATRIX1=-0.081334298,0.996686878,-0.000000000,0.000000000,-0.996686878,-0.081334298,0.000000000,0.000000000,0.000000000,0.000000000,1.000000000,0.000000000,7.248544804,-0.000041623,77.532069646,1.000000000
POINT0.MATRIX2=-0.081334298,0.996686878,-0.000000000,0.000000000,-0.996686878,-0.081334298,0.000000000,0.000000000,0.000000000,0.000000000,1.000000000,0.000000000,6.784109956,0.000025915,77.715602360,1.000000000
POINT0.MATRIX3=-0.081334298,0.996686878,-0.000000000,0.000000000,-0.996686878,-0.081334298,0.000000000,0.000000000,0.000000000,0.000000000,1.000000000,0.000000000,6.599913198,-0.000063317,77.250499211,1.000000000
POINT1.BLHA=28.26885822,113.47846971,85.177,355.334735
POINT1.MATRIX0=-0.081334298,0.996686878,-0.000000000,0.000000000,-0.996686878,-0.081334298,0.000000000,0.000000000,0.000000000,0.000000000,1.000000000,0.000000000,7.064349487,0.129862325,77.066966495,1.000000000
POINT1.MATRIX1=-0.081334298,0.996686878,-0.000000000,0.000000000,-0.996686878,-0.081334298,0.000000000,0.000000000,0.000000000,0.000000000,1.000000000,0.000000000,7.248546245,0.129951556,77.532069645,1.000000000
POINT1.MATRIX2=-0.081334298,0.996686878,-0.000000000,0.000000000,-0.996686878,-0.081334298,0.000000000,0.000000000,0.000000000,0.000000000,1.000000000,0.000000000,6.784111398,0.130019094,77.715602359,1.000000000
POINT1.MATRIX3=-0.081334298,0.996686878,-0.000000000,0.000000000,-0.996686878,-0.081334298,0.000000000,0.000000000,0.000000000,0.000000000,1.000000000,0.000000000,6.599914639,0.129929862,77.250499210,1.000000000
