OBJECTMODELPOINTER=33777c94-e4b9-4947-906f-f84480f3cb99.dev
BASEFAMILY=6b6c04c4-8f08-4da8-a150-44671fffe01d.fam
BLHA=28.57262295,113.49015944,261.228990,312.996987
TRANSFORMMATRIX=0.000022772,-0.999999998,0.000063740,0.000000000,1.000000000,0.000022772,-0.000001987,0.000000000,0.000001986,0.000063740,0.999999998,0.000000000,11.593893836,405.712846799,23.263728874,1.000000000
ENTITYNAME=Wire_Device
