OBJECTMODELPOINTER=33777c94-e4b9-4947-906f-f84480f3cb99.dev
BASEFAMILY=6b6d350d-0262-4d63-8f13-e2fa24ca3276.fam
BLHA=28.40635362,113.37217651,164.659139,254.006183
TRANSFORMMATRIX=-0.021215933,-0.999774917,0.000000959,0.000000000,0.999774917,-0.021215933,0.000001620,0.000000000,-0.000001599,0.000000993,1.000000000,0.000000000,-10.198308538,6.296145011,29.069278719,1.000000000
ENTITYNAME=Wire_Device
