OBJECTMODELPOINTER=33777c94-e4b9-4947-906f-f84480f3cb99.dev
BASEFAMILY=6b856885-b512-473d-a3cc-2827018cbd3c.fam
BLHA=28.31775016,113.38284517,61.633463,329.270898
TRANSFORMMATRIX=-0.001435405,-0.999998968,0.000065912,0.000000000,0.999998970,-0.001435405,0.000001780,0.000000000,-0.000001685,0.000065914,0.999999998,0.000000000,-11.674570344,420.191303286,56.014849823,1.000000000
ENTITYNAME=Wire_Device
