OBJECTMODELPOINTER=33777c94-e4b9-4947-906f-f84480f3cb99.dev
BASEFAMILY=6b8f2d6e-a734-4aec-9f4b-60a0969c0b70.fam
BLHA=28.50709200,113.45758686,253.896568,210.734491
TRANSFORMMATRIX=-0.017697751,-0.999843382,0.000023675,0.000000000,0.999843383,-0.017697751,0.000002029,0.000000000,-0.000001610,0.000023707,1.000000000,0.000000000,-9.894051425,151.105366253,43.160996594,1.000000000
ENTITYNAME=Wire_Device
