OBJECTMODELPOINTER=0e312739-8609-4a3d-966c-75d05d59356d.dev
BASEFAMILY=6b9601a4-2f7c-46cb-a8fc-70137d599e29.fam
TRANSFORMMATRIX=1.000000000,0.000000000,-0.000000000,0.000000000,0.000000000,1.000000000,-0.000000000,0.000000000,0.000000000,-0.000000000,1.000000000,0.000000000,-5.397705805,-5.397894678,-0.000005389,1.000000000
ENTITYNAME=Tower_Device
