OBJECTMODELPOINTER=33777c94-e4b9-4947-906f-f84480f3cb99.dev
BASEFAMILY=6bab206e-b977-4325-85d5-dba8e9049923.fam
BLHA=28.41408598,113.37463405,174.728080,254.006183
TRANSFORMMATRIX=-0.000004934,-0.999999999,0.000036030,0.000000000,1.000000000,-0.000004934,0.000000236,0.000000000,-0.000000236,0.000036031,0.999999999,0.000000000,-1.188742458,228.883662770,35.307991881,1.000000000
ENTITYNAME=Wire_Device
