OBJECTMODELPOINTER=0e312739-8609-4a3d-966c-75d05d59356d.dev
BASEFAMILY=6bb5b554-aa2b-490f-94bf-aad3c5ee8766.fam
TRANSFORMMATRIX=-1.000000000,0.000000000,0.000000000,0.000000000,-0.000000000,-1.000000000,-0.000000000,0.000000000,0.000000000,-0.000000000,1.000000000,0.000000000,5.067327556,5.066889681,0.000002667,1.000000000
ENTITYNAME=Tower_Device
