OBJECTMODELPOINTER=81e9083b-5be9-4eff-a37b-4eac38f4761b.dev
BASEFAMILY=6bb7fd99-cf82-4744-83a9-84023aa67037.fam
TRANSFORMMATRIX=0.011360540,0.045998371,-0.998877103,0.000000000,-0.970823424,0.239794705,-0.000001201,0.000000000,0.239525530,0.969733254,0.047380756,0.000000000,-8.500000000,-0.732500000,59.300000000,1.000000000
ENTITYNAME=Tower_Device
