OBJECTMODELPOINTER=33777c94-e4b9-4947-906f-f84480f3cb99.dev
BASEFAMILY=6bbaeb37-8e1d-4bce-adfe-b2a03c8e8f0e.fam
BLHA=28.38255325,113.36304670,117.224132,441.473487
TRANSFORMMATRIX=-0.205087059,0.978743734,0.000030978,0.000000000,-0.978743735,-0.205087059,0.000000332,0.000000000,0.000006679,-0.000030253,0.999999999,0.000000000,42.473449747,-192.087984025,13.664606534,1.000000000
ENTITYNAME=Wire_Device
