OBJECTMODELPOINTER=33777c94-e4b9-4947-906f-f84480f3cb99.dev
BASEFAMILY=6bbde6e9-e0e8-47f9-a369-8e7187f5b3c6.fam
BLHA=28.70879307,113.45409149,169.216562,451.156517
TRANSFORMMATRIX=-0.128660877,0.991688649,0.000041721,0.000000000,-0.991688650,-0.128660877,0.000001304,0.000000000,0.000006661,-0.000041206,0.999999999,0.000000000,42.548188867,-261.678488872,42.291904315,1.000000000
ENTITYNAME=Wire_Device
