OBJECTMODELPOINTER=33777c94-e4b9-4947-906f-f84480f3cb99.dev
BASEFAMILY=6bc47a35-85c2-48e3-8678-6538463a2410.fam
BLHA=28.76565082,113.47002463,165.077698,236.227775
TRANSFORMMATRIX=-0.012119637,-0.999926554,0.000014019,0.000000000,0.999926554,-0.012119637,0.000002285,0.000000000,-0.000002115,0.000014045,1.000000000,0.000000000,-13.265958144,89.304231064,39.985611901,1.000000000
ENTITYNAME=Wire_Device
