OBJECTMODELPOINTER=21743543-f24a-4a8d-9d3c-2ad07038df1c.dev
BASEFAMILY=6bc62012-b878-4197-8b75-a2c02ba775b5.fam
TRANSFORMMATRIX=0.000000387,1.000000413,-0.000001253,0.000000000,-0.999999587,0.000000416,0.000001065,0.000000000,-0.000000000,-0.000000000,1.000000000,0.000000000,11.415000000,0.000000000,47.000000001,1.000000000
ENTITYNAME=Tower_Device
