OBJECTMODELPOINTER=33777c94-e4b9-4947-906f-f84480f3cb99.dev
BASEFAMILY=6bc67549-e5a8-45b8-8691-af60a33b2c11.fam
BLHA=28.52337409,113.48828309,330.016596,210.734491
TRANSFORMMATRIX=0.006843234,-0.999976583,0.000062548,0.000000000,0.999976585,0.006843234,0.000001591,0.000000000,-0.000002019,0.000062535,0.999999998,0.000000000,-11.933233104,398.619478667,21.663143111,1.000000000
ENTITYNAME=Wire_Device
