OBJECTMODELPOINTER=33777c94-e4b9-4947-906f-f84480f3cb99.dev
BASEFAMILY=6bcdc6a5-4197-4cd6-a6a1-e6951d6bcec6.fam
BLHA=28.31523299,113.41422428,48.000024,0.896163
TRANSFORMMATRIX=0.000023268,-0.999999999,0.000046731,0.000000000,1.000000000,0.000023269,0.000001290,0.000000000,-0.000001291,0.000046731,0.999999999,0.000000000,-8.173388824,298.282967946,51.473624807,1.000000000
ENTITYNAME=Wire_Device
