OBJECTMODELPOINTER=33777c94-e4b9-4947-906f-f84480f3cb99.dev
BASEFAMILY=6be28dfe-702e-41ae-94b7-f8c44fd731b8.fam
BLHA=28.54536406,113.51168326,478.790289,255.750198
TRANSFORMMATRIX=0.002144265,-0.999997701,0.000005202,0.000000000,0.999997701,0.002144265,-0.000002060,0.000000000,0.000002048,0.000005207,1.000000000,0.000000000,13.114232436,33.089955209,61.469372536,1.000000000
ENTITYNAME=Wire_Device
