OBJECTMODELPOINTER=407bbad2-d28b-4bc2-a994-7bd1eb183e7b.dev
BASEFAMILY=6bf0a2a1-b226-4561-8e08-8d2f4b2b5236.fam
TRANSFORMMATRIX=-0.999828718,0.018508046,-0.000000011,0.000000000,-0.018508037,-0.999828705,0.000000018,0.000000000,0.000000000,0.000000000,1.000000000,0.000000000,-9.870000000,-0.309999999,55.000000001,1.000000000
ENTITYNAME=Tower_Device
