OBJECTMODELPOINTER=501f88cc-13f6-42ad-885d-2db8bb3231f1.dev
BASEFAMILY=6bf18f73-2dbd-4603-9414-3491ea88105b.fam
TRANSFORMMATRIX=-0.024690431,-0.106605002,-0.993995044,0.000000000,0.974209669,-0.225643812,-0.000001061,0.000000000,-0.224288766,-0.968359681,0.109426127,0.000000000,-12.100000000,0.842000000,47.000000001,1.000000000
ENTITYNAME=Tower_Device
