ENTITYNAME=WIRE
BASEFAMILY=6bf2de79-bd21-4ef6-8eac-d187681728f6.fam
OBJECTMODELPOINTER=81b82497-164d-48c0-b1cb-18fa700dacdf.dev
KVALUE=0.000370
SPLIT=4
POINT0.BLHA=28.68698006,113.45743042,187.112,277.425083
POINT0.MATRIX0=-0.991614682,0.129229724,0.000000000,0.000000000,-0.129229724,-0.991614682,-0.000000000,0.000000000,-0.000000000,0.000000000,1.000000000,0.000000000,-11.645895164,0.112161757,25.000002293,1.000000000
POINT0.MATRIX1=-0.991614682,0.129229724,0.000000000,0.000000000,-0.129229724,-0.991614682,-0.000000000,0.000000000,-0.000000000,0.000000000,1.000000000,0.000000000,-11.645895163,0.112161757,25.449999241,1.000000000
POINT0.MATRIX2=-0.991614682,0.129229724,0.000000000,0.000000000,-0.129229724,-0.991614682,-0.000000000,0.000000000,-0.000000000,0.000000000,1.000000000,0.000000000,-12.096034621,0.107796550,25.449999241,1.000000000
POINT0.MATRIX3=-0.991614682,0.129229724,0.000000000,0.000000000,-0.129229724,-0.991614682,-0.000000000,0.000000000,-0.000000000,0.000000000,1.000000000,0.000000000,-12.096034621,0.107796551,25.000002293,1.000000000
POINT1.BLHA=28.68327588,113.45799727,190.105,276.549179
POINT1.MATRIX0=-0.993474323,0.114055990,-0.000000000,0.000000000,-0.114055990,-0.993474323,-0.000000000,0.000000000,-0.000000000,0.000000000,1.000000000,0.000000000,-7.210048572,-9.427809711,28.331712800,1.000000000
POINT1.MATRIX1=-0.993474323,0.114055990,-0.000000000,0.000000000,-0.114055990,-0.993474323,-0.000000000,0.000000000,-0.000000000,0.000000000,1.000000000,0.000000000,-7.205650632,-10.251066442,28.648073273,1.000000000
POINT1.MATRIX2=-0.993474323,0.114055990,-0.000000000,0.000000000,-0.114055990,-0.993474323,-0.000000000,0.000000000,-0.000000000,0.000000000,1.000000000,0.000000000,-7.705675097,-10.252639672,28.647996980,1.000000000
POINT1.MATRIX3=-0.993474323,0.114055990,-0.000000000,0.000000000,-0.114055990,-0.993474323,-0.000000000,0.000000000,-0.000000000,0.000000000,1.000000000,0.000000000,-7.709941872,-9.430380977,28.331712800,1.000000000
