OBJECTMODELPOINTER=6f0b6e79-dd1e-4e89-acee-362adbc600cb.dev
BASEFAMILY=6bf7a04c-900c-46ff-a2ff-d183587eb51a.fam
TRANSFORMMATRIX=-0.000000287,-0.999999730,0.000001575,0.000000000,1.000000270,0.000000346,-0.000000468,0.000000000,0.000000000,0.000000000,1.000000000,0.000000000,13.320000000,-0.600000000,57.000000000,1.000000000
ENTITYNAME=Tower_Device
