OBJECTMODELPOINTER=33777c94-e4b9-4947-906f-f84480f3cb99.dev
BASEFAMILY=6c06c4e6-5bf2-4f07-9d4e-b01ffbb38558.fam
BLHA=28.79327466,113.49529712,200.216421,221.400685
TRANSFORMMATRIX=-0.000010033,-1.000000000,0.000017607,0.000000000,1.000000000,-0.000010033,-0.000001880,0.000000000,0.000001880,0.000017607,1.000000000,0.000000000,12.254187465,112.169206463,21.484536250,1.000000000
ENTITYNAME=Wire_Device
