ENTITYNAME=WIRE
BASEFAMILY=6c0fc779-7a37-4b95-9662-e7c997ee5495.fam
OBJECTMODELPOINTER=81b82497-164d-48c0-b1cb-18fa700dacdf.dev
KVALUE=0.089649
SPLIT=4
POINT0.BLHA=28.39913011,113.36988101,173.073,251.836928
POINT0.MATRIX0=-0.950173157,-0.311722587,0.000000000,0.000000000,0.311722587,-0.950173157,0.000000000,0.000000000,0.000000000,-0.000000000,1.000000000,0.000000000,-9.274663401,0.000862513,25.789995489,1.000000000
POINT0.MATRIX1=-0.950173157,-0.311722587,0.000000000,0.000000000,0.311722587,-0.950173157,0.000000000,0.000000000,0.000000000,-0.000000000,1.000000000,0.000000000,-9.274663401,0.000862514,26.239995477,1.000000000
POINT0.MATRIX2=-0.950173157,-0.311722587,0.000000000,0.000000000,0.311722587,-0.950173157,0.000000000,0.000000000,0.000000000,-0.000000000,1.000000000,0.000000000,-9.724663321,0.000862871,26.239995478,1.000000000
POINT0.MATRIX3=-0.950173157,-0.311722587,0.000000000,0.000000000,0.311722587,-0.950173157,0.000000000,0.000000000,0.000000000,-0.000000000,1.000000000,0.000000000,-9.724663321,0.000862871,25.789995490,1.000000000
POINT1.BLHA=28.39913011,113.36988101,173.073,251.836928
POINT1.MATRIX0=-0.950173157,-0.311722587,0.000000000,0.000000000,0.311722587,-0.950173157,0.000000000,0.000000000,0.000000000,-0.000000000,1.000000000,0.000000000,-6.823314492,8.856248914,28.192202327,1.000000000
POINT1.MATRIX1=-0.950173157,-0.311722587,0.000000000,0.000000000,0.311722587,-0.950173157,0.000000000,0.000000000,0.000000000,-0.000000000,1.000000000,0.000000000,-6.773459495,9.679323205,28.570399043,1.000000000
POINT1.MATRIX2=-0.950173157,-0.311722587,0.000000000,0.000000000,0.311722587,-0.950173157,0.000000000,0.000000000,0.000000000,-0.000000000,1.000000000,0.000000000,-7.272170026,9.686321970,28.570528743,1.000000000
POINT1.MATRIX3=-0.950173157,-0.311722587,0.000000000,0.000000000,0.311722587,-0.950173157,0.000000000,0.000000000,0.000000000,-0.000000000,1.000000000,0.000000000,-7.323083154,8.868039405,28.192019222,1.000000000
