OBJECTMODELPOINTER=33777c94-e4b9-4947-906f-f84480f3cb99.dev
BASEFAMILY=6c1e2dc8-f2ed-417d-81ec-09657d054f41.fam
BLHA=28.31775016,113.38284517,61.633463,329.270898
TRANSFORMMATRIX=-0.001454086,-0.999998942,0.000025798,0.000000000,0.999998943,-0.001454086,0.000001354,0.000000000,-0.000001315,0.000025800,1.000000000,0.000000000,-8.743460793,164.479850643,33.818078822,1.000000000
ENTITYNAME=Wire_Device
