OBJECTMODELPOINTER=33777c94-e4b9-4947-906f-f84480f3cb99.dev
BASEFAMILY=6c2238b1-2479-4206-bbc8-80d81eea3c9c.fam
BLHA=28.49713910,113.43191399,298.003064,224.957371
TRANSFORMMATRIX=-0.000011474,-1.000000000,0.000028238,0.000000000,1.000000000,-0.000011474,-0.000001657,0.000000000,0.000001658,0.000028238,1.000000000,0.000000000,11.019733207,179.816202852,63.014653805,1.000000000
ENTITYNAME=Wire_Device
