OBJECTMODELPOINTER=33777c94-e4b9-4947-906f-f84480f3cb99.dev
BASEFAMILY=6c24dcd6-833b-4699-bffa-c1396ae2aafe.fam
BLHA=28.30399811,113.43961542,62.139238,477.400140
TRANSFORMMATRIX=0.170951989,0.985279360,0.000007252,0.000000000,-0.985279360,0.170951989,0.000001444,0.000000000,0.000000183,-0.000007392,1.000000000,0.000000000,1.265114387,-46.991804194,31.657663402,1.000000000
ENTITYNAME=Wire_Device
