OBJECTMODELPOINTER=88197b3a-b432-4f40-bb09-bc46b6cf57b6.dev
BASEFAMILY=6c30bcd8-ee07-41c5-ac9f-131b2151715a.fam
TRANSFORMMATRIX=0.001870471,0.999997862,-0.000001303,0.000000000,-0.999998639,0.001870792,-0.000001002,0.000000000,0.000000000,-0.000000000,1.000000000,0.000000000,-12.730000000,-0.000000000,48.000000001,1.000000000
ENTITYNAME=Tower_Device
