OBJECTMODELPOINTER=880c2eba-ba28-4e45-b5b8-abcf239385fc.dev
BASEFAMILY=6c32dd73-70a3-455e-a44e-5b913b7cd846.fam
TRANSFORMMATRIX=-0.146685492,-0.148380239,-0.977990935,0.000000000,0.989120297,-0.010820534,-0.146711810,0.000000000,0.011185476,-0.988871052,0.148354061,0.000000000,-7.499999999,0.953000000,30.000000000,1.000000000
ENTITYNAME=Tower_Device
