OBJECTMODELPOINTER=33777c94-e4b9-4947-906f-f84480f3cb99.dev
BASEFAMILY=6c32e06d-8909-4505-af06-8970fd0671c1.fam
BLHA=28.80183094,113.50568524,205.477677,227.348291
TRANSFORMMATRIX=-0.004009427,-0.999991962,0.000036827,0.000000000,0.999991962,-0.004009427,0.000000252,0.000000000,-0.000000105,0.000036828,0.999999999,0.000000000,-0.062532444,234.430733033,34.953831311,1.000000000
ENTITYNAME=Wire_Device
