OBJECTMODELPOINTER=33777c94-e4b9-4947-906f-f84480f3cb99.dev
BASEFAMILY=6c3588b7-2b76-468e-9422-41b7101a1aba.fam
BLHA=28.36295604,113.35959378,63.083646,458.145379
TRANSFORMMATRIX=-0.026348863,0.999652808,0.000033489,0.000000000,-0.999652808,-0.026348863,0.000001319,0.000000000,0.000002200,-0.000033443,0.999999999,0.000000000,14.201573642,-212.388656073,60.588552910,1.000000000
ENTITYNAME=Wire_Device
