OBJECTMODELPOINTER=33777c94-e4b9-4947-906f-f84480f3cb99.dev
BASEFAMILY=6c398198-106e-482f-a446-cb113db82bd3.fam
BLHA=28.57663112,113.48588937,251.356728,312.996987
TRANSFORMMATRIX=0.000010260,-1.000000000,0.000026831,0.000000000,1.000000000,0.000010260,0.000000045,0.000000000,-0.000000045,0.000026831,1.000000000,0.000000000,-0.732966947,170.798685621,33.266566507,1.000000000
ENTITYNAME=Wire_Device
