OBJECTMODELPOINTER=33777c94-e4b9-4947-906f-f84480f3cb99.dev
BASEFAMILY=6c434483-ac19-47c0-97cf-cf6aa506d19a.fam
BLHA=28.35569166,113.36081333,82.535643,278.143009
TRANSFORMMATRIX=0.003437198,-0.999994092,0.000038693,0.000000000,0.999994093,0.003437198,-0.000001912,0.000000000,0.000001780,0.000038698,0.999999999,0.000000000,11.176617591,245.756518860,57.947530626,1.000000000
ENTITYNAME=Wire_Device
