OBJECTMODELPOINTER=0e312739-8609-4a3d-966c-75d05d59356d.dev
BASEFAMILY=6c450458-fe28-4d25-bd22-2cb2ff49e9a1.fam
TRANSFORMMATRIX=-1.000000000,0.000000000,-0.000000000,0.000000000,-0.000000000,-1.000000000,0.000000000,0.000000000,-0.000000000,0.000000000,1.000000000,0.000000000,7.174991510,7.175065319,-0.000005789,1.000000000
ENTITYNAME=Tower_Device
