OBJECTMODELPOINTER=33777c94-e4b9-4947-906f-f84480f3cb99.dev
BASEFAMILY=6c55063e-7455-4db8-bf88-2767797cfc1f.fam
BLHA=28.81363020,113.51792493,127.559863,396.804576
TRANSFORMMATRIX=-0.192627780,0.981271898,0.000017897,0.000000000,-0.981271898,-0.192627780,0.000001246,0.000000000,0.000004670,-0.000017323,1.000000000,0.000000000,29.438986727,-110.293820393,22.323988987,1.000000000
ENTITYNAME=Wire_Device
