ENTITYNAME=WIRE
BASEFAMILY=6c5ad0f8-0838-490d-acab-d0aeeea8fd4c.fam
OBJECTMODELPOINTER=31970f28-780e-4bf1-8adb-439f78c329a3.dev
KVALUE=0.000245
SPLIT=1
POINT0.BLHA=28.58865070,113.47941927,287.209,287.849619
POINT0.MATRIX0=-0.951864299,0.306519749,0.000000000,0.000000000,-0.306519749,-0.951864299,-0.000000000,0.000000000,0.000000000,0.000000000,1.000000000,0.000000000,-9.869084325,0.620018719,54.557999705,1.000000000
POINT1.BLHA=28.58307238,113.48148471,281.709,287.849619
POINT1.MATRIX0=-0.951864299,0.306519749,-0.000000000,0.000000000,-0.306519749,-0.951864299,-0.000000000,0.000000000,0.000000000,0.000000000,1.000000000,0.000000000,-11.320605639,-0.629804440,63.558000635,1.000000000
