OBJECTMODELPOINTER=33777c94-e4b9-4947-906f-f84480f3cb99.dev
BASEFAMILY=6c5e2183-dc16-47fd-a6ca-99335697a4cc.fam
BLHA=28.60915768,113.46895250,187.940881,294.633001
TRANSFORMMATRIX=-0.001399801,-0.999999020,0.000038159,0.000000000,0.999999020,-0.001399801,0.000002182,0.000000000,-0.000002129,0.000038161,0.999999999,0.000000000,-14.054097759,242.584211853,57.024557180,1.000000000
ENTITYNAME=Wire_Device
