ENTITYNAME=WIRE
BASEFAMILY=6c6ad20f-5ae9-4709-aeb8-83aa73122358.fam
OBJECTMODELPOINTER=81b82497-164d-48c0-b1cb-18fa700dacdf.dev
KVALUE=0.000369
SPLIT=4
POINT0.BLHA=28.54536406,113.51168326,478.790,255.750198
POINT0.MATRIX0=-0.969231762,-0.246149938,0.000000000,0.000000000,0.246149938,-0.969231762,-0.000000000,0.000000000,0.000000000,-0.000000000,1.000000000,0.000000000,0.224901113,0.109691709,57.999998901,1.000000000
POINT0.MATRIX1=-0.969231762,-0.246149938,0.000000000,0.000000000,0.246149938,-0.969231762,-0.000000000,0.000000000,0.000000000,-0.000000000,1.000000000,0.000000000,0.224901113,0.109691709,58.450011108,1.000000000
POINT0.MATRIX2=-0.969231762,-0.246149938,0.000000000,0.000000000,0.246149938,-0.969231762,-0.000000000,0.000000000,0.000000000,-0.000000000,1.000000000,0.000000000,-0.224633139,0.110325470,58.450011108,1.000000000
POINT0.MATRIX3=-0.969231762,-0.246149938,0.000000000,0.000000000,0.246149938,-0.969231762,-0.000000000,0.000000000,0.000000000,-0.000000000,1.000000000,0.000000000,-0.224633139,0.110325470,57.999998901,1.000000000
POINT1.BLHA=28.54296028,113.51100370,560.595,255.750198
POINT1.MATRIX0=-0.969231762,-0.246149938,0.000000000,0.000000000,0.246149938,-0.969231762,0.000000000,0.000000000,-0.000000000,-0.000000000,1.000000000,0.000000000,0.225208490,-0.109949545,27.999996874,1.000000000
POINT1.MATRIX1=-0.969231762,-0.246149938,0.000000000,0.000000000,0.246149938,-0.969231762,0.000000000,0.000000000,-0.000000000,-0.000000000,1.000000000,0.000000000,0.225208491,-0.109949545,28.449978563,1.000000000
POINT1.MATRIX2=-0.969231762,-0.246149938,0.000000000,0.000000000,0.246149938,-0.969231762,0.000000000,0.000000000,-0.000000000,-0.000000000,1.000000000,0.000000000,-0.225152086,-0.110029422,28.449978563,1.000000000
POINT1.MATRIX3=-0.969231762,-0.246149938,0.000000000,0.000000000,0.246149938,-0.969231762,0.000000000,0.000000000,-0.000000000,-0.000000000,1.000000000,0.000000000,-0.225152087,-0.110029422,27.999996874,1.000000000
