ENTITYNAME=WIRE
BASEFAMILY=6c725c69-3107-43b3-8cdf-c242fa3c52ec.fam
OBJECTMODELPOINTER=81b82497-164d-48c0-b1cb-18fa700dacdf.dev
KVALUE=0.000000
SPLIT=4
POINT0.BLHA=28.28149698,113.45977476,95.758,340.232800
POINT0.MATRIX0=-0.338199241,0.941074531,-0.000000000,0.000000000,-0.941074531,-0.338199241,0.000000000,0.000000000,-0.000000000,0.000000000,1.000000000,0.000000000,8.001753034,-0.129561237,46.466974549,1.000000000
POINT0.MATRIX1=-0.338199241,0.941074531,-0.000000000,0.000000000,-0.941074531,-0.338199241,0.000000000,0.000000000,-0.000000000,0.000000000,1.000000000,0.000000000,8.184472534,-0.129790892,46.932077698,1.000000000
POINT0.MATRIX2=-0.338199241,0.941074531,-0.000000000,0.000000000,-0.941074531,-0.338199241,0.000000000,0.000000000,-0.000000000,0.000000000,1.000000000,0.000000000,7.719578523,-0.129791146,47.115610413,1.000000000
POINT0.MATRIX3=-0.338199241,0.941074531,-0.000000000,0.000000000,-0.941074531,-0.338199241,0.000000000,0.000000000,-0.000000000,0.000000000,1.000000000,0.000000000,7.534979702,-0.130107159,46.650507264,1.000000000
POINT1.BLHA=28.28149698,113.45977476,95.758,340.232800
POINT1.MATRIX0=-0.338199241,0.941074531,-0.000000000,0.000000000,-0.941074531,-0.338199241,0.000000000,0.000000000,-0.000000000,0.000000000,1.000000000,0.000000000,8.001754981,0.000428861,46.466974548,1.000000000
POINT1.MATRIX1=-0.338199241,0.941074531,-0.000000000,0.000000000,-0.941074531,-0.338199241,0.000000000,0.000000000,-0.000000000,0.000000000,1.000000000,0.000000000,8.184474482,0.000199207,46.932077698,1.000000000
POINT1.MATRIX2=-0.338199241,0.941074531,-0.000000000,0.000000000,-0.941074531,-0.338199241,0.000000000,0.000000000,-0.000000000,0.000000000,1.000000000,0.000000000,7.719580471,0.000198952,47.115610413,1.000000000
POINT1.MATRIX3=-0.338199241,0.941074531,-0.000000000,0.000000000,-0.941074531,-0.338199241,0.000000000,0.000000000,-0.000000000,0.000000000,1.000000000,0.000000000,7.534981649,-0.000117061,46.650507264,1.000000000
