OBJECTMODELPOINTER=33777c94-e4b9-4947-906f-f84480f3cb99.dev
BASEFAMILY=6c7247e0-76eb-4dff-85ca-9ff9ec4a09aa.fam
BLHA=28.50469488,113.45163258,174.515783,200.251669
TRANSFORMMATRIX=0.755074119,-0.655639440,-0.000000276,0.000000000,0.655639440,0.755074119,-0.000000773,0.000000000,0.000000715,0.000000402,1.000000000,0.000000000,4.548010166,2.574925064,35.959824490,1.000000000
ENTITYNAME=Wire_Device
