OBJECTMODELPOINTER=33777c94-e4b9-4947-906f-f84480f3cb99.dev
BASEFAMILY=6c82e1f6-3f3b-4e97-9425-e9f31afbd318.fam
BLHA=28.27160371,113.47264060,64.950919,312.669055
TRANSFORMMATRIX=-0.007384032,-0.999972737,0.000029606,0.000000000,0.999972738,-0.007384032,-0.000001182,0.000000000,0.000001401,0.000029596,1.000000000,0.000000000,8.429624893,188.358641879,28.840739431,1.000000000
ENTITYNAME=Wire_Device
