OBJECTMODELPOINTER=33777c94-e4b9-4947-906f-f84480f3cb99.dev
BASEFAMILY=6ca8f0e6-adf4-41d1-8bd9-47089c5705df.fam
BLHA=28.42194077,113.37713088,216.761088,254.006183
TRANSFORMMATRIX=-0.000006407,-0.999999999,0.000038981,0.000000000,1.000000000,-0.000006407,0.000000255,0.000000000,-0.000000254,0.000038981,0.999999999,0.000000000,-1.281215532,247.628541143,2.597830295,1.000000000
ENTITYNAME=Wire_Device
