OBJECTMODELPOINTER=33777c94-e4b9-4947-906f-f84480f3cb99.dev
BASEFAMILY=6cb82f7e-9b08-4961-b824-b95ec335c95c.fam
BLHA=28.28912608,113.44509395,57.000023,477.961117
TRANSFORMMATRIX=-0.181879143,0.983320892,0.000029492,0.000000000,-0.983320892,-0.181879143,-0.000001274,0.000000000,0.000004111,-0.000029231,1.000000000,0.000000000,26.616793425,-185.888954844,58.305571599,1.000000000
ENTITYNAME=Wire_Device
