OBJECTMODELPOINTER=33777c94-e4b9-4947-906f-f84480f3cb99.dev
BASEFAMILY=6cc028a7-618f-4944-a5d5-1e5846e806fc.fam
BLHA=28.49713910,113.43191399,298.003064,224.957371
TRANSFORMMATRIX=-0.000010029,-1.000000000,0.000028294,0.000000000,1.000000000,-0.000010029,0.000000212,0.000000000,-0.000000211,0.000028294,1.000000000,0.000000000,-0.877532049,180.144165881,63.025199019,1.000000000
ENTITYNAME=Wire_Device
