OBJECTMODELPOINTER=9538dde3-af3a-41fc-87fe-fd95315ede50.dev
BASEFAMILY=6cc1e4ab-2ce5-467a-bd86-90c17827bd23.fam
TRANSFORMMATRIX=-0.001109226,-0.999999501,-0.000000127,0.000000000,0.999999268,-0.001110022,-0.000001638,0.000000000,-0.000000000,-0.000000000,1.000000000,0.000000000,13.950000000,0.600000000,51.000000000,1.000000000
ENTITYNAME=Tower_Device
