OBJECTMODELPOINTER=621bc731-3190-4855-9082-cd233be558f8.dev
BASEFAMILY=6ccb1895-873f-4258-9ebf-03b437f8599a.fam
TRANSFORMMATRIX=0.000000574,1.000000166,-0.000000438,0.000000000,-0.999999834,-0.000000184,0.000001584,0.000000000,0.000000000,0.000000000,1.000000000,0.000000000,7.815000000,0.000000000,59.300000001,1.000000000
ENTITYNAME=Tower_Device
