OBJECTMODELPOINTER=33777c94-e4b9-4947-906f-f84480f3cb99.dev
BASEFAMILY=6ccc3d77-4690-4dce-a532-98bccb7f7fc0.fam
BLHA=28.61307891,113.46689101,233.448700,464.034761
TRANSFORMMATRIX=-0.173090819,0.984905867,0.000038357,0.000000000,-0.984905868,-0.173090820,-0.000001165,0.000000000,0.000005491,-0.000037979,0.999999999,0.000000000,35.339898797,-241.296079553,-0.043082873,1.000000000
ENTITYNAME=Wire_Device
