OBJECTMODELPOINTER=428ee309-0067-487f-970b-448ca4bf53a7.dev
BASEFAMILY=6cdae842-6459-464f-b072-ba774d888957.fam
TRANSFORMMATRIX=-0.010374902,-0.086514940,-0.996196733,0.000000000,0.992887328,-0.119056075,0.000001111,0.000000000,-0.118602549,-0.989111210,0.087134659,0.000000000,5.500000000,0.900000000,44.000000000,1.000000000
ENTITYNAME=Tower_Device
