OBJECTMODELPOINTER=33777c94-e4b9-4947-906f-f84480f3cb99.dev
BASEFAMILY=6cde218e-9375-4f59-8b2a-57e2302c863f.fam
BLHA=28.52615363,113.49352553,361.372655,210.734491
TRANSFORMMATRIX=0.000070691,-0.999999997,0.000005562,0.000000000,0.999999998,0.000070691,0.000000036,0.000000000,-0.000000036,0.000005562,1.000000000,0.000000000,-0.152166673,35.458952056,54.277929808,1.000000000
ENTITYNAME=Wire_Device
