ENTITYNAME=WIRE
BASEFAMILY=6cfb5e50-dc50-4436-ab78-37cc1fa79478.fam
OBJECTMODELPOINTER=31970f28-780e-4bf1-8adb-439f78c329a3.dev
KVALUE=0.000287
SPLIT=1
POINT0.BLHA=28.53408910,113.50849608,458.182,233.242345
POINT0.MATRIX0=-0.801173862,-0.598431653,0.000000000,0.000000000,0.598431653,-0.801173862,0.000000000,0.000000000,-0.000000000,0.000000000,1.000000000,0.000000000,-6.325650551,-1.328854970,43.956463251,1.000000000
POINT1.BLHA=28.53408910,113.50849608,458.182,233.242345
POINT1.MATRIX0=-0.801173862,-0.598431653,0.000000000,0.000000000,0.598431653,-0.801173862,0.000000000,0.000000000,-0.000000000,0.000000000,1.000000000,0.000000000,-6.327055378,1.323444789,43.915857765,1.000000000
