OBJECTMODELPOINTER=33777c94-e4b9-4947-906f-f84480f3cb99.dev
BASEFAMILY=6d0106df-7d82-4188-a31e-bde2805b71d3.fam
BLHA=28.69702652,113.45589279,149.051008,277.425083
TRANSFORMMATRIX=0.000002502,-1.000000000,0.000027222,0.000000000,1.000000000,0.000002502,0.000000106,0.000000000,-0.000000106,0.000027222,1.000000000,0.000000000,-0.788302066,172.882215681,32.318282270,1.000000000
ENTITYNAME=Wire_Device
