OBJECTMODELPOINTER=33777c94-e4b9-4947-906f-f84480f3cb99.dev
BASEFAMILY=6d0623a9-e09e-4d9b-8b03-578a33de2037.fam
BLHA=28.46688419,113.40170203,216.340862,242.026912
TRANSFORMMATRIX=0.001866034,-0.999998259,0.000028796,0.000000000,0.999998259,0.001866034,-0.000001983,0.000000000,0.000001930,0.000028800,1.000000000,0.000000000,12.697158736,183.120697425,25.407402195,1.000000000
ENTITYNAME=Wire_Device
