OBJECTMODELPOINTER=468d57d1-fac2-443c-b9c9-715aaf0e1ad8.dev
BASEFAMILY=6d078434-be77-459e-ab04-7b032ee5777e.fam
TRANSFORMMATRIX=0.000000466,0.999999676,-0.000000610,0.000000000,-1.000000324,-0.000000058,-0.000001526,0.000000000,-0.000000000,0.000000000,1.000000000,0.000000000,-9.500000000,-0.000000000,29.999999999,1.000000000
ENTITYNAME=Tower_Device
