OBJECTMODELPOINTER=33777c94-e4b9-4947-906f-f84480f3cb99.dev
BASEFAMILY=6d086a17-edd6-46be-8c4e-38cad742687d.fam
BLHA=28.55326393,113.50869198,332.868298,304.990571
TRANSFORMMATRIX=-0.006787008,-0.999976968,0.000028537,0.000000000,0.999976968,-0.006787007,0.000002237,0.000000000,-0.000002044,0.000028551,1.000000000,0.000000000,-13.461227350,181.652432862,45.615567331,1.000000000
ENTITYNAME=Wire_Device
