OBJECTMODELPOINTER=33777c94-e4b9-4947-906f-f84480f3cb99.dev
BASEFAMILY=6d0cd437-4e36-4267-abba-0261692afe76.fam
BLHA=28.31515909,113.41015274,70.673124,0.896163
TRANSFORMMATRIX=0.000028182,-0.999999998,0.000056303,0.000000000,1.000000000,0.000028182,-0.000000738,0.000000000,0.000000737,0.000056303,0.999999998,0.000000000,4.708454420,359.385795654,33.165961526,1.000000000
ENTITYNAME=Wire_Device
