OBJECTMODELPOINTER=33777c94-e4b9-4947-906f-f84480f3cb99.dev
BASEFAMILY=6d22e653-8133-40cb-bca6-5a132b8c31a9.fam
BLHA=28.62772353,113.46582002,199.212660,273.436520
TRANSFORMMATRIX=0.000001647,-0.999999999,0.000039648,0.000000000,1.000000000,0.000001647,0.000000164,0.000000000,-0.000000164,0.000039648,0.999999999,0.000000000,-1.124670452,251.778808410,12.362092539,1.000000000
ENTITYNAME=Wire_Device
