ENTITYNAME=WIRE
BASEFAMILY=6d27d1de-6847-4742-a71b-cfc2706b8165.fam
OBJECTMODELPOINTER=81b82497-164d-48c0-b1cb-18fa700dacdf.dev
KVALUE=0.000381
SPLIT=4
POINT0.BLHA=28.28912608,113.44509395,57.000,477.961117
POINT0.MATRIX0=0.883265993,-0.468872248,0.000000000,0.000000000,0.468872248,0.883265993,-0.000000000,0.000000000,-0.000000000,-0.000000000,1.000000000,0.000000000,-10.767234284,-9.355787634,40.378189858,1.000000000
POINT0.MATRIX1=0.883265993,-0.468872248,0.000000000,0.000000000,0.468872248,0.883265993,-0.000000000,0.000000000,-0.000000000,-0.000000000,1.000000000,0.000000000,-10.622614517,-10.122468566,40.792771157,1.000000000
POINT0.MATRIX2=0.883265993,-0.468872248,0.000000000,0.000000000,0.468872248,0.883265993,-0.000000000,0.000000000,-0.000000000,-0.000000000,1.000000000,0.000000000,-10.133033886,-10.028556619,40.792862710,1.000000000
POINT0.MATRIX3=0.883265993,-0.468872248,0.000000000,0.000000000,0.468872248,0.883265993,-0.000000000,0.000000000,-0.000000000,-0.000000000,1.000000000,0.000000000,-10.276007972,-9.267171786,40.378159340,1.000000000
POINT1.BLHA=28.28708442,113.44692142,57.763,308.127846
POINT1.MATRIX0=-0.786635049,0.617418254,0.000000000,0.000000000,-0.617418254,-0.786635049,-0.000000000,0.000000000,-0.000000000,0.000000000,1.000000000,0.000000000,10.000921850,-0.129570622,58.066961724,1.000000000
POINT1.MATRIX1=-0.786635049,0.617418254,0.000000000,0.000000000,-0.617418254,-0.786635049,-0.000000000,0.000000000,-0.000000000,0.000000000,1.000000000,0.000000000,10.184437078,-0.129601642,58.532064874,1.000000000
POINT1.MATRIX2=-0.786635049,0.617418254,0.000000000,0.000000000,-0.617418254,-0.786635049,-0.000000000,0.000000000,-0.000000000,0.000000000,1.000000000,0.000000000,9.719360218,-0.129553885,58.715597589,1.000000000
POINT1.MATRIX3=-0.786635049,0.617418254,0.000000000,0.000000000,-0.617418254,-0.786635049,-0.000000000,0.000000000,-0.000000000,0.000000000,1.000000000,0.000000000,9.535844991,-0.129522865,58.250494440,1.000000000
