ENTITYNAME=WIRE
BASEFAMILY=6d2dc597-e6fa-479e-922d-81a09cd7e50f.fam
OBJECTMODELPOINTER=81b82497-164d-48c0-b1cb-18fa700dacdf.dev
KVALUE=0.000000
SPLIT=4
POINT0.BLHA=28.31515909,113.41015274,70.673,0.896163
POINT0.MATRIX0=0.015640353,0.999877682,-0.000000000,0.000000000,-0.999877682,0.015640353,0.000000000,0.000000000,0.000000000,-0.000000000,1.000000000,0.000000000,-9.335752465,-0.000036773,48.416810278,1.000000000
POINT0.MATRIX1=0.015640353,0.999877682,-0.000000000,0.000000000,-0.999877682,0.015640353,0.000000000,0.000000000,0.000000000,-0.000000000,1.000000000,0.000000000,-9.150182465,-0.000009462,48.880662206,1.000000000
POINT0.MATRIX2=0.015640353,0.999877682,-0.000000000,0.000000000,-0.999877682,0.015640353,0.000000000,0.000000000,0.000000000,-0.000000000,1.000000000,0.000000000,-9.613127205,0.000151099,49.067322973,1.000000000
POINT0.MATRIX3=0.015640353,0.999877682,-0.000000000,0.000000000,-0.999877682,0.015640353,0.000000000,0.000000000,0.000000000,-0.000000000,1.000000000,0.000000000,-9.800650091,0.000154336,48.603471045,1.000000000
POINT1.BLHA=28.31515909,113.41015274,70.673,0.896163
POINT1.MATRIX0=0.015640353,0.999877682,-0.000000000,0.000000000,-0.999877682,0.015640353,0.000000000,0.000000000,0.000000000,-0.000000000,1.000000000,0.000000000,-9.335752366,0.129968751,48.416810279,1.000000000
POINT1.MATRIX1=0.015640353,0.999877682,-0.000000000,0.000000000,-0.999877682,0.015640353,0.000000000,0.000000000,0.000000000,-0.000000000,1.000000000,0.000000000,-9.150182365,0.129996062,48.880662207,1.000000000
POINT1.MATRIX2=0.015640353,0.999877682,-0.000000000,0.000000000,-0.999877682,0.015640353,0.000000000,0.000000000,0.000000000,-0.000000000,1.000000000,0.000000000,-9.613127106,0.130156623,49.067322973,1.000000000
POINT1.MATRIX3=0.015640353,0.999877682,-0.000000000,0.000000000,-0.999877682,0.015640353,0.000000000,0.000000000,0.000000000,-0.000000000,1.000000000,0.000000000,-9.800649993,0.130159860,48.603471044,1.000000000
