OBJECTMODELPOINTER=33777c94-e4b9-4947-906f-f84480f3cb99.dev
BASEFAMILY=6d48cd37-e1ed-4b0a-a034-620d65a5a9ae.fam
BLHA=28.52615363,113.49352553,361.372655,210.734491
TRANSFORMMATRIX=0.001652856,-0.999998633,0.000039876,0.000000000,0.999998634,0.001652856,-0.000001834,0.000000000,0.000001768,0.000039879,0.999999999,0.000000000,11.822349581,254.244346811,49.919302436,1.000000000
ENTITYNAME=Wire_Device
