OBJECTMODELPOINTER=33777c94-e4b9-4947-906f-f84480f3cb99.dev
BASEFAMILY=6d4f014a-76c3-4046-b741-15ce362a0240.fam
BLHA=28.31498130,113.40038482,72.539572,2.946268
TRANSFORMMATRIX=-0.028882867,-0.999582802,0.000034832,0.000000000,0.999582803,-0.028882867,-0.000001551,0.000000000,0.000002556,0.000034773,0.999999999,0.000000000,16.292711240,221.955388907,44.305754102,1.000000000
ENTITYNAME=Wire_Device
