OBJECTMODELPOINTER=33777c94-e4b9-4947-906f-f84480f3cb99.dev
BASEFAMILY=6d5582d6-7d8c-4e14-9d69-619b4360c374.fam
BLHA=28.44044510,113.38600635,302.501930,242.026912
TRANSFORMMATRIX=-0.000012604,-0.999999999,0.000040976,0.000000000,1.000000000,-0.000012604,-0.000001565,0.000000000,0.000001565,0.000040976,0.999999999,0.000000000,10.540860467,260.524858534,31.569079246,1.000000000
ENTITYNAME=Wire_Device
