OBJECTMODELPOINTER=13a78437-ad2c-452a-8fd1-0733d19ccb25.dev
BASEFAMILY=6d56aa5d-7ec3-4c1a-951a-33f9c4a1c645.fam
TRANSFORMMATRIX=0.000000000,-1.000000000,0.000000000,0.000000000,1.000000000,0.000000000,-0.000000000,0.000000000,0.000000000,-0.000000000,1.000000000,0.000000000,-4.736996442,4.737167548,-0.000002563,1.000000000
ENTITYNAME=Tower_Device
