OBJECTMODELPOINTER=33777c94-e4b9-4947-906f-f84480f3cb99.dev
BASEFAMILY=6d6a89ab-056e-4684-9ea9-6d5ad3236cf6.fam
BLHA=28.75811652,113.46436186,140.284510,236.227775
TRANSFORMMATRIX=-0.000005941,-1.000000000,0.000017174,0.000000000,1.000000000,-0.000005941,0.000000122,0.000000000,-0.000000122,0.000017174,1.000000000,0.000000000,-0.517488102,109.233462284,18.493760360,1.000000000
ENTITYNAME=Wire_Device
