OBJECTMODELPOINTER=33777c94-e4b9-4947-906f-f84480f3cb99.dev
BASEFAMILY=6d7ae3cd-4a15-4674-b759-4116a0110b7e.fam
BLHA=28.42674606,113.37865854,204.106778,254.006183
TRANSFORMMATRIX=0.001549450,-0.999998798,0.000059206,0.000000000,0.999998800,0.001549450,0.000002246,0.000000000,-0.000002337,0.000059202,0.999999998,0.000000000,-14.396270800,376.069934510,21.312125107,1.000000000
ENTITYNAME=Wire_Device
