OBJECTMODELPOINTER=7dd9d53f-6c2c-43fe-81c5-0abd225b9227.dev
BASEFAMILY=6d7e5421-db4c-4f05-8686-462f59d22d26.fam
TRANSFORMMATRIX=0.000000574,1.000000166,-0.000000438,0.000000000,-0.999999834,-0.000000184,0.000001584,0.000000000,0.000000000,0.000000000,1.000000000,0.000000000,-12.415000000,-0.000000000,47.000000000,1.000000000
ENTITYNAME=Tower_Device
