OBJECTMODELPOINTER=05017c6c-575f-488a-ac83-886c6d6ee24f.dev
BASEFAMILY=6d9f1e9e-8cb2-4910-8efe-b23dc0438f7c.fam
TRANSFORMMATRIX=-1.000000000,0.000000060,-0.000000000,0.000000000,-0.000000060,-1.000000000,0.000000000,0.000000000,-0.000000000,-0.000000000,1.000000000,0.000000000,9.870000001,0.310000000,55.000000000,1.000000000
ENTITYNAME=Tower_Device
