OBJECTMODELPOINTER=33777c94-e4b9-4947-906f-f84480f3cb99.dev
BASEFAMILY=6dc75f00-5d89-44ff-a7f6-f221e5645d40.fam
BLHA=28.34247838,113.36303113,107.750676,278.143009
TRANSFORMMATRIX=0.003126411,-0.999995113,0.000016193,0.000000000,0.999995113,0.003126411,0.000001932,0.000000000,-0.000001983,0.000016187,1.000000000,0.000000000,-12.731106419,102.808516697,16.561800708,1.000000000
ENTITYNAME=Wire_Device
