OBJECTMODELPOINTER=63af1af4-cb17-44dd-b7e9-15c632dfdb58.dev
BASEFAMILY=6dc7d662-4b77-4dcf-8eac-164933d14be8.fam
TRANSFORMMATRIX=0.000544086,0.999999435,-0.000001002,0.000000000,-1.000000269,0.000543980,-0.000001301,0.000000000,-0.000000000,0.000000000,1.000000000,0.000000000,-12.730000000,0.000000000,48.000000000,1.000000000
ENTITYNAME=Tower_Device
