OBJECTMODELPOINTER=33777c94-e4b9-4947-906f-f84480f3cb99.dev
BASEFAMILY=6dd48799-b914-4a85-bb40-ed07eb86648d.fam
BLHA=28.28240757,113.45687165,86.867380,340.232800
TRANSFORMMATRIX=0.002239513,-0.999997491,0.000040715,0.000000000,0.999997492,0.002239513,0.000001292,0.000000000,-0.000001383,0.000040712,0.999999999,0.000000000,-9.216084315,259.729629199,48.975348476,1.000000000
ENTITYNAME=Wire_Device
