OBJECTMODELPOINTER=33777c94-e4b9-4947-906f-f84480f3cb99.dev
BASEFAMILY=6dd7ab60-722b-462f-942f-5f763ad8b6d6.fam
BLHA=28.70605444,113.45451077,165.912680,277.425083
TRANSFORMMATRIX=0.002585703,-0.999996655,0.000060138,0.000000000,0.999996657,0.002585702,-0.000001854,0.000000000,0.000001698,0.000060143,0.999999998,0.000000000,10.587090981,381.951401360,0.724961407,1.000000000
ENTITYNAME=Wire_Device
