OBJECTMODELPOINTER=2d4025ac-1aad-4554-aef2-9ba662588304.dev
BASEFAMILY=6dee48ee-89e4-4c47-8c13-c03d286cef42.fam
TRANSFORMMATRIX=0.000000458,1.000000392,0.000001045,0.000000000,-0.999999608,0.000000198,-0.000001269,0.000000000,-0.000000000,-0.000000000,1.000000000,0.000000000,-10.500000000,-0.000000000,59.300000000,1.000000000
ENTITYNAME=Tower_Device
