OBJECTMODELPOINTER=33777c94-e4b9-4947-906f-f84480f3cb99.dev
BASEFAMILY=6dee14b3-46eb-4583-b026-488101089d25.fam
BLHA=28.79327466,113.49529712,200.216421,221.400685
TRANSFORMMATRIX=-0.000031715,-0.999999997,0.000073559,0.000000000,1.000000000,-0.000031714,0.000000507,0.000000000,-0.000000504,0.000073559,0.999999997,0.000000000,-2.012439397,468.485874953,15.579857491,1.000000000
ENTITYNAME=Wire_Device
