OBJECTMODELPOINTER=33777c94-e4b9-4947-906f-f84480f3cb99.dev
BASEFAMILY=6dfc7284-3728-4a38-8d35-fb2d0d6820d4.fam
BLHA=28.50469488,113.45163258,174.515783,200.251669
TRANSFORMMATRIX=0.011307217,-0.999936071,0.000018383,0.000000000,0.999936071,0.011307217,0.000001295,0.000000000,-0.000001503,0.000018368,1.000000000,0.000000000,-9.350633448,117.154175949,17.770032930,1.000000000
ENTITYNAME=Wire_Device
