ENTITYNAME=WIRE
BASEFAMILY=6e065a53-6091-4de2-a9de-2216c0176777.fam
OBJECTMODELPOINTER=81b82497-164d-48c0-b1cb-18fa700dacdf.dev
KVALUE=0.000000
SPLIT=4
POINT0.BLHA=28.31529425,113.41760444,47.126,0.896163
POINT0.MATRIX0=0.015640353,0.999877682,0.000000000,0.000000000,-0.999877682,0.015640353,0.000000000,0.000000000,0.000000000,-0.000000000,1.000000000,0.000000000,6.601279972,-0.000118332,55.366807932,1.000000000
POINT0.MATRIX1=0.015640353,0.999877682,0.000000000,0.000000000,-0.999877682,0.015640353,0.000000000,0.000000000,0.000000000,-0.000000000,1.000000000,0.000000000,6.786849973,-0.000091022,55.830659862,1.000000000
POINT0.MATRIX2=0.015640353,0.999877682,0.000000000,0.000000000,-0.999877682,0.015640353,0.000000000,0.000000000,0.000000000,-0.000000000,1.000000000,0.000000000,6.323905233,0.000069539,56.017320627,1.000000000
POINT0.MATRIX3=0.015640353,0.999877682,0.000000000,0.000000000,-0.999877682,0.015640353,0.000000000,0.000000000,0.000000000,-0.000000000,1.000000000,0.000000000,6.136382346,0.000072776,55.553468699,1.000000000
POINT1.BLHA=28.31529425,113.41760444,47.126,0.896163
POINT1.MATRIX0=0.015640353,0.999877682,0.000000000,0.000000000,-0.999877682,0.015640353,0.000000000,0.000000000,0.000000000,-0.000000000,1.000000000,0.000000000,6.601280071,0.129887192,55.366807933,1.000000000
POINT1.MATRIX1=0.015640353,0.999877682,0.000000000,0.000000000,-0.999877682,0.015640353,0.000000000,0.000000000,0.000000000,-0.000000000,1.000000000,0.000000000,6.786850072,0.129914503,55.830659862,1.000000000
POINT1.MATRIX2=0.015640353,0.999877682,0.000000000,0.000000000,-0.999877682,0.015640353,0.000000000,0.000000000,0.000000000,-0.000000000,1.000000000,0.000000000,6.323905332,0.130075063,56.017320628,1.000000000
POINT1.MATRIX3=0.015640353,0.999877682,0.000000000,0.000000000,-0.999877682,0.015640353,0.000000000,0.000000000,0.000000000,-0.000000000,1.000000000,0.000000000,6.136382445,0.130078300,55.553468700,1.000000000
