OBJECTMODELPOINTER=33777c94-e4b9-4947-906f-f84480f3cb99.dev
BASEFAMILY=6e0811d1-a9be-4a1b-b633-6f9ab6d51e0c.fam
BLHA=28.31523299,113.41422428,48.000024,0.896163
TRANSFORMMATRIX=0.000007079,-1.000000000,0.000016637,0.000000000,1.000000000,0.000007079,-0.000001368,0.000000000,0.000001368,0.000016637,1.000000000,0.000000000,8.694961301,106.195976166,35.495899846,1.000000000
ENTITYNAME=Wire_Device
