OBJECTMODELPOINTER=33777c94-e4b9-4947-906f-f84480f3cb99.dev
BASEFAMILY=6e0d3150-434b-4a1b-938e-8cde2986e7b5.fam
BLHA=28.50118026,113.44100017,250.748283,200.251669
TRANSFORMMATRIX=-0.000001066,-1.000000000,0.000004335,0.000000000,1.000000000,-0.000001066,0.000000031,0.000000000,-0.000000031,0.000004335,1.000000000,0.000000000,-0.153887798,27.654390488,35.967695011,1.000000000
ENTITYNAME=Wire_Device
