OBJECTMODELPOINTER=33777c94-e4b9-4947-906f-f84480f3cb99.dev
BASEFAMILY=6e1a3400-dc65-4e8c-9528-bf88f3351833.fam
BLHA=28.54296028,113.51100370,560.594660,255.750198
TRANSFORMMATRIX=0.000000971,-1.000000000,0.000005855,0.000000000,1.000000000,0.000000971,-0.000001964,0.000000000,0.000001964,0.000005856,1.000000000,0.000000000,12.579226124,37.211963351,18.443172643,1.000000000
ENTITYNAME=Wire_Device
