OBJECTMODELPOINTER=33777c94-e4b9-4947-906f-f84480f3cb99.dev
BASEFAMILY=6e3a643b-bd6c-4ff2-8d7b-a961358fee79.fam
BLHA=28.50209029,113.44375287,199.020645,200.251669
TRANSFORMMATRIX=-0.000016906,-0.999999999,0.000028864,0.000000000,1.000000000,-0.000016906,0.000000187,0.000000000,-0.000000186,0.000028864,1.000000000,0.000000000,-0.878342388,184.131728944,71.524335267,1.000000000
ENTITYNAME=Wire_Device
