OBJECTMODELPOINTER=33777c94-e4b9-4947-906f-f84480f3cb99.dev
BASEFAMILY=6e3cb778-3ac9-42e3-ae6e-e258769fa483.fam
BLHA=28.59065738,113.47867622,222.763908,291.241310
TRANSFORMMATRIX=-0.053460609,-0.998569959,0.000007951,0.000000000,0.998569959,-0.053460608,-0.000000183,0.000000000,0.000000607,0.000007930,1.000000000,0.000000000,3.788951501,50.383510907,48.626820336,1.000000000
ENTITYNAME=Wire_Device
