OBJECTMODELPOINTER=33777c94-e4b9-4947-906f-f84480f3cb99.dev
BASEFAMILY=6e42e635-3e6e-453e-a523-768193b6b01e.fam
BLHA=28.81479133,113.52057006,101.431429,372.952022
TRANSFORMMATRIX=-0.230313853,0.973116401,0.000006719,0.000000000,-0.973116401,-0.230313853,0.000000213,0.000000000,0.000001754,-0.000006489,1.000000000,0.000000000,11.097184103,-41.399939094,37.596676854,1.000000000
ENTITYNAME=Wire_Device
