OBJECTMODELPOINTER=33777c94-e4b9-4947-906f-f84480f3cb99.dev
BASEFAMILY=6e4ddcf3-d511-42ab-93ec-3430261fe803.fam
BLHA=28.39632770,113.36872548,122.542167,249.667673
TRANSFORMMATRIX=-0.000005804,-0.999999999,0.000037366,0.000000000,1.000000000,-0.000005804,0.000002346,0.000000000,-0.000002346,0.000037366,0.999999999,0.000000000,-14.563688190,237.397105091,39.071962613,1.000000000
ENTITYNAME=Wire_Device
