ENTITYNAME=WIRE
BASEFAMILY=6e721156-c2c7-41b1-b543-f2573b881f60.fam
OBJECTMODELPOINTER=81b82497-164d-48c0-b1cb-18fa700dacdf.dev
KVALUE=0.000372
SPLIT=4
POINT0.BLHA=28.26907527,113.47529619,67.191,514.001895
POINT0.MATRIX0=0.438341419,-0.898808545,-0.000000000,0.000000000,0.898808545,0.438341419,0.000000000,0.000000000,-0.000000000,0.000000000,1.000000000,0.000000000,11.422505230,-9.324878527,35.772953474,1.000000000
POINT0.MATRIX1=0.438341419,-0.898808545,-0.000000000,0.000000000,0.898808545,0.438341419,0.000000000,0.000000000,-0.000000000,0.000000000,1.000000000,0.000000000,11.700051754,-10.032108209,36.222828353,1.000000000
POINT0.MATRIX2=0.438341419,-0.898808545,-0.000000000,0.000000000,0.898808545,0.438341419,0.000000000,0.000000000,-0.000000000,0.000000000,1.000000000,0.000000000,12.165251321,-9.849781087,36.222813093,1.000000000
POINT0.MATRIX3=0.438341419,-0.898808545,-0.000000000,0.000000000,0.898808545,0.438341419,0.000000000,0.000000000,-0.000000000,0.000000000,1.000000000,0.000000000,11.887704796,-9.142551405,35.772968733,1.000000000
POINT1.BLHA=28.26885822,113.47846971,85.177,355.334735
POINT1.MATRIX0=-0.081334298,0.996686878,-0.000000000,0.000000000,-0.996686878,-0.081334298,0.000000000,0.000000000,0.000000000,0.000000000,1.000000000,0.000000000,-8.003156427,-0.130057920,52.466975651,1.000000000
POINT1.MATRIX1=-0.081334298,0.996686878,-0.000000000,0.000000000,-0.996686878,-0.081334298,0.000000000,0.000000000,0.000000000,0.000000000,1.000000000,0.000000000,-7.818959668,-0.129968688,52.932078800,1.000000000
POINT1.MATRIX2=-0.081334298,0.996686878,-0.000000000,0.000000000,-0.996686878,-0.081334298,0.000000000,0.000000000,0.000000000,0.000000000,1.000000000,0.000000000,-8.283394516,-0.129901150,53.115611515,1.000000000
POINT1.MATRIX3=-0.081334298,0.996686878,-0.000000000,0.000000000,-0.996686878,-0.081334298,0.000000000,0.000000000,0.000000000,0.000000000,1.000000000,0.000000000,-8.467591275,-0.129990382,52.650508366,1.000000000
