OBJECTMODELPOINTER=8543cc3f-f991-4a13-8164-bd3418d7e445.dev
BASEFAMILY=6e757ced-1f49-460a-8113-6cee59fb1854.fam
TRANSFORMMATRIX=-0.999997989,0.002005297,-0.000000002,0.000000000,-0.002005299,-0.999997990,-0.000000001,0.000000000,0.000000000,0.000000000,1.000000000,0.000000000,10.610000000,-0.325000000,55.000000000,1.000000000
ENTITYNAME=Tower_Device
