OBJECTMODELPOINTER=33777c94-e4b9-4947-906f-f84480f3cb99.dev
BASEFAMILY=6e773692-2325-4ba7-9774-6feb08e0192a.fam
BLHA=28.30399811,113.43961542,62.139238,477.400140
TRANSFORMMATRIX=-0.160085531,0.987103147,-0.000000492,0.000000000,-0.987103147,-0.160085531,0.000001750,0.000000000,0.000001650,0.000000766,1.000000000,0.000000000,10.504307129,4.845379626,42.667950013,1.000000000
ENTITYNAME=Wire_Device
