OBJECTMODELPOINTER=33777c94-e4b9-4947-906f-f84480f3cb99.dev
BASEFAMILY=6e86ba35-0153-43ef-9d6d-9a8de556e1e1.fam
BLHA=28.51626918,113.47488562,373.286539,210.734491
TRANSFORMMATRIX=0.005824668,-0.999983036,0.000004711,0.000000000,0.999983036,0.005824668,0.000001898,0.000000000,-0.000001925,0.000004699,1.000000000,0.000000000,-12.175222119,29.930828812,39.672668663,1.000000000
ENTITYNAME=Wire_Device
