ENTITYNAME=WIRE
BASEFAMILY=6e885561-6cbd-4cf4-bdf5-79724839efaf.fam
OBJECTMODELPOINTER=81b82497-164d-48c0-b1cb-18fa700dacdf.dev
KVALUE=0.000000
SPLIT=4
POINT0.BLHA=28.28368001,113.45281448,67.002,340.232800
POINT0.MATRIX0=-0.338199241,0.941074531,0.000000000,0.000000000,-0.941074531,-0.338199241,0.000000000,0.000000000,0.000000000,-0.000000000,1.000000000,0.000000000,-7.335973595,-0.130257609,39.866808507,1.000000000
POINT0.MATRIX1=-0.338199241,0.941074531,0.000000000,0.000000000,-0.941074531,-0.338199241,0.000000000,0.000000000,0.000000000,-0.000000000,1.000000000,0.000000000,-7.149206464,-0.130200068,40.330660437,1.000000000
POINT0.MATRIX2=-0.338199241,0.941074531,0.000000000,0.000000000,-0.941074531,-0.338199241,0.000000000,0.000000000,0.000000000,-0.000000000,1.000000000,0.000000000,-7.613976623,-0.130544954,40.517321202,1.000000000
POINT0.MATRIX3=-0.338199241,0.941074531,0.000000000,0.000000000,-0.941074531,-0.338199241,0.000000000,0.000000000,0.000000000,-0.000000000,1.000000000,0.000000000,-7.800743753,-0.130602494,40.053469274,1.000000000
POINT1.BLHA=28.28368001,113.45281448,67.002,340.232800
POINT1.MATRIX0=-0.338199241,0.941074531,0.000000000,0.000000000,-0.941074531,-0.338199241,0.000000000,0.000000000,0.000000000,-0.000000000,1.000000000,0.000000000,-7.335968056,-0.000266221,39.866808507,1.000000000
POINT1.MATRIX1=-0.338199241,0.941074531,0.000000000,0.000000000,-0.941074531,-0.338199241,0.000000000,0.000000000,0.000000000,-0.000000000,1.000000000,0.000000000,-7.149200926,-0.000208680,40.330660437,1.000000000
POINT1.MATRIX2=-0.338199241,0.941074531,0.000000000,0.000000000,-0.941074531,-0.338199241,0.000000000,0.000000000,0.000000000,-0.000000000,1.000000000,0.000000000,-7.613971085,-0.000553565,40.517321203,1.000000000
POINT1.MATRIX3=-0.338199241,0.941074531,0.000000000,0.000000000,-0.941074531,-0.338199241,0.000000000,0.000000000,0.000000000,-0.000000000,1.000000000,0.000000000,-7.800738215,-0.000611107,40.053469275,1.000000000
