OBJECTMODELPOINTER=33777c94-e4b9-4947-906f-f84480f3cb99.dev
BASEFAMILY=6e986aa6-f254-40e9-ba1b-3e7006201189.fam
BLHA=28.28492071,113.44885804,59.682173,504.180323
TRANSFORMMATRIX=-0.282699788,0.959208438,0.000049282,0.000000000,-0.959208439,-0.282699788,-0.000001721,0.000000000,0.000012281,-0.000047758,0.999999999,0.000000000,78.873836137,-304.495446377,44.681336524,1.000000000
ENTITYNAME=Wire_Device
