OBJECTMODELPOINTER=33777c94-e4b9-4947-906f-f84480f3cb99.dev
BASEFAMILY=6e9a66b2-f717-47b1-ab4a-42c477a9f357.fam
BLHA=28.28912608,113.44509395,57.000023,477.961117
TRANSFORMMATRIX=-0.184000384,0.982926171,0.000017099,0.000000000,-0.982926171,-0.184000384,-0.000001857,0.000000000,0.000001320,-0.000017149,1.000000000,0.000000000,8.654990094,-109.039277381,40.335167159,1.000000000
ENTITYNAME=Wire_Device
