OBJECTMODELPOINTER=33777c94-e4b9-4947-906f-f84480f3cb99.dev
BASEFAMILY=6eb4fd21-062c-4f62-9058-5f8057a33056.fam
BLHA=28.33513056,113.36426418,74.466119,467.201749
TRANSFORMMATRIX=-0.154738695,0.987955431,0.000058117,0.000000000,-0.987955432,-0.154738696,0.000000366,0.000000000,0.000009354,-0.000057359,0.999999998,0.000000000,60.218838855,-364.484800202,24.759083629,1.000000000
ENTITYNAME=Wire_Device
