OBJECTMODELPOINTER=33777c94-e4b9-4947-906f-f84480f3cb99.dev
BASEFAMILY=6eb742f9-af9d-4fc4-ae80-e1e7c3033ec9.fam
BLHA=28.37691435,113.36420413,70.521818,286.379084
TRANSFORMMATRIX=0.000006235,-0.999999999,0.000036283,0.000000000,1.000000000,0.000006235,-0.000001721,0.000000000,0.000001721,0.000036284,0.999999999,0.000000000,10.653598411,230.475528159,27.494446393,1.000000000
ENTITYNAME=Wire_Device
