ENTITYNAME=WIRE
BASEFAMILY=6ebae59b-5a39-45bf-b256-49b7de116b4c.fam
OBJECTMODELPOINTER=81b82497-164d-48c0-b1cb-18fa700dacdf.dev
KVALUE=0.000000
SPLIT=4
POINT0.BLHA=28.81363020,113.51792493,127.560,396.804576
POINT0.MATRIX0=0.599087552,0.800683524,-0.000000000,0.000000000,-0.800683524,0.599087552,0.000000000,0.000000000,0.000000000,0.000000000,1.000000000,0.000000000,7.274121700,-3.998214572,38.789997837,1.000000000
POINT0.MATRIX1=0.599087552,0.800683524,-0.000000000,0.000000000,-0.800683524,0.599087552,0.000000000,0.000000000,0.000000000,0.000000000,1.000000000,0.000000000,7.274121700,-3.998214571,39.239997884,1.000000000
POINT0.MATRIX2=0.599087552,0.800683524,-0.000000000,0.000000000,-0.800683524,0.599087552,0.000000000,0.000000000,0.000000000,0.000000000,1.000000000,0.000000000,7.724121658,-3.998214806,39.239997883,1.000000000
POINT0.MATRIX3=0.599087552,0.800683524,-0.000000000,0.000000000,-0.800683524,0.599087552,0.000000000,0.000000000,0.000000000,0.000000000,1.000000000,0.000000000,7.724121658,-3.998214806,38.789997836,1.000000000
POINT1.BLHA=28.81363020,113.51792493,127.560,396.804576
POINT1.MATRIX0=0.599087552,0.800683524,-0.000000000,0.000000000,-0.800683524,0.599087552,0.000000000,0.000000000,0.000000000,0.000000000,1.000000000,0.000000000,7.274121739,-4.000214714,38.789997838,1.000000000
POINT1.MATRIX1=0.599087552,0.800683524,-0.000000000,0.000000000,-0.800683524,0.599087552,0.000000000,0.000000000,0.000000000,0.000000000,1.000000000,0.000000000,7.274121739,-4.000214714,39.239997885,1.000000000
POINT1.MATRIX2=0.599087552,0.800683524,-0.000000000,0.000000000,-0.800683524,0.599087552,0.000000000,0.000000000,0.000000000,0.000000000,1.000000000,0.000000000,7.724121840,-4.000214758,39.239997885,1.000000000
POINT1.MATRIX3=0.599087552,0.800683524,-0.000000000,0.000000000,-0.800683524,0.599087552,0.000000000,0.000000000,0.000000000,0.000000000,1.000000000,0.000000000,7.724121840,-4.000214758,38.789997838,1.000000000
