OBJECTMODELPOINTER=33777c94-e4b9-4947-906f-f84480f3cb99.dev
BASEFAMILY=6ec9ccd9-6b6a-445f-b377-4b6d63c5525d.fam
BLHA=28.36295604,113.35959378,63.083646,458.145379
TRANSFORMMATRIX=-0.373803738,0.927507825,-0.000000557,0.000000000,-0.927507825,-0.373803738,0.000001324,0.000000000,0.000001020,0.000001011,1.000000000,0.000000000,6.503452272,6.422493014,36.445843467,1.000000000
ENTITYNAME=Wire_Device
