OBJECTMODELPOINTER=33777c94-e4b9-4947-906f-f84480f3cb99.dev
BASEFAMILY=6edc1556-37dd-49c4-9b4a-251c2d1725a2.fam
BLHA=28.52807252,113.49714509,416.575795,210.734491
TRANSFORMMATRIX=0.003499772,-0.999993875,0.000027232,0.000000000,0.999993876,0.003499772,0.000002044,0.000000000,-0.000002140,0.000027225,1.000000000,0.000000000,-13.206867824,173.522404166,7.432416157,1.000000000
ENTITYNAME=Wire_Device
