OBJECTMODELPOINTER=33777c94-e4b9-4947-906f-f84480f3cb99.dev
BASEFAMILY=6ee891c7-db6b-4678-9acf-e867e4786576.fam
BLHA=28.30070252,113.44082959,73.741833,287.794387
TRANSFORMMATRIX=-0.001843570,-0.999998300,0.000039825,0.000000000,0.999998301,-0.001843570,-0.000001320,0.000000000,0.000001394,0.000039822,0.999999999,0.000000000,8.507023043,252.976912915,50.285437757,1.000000000
ENTITYNAME=Wire_Device
