OBJECTMODELPOINTER=33777c94-e4b9-4947-906f-f84480f3cb99.dev
BASEFAMILY=6ef1989f-47a9-4aff-a846-eda1afda18e8.fam
BLHA=28.34247838,113.36303113,107.750676,278.143009
TRANSFORMMATRIX=-0.003120229,-0.999995130,0.000067398,0.000000000,0.999995132,-0.003120229,-0.000001554,0.000000000,0.000001764,0.000067393,0.999999998,0.000000000,10.945280984,427.973032615,19.270938331,1.000000000
ENTITYNAME=Wire_Device
