OBJECTMODELPOINTER=33777c94-e4b9-4947-906f-f84480f3cb99.dev
BASEFAMILY=6ef7d0cc-892e-4b6b-b2df-b89710c3deb1.fam
BLHA=28.31294059,113.42646212,52.368358,335.449580
TRANSFORMMATRIX=0.000009245,-1.000000000,0.000016091,0.000000000,1.000000000,0.000009245,0.000001103,0.000000000,-0.000001103,0.000016091,1.000000000,0.000000000,-7.212949121,102.633884135,51.532156107,1.000000000
ENTITYNAME=Wire_Device
