ENTITYNAME=WIRE
BASEFAMILY=6efd8b8c-09f6-4fac-8d2c-42a1e1db1a6e.fam
OBJECTMODELPOINTER=81b82497-164d-48c0-b1cb-18fa700dacdf.dev
KVALUE=0.000372
SPLIT=4
POINT0.BLHA=28.33182616,113.36613124,59.967,296.260490
POINT0.MATRIX0=-0.896791752,0.442452882,-0.000000000,0.000000000,-0.442452882,-0.896791752,-0.000000000,0.000000000,0.000000000,-0.000000000,1.000000000,0.000000000,12.096249355,0.718470868,43.741096830,1.000000000
POINT0.MATRIX1=-0.896791752,0.442452882,-0.000000000,0.000000000,-0.442452882,-0.896791752,-0.000000000,0.000000000,0.000000000,-0.000000000,1.000000000,0.000000000,12.096249355,0.718470868,44.191093778,1.000000000
POINT0.MATRIX2=-0.896791752,0.442452882,-0.000000000,0.000000000,-0.442452882,-0.896791752,-0.000000000,0.000000000,0.000000000,-0.000000000,1.000000000,0.000000000,11.646386899,0.722630630,44.191093778,1.000000000
POINT0.MATRIX3=-0.896791752,0.442452882,-0.000000000,0.000000000,-0.442452882,-0.896791752,-0.000000000,0.000000000,0.000000000,-0.000000000,1.000000000,0.000000000,11.646386899,0.722630630,43.741096830,1.000000000
POINT1.BLHA=28.32854622,113.36798434,68.152,482.460958
POINT1.MATRIX0=0.843757372,-0.536724787,-0.000000000,0.000000000,0.536724787,0.843757372,-0.000000000,0.000000000,-0.000000000,0.000000000,1.000000000,0.000000000,-6.920050832,9.458145511,28.598503697,1.000000000
POINT1.MATRIX1=0.843757372,-0.536724787,-0.000000000,0.000000000,0.536724787,0.843757372,-0.000000000,0.000000000,-0.000000000,0.000000000,1.000000000,0.000000000,-6.837843935,10.266956247,28.940804111,1.000000000
POINT1.MATRIX2=0.843757372,-0.536724787,-0.000000000,0.000000000,0.536724787,0.843757372,-0.000000000,0.000000000,-0.000000000,0.000000000,1.000000000,0.000000000,-6.340918512,10.219371843,28.940285312,1.000000000
POINT1.MATRIX3=0.843757372,-0.536724787,-0.000000000,0.000000000,0.536724787,0.843757372,-0.000000000,0.000000000,-0.000000000,0.000000000,1.000000000,0.000000000,-6.421477445,9.409512817,28.598503696,1.000000000
