ENTITYNAME=WIRE
BASEFAMILY=6f03d535-c526-4358-9bb6-c34aa539bcbb.fam
OBJECTMODELPOINTER=81b82497-164d-48c0-b1cb-18fa700dacdf.dev
KVALUE=0.000366
SPLIT=4
POINT0.BLHA=28.56112925,113.50240150,222.763,308.993779
POINT0.MATRIX0=-0.777214288,0.629236005,0.000000000,0.000000000,-0.629236005,-0.777214288,-0.000000000,0.000000000,0.000000000,0.000000000,1.000000000,0.000000000,-8.901124641,10.608287832,30.291146112,1.000000000
POINT0.MATRIX1=-0.777214288,0.629236005,0.000000000,0.000000000,-0.629236005,-0.777214288,-0.000000000,0.000000000,0.000000000,0.000000000,1.000000000,0.000000000,-8.948999516,9.825930883,30.698735070,1.000000000
POINT0.MATRIX2=-0.777214288,0.629236005,0.000000000,0.000000000,-0.629236005,-0.777214288,-0.000000000,0.000000000,0.000000000,0.000000000,1.000000000,0.000000000,-9.448158461,9.856560245,30.698731256,1.000000000
POINT0.MATRIX3=-0.777214288,0.629236005,0.000000000,0.000000000,-0.629236005,-0.777214288,-0.000000000,0.000000000,0.000000000,0.000000000,1.000000000,0.000000000,-9.400283587,10.638917194,30.291146112,1.000000000
POINT1.BLHA=28.55813742,113.50479443,276.608,304.990571
POINT1.MATRIX0=-0.819246424,0.573441624,0.000000000,0.000000000,-0.573441624,-0.819246424,0.000000000,0.000000000,0.000000000,0.000000000,1.000000000,0.000000000,-13.095182307,-0.111075155,58.000000269,1.000000000
POINT1.MATRIX1=-0.819246424,0.573441624,0.000000000,0.000000000,-0.573441624,-0.819246424,0.000000000,0.000000000,0.000000000,0.000000000,1.000000000,0.000000000,-13.095182307,-0.111075155,58.450001033,1.000000000
POINT1.MATRIX2=-0.819246424,0.573441624,0.000000000,0.000000000,-0.573441624,-0.819246424,0.000000000,0.000000000,0.000000000,0.000000000,1.000000000,0.000000000,-13.545539907,-0.109046466,58.450001033,1.000000000
POINT1.MATRIX3=-0.819246424,0.573441624,0.000000000,0.000000000,-0.573441624,-0.819246424,0.000000000,0.000000000,0.000000000,0.000000000,1.000000000,0.000000000,-13.545539907,-0.109046466,58.000000269,1.000000000
