OBJECTMODELPOINTER=61d897d3-4579-4fbc-8fd7-e63420e769a9.dev
BASEFAMILY=6f08f265-1517-46cd-829e-877275c803af.fam
TRANSFORMMATRIX=0.015026523,-0.073880544,-0.997153762,0.000000000,-0.979936984,-0.199308183,0.000000135,0.000000000,-0.198739820,0.977148155,-0.075392096,0.000000000,-8.000000000,-0.951000001,30.000000001,1.000000000
ENTITYNAME=Tower_Device
