OBJECTMODELPOINTER=33777c94-e4b9-4947-906f-f84480f3cb99.dev
BASEFAMILY=6f1141be-519c-445a-b12c-d08fa218ae2b.fam
BLHA=28.42958283,113.37956045,205.551749,428.016547
TRANSFORMMATRIX=-0.100571235,0.994929860,0.000017561,0.000000000,-0.994929860,-0.100571235,0.000000309,0.000000000,0.000002074,-0.000017441,1.000000000,0.000000000,13.024318467,-110.808969484,21.775815897,1.000000000
ENTITYNAME=Wire_Device
