OBJECTMODELPOINTER=33777c94-e4b9-4947-906f-f84480f3cb99.dev
BASEFAMILY=6f1ef4b5-c719-4e15-a397-4d1b852fa83e.fam
BLHA=28.49878841,113.43376617,260.859889,392.604520
TRANSFORMMATRIX=0.030259962,0.999542063,-0.000000147,0.000000000,-0.999542062,0.030259962,0.000001487,0.000000000,0.000001491,0.000000102,1.000000000,0.000000000,9.484266687,0.673529707,25.942701035,1.000000000
ENTITYNAME=Wire_Device
