OBJECTMODELPOINTER=3d68067e-60d9-46bb-8905-9bc4e8211ced.dev
BASEFAMILY=6f265305-9969-4056-a0d9-082a43880fb3.fam
TRANSFORMMATRIX=0.000000336,1.000000364,-0.000000929,0.000000000,-0.999999636,-0.000000060,0.000001358,0.000000000,-0.000000000,-0.000000000,1.000000000,0.000000000,6.594999999,0.000000000,69.500000000,1.000000000
ENTITYNAME=Tower_Device
