OBJECTMODELPOINTER=33777c94-e4b9-4947-906f-f84480f3cb99.dev
BASEFAMILY=6f2bc68a-07ce-4c2b-9e30-90101cacef57.fam
BLHA=28.57262295,113.49015944,261.228990,312.996987
TRANSFORMMATRIX=0.000007245,-1.000000000,0.000017523,0.000000000,1.000000000,0.000007245,0.000002121,0.000000000,-0.000002121,0.000017523,1.000000000,0.000000000,-13.795282266,111.578743920,36.441331660,1.000000000
ENTITYNAME=Wire_Device
