OBJECTMODELPOINTER=33777c94-e4b9-4947-906f-f84480f3cb99.dev
BASEFAMILY=6f30a692-0f01-4016-b24c-43224513051d.fam
BLHA=28.56585701,113.49736639,238.961591,312.996987
TRANSFORMMATRIX=-0.001530209,-0.999998828,0.000053798,0.000000000,0.999998829,-0.001530208,0.000002177,0.000000000,-0.000002094,0.000053802,0.999999999,0.000000000,-14.225508648,342.516058397,16.815036872,1.000000000
ENTITYNAME=Wire_Device
