OBJECTMODELPOINTER=90543a07-7626-455b-ab58-6d969e46bb85.dev
BASEFAMILY=6f38c988-d14d-4ab5-9f40-532b6d1a170a.fam
TRANSFORMMATRIX=0.000000340,1.000000326,0.000000812,0.000000000,-0.999999674,-0.000000169,-0.000001430,0.000000000,-0.000000000,0.000000000,1.000000000,0.000000000,7.340000000,-0.000000000,59.299999999,1.000000000
ENTITYNAME=Tower_Device
