OBJECTMODELPOINTER=33777c94-e4b9-4947-906f-f84480f3cb99.dev
BASEFAMILY=6f3fc7fb-3734-4958-9ea1-93c8f23a5459.fam
BLHA=28.53408910,113.50849608,458.182485,233.242345
TRANSFORMMATRIX=-0.381801538,-0.924244330,0.000067691,0.000000000,0.924244332,-0.381801539,0.000000313,0.000000000,0.000025555,0.000062682,0.999999998,0.000000000,163.820123741,399.205845729,-9.721995358,1.000000000
ENTITYNAME=Wire_Device
