OBJECTMODELPOINTER=33777c94-e4b9-4947-906f-f84480f3cb99.dev
BASEFAMILY=6f631d76-7fbb-4a26-b400-e19a180b9415.fam
BLHA=28.59994740,113.47379389,183.494205,294.633001
TRANSFORMMATRIX=-0.001021680,-0.999999478,0.000028874,0.000000000,0.999999478,-0.001021680,0.000002158,0.000000000,-0.000002129,0.000028876,1.000000000,0.000000000,-13.938044813,183.564436873,36.506894820,1.000000000
ENTITYNAME=Wire_Device
