OBJECTMODELPOINTER=33777c94-e4b9-4947-906f-f84480f3cb99.dev
BASEFAMILY=6f6a5c9c-8d78-47c3-a87c-8e954cb0a6e6.fam
BLHA=28.61647630,113.46664258,210.970212,273.436520
TRANSFORMMATRIX=0.002991939,-0.999995524,0.000005792,0.000000000,0.999995524,0.002991939,0.000000024,0.000000000,-0.000000042,0.000005791,1.000000000,0.000000000,-0.273542670,36.779289453,40.235830885,1.000000000
ENTITYNAME=Wire_Device
