OBJECTMODELPOINTER=33777c94-e4b9-4947-906f-f84480f3cb99.dev
BASEFAMILY=6f6d330a-10b5-48ff-906d-618b8efcf27a.fam
BLHA=28.37691435,113.36420413,70.521818,286.379084
TRANSFORMMATRIX=0.000007691,-0.999999999,0.000047479,0.000000000,1.000000000,0.000007691,0.000002043,0.000000000,-0.000002043,0.000047479,0.999999999,0.000000000,-13.460192729,301.634245597,31.330396249,1.000000000
ENTITYNAME=Wire_Device
