OBJECTMODELPOINTER=1877fc75-ae3b-4d50-85a7-62f84476f342.dev
BASEFAMILY=6f83b895-9658-4674-be31-fccedf622540.fam
TRANSFORMMATRIX=-0.999993019,-0.003736365,0.000000004,0.000000000,0.003736368,-0.999993020,-0.000000001,0.000000000,0.000000000,-0.000000000,1.000000000,0.000000000,-9.870000000,-0.000000001,40.000000000,1.000000000
ENTITYNAME=Tower_Device
