OBJECTMODELPOINTER=33777c94-e4b9-4947-906f-f84480f3cb99.dev
BASEFAMILY=6fa618c2-46aa-4eb3-bb2f-f8d8cde5cf8f.fam
BLHA=28.31435017,113.39267151,117.559440,4.996372
TRANSFORMMATRIX=0.000030395,-0.999999998,0.000060358,0.000000000,1.000000000,0.000030395,0.000001466,0.000000000,-0.000001468,0.000060359,0.999999998,0.000000000,-9.145923840,385.255534161,47.516025770,1.000000000
ENTITYNAME=Wire_Device
