OBJECTMODELPOINTER=33777c94-e4b9-4947-906f-f84480f3cb99.dev
BASEFAMILY=6fa9020e-2a94-4ce8-ba96-bbefd8f22df6.fam
BLHA=28.75811652,113.46436186,140.284510,236.227775
TRANSFORMMATRIX=0.000946675,-0.999999548,0.000089606,0.000000000,0.999999552,0.000946675,0.000002616,0.000000000,-0.000002700,0.000089603,0.999999996,0.000000000,-15.847580821,569.880996993,29.018841996,1.000000000
ENTITYNAME=Wire_Device
