OBJECTMODELPOINTER=33777c94-e4b9-4947-906f-f84480f3cb99.dev
BASEFAMILY=6fb9da96-40e9-46ec-852f-a09535f0ea55.fam
BLHA=28.45855791,113.39675815,237.532667,242.026912
TRANSFORMMATRIX=-0.000003128,-1.000000000,0.000005274,0.000000000,1.000000000,-0.000003128,0.000000042,0.000000000,-0.000000042,0.000005274,1.000000000,0.000000000,-0.194141500,33.527883720,55.670510829,1.000000000
ENTITYNAME=Wire_Device
