OBJECTMODELPOINTER=33777c94-e4b9-4947-906f-f84480f3cb99.dev
BASEFAMILY=6fbc324b-a4b0-4a76-b574-92e190713cc2.fam
BLHA=28.28492071,113.44885804,59.682173,504.180323
TRANSFORMMATRIX=-0.280985083,0.959712134,0.000058192,0.000000000,-0.959712135,-0.280985083,-0.000001148,0.000000000,0.000015249,-0.000056170,0.999999998,0.000000000,97.890105295,-358.137809129,65.105984871,1.000000000
ENTITYNAME=Wire_Device
