OBJECTMODELPOINTER=33777c94-e4b9-4947-906f-f84480f3cb99.dev
BASEFAMILY=6fc31768-e36b-4578-a2f8-cde5a5fcce93.fam
BLHA=28.79022096,113.49139881,176.212376,221.400685
TRANSFORMMATRIX=-0.000009996,-1.000000000,0.000028924,0.000000000,1.000000000,-0.000009996,0.000000202,0.000000000,-0.000000201,0.000028924,1.000000000,0.000000000,-0.812646609,184.209091114,2.827166695,1.000000000
ENTITYNAME=Wire_Device
