OBJECTMODELPOINTER=33777c94-e4b9-4947-906f-f84480f3cb99.dev
BASEFAMILY=6fcd5bb1-c9e9-4cc2-bec2-1ee51d1b3ea7.fam
BLHA=28.31515909,113.41015274,70.673124,0.896163
TRANSFORMMATRIX=0.000023439,-0.999999999,0.000047537,0.000000000,1.000000000,0.000023439,0.000001728,0.000000000,-0.000001730,0.000047537,0.999999999,0.000000000,-10.955709326,303.427925811,18.256088605,1.000000000
ENTITYNAME=Wire_Device
