OBJECTMODELPOINTER=33777c94-e4b9-4947-906f-f84480f3cb99.dev
BASEFAMILY=6fdbc49c-0fe5-48ed-897b-ecad50142503.fam
BLHA=28.49878841,113.43376617,260.859889,392.604520
TRANSFORMMATRIX=-0.232134462,0.972683706,0.000006451,0.000000000,-0.972683706,-0.232134462,0.000001158,0.000000000,0.000002625,-0.000006006,1.000000000,0.000000000,16.599573315,-38.242144843,33.649223645,1.000000000
ENTITYNAME=Wire_Device
