OBJECTMODELPOINTER=9b6611c5-2a26-4ab1-aa7c-faaf5f5d8917.dev
BASEFAMILY=6fdda4fc-ec5c-4f47-8e51-b089eea10787.fam
TRANSFORMMATRIX=-0.000000371,1.000000110,-0.000001639,0.000000000,-0.999999890,0.000000437,0.000000111,0.000000000,0.000000000,0.000000000,1.000000000,0.000000000,11.870000000,0.000000000,48.000000000,1.000000000
ENTITYNAME=Tower_Device
