OBJECTMODELPOINTER=33777c94-e4b9-4947-906f-f84480f3cb99.dev
BASEFAMILY=6fde2285-1665-434f-ac32-51034290545b.fam
BLHA=28.39175425,113.36683981,143.500019,249.667673
TRANSFORMMATRIX=-0.002634106,-0.999996531,0.000015715,0.000000000,0.999996531,-0.002634106,0.000002197,0.000000000,-0.000002156,0.000015721,1.000000000,0.000000000,-13.584089871,99.867512741,32.292319133,1.000000000
ENTITYNAME=Wire_Device
