OBJECTMODELPOINTER=33777c94-e4b9-4947-906f-f84480f3cb99.dev
BASEFAMILY=6ff57340-31de-41fc-bf73-2033ebad766f.fam
BLHA=28.75811652,113.46436186,140.284510,236.227775
TRANSFORMMATRIX=0.000971959,-0.999999528,0.000005734,0.000000000,0.999999528,0.000971959,0.000002037,0.000000000,-0.000002042,0.000005732,1.000000000,0.000000000,-12.929427350,36.425120711,29.488972053,1.000000000
ENTITYNAME=Wire_Device
