OBJECTMODELPOINTER=33777c94-e4b9-4947-906f-f84480f3cb99.dev
BASEFAMILY=6ffe4531-1ffb-40ec-935e-41828560a1e8.fam
BLHA=28.34247838,113.36303113,107.750676,278.143009
TRANSFORMMATRIX=-0.003120906,-0.999995128,0.000058623,0.000000000,0.999995130,-0.003120906,-0.000001593,0.000000000,0.000001777,0.000058619,0.999999998,0.000000000,11.065231088,372.252084032,13.227274847,1.000000000
ENTITYNAME=Wire_Device
