OBJECTMODELPOINTER=33777c94-e4b9-4947-906f-f84480f3cb99.dev
BASEFAMILY=7009a5c8-5b92-4f6e-9096-e8ce3557fc99.fam
BLHA=28.38255325,113.36304670,117.224132,441.473487
TRANSFORMMATRIX=-0.205086634,0.978743824,0.000018159,0.000000000,-0.978743824,-0.205086634,0.000000268,0.000000000,0.000003987,-0.000017718,1.000000000,0.000000000,25.357580817,-112.502439651,17.935095180,1.000000000
ENTITYNAME=Wire_Device
