OBJECTMODELPOINTER=33777c94-e4b9-4947-906f-f84480f3cb99.dev
BASEFAMILY=70221472-c0a5-40a7-b663-ddcc32ca5ff5.fam
BLHA=28.52451102,113.49042735,376.991440,210.734491
TRANSFORMMATRIX=0.021507328,-0.999768690,0.000023598,0.000000000,0.999768691,0.021507328,-0.000001848,0.000000000,0.000001340,0.000023632,1.000000000,0.000000000,8.866390111,150.670769776,1.039776952,1.000000000
ENTITYNAME=Wire_Device
