OBJECTMODELPOINTER=33777c94-e4b9-4947-906f-f84480f3cb99.dev
BASEFAMILY=7031f28c-83bc-4945-9610-564a2d6a62b6.fam
BLHA=28.31775016,113.38284517,61.633463,329.270898
TRANSFORMMATRIX=0.001451297,-0.999998945,0.000065933,0.000000000,0.999998947,0.001451297,-0.000001051,0.000000000,0.000000955,0.000065934,0.999999998,0.000000000,5.114397672,420.276648146,44.460772103,1.000000000
ENTITYNAME=Wire_Device
