OBJECTMODELPOINTER=33777c94-e4b9-4947-906f-f84480f3cb99.dev
BASEFAMILY=70608bf2-7371-40cc-8397-dd26fb6b25aa.fam
BLHA=28.50306305,113.44669559,173.869453,200.251669
TRANSFORMMATRIX=-0.000010786,-1.000000000,0.000024105,0.000000000,1.000000000,-0.000010786,0.000002249,0.000000000,-0.000002248,0.000024105,1.000000000,0.000000000,-14.028682689,153.746941815,56.789913152,1.000000000
ENTITYNAME=Wire_Device
