OBJECTMODELPOINTER=1c290c24-dcb6-4f63-8628-887fc730fe2f.dev
BASEFAMILY=7066ab27-e8c6-4bfa-9885-00a0be27e731.fam
TRANSFORMMATRIX=-0.999997692,-0.002148307,0.000000002,0.000000000,0.002148306,-0.999997693,-0.000000002,0.000000000,-0.000000000,-0.000000000,1.000000000,0.000000000,-9.870000000,-0.000000000,40.000000000,1.000000000
ENTITYNAME=Tower_Device
