OBJECTMODELPOINTER=33777c94-e4b9-4947-906f-f84480f3cb99.dev
BASEFAMILY=706e25d6-d010-4fa5-af28-09222c683eea.fam
BLHA=28.58307238,113.48148471,281.708531,287.849619
TRANSFORMMATRIX=-0.015175582,-0.999884844,0.000005107,0.000000000,0.999884844,-0.015175582,0.000002104,0.000000000,-0.000002027,0.000005138,1.000000000,0.000000000,-12.977801504,32.664149809,45.021135051,1.000000000
ENTITYNAME=Wire_Device
