OBJECTMODELPOINTER=33777c94-e4b9-4947-906f-f84480f3cb99.dev
BASEFAMILY=7070ba2d-5cab-4396-a512-313f4039fa24.fam
BLHA=28.37348418,113.36536629,69.677902,286.379084
TRANSFORMMATRIX=-0.006821835,-0.999976730,0.000036789,0.000000000,0.999976731,-0.006821835,0.000002002,0.000000000,-0.000001751,0.000036802,0.999999999,0.000000000,-11.504580497,233.801496789,18.689211777,1.000000000
ENTITYNAME=Wire_Device
