OBJECTMODELPOINTER=4d8a92bc-381c-4c09-87ed-9aba0cac8193.dev
BASEFAMILY=7071b176-1dec-42be-b8c6-c292a8ab453b.fam
TRANSFORMMATRIX=0.002219755,0.999997148,-0.000001301,0.000000000,-0.999997924,0.002220076,-0.000001003,0.000000000,0.000000000,-0.000000000,1.000000000,0.000000000,-11.870000001,-0.000000000,48.000000000,1.000000000
ENTITYNAME=Tower_Device
