OBJECTMODELPOINTER=250eafc6-d54a-4c11-8761-a5ad2457d350.dev
BASEFAMILY=7077ad2e-4951-4af9-aca2-c7a1ee983cac.fam
TRANSFORMMATRIX=0.000000408,0.999999928,0.000000039,0.000000000,-1.000000072,-0.000000408,0.000001644,0.000000000,-0.000000000,0.000000000,1.000000000,0.000000000,8.001999999,-0.000000000,66.000000001,1.000000000
ENTITYNAME=Tower_Device
