ENTITYNAME=WIRE
BASEFAMILY=708840e4-24ae-45fc-b84b-485279c1595d.fam
OBJECTMODELPOINTER=81b82497-164d-48c0-b1cb-18fa700dacdf.dev
KVALUE=0.000000
SPLIT=4
POINT0.BLHA=28.66573943,113.46033717,166.409,277.610658
POINT0.MATRIX0=-0.991190922,0.132440763,-0.000000000,0.000000000,-0.132440763,-0.991190922,-0.000000000,0.000000000,0.000000000,0.000000000,1.000000000,0.000000000,0.224992092,-0.109721215,43.000001133,1.000000000
POINT0.MATRIX1=-0.991190922,0.132440763,-0.000000000,0.000000000,-0.132440763,-0.991190922,-0.000000000,0.000000000,0.000000000,0.000000000,1.000000000,0.000000000,0.224992092,-0.109721216,43.449998081,1.000000000
POINT0.MATRIX2=-0.991190922,0.132440763,-0.000000000,0.000000000,-0.132440763,-0.991190922,-0.000000000,0.000000000,0.000000000,0.000000000,1.000000000,0.000000000,-0.225142460,-0.110660199,43.449998081,1.000000000
POINT0.MATRIX3=-0.991190922,0.132440763,-0.000000000,0.000000000,-0.132440763,-0.991190922,-0.000000000,0.000000000,0.000000000,0.000000000,1.000000000,0.000000000,-0.225142460,-0.110660198,43.000001133,1.000000000
POINT1.BLHA=28.66573943,113.46033717,166.409,277.610658
POINT1.MATRIX0=-0.991190922,0.132440763,-0.000000000,0.000000000,-0.132440763,-0.991190922,-0.000000000,0.000000000,0.000000000,0.000000000,1.000000000,0.000000000,0.224991325,0.000271872,43.000001133,1.000000000
POINT1.MATRIX1=-0.991190922,0.132440763,-0.000000000,0.000000000,-0.132440763,-0.991190922,-0.000000000,0.000000000,0.000000000,0.000000000,1.000000000,0.000000000,0.224991325,0.000271872,43.449998081,1.000000000
POINT1.MATRIX2=-0.991190922,0.132440763,-0.000000000,0.000000000,-0.132440763,-0.991190922,-0.000000000,0.000000000,0.000000000,0.000000000,1.000000000,0.000000000,-0.225143227,-0.000667112,43.449998081,1.000000000
POINT1.MATRIX3=-0.991190922,0.132440763,-0.000000000,0.000000000,-0.132440763,-0.991190922,-0.000000000,0.000000000,0.000000000,0.000000000,1.000000000,0.000000000,-0.225143227,-0.000667111,43.000001133,1.000000000
