OBJECTMODELPOINTER=33777c94-e4b9-4947-906f-f84480f3cb99.dev
BASEFAMILY=708930fd-77bd-47fa-921d-c4d1f71e087f.fam
BLHA=28.51174980,113.46636581,279.463297,210.734491
TRANSFORMMATRIX=0.002225679,-0.999997519,0.000091998,0.000000000,0.999997523,0.002225679,0.000000406,0.000000000,-0.000000611,0.000091997,0.999999996,0.000000000,-2.548812651,586.441463479,2.889458308,1.000000000
ENTITYNAME=Wire_Device
