OBJECTMODELPOINTER=32e50617-0655-4f0f-a0ac-1034101bd51d.dev
BASEFAMILY=708f3ef1-8aa7-43eb-8c1e-d0c3feeeaede.fam
TRANSFORMMATRIX=-0.023160427,-0.072579104,-0.997093877,0.000000000,0.952675627,-0.303988188,0.000001128,0.000000000,-0.303105127,-0.949906912,0.076184914,0.000000000,11.100000000,0.847500000,40.999999999,1.000000000
ENTITYNAME=Tower_Device
