OBJECTMODELPOINTER=33777c94-e4b9-4947-906f-f84480f3cb99.dev
BASEFAMILY=709c5971-2dcd-4ab7-aaa6-b3687cc1ed55.fam
BLHA=28.80183094,113.50568524,205.477677,227.348291
TRANSFORMMATRIX=-0.012923661,-0.999916486,0.000016395,0.000000000,0.999916486,-0.012923661,0.000001975,0.000000000,-0.000001763,0.000016419,1.000000000,0.000000000,-10.955826903,104.486216571,32.138270020,1.000000000
ENTITYNAME=Wire_Device
