OBJECTMODELPOINTER=0e312739-8609-4a3d-966c-75d05d59356d.dev
BASEFAMILY=70a2fe1c-3fd8-40f6-9681-1c5cc29ce4f5.fam
TRANSFORMMATRIX=1.000000000,0.000000000,-0.000000000,0.000000000,0.000000000,1.000000000,-0.000000000,0.000000000,-0.000000000,-0.000000000,1.000000000,0.000000000,-5.396873962,-5.397734576,0.000001543,1.000000000
ENTITYNAME=Tower_Device
