OBJECTMODELPOINTER=33777c94-e4b9-4947-906f-f84480f3cb99.dev
BASEFAMILY=70cb59e8-2ed5-4536-a66a-ecdd056093af.fam
BLHA=28.47949059,113.41307678,290.814083,229.813402
TRANSFORMMATRIX=-0.000013901,-0.999999999,0.000040055,0.000000000,1.000000000,-0.000013901,0.000000303,0.000000000,-0.000000302,0.000040054,0.999999999,0.000000000,-1.270997865,254.903696212,34.631781893,1.000000000
ENTITYNAME=Wire_Device
