ENTITYNAME=WIRE
BASEFAMILY=70d421fe-0ce1-4537-9aeb-b6184fc7b344.fam
OBJECTMODELPOINTER=81b82497-164d-48c0-b1cb-18fa700dacdf.dev
KVALUE=0.000373
SPLIT=4
POINT0.BLHA=28.31775016,113.38284517,61.633,329.270898
POINT0.MATRIX0=-0.510979593,0.859592843,0.000000000,0.000000000,-0.859592843,-0.510979593,0.000000000,0.000000000,-0.000000000,-0.000000000,1.000000000,0.000000000,10.001007378,0.130278903,64.066975429,1.000000000
POINT0.MATRIX1=-0.510979593,0.859592843,0.000000000,0.000000000,-0.859592843,-0.510979593,0.000000000,0.000000000,-0.000000000,-0.000000000,1.000000000,0.000000000,10.184901989,0.130530642,64.532078578,1.000000000
POINT0.MATRIX2=-0.510979593,0.859592843,0.000000000,0.000000000,-0.859592843,-0.510979593,0.000000000,0.000000000,-0.000000000,-0.000000000,1.000000000,0.000000000,9.719221720,0.130344337,64.715611293,1.000000000
POINT0.MATRIX3=-0.510979593,0.859592843,0.000000000,0.000000000,-0.859592843,-0.510979593,0.000000000,0.000000000,-0.000000000,-0.000000000,1.000000000,0.000000000,9.535327109,0.130092598,64.250508143,1.000000000
POINT1.BLHA=28.31566161,113.38686189,71.438,329.270898
POINT1.MATRIX0=-0.510979593,0.859592843,-0.000000000,0.000000000,-0.859592843,-0.510979593,-0.000000000,0.000000000,-0.000000000,-0.000000000,1.000000000,0.000000000,9.348039020,-0.129967812,51.416814128,1.000000000
POINT1.MATRIX1=-0.510979593,0.859592843,-0.000000000,0.000000000,-0.859592843,-0.510979593,-0.000000000,0.000000000,-0.000000000,-0.000000000,1.000000000,0.000000000,9.534610530,-0.130396957,51.880666056,1.000000000
POINT1.MATRIX2=-0.510979593,0.859592843,-0.000000000,0.000000000,-0.859592843,-0.510979593,-0.000000000,0.000000000,-0.000000000,-0.000000000,1.000000000,0.000000000,9.070858655,-0.130004978,52.067326824,1.000000000
POINT1.MATRIX3=-0.510979593,0.859592843,-0.000000000,0.000000000,-0.859592843,-0.510979593,-0.000000000,0.000000000,-0.000000000,-0.000000000,1.000000000,0.000000000,8.884536646,-0.129995555,51.603474895,1.000000000
