OBJECTMODELPOINTER=2529386e-3d51-4c3c-a9f7-e8b58e07394b.dev
BASEFAMILY=70df5203-f0c0-48c7-a075-6744e3e1d157.fam
TRANSFORMMATRIX=-0.003812569,0.999992567,-0.000001579,0.000000000,-0.999992900,-0.003811799,-0.000000433,0.000000000,-0.000000000,0.000000000,1.000000000,0.000000000,-13.320000000,0.000000000,63.000000000,1.000000000
ENTITYNAME=Tower_Device
