OBJECTMODELPOINTER=33777c94-e4b9-4947-906f-f84480f3cb99.dev
BASEFAMILY=70fdc9da-9bdb-4869-bd1d-8b3073a71236.fam
BLHA=28.32529000,113.37096013,66.626202,509.137564
TRANSFORMMATRIX=-0.364650614,0.931144419,0.000007063,0.000000000,-0.931144419,-0.364650614,0.000001004,0.000000000,0.000003510,-0.000006211,1.000000000,0.000000000,22.411896533,-39.639997804,27.819863631,1.000000000
ENTITYNAME=Wire_Device
