OBJECTMODELPOINTER=33777c94-e4b9-4947-906f-f84480f3cb99.dev
BASEFAMILY=710564a7-40e2-4cdc-9da1-53f4e5d1dc35.fam
BLHA=28.57953661,113.48279374,260.580940,480.423303
TRANSFORMMATRIX=-0.231462220,0.972843893,0.000007226,0.000000000,-0.972843893,-0.231462220,0.000001124,0.000000000,0.000002766,-0.000006770,1.000000000,0.000000000,17.729797528,-43.086500778,25.524868566,1.000000000
ENTITYNAME=Wire_Device
