OBJECTMODELPOINTER=33777c94-e4b9-4947-906f-f84480f3cb99.dev
BASEFAMILY=71146f26-67c8-4782-b536-a73fea17d8f9.fam
BLHA=28.27407839,113.47004129,94.944746,312.669055
TRANSFORMMATRIX=-0.001718465,-0.999998523,0.000042364,0.000000000,0.999998523,-0.001718465,-0.000001057,0.000000000,0.000001130,0.000042363,0.999999999,0.000000000,6.496277706,269.621263553,12.022838132,1.000000000
ENTITYNAME=Wire_Device
