OBJECTMODELPOINTER=33777c94-e4b9-4947-906f-f84480f3cb99.dev
BASEFAMILY=7117a6c4-9b2b-4d49-ad36-06f91d949196.fam
BLHA=28.47949059,113.41307678,290.814083,229.813402
TRANSFORMMATRIX=-0.000002094,-1.000000000,0.000006024,0.000000000,1.000000000,-0.000002094,0.000000049,0.000000000,-0.000000049,0.000006024,1.000000000,0.000000000,-0.213150892,38.337670909,37.596400133,1.000000000
ENTITYNAME=Wire_Device
