ENTITYNAME=WIRE
BASEFAMILY=7121f383-ca16-45e6-acad-46ca3754f526.fam
OBJECTMODELPOINTER=81b82497-164d-48c0-b1cb-18fa700dacdf.dev
KVALUE=0.000000
SPLIT=4
POINT0.BLHA=28.69702652,113.45589279,149.051,277.425083
POINT0.MATRIX0=-0.991614682,0.129229724,-0.000000000,0.000000000,-0.129229724,-0.991614682,0.000000000,0.000000000,-0.000000000,-0.000000000,1.000000000,0.000000000,-11.645007748,-0.000417688,42.999999200,1.000000000
POINT0.MATRIX1=-0.991614682,0.129229724,-0.000000000,0.000000000,-0.129229724,-0.991614682,0.000000000,0.000000000,-0.000000000,-0.000000000,1.000000000,0.000000000,-11.645007748,-0.000417688,43.449996149,1.000000000
POINT0.MATRIX2=-0.991614682,0.129229724,-0.000000000,0.000000000,-0.129229724,-0.991614682,0.000000000,0.000000000,-0.000000000,-0.000000000,1.000000000,0.000000000,-12.095126588,-0.000846298,43.449996149,1.000000000
POINT0.MATRIX3=-0.991614682,0.129229724,-0.000000000,0.000000000,-0.129229724,-0.991614682,0.000000000,0.000000000,-0.000000000,-0.000000000,1.000000000,0.000000000,-12.095126588,-0.000846299,42.999999200,1.000000000
POINT1.BLHA=28.69702652,113.45589279,149.051,277.425083
POINT1.MATRIX0=-0.991614682,0.129229724,-0.000000000,0.000000000,-0.129229724,-0.991614682,0.000000000,0.000000000,-0.000000000,-0.000000000,1.000000000,0.000000000,-11.645006980,0.109589743,42.999999201,1.000000000
POINT1.MATRIX1=-0.991614682,0.129229724,-0.000000000,0.000000000,-0.129229724,-0.991614682,0.000000000,0.000000000,-0.000000000,-0.000000000,1.000000000,0.000000000,-11.645006981,0.109589744,43.449996149,1.000000000
POINT1.MATRIX2=-0.991614682,0.129229724,-0.000000000,0.000000000,-0.129229724,-0.991614682,0.000000000,0.000000000,-0.000000000,-0.000000000,1.000000000,0.000000000,-12.095125822,0.109161133,43.449996149,1.000000000
POINT1.MATRIX3=-0.991614682,0.129229724,-0.000000000,0.000000000,-0.129229724,-0.991614682,0.000000000,0.000000000,-0.000000000,-0.000000000,1.000000000,0.000000000,-12.095125822,0.109161133,42.999999200,1.000000000
