OBJECTMODELPOINTER=33777c94-e4b9-4947-906f-f84480f3cb99.dev
BASEFAMILY=71273dba-819d-4100-81be-a602778b3934.fam
BLHA=28.81363020,113.51792493,127.559863,396.804576
TRANSFORMMATRIX=-0.180690342,0.983540032,0.000069153,0.000000000,-0.983540035,-0.180690343,0.000000637,0.000000000,0.000013121,-0.000067900,0.999999998,0.000000000,82.413664181,-432.415860367,54.718755731,1.000000000
ENTITYNAME=Wire_Device
