OBJECTMODELPOINTER=0e312739-8609-4a3d-966c-75d05d59356d.dev
BASEFAMILY=7129d110-8bfd-468e-8ae0-c233291a3028.fam
TRANSFORMMATRIX=1.000000000,0.000000000,-0.000000000,0.000000000,0.000000000,1.000000000,0.000000000,0.000000000,-0.000000000,-0.000000000,1.000000000,0.000000000,-5.396601176,-5.397236172,0.000002071,1.000000000
ENTITYNAME=Tower_Device
