OBJECTMODELPOINTER=33777c94-e4b9-4947-906f-f84480f3cb99.dev
BASEFAMILY=71291725-2b9c-428f-bd0f-f60658d68f6c.fam
BLHA=28.57262295,113.49015944,261.228990,312.996987
TRANSFORMMATRIX=0.000002504,-1.000000000,0.000004781,0.000000000,1.000000000,0.000002504,0.000002100,0.000000000,-0.000002100,0.000004781,1.000000000,0.000000000,-13.450152460,30.469412928,51.357151916,1.000000000
ENTITYNAME=Wire_Device
