OBJECTMODELPOINTER=33777c94-e4b9-4947-906f-f84480f3cb99.dev
BASEFAMILY=712c98f1-1e80-4219-99a3-9f0939e2f395.fam
BLHA=28.65134658,113.46259240,159.100648,277.610658
TRANSFORMMATRIX=0.000006241,-0.999999997,0.000074612,0.000000000,1.000000000,0.000006241,0.000002143,0.000000000,-0.000002143,0.000074612,0.999999997,0.000000000,-14.000997185,473.859547210,36.723513684,1.000000000
ENTITYNAME=Wire_Device
