OBJECTMODELPOINTER=33777c94-e4b9-4947-906f-f84480f3cb99.dev
BASEFAMILY=713e046f-c375-47e1-9fc1-fe8309b2d512.fam
BLHA=28.42674606,113.37865854,204.106778,254.006183
TRANSFORMMATRIX=-0.000007061,-0.999999999,0.000048764,0.000000000,1.000000000,-0.000007061,0.000000318,0.000000000,-0.000000318,0.000048764,0.999999999,0.000000000,-1.599261466,309.776558368,14.398410423,1.000000000
ENTITYNAME=Wire_Device
