OBJECTMODELPOINTER=33777c94-e4b9-4947-906f-f84480f3cb99.dev
BASEFAMILY=7146d592-7548-4cf3-a922-02915de4c90e.fam
BLHA=28.36075913,113.35996262,84.531423,278.143009
TRANSFORMMATRIX=0.001118642,-0.999999371,0.000083950,0.000000000,0.999999374,0.001118642,-0.000001805,0.000000000,0.000001711,0.000083952,0.999999996,0.000000000,10.528649263,533.137264240,43.946821440,1.000000000
ENTITYNAME=Wire_Device
