OBJECTMODELPOINTER=7d5cd999-3601-46e1-b992-6970b2a1e728.dev
BASEFAMILY=715533cb-5a14-43cb-a92e-26b99b0514d2.fam
TRANSFORMMATRIX=-0.999975380,0.007016825,-0.000000008,0.000000000,-0.007016830,-0.999975383,-0.000000003,0.000000000,0.000000000,-0.000000000,1.000000000,0.000000000,-9.870000000,-0.310000000,55.000000000,1.000000000
ENTITYNAME=Tower_Device
