OBJECTMODELPOINTER=7bc7944f-ebca-45f8-93c6-0b5d0d02fa2a.dev
BASEFAMILY=715f1fa2-c356-4fb5-bdfc-7658463dcda7.fam
TRANSFORMMATRIX=-0.999999526,0.000973459,0.000000000,0.000000000,-0.000973459,-0.999999526,0.000000001,0.000000000,-0.000000000,-0.000000000,1.000000000,0.000000000,10.800000000,-0.000000000,73.000000000,1.000000000
ENTITYNAME=Tower_Device
