OBJECTMODELPOINTER=98115d7d-82a1-4892-9941-e6098c5ac9d7.dev
BASEFAMILY=7167b429-9871-4637-94e5-b56d89b5cc9b.fam
TRANSFORMMATRIX=0.000000825,1.000000404,0.000001109,0.000000000,-0.999999596,0.000000647,-0.000001213,0.000000000,-0.000000000,0.000000000,1.000000000,0.000000000,9.315000000,-0.000000000,36.000000000,1.000000000
ENTITYNAME=Tower_Device
