OBJECTMODELPOINTER=33777c94-e4b9-4947-906f-f84480f3cb99.dev
BASEFAMILY=716a32f0-565b-4e41-bb7f-c06552c249c4.fam
BLHA=28.41010958,113.37337020,176.661664,254.006183
TRANSFORMMATRIX=-0.008344293,-0.999965185,0.000038526,0.000000000,0.999965186,-0.008344293,0.000002342,0.000000000,-0.000002021,0.000038544,0.999999999,0.000000000,-12.552703488,244.834910160,15.857638794,1.000000000
ENTITYNAME=Wire_Device
