ENTITYNAME=WIRE
BASEFAMILY=7177d92e-2d22-486d-a2b5-f8c107bf30a2.fam
OBJECTMODELPOINTER=81b82497-164d-48c0-b1cb-18fa700dacdf.dev
KVALUE=0.000000
SPLIT=4
POINT0.BLHA=28.68060600,113.45831192,164.595,275.673275
POINT0.MATRIX0=-0.995101789,0.098855601,0.000000000,0.000000000,-0.098855601,-0.995101789,0.000000000,0.000000000,0.000000000,0.000000000,1.000000000,0.000000000,0.181967092,-0.120579956,44.478134419,1.000000000
POINT0.MATRIX1=-0.995101789,0.098855601,0.000000000,0.000000000,-0.098855601,-0.995101789,0.000000000,0.000000000,0.000000000,0.000000000,1.000000000,0.000000000,0.215272263,-0.119963088,44.926903041,1.000000000
POINT0.MATRIX2=-0.995101789,0.098855601,0.000000000,0.000000000,-0.098855601,-0.995101789,0.000000000,0.000000000,0.000000000,0.000000000,1.000000000,0.000000000,-0.233514505,-0.120522617,44.960167200,1.000000000
POINT0.MATRIX3=-0.995101789,0.098855601,0.000000000,0.000000000,-0.098855601,-0.995101789,0.000000000,0.000000000,0.000000000,0.000000000,1.000000000,0.000000000,-0.266723137,-0.120167707,44.511398579,1.000000000
POINT1.BLHA=28.68060600,113.45831192,164.595,275.673275
POINT1.MATRIX0=-0.995101789,0.098855601,0.000000000,0.000000000,-0.098855601,-0.995101789,0.000000000,0.000000000,0.000000000,0.000000000,1.000000000,0.000000000,0.181967313,-0.000576895,44.478134418,1.000000000
POINT1.MATRIX1=-0.995101789,0.098855601,0.000000000,0.000000000,-0.098855601,-0.995101789,0.000000000,0.000000000,0.000000000,0.000000000,1.000000000,0.000000000,0.215272484,0.000039974,44.926903042,1.000000000
POINT1.MATRIX2=-0.995101789,0.098855601,0.000000000,0.000000000,-0.098855601,-0.995101789,0.000000000,0.000000000,0.000000000,0.000000000,1.000000000,0.000000000,-0.233514284,-0.000519556,44.960167199,1.000000000
POINT1.MATRIX3=-0.995101789,0.098855601,0.000000000,0.000000000,-0.098855601,-0.995101789,0.000000000,0.000000000,0.000000000,0.000000000,1.000000000,0.000000000,-0.266722917,-0.000164645,44.511398579,1.000000000
