OBJECTMODELPOINTER=33777c94-e4b9-4947-906f-f84480f3cb99.dev
BASEFAMILY=717a84cf-b2fb-40ee-ae57-6687ef666112.fam
BLHA=28.30572385,113.43813150,65.831158,307.005893
TRANSFORMMATRIX=-0.006303876,-0.999980130,0.000012973,0.000000000,0.999980130,-0.006303876,-0.000001418,0.000000000,0.000001499,0.000012964,1.000000000,0.000000000,9.346134881,82.452475747,41.929275948,1.000000000
ENTITYNAME=Wire_Device
