OBJECTMODELPOINTER=33777c94-e4b9-4947-906f-f84480f3cb99.dev
BASEFAMILY=71861ea5-5278-40b2-9036-31567a47825f.fam
BLHA=28.51918695,113.48038702,399.659330,210.734491
TRANSFORMMATRIX=-0.000042597,-0.999999995,0.000092612,0.000000000,0.999999999,-0.000042597,0.000002484,0.000000000,-0.000002480,0.000092612,0.999999996,0.000000000,-14.426620374,590.344904841,9.822099386,1.000000000
ENTITYNAME=Wire_Device
