OBJECTMODELPOINTER=33777c94-e4b9-4947-906f-f84480f3cb99.dev
BASEFAMILY=7187e3c8-3031-4d8a-b806-5d92d807f6f2.fam
BLHA=28.28240757,113.45687165,86.867380,340.232800
TRANSFORMMATRIX=0.002221749,-0.999997532,0.000005695,0.000000000,0.999997532,0.002221749,0.000001192,0.000000000,-0.000001205,0.000005692,1.000000000,0.000000000,-7.717041805,36.324329760,35.815202629,1.000000000
ENTITYNAME=Wire_Device
