OBJECTMODELPOINTER=33777c94-e4b9-4947-906f-f84480f3cb99.dev
BASEFAMILY=7187e57e-a142-470f-a8ca-045a2818e150.fam
BLHA=28.65134658,113.46259240,159.100648,277.610658
TRANSFORMMATRIX=0.000002862,-1.000000000,0.000029201,0.000000000,1.000000000,0.000002862,0.000001971,0.000000000,-0.000001971,0.000029201,1.000000000,0.000000000,-12.704123346,185.457239319,20.854089566,1.000000000
ENTITYNAME=Wire_Device
