OBJECTMODELPOINTER=33777c94-e4b9-4947-906f-f84480f3cb99.dev
BASEFAMILY=719666a8-0194-4c59-a638-2e0bec83e2e6.fam
BLHA=28.30399811,113.43961542,62.139238,477.400140
TRANSFORMMATRIX=0.162990925,0.986627568,0.000007697,0.000000000,-0.986627568,0.162990925,-0.000001656,0.000000000,-0.000002889,-0.000007324,1.000000000,0.000000000,-18.319676230,-46.518938360,42.810563206,1.000000000
ENTITYNAME=Wire_Device
