OBJECTMODELPOINTER=33777c94-e4b9-4947-906f-f84480f3cb99.dev
BASEFAMILY=719917bb-47f9-4134-a6f2-ebecc7c75e5f.fam
BLHA=28.54843684,113.51255198,454.586266,280.370385
TRANSFORMMATRIX=-0.414718292,-0.909949854,0.000028484,0.000000000,0.909949855,-0.414718292,0.000000036,0.000000000,0.000011779,0.000025933,1.000000000,0.000000000,75.031903690,164.651481406,48.967159999,1.000000000
ENTITYNAME=Wire_Device
