ENTITYNAME=WIRE
BASEFAMILY=71995977-4c5f-496d-8ce2-0885fe4fc5ad.fam
OBJECTMODELPOINTER=81b82497-164d-48c0-b1cb-18fa700dacdf.dev
KVALUE=0.000381
SPLIT=4
POINT0.BLHA=28.28708442,113.44692142,57.763,308.127846
POINT0.MATRIX0=-0.786635049,0.617418254,0.000000000,0.000000000,-0.617418254,-0.786635049,-0.000000000,0.000000000,-0.000000000,0.000000000,1.000000000,0.000000000,-8.002597215,0.131027647,46.466971833,1.000000000
POINT0.MATRIX1=-0.786635049,0.617418254,0.000000000,0.000000000,-0.617418254,-0.786635049,-0.000000000,0.000000000,-0.000000000,0.000000000,1.000000000,0.000000000,-7.819057981,0.130977785,46.932074983,1.000000000
POINT0.MATRIX2=-0.786635049,0.617418254,0.000000000,0.000000000,-0.617418254,-0.786635049,-0.000000000,0.000000000,-0.000000000,0.000000000,1.000000000,0.000000000,-8.284158847,0.131044384,47.115607697,1.000000000
POINT0.MATRIX3=-0.786635049,0.617418254,0.000000000,0.000000000,-0.617418254,-0.786635049,-0.000000000,0.000000000,-0.000000000,0.000000000,1.000000000,0.000000000,-8.467650068,0.131056562,46.650504548,1.000000000
POINT1.BLHA=28.28492071,113.44885804,59.682,504.180323
POINT1.MATRIX0=0.585236184,-0.810862879,-0.000000000,0.000000000,0.810862879,0.585236184,-0.000000000,0.000000000,-0.000000000,-0.000000000,1.000000000,0.000000000,11.123822046,9.502666485,35.053759279,1.000000000
POINT1.MATRIX1=0.585236184,-0.810862879,-0.000000000,0.000000000,0.810862879,0.585236184,-0.000000000,0.000000000,-0.000000000,-0.000000000,1.000000000,0.000000000,11.347280840,10.271014283,35.438509646,1.000000000
POINT1.MATRIX2=0.585236184,-0.810862879,-0.000000000,0.000000000,0.810862879,0.585236184,-0.000000000,0.000000000,-0.000000000,-0.000000000,1.000000000,0.000000000,11.826616020,10.134178323,35.438509646,1.000000000
POINT1.MATRIX3=0.585236184,-0.810862879,-0.000000000,0.000000000,0.810862879,0.585236184,-0.000000000,0.000000000,-0.000000000,-0.000000000,1.000000000,0.000000000,11.604050226,9.364593247,35.053759280,1.000000000
