OBJECTMODELPOINTER=33777c94-e4b9-4947-906f-f84480f3cb99.dev
BASEFAMILY=71a054da-f545-440d-896c-bba930a874b9.fam
BLHA=28.31566161,113.38686189,71.437616,329.270898
TRANSFORMMATRIX=0.000553008,-0.999999847,0.000016360,0.000000000,0.999999847,0.000553008,0.000001104,0.000000000,-0.000001113,0.000016359,1.000000000,0.000000000,-7.313529606,104.296620567,50.702685063,1.000000000
ENTITYNAME=Wire_Device
