OBJECTMODELPOINTER=33777c94-e4b9-4947-906f-f84480f3cb99.dev
BASEFAMILY=71b2a406-6f71-4987-8e6e-b6f19a299fc0.fam
BLHA=28.27407839,113.47004129,94.944746,312.669055
TRANSFORMMATRIX=-0.001719069,-0.999998522,0.000042367,0.000000000,0.999998522,-0.001719069,-0.000001371,0.000000000,0.000001444,0.000042365,0.999999999,0.000000000,8.496257892,269.630425383,23.608883615,1.000000000
ENTITYNAME=Wire_Device
