OBJECTMODELPOINTER=1904f42a-8519-4810-9769-0fd78355d622.dev
BASEFAMILY=71b4423f-f79d-4a86-bce8-2cbb00943d93.fam
TRANSFORMMATRIX=-0.011305595,0.073033179,-0.997265630,0.000000000,-0.988231622,-0.152963599,-0.000001126,0.000000000,-0.152545385,0.985529463,0.073902527,0.000000000,11.000000000,-0.846000000,47.000000001,1.000000000
ENTITYNAME=Tower_Device
