OBJECTMODELPOINTER=33777c94-e4b9-4947-906f-f84480f3cb99.dev
BASEFAMILY=71b6123a-d949-4a39-a2e9-2324566470a3.fam
BLHA=28.28708442,113.44692142,57.763329,308.127846
TRANSFORMMATRIX=-0.006496348,-0.999978898,0.000030155,0.000000000,0.999978898,-0.006496348,-0.000001486,0.000000000,0.000001682,0.000030145,1.000000000,0.000000000,10.229288783,191.770639019,43.969228386,1.000000000
ENTITYNAME=Wire_Device
