OBJECTMODELPOINTER=0e312739-8609-4a3d-966c-75d05d59356d.dev
BASEFAMILY=71bc46bf-455d-4320-9897-8063a3a0a6a0.fam
TRANSFORMMATRIX=-1.000000000,0.000000000,0.000000000,0.000000000,-0.000000000,-1.000000000,-0.000000000,0.000000000,-0.000000000,-0.000000000,1.000000000,0.000000000,4.737007536,4.737054273,0.000000086,1.000000000
ENTITYNAME=Tower_Device
