OBJECTMODELPOINTER=33777c94-e4b9-4947-906f-f84480f3cb99.dev
BASEFAMILY=71e6aeeb-29cd-431d-8d7e-422e37a1a1ce.fam
BLHA=28.81479133,113.52057006,101.431429,372.952022
TRANSFORMMATRIX=-0.124455781,0.992225155,0.000000936,0.000000000,-0.992225155,-0.124455781,0.000001237,0.000000000,0.000001344,-0.000000775,1.000000000,0.000000000,8.532643769,-4.937471381,25.574658205,1.000000000
ENTITYNAME=Wire_Device
