OBJECTMODELPOINTER=33777c94-e4b9-4947-906f-f84480f3cb99.dev
BASEFAMILY=71f1875c-0162-43ae-bfa6-7de15a9fb5c8.fam
BLHA=28.31515909,113.41015274,70.673124,0.896163
TRANSFORMMATRIX=0.000017403,-0.999999999,0.000036293,0.000000000,1.000000000,0.000017403,-0.000000837,0.000000000,0.000000836,0.000036293,0.999999999,0.000000000,5.331828403,231.661580221,32.140165741,1.000000000
ENTITYNAME=Wire_Device
