OBJECTMODELPOINTER=72ff300b-361f-47f8-96ae-8b4225b30285.dev
BASEFAMILY=72044be7-69c1-467a-9d21-fc49e62d4e92.fam
TRANSFORMMATRIX=0.002367131,-0.999997282,-0.000000058,0.000000000,0.999997117,0.002366310,-0.000001643,0.000000000,-0.000000000,0.000000000,1.000000000,0.000000000,-12.730000000,0.600000000,48.000000000,1.000000000
ENTITYNAME=Tower_Device
