OBJECTMODELPOINTER=33777c94-e4b9-4947-906f-f84480f3cb99.dev
BASEFAMILY=720cf6f3-95fb-41d9-9e7d-9f6e7fe9ca7d.fam
BLHA=28.42674606,113.37865854,204.106778,254.006183
TRANSFORMMATRIX=0.001557272,-0.999998787,0.000005236,0.000000000,0.999998787,0.001557273,0.000001894,0.000000000,-0.000001903,0.000005233,1.000000000,0.000000000,-12.092572502,33.226926050,20.665481155,1.000000000
ENTITYNAME=Wire_Device
