OBJECTMODELPOINTER=33777c94-e4b9-4947-906f-f84480f3cb99.dev
BASEFAMILY=722b1822-7346-4936-8494-1f562412d2c4.fam
BLHA=28.81363020,113.51792493,127.559863,396.804576
TRANSFORMMATRIX=-0.617916585,0.786243661,-0.000000333,0.000000000,-0.786243661,-0.617916585,0.000001310,0.000000000,0.000000824,0.000001071,1.000000000,0.000000000,5.258186973,6.838886288,35.673677766,1.000000000
ENTITYNAME=Wire_Device
