OBJECTMODELPOINTER=33777c94-e4b9-4947-906f-f84480f3cb99.dev
BASEFAMILY=723bfbde-3313-47c1-95de-e4ee622d4f4b.fam
BLHA=28.56928949,113.49371034,236.536103,312.996987
TRANSFORMMATRIX=0.000015782,-0.999999999,0.000041003,0.000000000,1.000000000,0.000015782,0.000002158,0.000000000,-0.000002160,0.000041003,0.999999999,0.000000000,-14.423289547,261.044515197,31.266594072,1.000000000
ENTITYNAME=Wire_Device
