OBJECTMODELPOINTER=33777c94-e4b9-4947-906f-f84480f3cb99.dev
BASEFAMILY=724d34a1-90b2-41fc-b2ab-8cac33217f8b.fam
BLHA=28.68327588,113.45799727,190.105481,276.549179
TRANSFORMMATRIX=-0.038180686,-0.999270852,-0.000000740,0.000000000,0.999270852,-0.038180686,-0.000001223,0.000000000,0.000001193,-0.000000786,1.000000000,0.000000000,7.620498941,-4.995557727,25.389495452,1.000000000
ENTITYNAME=Wire_Device
