OBJECTMODELPOINTER=33777c94-e4b9-4947-906f-f84480f3cb99.dev
BASEFAMILY=724ef826-5974-4b42-9d80-7a2d9a908893.fam
BLHA=28.81363020,113.51792493,127.559863,396.804576
TRANSFORMMATRIX=0.024240843,0.999706148,-0.000000139,0.000000000,-0.999706148,0.024240843,0.000001425,0.000000000,0.000001427,0.000000104,1.000000000,0.000000000,9.087032408,0.684240760,25.074918586,1.000000000
ENTITYNAME=Wire_Device
