OBJECTMODELPOINTER=33777c94-e4b9-4947-906f-f84480f3cb99.dev
BASEFAMILY=72601de9-3668-4ec4-be77-33eccafb6bbd.fam
BLHA=28.50595381,113.45544189,275.037773,205.493080
TRANSFORMMATRIX=-0.091699750,-0.995786702,0.000027963,0.000000000,0.995786702,-0.091699750,-0.000000022,0.000000000,0.000002587,0.000027843,1.000000000,0.000000000,16.796859460,177.595667940,-22.241064363,1.000000000
ENTITYNAME=Wire_Device
