OBJECTMODELPOINTER=33777c94-e4b9-4947-906f-f84480f3cb99.dev
BASEFAMILY=7268e973-3a9e-4a72-a57f-b280ead2605e.fam
BLHA=28.56928949,113.49371034,236.536103,312.996987
TRANSFORMMATRIX=0.000002361,-1.000000000,0.000004923,0.000000000,1.000000000,0.000002361,0.000002100,0.000000000,-0.000002100,0.000004923,1.000000000,0.000000000,-13.452939960,31.372773342,52.317343617,1.000000000
ENTITYNAME=Wire_Device
