OBJECTMODELPOINTER=6076b650-fffb-4a29-a969-a8c4b2e68f99.dev
BASEFAMILY=726f0d0a-e652-44c6-a4f5-7d3ccfeab339.fam
TRANSFORMMATRIX=-0.000000101,0.999999712,0.000001482,0.000000000,-1.000000288,0.000000497,0.000000712,0.000000000,-0.000000000,0.000000000,1.000000000,0.000000000,7.500000000,4.000000000,40.000000000,1.000000000
ENTITYNAME=Tower_Device
