OBJECTMODELPOINTER=33777c94-e4b9-4947-906f-f84480f3cb99.dev
BASEFAMILY=728d2d28-b985-4d84-86b6-8387ccae8274.fam
BLHA=28.31498130,113.40038482,72.539572,2.946268
TRANSFORMMATRIX=-0.038831429,-0.999245775,0.000026280,0.000000000,0.999245776,-0.038831429,0.000001316,0.000000000,-0.000000296,0.000026312,1.000000000,0.000000000,-1.826586778,167.943998822,54.139609860,1.000000000
ENTITYNAME=Wire_Device
