OBJECTMODELPOINTER=864aa955-f06e-4d16-8813-9cfd40259580.dev
BASEFAMILY=7297105a-9480-48ee-bdc2-1b0b81154c41.fam
TRANSFORMMATRIX=1.000000000,-0.000000000,-0.000000000,0.000000000,0.000000000,1.000000000,0.000000000,0.000000000,0.000000000,-0.000000000,1.000000000,0.000000000,0.000000000,-0.000000000,-0.000000000,1.000000000
ENTITYNAME=Tower_Device
