OBJECTMODELPOINTER=68fa307c-934f-4bac-b063-ce1993e12142.dev
BASEFAMILY=72cb282b-f298-4ec1-96b3-e7d1f462ae0e.fam
TRANSFORMMATRIX=-0.009509658,-0.053719235,-0.998510890,0.000000000,0.984692365,-0.174300773,0.000000913,0.000000000,-0.174040072,-0.983226271,0.054554139,0.000000000,7.499999999,0.953000000,30.000000000,1.000000000
ENTITYNAME=Tower_Device
