OBJECTMODELPOINTER=33777c94-e4b9-4947-906f-f84480f3cb99.dev
BASEFAMILY=72d0c5c8-12cd-4073-bbce-b7c93b31d955.fam
BLHA=28.49713910,113.43191399,298.003064,224.957371
TRANSFORMMATRIX=-0.000006117,-1.000000000,0.000017942,0.000000000,1.000000000,-0.000006117,0.000001996,0.000000000,-0.000001996,0.000017942,1.000000000,0.000000000,-12.410645066,114.201318431,51.061593079,1.000000000
ENTITYNAME=Wire_Device
