OBJECTMODELPOINTER=33777c94-e4b9-4947-906f-f84480f3cb99.dev
BASEFAMILY=72e0a707-78f1-460a-908e-92c3965f349b.fam
BLHA=28.77096466,113.47401910,153.559218,236.227775
TRANSFORMMATRIX=0.001703422,-0.999998546,0.000082180,0.000000000,0.999998549,0.001703422,0.000002557,0.000000000,-0.000002698,0.000082176,0.999999997,0.000000000,-15.942090448,522.640505973,16.041408480,1.000000000
ENTITYNAME=Wire_Device
