OBJECTMODELPOINTER=33777c94-e4b9-4947-906f-f84480f3cb99.dev
BASEFAMILY=72f32dcf-c2ec-49d5-af85-7762d0498e15.fam
BLHA=28.81363020,113.51792493,127.559863,396.804576
TRANSFORMMATRIX=-0.192616730,0.981274066,0.000048667,0.000000000,-0.981274067,-0.192616730,0.000001450,0.000000000,0.000010797,-0.000047477,0.999999999,0.000000000,67.946256211,-302.325994287,31.383995491,1.000000000
ENTITYNAME=Wire_Device
