OBJECTMODELPOINTER=33777c94-e4b9-4947-906f-f84480f3cb99.dev
BASEFAMILY=7300ba24-19c0-4fe8-9e18-4e84fb4a0f7a.fam
BLHA=28.65774704,113.46158959,182.997853,277.610658
TRANSFORMMATRIX=0.000002012,-0.999999999,0.000036422,0.000000000,1.000000000,0.000002012,-0.000001721,0.000000000,0.000001721,0.000036421,0.999999999,0.000000000,10.827791544,231.301352386,6.102659023,1.000000000
ENTITYNAME=Wire_Device
