OBJECTMODELPOINTER=33777c94-e4b9-4947-906f-f84480f3cb99.dev
BASEFAMILY=730ee801-0545-4552-bd87-efdc33a5e45f.fam
BLHA=28.70879307,113.45409149,169.216562,451.156517
TRANSFORMMATRIX=-0.128660030,0.991688760,0.000031486,0.000000000,-0.991688760,-0.128660030,0.000001266,0.000000000,0.000005306,-0.000031061,0.999999999,0.000000000,33.890172961,-197.254672459,34.471697132,1.000000000
ENTITYNAME=Wire_Device
