OBJECTMODELPOINTER=33777c94-e4b9-4947-906f-f84480f3cb99.dev
BASEFAMILY=7317fd39-ea55-48e0-9e20-6e7970bf96f5.fam
BLHA=28.36075913,113.35996262,84.531423,278.143009
TRANSFORMMATRIX=-0.001106556,-0.999999386,0.000060738,0.000000000,0.999999388,-0.001106556,0.000002462,0.000000000,-0.000002395,0.000060740,0.999999998,0.000000000,-15.568255231,385.748532592,23.662304555,1.000000000
ENTITYNAME=Wire_Device
