ENTITYNAME=WIRE
BASEFAMILY=731b6c17-7a82-48ee-b09d-16ed4c44a447.fam
OBJECTMODELPOINTER=81b82497-164d-48c0-b1cb-18fa700dacdf.dev
KVALUE=0.000373
SPLIT=4
POINT0.BLHA=28.30070252,113.44082959,73.742,287.794387
POINT0.MATRIX0=-0.952159334,0.305602035,0.000000000,0.000000000,-0.305602035,-0.952159334,0.000000000,0.000000000,0.000000000,-0.000000000,1.000000000,0.000000000,7.348770044,0.130585321,36.866808553,1.000000000
POINT0.MATRIX1=-0.952159334,0.305602035,0.000000000,0.000000000,-0.305602035,-0.952159334,0.000000000,0.000000000,0.000000000,-0.000000000,1.000000000,0.000000000,7.535303713,0.130202566,37.330660482,1.000000000
POINT0.MATRIX2=-0.952159334,0.305602035,0.000000000,0.000000000,-0.305602035,-0.952159334,0.000000000,0.000000000,0.000000000,-0.000000000,1.000000000,0.000000000,7.071195478,0.129419395,37.517321249,1.000000000
POINT0.MATRIX3=-0.952159334,0.305602035,0.000000000,0.000000000,-0.305602035,-0.952159334,0.000000000,0.000000000,0.000000000,-0.000000000,1.000000000,0.000000000,6.884661808,0.129802150,37.053469320,1.000000000
POINT1.BLHA=28.29768818,113.44194006,79.180,287.794387
POINT1.MATRIX0=-0.952159334,0.305602035,0.000000000,0.000000000,-0.305602035,-0.952159334,0.000000000,0.000000000,-0.000000000,-0.000000000,1.000000000,0.000000000,8.000725130,-0.129599391,46.466968233,1.000000000
POINT1.MATRIX1=-0.952159334,0.305602035,0.000000000,0.000000000,-0.305602035,-0.952159334,0.000000000,0.000000000,-0.000000000,-0.000000000,1.000000000,0.000000000,8.184418419,-0.129070507,46.932071381,1.000000000
POINT1.MATRIX2=-0.952159334,0.305602035,0.000000000,0.000000000,-0.305602035,-0.952159334,0.000000000,0.000000000,-0.000000000,-0.000000000,1.000000000,0.000000000,7.719184202,-0.129492288,47.115604097,1.000000000
POINT1.MATRIX3=-0.952159334,0.305602035,0.000000000,0.000000000,-0.305602035,-0.952159334,0.000000000,0.000000000,-0.000000000,-0.000000000,1.000000000,0.000000000,7.535487280,-0.130020006,46.650500947,1.000000000
