OBJECTMODELPOINTER=0e312739-8609-4a3d-966c-75d05d59356d.dev
BASEFAMILY=731dbafb-84b5-41b6-b3f4-d54871f8da82.fam
TRANSFORMMATRIX=-1.000000000,-0.000000000,-0.000000000,0.000000000,0.000000000,-1.000000000,0.000000000,0.000000000,-0.000000000,-0.000000000,1.000000000,0.000000000,5.066950253,5.066724236,-0.000001871,1.000000000
ENTITYNAME=Tower_Device
