OBJECTMODELPOINTER=0e312739-8609-4a3d-966c-75d05d59356d.dev
BASEFAMILY=731e9117-58c1-4c31-a073-47c51a5ef478.fam
TRANSFORMMATRIX=0.000000000,1.000000000,0.000000000,0.000000000,-1.000000000,0.000000000,-0.000000000,0.000000000,-0.000000000,0.000000000,1.000000000,0.000000000,4.076941952,-4.077651252,-0.000004726,1.000000000
ENTITYNAME=Tower_Device
