OBJECTMODELPOINTER=33777c94-e4b9-4947-906f-f84480f3cb99.dev
BASEFAMILY=73319f78-482c-47b7-8280-2470ef1bae1e.fam
BLHA=28.31925198,113.37995663,64.126344,500.343289
TRANSFORMMATRIX=-0.157019661,0.987595477,0.000026439,0.000000000,-0.987595477,-0.157019661,-0.000001109,0.000000000,0.000003056,-0.000026285,1.000000000,0.000000000,19.876130312,-167.474699046,57.057475382,1.000000000
ENTITYNAME=Wire_Device
