OBJECTMODELPOINTER=33777c94-e4b9-4947-906f-f84480f3cb99.dev
BASEFAMILY=7333df1e-9529-4c69-b8d4-e6765f2ec77a.fam
BLHA=28.30961923,113.43478171,54.752520,501.227736
TRANSFORMMATRIX=0.236796888,0.971559176,0.000033284,0.000000000,-0.971559177,0.236796888,-0.000001411,0.000000000,-0.000009252,-0.000032003,0.999999999,0.000000000,-58.350990132,-203.710507763,41.529382560,1.000000000
ENTITYNAME=Wire_Device
