OBJECTMODELPOINTER=33777c94-e4b9-4947-906f-f84480f3cb99.dev
BASEFAMILY=73531f4b-7914-4d87-907d-5cc64671f384.fam
BLHA=28.51918695,113.48038702,399.659330,210.734491
TRANSFORMMATRIX=-0.000032516,-0.999999997,0.000070940,0.000000000,0.999999999,-0.000032516,0.000002339,0.000000000,-0.000002337,0.000070940,0.999999997,0.000000000,-13.828441234,452.191637338,-6.814442776,1.000000000
ENTITYNAME=Wire_Device
