OBJECTMODELPOINTER=62f45f3a-c5f9-4802-9067-c0f159a04196.dev
BASEFAMILY=735b35c4-e347-4671-aba3-c499495993c1.fam
TRANSFORMMATRIX=-0.003736526,0.999992632,-0.000001301,0.000000000,-0.999993408,-0.003736206,-0.000000995,0.000000000,0.000000000,-0.000000000,1.000000000,0.000000000,-11.870000000,-0.000000000,32.999999999,1.000000000
ENTITYNAME=Tower_Device
