OBJECTMODELPOINTER=33777c94-e4b9-4947-906f-f84480f3cb99.dev
BASEFAMILY=7360dd9c-a2ca-4df0-baf6-7aa65d264967.fam
BLHA=28.28033977,113.46346380,83.899072,326.450928
TRANSFORMMATRIX=0.224207546,-0.974541418,-0.000000337,0.000000000,0.974541418,0.224207546,0.000001903,0.000000000,-0.000001779,-0.000000755,1.000000000,0.000000000,-11.303736697,-4.786381066,42.624343525,1.000000000
ENTITYNAME=Wire_Device
