OBJECTMODELPOINTER=33777c94-e4b9-4947-906f-f84480f3cb99.dev
BASEFAMILY=73639064-144b-4bb7-b15d-50d48904f7a3.fam
BLHA=28.79959310,113.50336431,218.110050,224.374488
TRANSFORMMATRIX=-0.041175505,-0.999151927,0.000061081,0.000000000,0.999151929,-0.041175505,0.000001597,0.000000000,0.000000919,0.000061094,0.999999998,0.000000000,6.856460956,389.020630152,5.713069896,1.000000000
ENTITYNAME=Wire_Device
