OBJECTMODELPOINTER=33777c94-e4b9-4947-906f-f84480f3cb99.dev
BASEFAMILY=7371d760-83e4-4c2a-be67-0bd9a61b96e4.fam
BLHA=28.28033977,113.46346380,83.899072,326.450928
TRANSFORMMATRIX=-0.237767970,-0.971321980,0.000059436,0.000000000,0.971321982,-0.237767971,-0.000001009,0.000000000,0.000015113,0.000057492,0.999999998,0.000000000,95.236131306,366.159650251,78.799941457,1.000000000
ENTITYNAME=Wire_Device
