OBJECTMODELPOINTER=33777c94-e4b9-4947-906f-f84480f3cb99.dev
BASEFAMILY=7383cee9-2cbf-4ce0-b98f-b6fc2be78647.fam
BLHA=28.37348418,113.36536629,69.677902,286.379084
TRANSFORMMATRIX=0.018754778,-0.999824113,0.000047163,0.000000000,0.999824114,0.018754778,-0.000001684,0.000000000,0.000000799,0.000047187,0.999999999,0.000000000,4.675012752,299.747838714,19.894492767,1.000000000
ENTITYNAME=Wire_Device
