OBJECTMODELPOINTER=8229d7f9-e702-41be-84a9-0864844d3f42.dev
BASEFAMILY=7385e18e-3f48-481d-abc6-52a37f414275.fam
TRANSFORMMATRIX=-0.999999384,-0.001109495,0.000000001,0.000000000,0.001109495,-0.999999385,-0.000000001,0.000000000,-0.000000000,-0.000000000,1.000000000,0.000000000,-11.950000000,0.324999999,58.000000000,1.000000000
ENTITYNAME=Tower_Device
