OBJECTMODELPOINTER=409115b9-816f-4dc8-a3ea-fe78c825e740.dev
BASEFAMILY=73884a20-c74c-4049-9fd8-02c0ea50c9f9.fam
TRANSFORMMATRIX=-0.000000243,0.999999730,-0.000001501,0.000000000,-1.000000270,0.000000386,-0.000000669,0.000000000,0.000000000,0.000000000,1.000000000,0.000000000,-0.000000000,0.000000001,39.000000000,1.000000000
ENTITYNAME=Tower_Device
