OBJECTMODELPOINTER=33777c94-e4b9-4947-906f-f84480f3cb99.dev
BASEFAMILY=738d2076-9ca3-479e-9a1e-24bd9b75cd23.fam
BLHA=28.74269478,113.45578230,73.560853,258.301958
TRANSFORMMATRIX=-0.000007130,-0.999999998,0.000063842,0.000000000,1.000000000,-0.000007130,0.000000360,0.000000000,-0.000000360,0.000063842,0.999999998,0.000000000,-1.877995526,405.502947741,63.815071628,1.000000000
ENTITYNAME=Wire_Device
