OBJECTMODELPOINTER=33777c94-e4b9-4947-906f-f84480f3cb99.dev
BASEFAMILY=738ec959-cf7c-4b54-a8b6-c50be00e8cd5.fam
BLHA=28.41010958,113.37337020,176.661664,254.006183
TRANSFORMMATRIX=-0.000010133,-0.999999998,0.000059775,0.000000000,1.000000000,-0.000010133,0.000000392,0.000000000,-0.000000392,0.000059775,0.999999998,0.000000000,-1.975380183,379.722870559,22.340635513,1.000000000
ENTITYNAME=Wire_Device
