OBJECTMODELPOINTER=33777c94-e4b9-4947-906f-f84480f3cb99.dev
BASEFAMILY=739b2cf5-40fa-40df-9244-0db566746781.fam
BLHA=28.29509828,113.44289412,61.743516,287.794387
TRANSFORMMATRIX=0.000012669,-0.999999998,0.000069731,0.000000000,1.000000000,0.000012669,0.000001268,0.000000000,-0.000001269,0.000069731,0.999999998,0.000000000,-8.768674964,443.010601578,47.733291883,1.000000000
ENTITYNAME=Wire_Device
