OBJECTMODELPOINTER=33777c94-e4b9-4947-906f-f84480f3cb99.dev
BASEFAMILY=73ab8112-da62-4302-b35b-4d2f08ad26a8.fam
BLHA=28.33513056,113.36426418,74.466119,467.201749
TRANSFORMMATRIX=-0.147024267,0.989132885,0.000037891,0.000000000,-0.989132885,-0.147024267,-0.000001063,0.000000000,0.000004519,-0.000037635,0.999999999,0.000000000,29.184073693,-239.129745750,14.583237406,1.000000000
ENTITYNAME=Wire_Device
