OBJECTMODELPOINTER=33777c94-e4b9-4947-906f-f84480f3cb99.dev
BASEFAMILY=73b171cd-6b07-4596-8109-533e8ff5fa59.fam
BLHA=28.27757020,113.46637333,93.774105,312.669055
TRANSFORMMATRIX=-0.001262341,-0.999999203,0.000018266,0.000000000,0.999999203,-0.001262341,0.000001312,0.000000000,-0.000001289,0.000018267,1.000000000,0.000000000,-8.510202279,116.295939311,31.790485891,1.000000000
ENTITYNAME=Wire_Device
