OBJECTMODELPOINTER=49d7fade-7483-4174-952f-a17980c28cbb.dev
BASEFAMILY=73da8fff-0cf3-406d-b81b-5e6fb7044f21.fam
TRANSFORMMATRIX=-0.999846336,0.017530388,-0.000000019,0.000000000,-0.017530398,-0.999846325,0.000000007,0.000000000,-0.000000000,0.000000000,1.000000000,0.000000000,-11.319999999,-0.320000000,70.000000001,1.000000000
ENTITYNAME=Tower_Device
