OBJECTMODELPOINTER=33777c94-e4b9-4947-906f-f84480f3cb99.dev
BASEFAMILY=73e2d0c9-7bf1-4b84-b830-9e04ffc10b08.fam
BLHA=28.62772353,113.46582002,199.212660,273.436520
TRANSFORMMATRIX=0.001505528,-0.999998866,0.000028833,0.000000000,0.999998867,0.001505527,0.000001978,0.000000000,-0.000002022,0.000028830,1.000000000,0.000000000,-12.963246570,183.087575842,13.694064900,1.000000000
ENTITYNAME=Wire_Device
