OBJECTMODELPOINTER=13a78437-ad2c-452a-8fd1-0733d19ccb25.dev
BASEFAMILY=73e4de7f-3f72-42a2-b598-09f426002403.fam
TRANSFORMMATRIX=-0.000000000,1.000000000,-0.000000000,0.000000000,-1.000000000,-0.000000000,-0.000000000,0.000000000,-0.000000000,0.000000000,1.000000000,0.000000000,5.397336608,-5.397599653,0.000007000,1.000000000
ENTITYNAME=Tower_Device
