OBJECTMODELPOINTER=33777c94-e4b9-4947-906f-f84480f3cb99.dev
BASEFAMILY=73f965fb-1725-47ba-8bf8-b68f8cc08860.fam
BLHA=28.33513056,113.36426418,74.466119,467.201749
TRANSFORMMATRIX=-0.090761233,0.995872682,0.000000805,0.000000000,-0.995872682,-0.090761233,0.000001219,0.000000000,0.000001287,-0.000000690,1.000000000,0.000000000,8.217930532,-4.400969811,25.297029128,1.000000000
ENTITYNAME=Wire_Device
