OBJECTMODELPOINTER=33777c94-e4b9-4947-906f-f84480f3cb99.dev
BASEFAMILY=73fc40d4-8049-459f-a7a3-7e8a473e615d.fam
BLHA=28.31402241,113.42375188,48.067305,335.449580
TRANSFORMMATRIX=-0.001646244,-0.999998645,0.000029248,0.000000000,0.999998645,-0.001646244,0.000001216,0.000000000,-0.000001168,0.000029250,1.000000000,0.000000000,-7.789650892,186.553711183,61.489517000,1.000000000
ENTITYNAME=Wire_Device
