OBJECTMODELPOINTER=33777c94-e4b9-4947-906f-f84480f3cb99.dev
BASEFAMILY=73fe5a33-a052-499f-8317-1445bb4a1521.fam
BLHA=28.59525170,113.47626182,222.708449,294.633001
TRANSFORMMATRIX=-0.002315264,-0.999997319,0.000038153,0.000000000,0.999997320,-0.002315264,0.000000092,0.000000000,-0.000000003,0.000038154,0.999999999,0.000000000,-0.497706921,242.503841249,10.409173792,1.000000000
ENTITYNAME=Wire_Device
