OBJECTMODELPOINTER=33777c94-e4b9-4947-906f-f84480f3cb99.dev
BASEFAMILY=74090f64-ad60-4911-a0a8-683b298e3fa2.fam
BLHA=28.31498130,113.40038482,72.539572,2.946268
TRANSFORMMATRIX=-0.101179161,-0.994868221,0.000000512,0.000000000,0.994868221,-0.101179161,0.000001773,0.000000000,-0.000001713,0.000000689,1.000000000,0.000000000,-10.873619410,4.395183665,42.476178725,1.000000000
ENTITYNAME=Wire_Device
