OBJECTMODELPOINTER=33777c94-e4b9-4947-906f-f84480f3cb99.dev
BASEFAMILY=7410060d-1f1a-4636-9f38-005735fc5dba.fam
BLHA=28.26827851,113.48694026,97.359750,314.005848
TRANSFORMMATRIX=0.404143755,-0.914695482,-0.000001369,0.000000000,0.914695482,0.404143755,-0.000001587,0.000000000,0.000002005,-0.000000611,1.000000000,0.000000000,12.773248347,-3.922316083,31.637832842,1.000000000
ENTITYNAME=Wire_Device
