OBJECTMODELPOINTER=33777c94-e4b9-4947-906f-f84480f3cb99.dev
BASEFAMILY=7411eb31-1627-49e7-90c6-d19f5e4f589d.fam
BLHA=28.31775016,113.38284517,61.633463,329.270898
TRANSFORMMATRIX=-0.001449437,-0.999998949,0.000035827,0.000000000,0.999998950,-0.001449437,0.000001382,0.000000000,-0.000001330,0.000035829,0.999999999,0.000000000,-8.976344542,228.409767242,31.902115414,1.000000000
ENTITYNAME=Wire_Device
