OBJECTMODELPOINTER=7633b954-0ead-4666-a00a-ef18ed975fb8.dev
BASEFAMILY=741dc799-36e8-4ace-93a4-ce46a3b2aeff.fam
TRANSFORMMATRIX=0.005038513,-0.999987035,0.000001578,0.000000000,0.999987575,0.005039146,-0.000000474,0.000000000,0.000000000,-0.000000000,1.000000000,0.000000000,-11.870000000,-0.600000000,45.000000000,1.000000000
ENTITYNAME=Tower_Device
