OBJECTMODELPOINTER=33777c94-e4b9-4947-906f-f84480f3cb99.dev
BASEFAMILY=741fa282-d72a-4763-89bf-30eadd4f5509.fam
BLHA=28.30399811,113.43961542,62.139238,477.400140
TRANSFORMMATRIX=0.170949888,0.985279724,0.000020252,0.000000000,-0.985279725,0.170949888,0.000001484,0.000000000,-0.000002000,-0.000020208,1.000000000,0.000000000,-12.476584914,-128.431363848,27.956630054,1.000000000
ENTITYNAME=Wire_Device
