OBJECTMODELPOINTER=33777c94-e4b9-4947-906f-f84480f3cb99.dev
BASEFAMILY=7425c62a-4ada-4c2f-982f-c5080662a0e0.fam
BLHA=28.52615363,113.49352553,361.372655,210.734491
TRANSFORMMATRIX=-0.001680041,-0.999998589,0.000017724,0.000000000,0.999998589,-0.001680041,0.000002210,0.000000000,-0.000002180,0.000017728,1.000000000,0.000000000,-13.608629819,112.978854604,48.645333811,1.000000000
ENTITYNAME=Wire_Device
