OBJECTMODELPOINTER=33777c94-e4b9-4947-906f-f84480f3cb99.dev
BASEFAMILY=742630b5-8b91-4edd-848b-3f98cfb024f4.fam
BLHA=28.28492071,113.44885804,59.682173,504.180323
TRANSFORMMATRIX=-0.274533607,0.961577505,0.000006965,0.000000000,-0.961577505,-0.274533607,0.000001331,0.000000000,0.000003192,-0.000006331,1.000000000,0.000000000,20.402174013,-40.395127467,31.533241483,1.000000000
ENTITYNAME=Wire_Device
