OBJECTMODELPOINTER=33777c94-e4b9-4947-906f-f84480f3cb99.dev
BASEFAMILY=7435f3a9-06e5-4275-893a-87ee248c8a45.fam
BLHA=28.52337409,113.48828309,330.016596,210.734491
TRANSFORMMATRIX=0.002175673,-0.999997633,0.000007509,0.000000000,0.999997633,0.002175673,-0.000000169,0.000000000,0.000000153,0.000007509,1.000000000,0.000000000,1.079586657,47.871483232,29.495101346,1.000000000
ENTITYNAME=Wire_Device
