OBJECTMODELPOINTER=33777c94-e4b9-4947-906f-f84480f3cb99.dev
BASEFAMILY=7437464f-2e38-4177-88fb-02cd9bdf4af7.fam
BLHA=28.56585701,113.49736639,238.961591,312.996987
TRANSFORMMATRIX=0.001568584,-0.999998769,0.000045457,0.000000000,0.999998770,0.001568584,-0.000002020,0.000000000,0.000001948,0.000045461,0.999999999,0.000000000,11.657658129,289.352305977,16.626148265,1.000000000
ENTITYNAME=Wire_Device
