OBJECTMODELPOINTER=33777c94-e4b9-4947-906f-f84480f3cb99.dev
BASEFAMILY=746768ef-247a-405c-b4f8-f1762136a33b.fam
BLHA=28.45855791,113.39675815,237.532667,242.026912
TRANSFORMMATRIX=0.004354657,-0.999990518,0.000016866,0.000000000,0.999990518,0.004354657,-0.000001969,0.000000000,0.000001896,0.000016874,1.000000000,0.000000000,12.317869445,107.305345062,49.218112304,1.000000000
ENTITYNAME=Wire_Device
