OBJECTMODELPOINTER=33777c94-e4b9-4947-906f-f84480f3cb99.dev
BASEFAMILY=747757cb-3b44-45df-b2ea-7ff9edc1da01.fam
BLHA=28.31529425,113.41760444,47.126172,0.896163
TRANSFORMMATRIX=0.006184661,-0.999980875,0.000005097,0.000000000,0.999980875,0.006184661,0.000001085,0.000000000,-0.000001116,0.000005090,1.000000000,0.000000000,-7.083806104,32.488362975,53.287369897,1.000000000
ENTITYNAME=Wire_Device
