OBJECTMODELPOINTER=33777c94-e4b9-4947-906f-f84480f3cb99.dev
BASEFAMILY=747b2c8c-8baf-4660-83f0-8da5487339e2.fam
BLHA=28.50595381,113.45544189,275.037773,205.493080
TRANSFORMMATRIX=-0.091689417,-0.995787653,0.000007552,0.000000000,0.995787654,-0.091689417,-0.000000150,0.000000000,0.000000842,0.000007507,1.000000000,0.000000000,5.446889784,47.883258761,19.073301510,1.000000000
ENTITYNAME=Wire_Device
