OBJECTMODELPOINTER=33777c94-e4b9-4947-906f-f84480f3cb99.dev
BASEFAMILY=7485443e-ea05-40f7-8ee4-ce88410c2753.fam
BLHA=28.42194077,113.37713088,216.761088,254.006183
TRANSFORMMATRIX=-0.001197079,-0.999999283,0.000028081,0.000000000,0.999999284,-0.001197079,-0.000001811,0.000000000,0.000001845,0.000028079,1.000000000,0.000000000,12.019293616,178.390322388,9.357205681,1.000000000
ENTITYNAME=Wire_Device
