OBJECTMODELPOINTER=33777c94-e4b9-4947-906f-f84480f3cb99.dev
BASEFAMILY=74a90f10-6b60-44f4-a9db-7f87a340ec15.fam
BLHA=28.31775016,113.38284517,61.633463,329.270898
TRANSFORMMATRIX=0.001445577,-0.999998954,0.000045876,0.000000000,0.999998955,0.001445577,-0.000001422,0.000000000,0.000001356,0.000045879,0.999999999,0.000000000,7.949491164,292.428336040,44.602381617,1.000000000
ENTITYNAME=Wire_Device
