OBJECTMODELPOINTER=33777c94-e4b9-4947-906f-f84480f3cb99.dev
BASEFAMILY=74ad7030-7508-41bb-bb75-edc479d9af72.fam
BLHA=28.31925198,113.37995663,64.126344,500.343289
TRANSFORMMATRIX=-0.158856190,0.987301732,0.000037486,0.000000000,-0.987301732,-0.158856190,-0.000001320,0.000000000,0.000004651,-0.000037220,0.999999999,0.000000000,30.205076803,-237.148346690,38.387398434,1.000000000
ENTITYNAME=Wire_Device
