OBJECTMODELPOINTER=33777c94-e4b9-4947-906f-f84480f3cb99.dev
BASEFAMILY=74c623a1-e9a3-4dd0-9296-2122d00d3a04.fam
BLHA=28.73032666,113.45294372,113.432437,258.301958
TRANSFORMMATRIX=0.002119171,-0.999997754,0.000027357,0.000000000,0.999997755,0.002119171,0.000000157,0.000000000,-0.000000215,0.000027357,1.000000000,0.000000000,-1.191596429,173.759184174,35.890341915,1.000000000
ENTITYNAME=Wire_Device
