ENTITYNAME=WIRE
BASEFAMILY=74d47c6e-880e-4173-9703-fd5f483042a8.fam
OBJECTMODELPOINTER=81b82497-164d-48c0-b1cb-18fa700dacdf.dev
KVALUE=0.000000
SPLIT=4
POINT0.BLHA=28.47949059,113.41307678,290.814,229.813402
POINT0.MATRIX0=-0.763946986,-0.645279012,-0.000000000,0.000000000,0.645279012,-0.763946986,-0.000000000,0.000000000,0.000000000,-0.000000000,1.000000000,0.000000000,-12.504689440,0.480119674,40.741099863,1.000000000
POINT0.MATRIX1=-0.763946986,-0.645279012,-0.000000000,0.000000000,0.645279012,-0.763946986,-0.000000000,0.000000000,0.000000000,-0.000000000,1.000000000,0.000000000,-12.504689441,0.480119674,41.191100626,1.000000000
POINT0.MATRIX2=-0.763946986,-0.645279012,-0.000000000,0.000000000,0.645279012,-0.763946986,-0.000000000,0.000000000,0.000000000,-0.000000000,1.000000000,0.000000000,-12.954825351,0.479564409,41.191100626,1.000000000
POINT0.MATRIX3=-0.763946986,-0.645279012,-0.000000000,0.000000000,0.645279012,-0.763946986,-0.000000000,0.000000000,0.000000000,-0.000000000,1.000000000,0.000000000,-12.954825351,0.479564409,40.741099863,1.000000000
POINT1.BLHA=28.47949059,113.41307678,290.814,229.813402
POINT1.MATRIX0=-0.763946986,-0.645279012,-0.000000000,0.000000000,0.645279012,-0.763946986,-0.000000000,0.000000000,0.000000000,-0.000000000,1.000000000,0.000000000,-12.504800565,0.600119618,40.741099862,1.000000000
POINT1.MATRIX1=-0.763946986,-0.645279012,-0.000000000,0.000000000,0.645279012,-0.763946986,-0.000000000,0.000000000,0.000000000,-0.000000000,1.000000000,0.000000000,-12.504800565,0.600119619,41.191100626,1.000000000
POINT1.MATRIX2=-0.763946986,-0.645279012,-0.000000000,0.000000000,0.645279012,-0.763946986,-0.000000000,0.000000000,0.000000000,-0.000000000,1.000000000,0.000000000,-12.954936481,0.599564348,41.191100626,1.000000000
POINT1.MATRIX3=-0.763946986,-0.645279012,-0.000000000,0.000000000,0.645279012,-0.763946986,-0.000000000,0.000000000,0.000000000,-0.000000000,1.000000000,0.000000000,-12.954936481,0.599564348,40.741099862,1.000000000
