OBJECTMODELPOINTER=33777c94-e4b9-4947-906f-f84480f3cb99.dev
BASEFAMILY=74fab007-874d-47ac-a279-131bcaa57e29.fam
BLHA=28.28912608,113.44509395,57.000023,477.961117
TRANSFORMMATRIX=-0.174781813,0.984607190,0.000007056,0.000000000,-0.984607190,-0.174781813,0.000001373,0.000000000,0.000002584,-0.000006707,1.000000000,0.000000000,16.571919356,-42.677316607,28.659577893,1.000000000
ENTITYNAME=Wire_Device
