OBJECTMODELPOINTER=33777c94-e4b9-4947-906f-f84480f3cb99.dev
BASEFAMILY=75237be4-66ad-429a-9251-84d6ffdacbb8.fam
BLHA=28.61647630,113.46664258,210.970212,273.436520
TRANSFORMMATRIX=0.002993629,-0.999995518,0.000051987,0.000000000,0.999995519,0.002993629,0.000000214,0.000000000,-0.000000370,0.000051987,0.999999999,0.000000000,-2.459102774,330.137653597,51.940759145,1.000000000
ENTITYNAME=Wire_Device
