OBJECTMODELPOINTER=33777c94-e4b9-4947-906f-f84480f3cb99.dev
BASEFAMILY=752d88ab-419b-406b-9bea-c6ffb44a3854.fam
BLHA=28.50885387,113.46090739,244.701846,210.734491
TRANSFORMMATRIX=-0.000020206,-0.999999999,0.000042824,0.000000000,1.000000000,-0.000020206,0.000000296,0.000000000,-0.000000295,0.000042825,0.999999999,0.000000000,-1.251054759,272.985484327,39.932232888,1.000000000
ENTITYNAME=Wire_Device
