OBJECTMODELPOINTER=33777c94-e4b9-4947-906f-f84480f3cb99.dev
BASEFAMILY=7536d540-495a-4051-b48d-eb86802ca0b6.fam
BLHA=28.28033977,113.46346380,83.899072,326.450928
TRANSFORMMATRIX=-0.236795059,-0.971559621,0.000059448,0.000000000,0.971559622,-0.236795059,-0.000001222,0.000000000,0.000015265,0.000057468,0.999999998,0.000000000,96.202132597,366.006325329,54.351005108,1.000000000
ENTITYNAME=Wire_Device
