OBJECTMODELPOINTER=33777c94-e4b9-4947-906f-f84480f3cb99.dev
BASEFAMILY=75421939-c3bf-4d4a-85f5-d9e0a49351cb.fam
BLHA=28.36295604,113.35959378,63.083646,458.145379
TRANSFORMMATRIX=0.238824798,0.971062674,-0.000000392,0.000000000,-0.971062674,0.238824798,0.000001482,0.000000000,0.000001533,0.000000025,1.000000000,0.000000000,9.782739847,0.160759404,26.137985189,1.000000000
ENTITYNAME=Wire_Device
