OBJECTMODELPOINTER=33777c94-e4b9-4947-906f-f84480f3cb99.dev
BASEFAMILY=7556af50-3856-4b41-ad57-7e9d444a68fe.fam
BLHA=28.70103226,113.45527961,136.730850,277.425083
TRANSFORMMATRIX=-0.000000504,-1.000000000,0.000005667,0.000000000,1.000000000,-0.000000504,-0.000001838,0.000000000,0.000001838,0.000005668,1.000000000,0.000000000,11.705723309,35.985080793,38.728281096,1.000000000
ENTITYNAME=Wire_Device
