OBJECTMODELPOINTER=33777c94-e4b9-4947-906f-f84480f3cb99.dev
BASEFAMILY=756a6d04-715c-45d4-a1bc-723b9de22311.fam
BLHA=28.49713910,113.43191399,298.003064,224.957371
TRANSFORMMATRIX=-0.000006084,-1.000000000,0.000017950,0.000000000,1.000000000,-0.000006084,0.000000136,0.000000000,-0.000000135,0.000017949,1.000000000,0.000000000,-0.565916284,114.281444114,51.052320676,1.000000000
ENTITYNAME=Wire_Device
