OBJECTMODELPOINTER=33777c94-e4b9-4947-906f-f84480f3cb99.dev
BASEFAMILY=756be2af-c6a6-4bbf-8623-adbe3759b2d0.fam
BLHA=28.54843684,113.51255198,454.586266,280.370385
TRANSFORMMATRIX=-0.414720824,-0.909948699,0.000049890,0.000000000,0.909948700,-0.414720825,0.000000149,0.000000000,0.000020554,0.000045459,0.999999999,0.000000000,130.922925433,288.618523718,73.987316746,1.000000000
ENTITYNAME=Wire_Device
