OBJECTMODELPOINTER=33777c94-e4b9-4947-906f-f84480f3cb99.dev
BASEFAMILY=75702ea4-a574-4379-9131-2a0c29ec945d.fam
BLHA=28.30399811,113.43961542,62.139238,477.400140
TRANSFORMMATRIX=-0.316712500,0.948521582,-0.000000288,0.000000000,-0.948521582,-0.316712500,0.000001638,0.000000000,0.000001464,0.000000792,1.000000000,0.000000000,9.316697097,5.013518597,31.530780811,1.000000000
ENTITYNAME=Wire_Device
