ENTITYNAME=WIRE
BASEFAMILY=75750319-c9d6-4cab-a3e7-6b630e2fe890.fam
OBJECTMODELPOINTER=81b82497-164d-48c0-b1cb-18fa700dacdf.dev
KVALUE=0.000000
SPLIT=4
POINT0.BLHA=28.52041531,113.48270330,362.655,210.734491
POINT0.MATRIX0=-0.511060437,-0.859544780,-0.000000000,0.000000000,0.859544780,-0.511060437,-0.000000000,0.000000000,0.000000000,-0.000000000,1.000000000,0.000000000,12.095472260,-0.108827979,39.999998317,1.000000000
POINT0.MATRIX1=-0.511060437,-0.859544780,-0.000000000,0.000000000,0.859544780,-0.511060437,-0.000000000,0.000000000,0.000000000,-0.000000000,1.000000000,0.000000000,12.095472259,-0.108827979,40.449995265,1.000000000
POINT0.MATRIX2=-0.511060437,-0.859544780,-0.000000000,0.000000000,0.859544780,-0.511060437,-0.000000000,0.000000000,0.000000000,-0.000000000,1.000000000,0.000000000,11.645627033,-0.110628018,40.449995266,1.000000000
POINT0.MATRIX3=-0.511060437,-0.859544780,-0.000000000,0.000000000,0.859544780,-0.511060437,-0.000000000,0.000000000,0.000000000,-0.000000000,1.000000000,0.000000000,11.645627033,-0.110628018,39.999998318,1.000000000
POINT1.BLHA=28.52041531,113.48270330,362.655,210.734491
POINT1.MATRIX0=-0.511060437,-0.859544780,-0.000000000,0.000000000,0.859544780,-0.511060437,-0.000000000,0.000000000,0.000000000,-0.000000000,1.000000000,0.000000000,12.094937928,0.001162654,39.999998317,1.000000000
POINT1.MATRIX1=-0.511060437,-0.859544780,-0.000000000,0.000000000,0.859544780,-0.511060437,-0.000000000,0.000000000,0.000000000,-0.000000000,1.000000000,0.000000000,12.094937928,0.001162653,40.449995265,1.000000000
POINT1.MATRIX2=-0.511060437,-0.859544780,-0.000000000,0.000000000,0.859544780,-0.511060437,-0.000000000,0.000000000,0.000000000,-0.000000000,1.000000000,0.000000000,11.645092701,-0.000637385,40.449995265,1.000000000
POINT1.MATRIX3=-0.511060437,-0.859544780,-0.000000000,0.000000000,0.859544780,-0.511060437,-0.000000000,0.000000000,0.000000000,-0.000000000,1.000000000,0.000000000,11.645092702,-0.000637384,39.999998318,1.000000000
