OBJECTMODELPOINTER=33777c94-e4b9-4947-906f-f84480f3cb99.dev
BASEFAMILY=758891b1-c963-452c-b45b-9f2f3eefa53c.fam
BLHA=28.31135450,113.43043530,49.303319,335.449580
TRANSFORMMATRIX=0.003213327,-0.999994835,0.000066455,0.000000000,0.999994837,0.003213327,0.000001673,0.000000000,-0.000001886,0.000066449,0.999999998,0.000000000,-12.819632668,423.792631671,45.117427829,1.000000000
ENTITYNAME=Wire_Device
