OBJECTMODELPOINTER=0e312739-8609-4a3d-966c-75d05d59356d.dev
BASEFAMILY=7589d488-f949-4e4a-afb1-a8d6418fbc18.fam
TRANSFORMMATRIX=-1.000000000,0.000000000,0.000000000,0.000000000,-0.000000000,-1.000000000,-0.000000000,0.000000000,0.000000000,0.000000000,1.000000000,0.000000000,6.700973553,6.700722629,-0.000003672,1.000000000
ENTITYNAME=Tower_Device
