OBJECTMODELPOINTER=33777c94-e4b9-4947-906f-f84480f3cb99.dev
BASEFAMILY=75a44565-944a-4fb6-862e-cf0325476de1.fam
BLHA=28.61647630,113.46664258,210.970212,273.436520
TRANSFORMMATRIX=0.002992784,-0.999995521,0.000028889,0.000000000,0.999995522,0.002992784,0.000000119,0.000000000,-0.000000206,0.000028889,1.000000000,0.000000000,-1.366334075,183.458105721,38.170931052,1.000000000
ENTITYNAME=Wire_Device
