OBJECTMODELPOINTER=33777c94-e4b9-4947-906f-f84480f3cb99.dev
BASEFAMILY=75ae71ed-d1bd-421e-9d6a-33d1882dd90e.fam
BLHA=28.49037109,113.42431436,249.696550,224.957371
TRANSFORMMATRIX=-0.000007180,-1.000000000,0.000018277,0.000000000,1.000000000,-0.000007180,0.000000139,0.000000000,-0.000000139,0.000018277,1.000000000,0.000000000,-0.583091706,116.364998447,22.155522522,1.000000000
ENTITYNAME=Wire_Device
