OBJECTMODELPOINTER=33777c94-e4b9-4947-906f-f84480f3cb99.dev
BASEFAMILY=75b3c75c-8782-4fe3-adfa-55afcecd221d.fam
BLHA=28.46688419,113.40170203,216.340862,242.026912
TRANSFORMMATRIX=-0.001897404,-0.999998195,0.000096387,0.000000000,0.999998200,-0.001897404,0.000002876,0.000000000,-0.000002694,0.000096393,0.999999995,0.000000000,-15.853106259,612.778663020,72.134750881,1.000000000
ENTITYNAME=Wire_Device
