OBJECTMODELPOINTER=33777c94-e4b9-4947-906f-f84480f3cb99.dev
BASEFAMILY=75b93a20-a1cc-4ce5-b670-c0b9adaf3977.fam
BLHA=28.75094621,113.45897359,113.766966,236.227775
TRANSFORMMATRIX=-0.014316412,-0.999897514,0.000045121,0.000000000,0.999897515,-0.014316412,0.000002177,0.000000000,-0.000001531,0.000045148,0.999999999,0.000000000,-9.069080739,287.137420866,17.697330186,1.000000000
ENTITYNAME=Wire_Device
