OBJECTMODELPOINTER=33777c94-e4b9-4947-906f-f84480f3cb99.dev
BASEFAMILY=75c7c5f3-01b6-46ec-9f67-43732d529ef7.fam
BLHA=28.33182616,113.36613124,59.967362,296.260490
TRANSFORMMATRIX=-0.011181586,-0.999937484,0.000005050,0.000000000,0.999937484,-0.011181586,0.000001879,0.000000000,-0.000001823,0.000005071,1.000000000,0.000000000,-11.686799585,32.258457310,39.118656743,1.000000000
ENTITYNAME=Wire_Device
