OBJECTMODELPOINTER=33777c94-e4b9-4947-906f-f84480f3cb99.dev
BASEFAMILY=75d71047-c66b-4c13-8efc-1c2668e51b58.fam
BLHA=28.35569166,113.36081333,82.535643,278.143009
TRANSFORMMATRIX=-0.003429357,-0.999994118,0.000059951,0.000000000,0.999994120,-0.003429357,0.000002361,0.000000000,-0.000002155,0.000059958,0.999999998,0.000000000,-14.032126997,380.783878629,79.859830953,1.000000000
ENTITYNAME=Wire_Device
