OBJECTMODELPOINTER=33777c94-e4b9-4947-906f-f84480f3cb99.dev
BASEFAMILY=75d9979f-aa3e-4346-afd6-eef013fcddc3.fam
BLHA=28.63009153,113.46564681,168.255878,273.436520
TRANSFORMMATRIX=0.007911783,-0.999968701,0.000014908,0.000000000,0.999968701,0.007911783,-0.000002124,0.000000000,0.000002006,0.000014924,1.000000000,0.000000000,12.777212363,94.768596009,47.186517708,1.000000000
ENTITYNAME=Wire_Device
