ENTITYNAME=WIRE
BASEFAMILY=75ee84d2-9c17-45e7-80e8-35ae95cb0c34.fam
OBJECTMODELPOINTER=81b82497-164d-48c0-b1cb-18fa700dacdf.dev
KVALUE=0.000369
SPLIT=4
POINT0.BLHA=28.78112316,113.48165670,163.745,236.227775
POINT0.MATRIX0=-0.831254041,-0.555892723,-0.000000000,0.000000000,0.555892723,-0.831254041,-0.000000000,0.000000000,-0.000000000,-0.000000000,1.000000000,0.000000000,-11.644212770,0.108529792,43.000000898,1.000000000
POINT0.MATRIX1=-0.831254041,-0.555892723,-0.000000000,0.000000000,0.555892723,-0.831254041,-0.000000000,0.000000000,-0.000000000,-0.000000000,1.000000000,0.000000000,-11.644212770,0.108529792,43.449997846,1.000000000
POINT0.MATRIX2=-0.831254041,-0.555892723,-0.000000000,0.000000000,0.555892723,-0.831254041,-0.000000000,0.000000000,-0.000000000,-0.000000000,1.000000000,0.000000000,-12.095454129,0.112216345,43.449997846,1.000000000
POINT0.MATRIX3=-0.831254041,-0.555892723,-0.000000000,0.000000000,0.555892723,-0.831254041,-0.000000000,0.000000000,-0.000000000,-0.000000000,1.000000000,0.000000000,-12.095454129,0.112216345,43.000000898,1.000000000
POINT1.BLHA=28.77883021,113.47993260,194.739,236.227775
POINT1.MATRIX0=-0.831254041,-0.555892723,0.000000000,0.000000000,0.555892723,-0.831254041,0.000000000,0.000000000,-0.000000000,0.000000000,1.000000000,0.000000000,-11.645006082,-0.110612366,43.000003510,1.000000000
POINT1.MATRIX1=-0.831254041,-0.555892723,0.000000000,0.000000000,0.555892723,-0.831254041,0.000000000,0.000000000,-0.000000000,0.000000000,1.000000000,0.000000000,-11.645006081,-0.110612365,43.450000459,1.000000000
POINT1.MATRIX2=-0.831254041,-0.555892723,0.000000000,0.000000000,0.555892723,-0.831254041,0.000000000,0.000000000,-0.000000000,0.000000000,1.000000000,0.000000000,-12.094481870,-0.110444331,43.450000459,1.000000000
POINT1.MATRIX3=-0.831254041,-0.555892723,0.000000000,0.000000000,0.555892723,-0.831254041,0.000000000,0.000000000,-0.000000000,0.000000000,1.000000000,0.000000000,-12.094481871,-0.110444331,43.000003510,1.000000000
