OBJECTMODELPOINTER=33777c94-e4b9-4947-906f-f84480f3cb99.dev
BASEFAMILY=7607972e-8f3e-4e97-a5e1-596b8d91e329.fam
BLHA=28.30961923,113.43478171,54.752520,501.227736
TRANSFORMMATRIX=0.030360195,0.999539023,0.000000774,0.000000000,-0.999539023,0.030360195,-0.000001883,0.000000000,-0.000001906,-0.000000717,1.000000000,0.000000000,-12.114571050,-4.536005668,31.597640639,1.000000000
ENTITYNAME=Wire_Device
