OBJECTMODELPOINTER=33777c94-e4b9-4947-906f-f84480f3cb99.dev
BASEFAMILY=760fe71d-bff6-477d-a5a5-02732fa284bf.fam
BLHA=28.29096601,113.44441625,53.539724,287.794387
TRANSFORMMATRIX=0.002454308,-0.999996988,0.000005136,0.000000000,0.999996988,0.002454308,0.000001070,0.000000000,-0.000001083,0.000005134,1.000000000,0.000000000,-6.956686857,32.625161069,58.746483072,1.000000000
ENTITYNAME=Wire_Device
