OBJECTMODELPOINTER=33777c94-e4b9-4947-906f-f84480f3cb99.dev
BASEFAMILY=7612cea5-750a-46c1-b8c1-7116e60bd7a9.fam
BLHA=28.53408910,113.50849608,458.182485,233.242345
TRANSFORMMATRIX=-0.000025933,-1.000000000,-0.000000015,0.000000000,1.000000000,-0.000025933,0.000001648,0.000000000,-0.000001648,-0.000000015,1.000000000,0.000000000,-10.500234638,-0.119135106,25.763111042,1.000000000
ENTITYNAME=Wire_Device
