OBJECTMODELPOINTER=33777c94-e4b9-4947-906f-f84480f3cb99.dev
BASEFAMILY=7617b72f-6fad-4adf-a04d-625e3c761e2b.fam
BLHA=28.27757020,113.46637333,93.774105,312.669055
TRANSFORMMATRIX=0.000882735,-0.999999610,0.000018283,0.000000000,0.999999610,0.000882735,-0.000001054,0.000000000,0.000001038,0.000018283,1.000000000,0.000000000,6.310120485,116.362675179,56.368393636,1.000000000
ENTITYNAME=Wire_Device
