OBJECTMODELPOINTER=74c16732-a1e3-4241-aa2f-b7896357afe1.dev
BASEFAMILY=761bde5c-7ac6-4adf-99a2-67436e77727c.fam
TRANSFORMMATRIX=0.001382537,0.999998824,-0.000001548,0.000000000,-0.999999264,0.001383241,-0.000000554,0.000000000,-0.000000000,0.000000000,1.000000000,0.000000000,-12.730000000,-0.000000000,48.000000001,1.000000000
ENTITYNAME=Tower_Device
