ENTITYNAME=WIRE
BASEFAMILY=76226a61-16c6-44eb-8ed2-ee627a93d33d.fam
OBJECTMODELPOINTER=81b82497-164d-48c0-b1cb-18fa700dacdf.dev
KVALUE=0.000372
SPLIT=4
POINT0.BLHA=28.31534552,113.42043692,48.734,348.172871
POINT0.MATRIX0=-0.204959508,0.978770453,-0.000000000,0.000000000,-0.978770453,-0.204959508,-0.000000000,0.000000000,0.000000000,0.000000000,1.000000000,0.000000000,11.113651791,9.481712640,34.835160588,1.000000000
POINT0.MATRIX1=-0.204959508,0.978770453,-0.000000000,0.000000000,-0.978770453,-0.204959508,-0.000000000,0.000000000,0.000000000,0.000000000,1.000000000,0.000000000,11.290729236,10.265605058,35.199754094,1.000000000
POINT0.MATRIX2=-0.204959508,0.978770453,-0.000000000,0.000000000,-0.978770453,-0.204959508,-0.000000000,0.000000000,0.000000000,0.000000000,1.000000000,0.000000000,10.802679034,10.375924371,35.199586247,1.000000000
POINT0.MATRIX3=-0.204959508,0.978770453,-0.000000000,0.000000000,-0.978770453,-0.204959508,-0.000000000,0.000000000,0.000000000,0.000000000,1.000000000,0.000000000,10.627913562,9.590520604,34.835221623,1.000000000
POINT1.BLHA=28.31402241,113.42375188,48.067,335.449580
POINT1.MATRIX0=-0.415493846,0.909595989,0.000000000,0.000000000,-0.909595989,-0.415493846,0.000000000,0.000000000,0.000000000,-0.000000000,1.000000000,0.000000000,8.001313565,-0.129594425,43.466966170,1.000000000
POINT1.MATRIX1=-0.415493846,0.909595989,0.000000000,0.000000000,-0.909595989,-0.415493846,0.000000000,0.000000000,0.000000000,-0.000000000,1.000000000,0.000000000,8.184020376,-0.130012621,43.932069319,1.000000000
POINT1.MATRIX2=-0.415493846,0.909595989,0.000000000,0.000000000,-0.909595989,-0.415493846,0.000000000,0.000000000,0.000000000,-0.000000000,1.000000000,0.000000000,7.718219102,-0.130342721,44.115602034,1.000000000
POINT1.MATRIX3=-0.415493846,0.909595989,0.000000000,0.000000000,-0.909595989,-0.415493846,0.000000000,0.000000000,0.000000000,-0.000000000,1.000000000,0.000000000,7.535512291,-0.129924525,43.650498885,1.000000000
