OBJECTMODELPOINTER=33777c94-e4b9-4947-906f-f84480f3cb99.dev
BASEFAMILY=762620c8-7e26-4967-9830-fec429917727.fam
BLHA=28.36557656,113.36066804,62.497212,414.735470
TRANSFORMMATRIX=0.436231605,0.899834422,-0.000000129,0.000000000,-0.899834422,0.436231605,-0.000001416,0.000000000,-0.000001218,0.000000735,1.000000000,0.000000000,-7.749548845,4.652487434,25.353946522,1.000000000
ENTITYNAME=Wire_Device
