OBJECTMODELPOINTER=33777c94-e4b9-4947-906f-f84480f3cb99.dev
BASEFAMILY=7628321f-9276-457a-b79d-21107242e9a3.fam
BLHA=28.76146332,113.46687719,133.774448,236.227775
TRANSFORMMATRIX=-0.001941585,-0.999998115,0.000016804,0.000000000,0.999998115,-0.001941585,-0.000001747,0.000000000,0.000001780,0.000016801,1.000000000,0.000000000,11.597901219,106.889013190,29.998409441,1.000000000
ENTITYNAME=Wire_Device
