OBJECTMODELPOINTER=33777c94-e4b9-4947-906f-f84480f3cb99.dev
BASEFAMILY=762d71d2-31db-4b61-8a2e-c7c41baba310.fam
BLHA=28.68327588,113.45799727,190.105481,276.549179
TRANSFORMMATRIX=-0.010588231,-0.999943942,0.000040499,0.000000000,0.999943943,-0.010588231,-0.000000053,0.000000000,0.000000482,0.000040496,0.999999999,0.000000000,2.927069014,257.177877845,17.738724172,1.000000000
ENTITYNAME=Wire_Device
