OBJECTMODELPOINTER=33777c94-e4b9-4947-906f-f84480f3cb99.dev
BASEFAMILY=7635d944-dfe2-49a2-bfb4-8ad19edad86c.fam
BLHA=28.73032666,113.45294372,113.432437,258.301958
TRANSFORMMATRIX=0.002114621,-0.999997762,0.000069883,0.000000000,0.999997764,0.002114621,0.000000395,0.000000000,-0.000000542,0.000069882,0.999999997,0.000000000,-3.004417172,443.866170240,43.188429404,1.000000000
ENTITYNAME=Wire_Device
