OBJECTMODELPOINTER=33777c94-e4b9-4947-906f-f84480f3cb99.dev
BASEFAMILY=763b2426-4fe2-42ec-8673-356c402d1bec.fam
BLHA=28.32529000,113.37096013,66.626202,509.137564
TRANSFORMMATRIX=-0.364666352,0.931138255,0.000038831,0.000000000,-0.931138256,-0.364666352,0.000001142,0.000000000,0.000015224,-0.000035741,0.999999999,0.000000000,97.327263312,-228.044137503,33.378788775,1.000000000
ENTITYNAME=Wire_Device
