OBJECTMODELPOINTER=33777c94-e4b9-4947-906f-f84480f3cb99.dev
BASEFAMILY=763deb0b-72fe-4e9d-80e1-eaf66b0525b8.fam
BLHA=28.29509828,113.44289412,61.743516,287.794387
TRANSFORMMATRIX=0.000006833,-0.999999999,0.000048525,0.000000000,1.000000000,0.000006833,-0.000000864,0.000000000,0.000000863,0.000048525,0.999999999,0.000000000,5.042125031,308.271567438,36.435242791,1.000000000
ENTITYNAME=Wire_Device
