OBJECTMODELPOINTER=33777c94-e4b9-4947-906f-f84480f3cb99.dev
BASEFAMILY=764509ed-85d7-430a-89f3-879f13e618ea.fam
BLHA=28.30961923,113.43478171,54.752520,501.227736
TRANSFORMMATRIX=0.236312514,0.971677104,0.000033286,0.000000000,-0.971677105,0.236312514,-0.000001744,0.000000000,-0.000009561,-0.000031932,0.999999999,0.000000000,-60.313666798,-203.251521574,53.009269086,1.000000000
ENTITYNAME=Wire_Device
