OBJECTMODELPOINTER=33777c94-e4b9-4947-906f-f84480f3cb99.dev
BASEFAMILY=764b145a-44b7-41d1-94c2-47b8d63be2be.fam
BLHA=28.41763874,113.37576334,172.022371,254.006183
TRANSFORMMATRIX=-0.000000323,-1.000000000,0.000005165,0.000000000,1.000000000,-0.000000323,0.000000034,0.000000000,-0.000000033,0.000005166,1.000000000,0.000000000,-0.169884569,32.812053103,48.125788994,1.000000000
ENTITYNAME=Wire_Device
