OBJECTMODELPOINTER=33777c94-e4b9-4947-906f-f84480f3cb99.dev
BASEFAMILY=765f975c-a0f1-4938-b77a-923e69ede954.fam
BLHA=28.71274605,113.45447194,199.234978,264.887951
TRANSFORMMATRIX=0.002796397,-0.999996089,0.000039206,0.000000000,0.999996090,0.002796397,0.000000196,0.000000000,-0.000000305,0.000039205,0.999999999,0.000000000,-1.834977845,248.977865439,1.134417784,1.000000000
ENTITYNAME=Wire_Device
