OBJECTMODELPOINTER=71873e1b-67a0-42fb-8831-58c02d54496f.dev
BASEFAMILY=7667b795-8d96-4d92-94ff-b606ef59f27e.fam
TRANSFORMMATRIX=0.000000758,1.000000365,0.000000931,0.000000000,-0.999999635,0.000000366,-0.000001355,0.000000000,0.000000000,-0.000000000,1.000000000,0.000000000,-10.500000000,0.000000000,30.000000000,1.000000000
ENTITYNAME=Tower_Device
