OBJECTMODELPOINTER=33777c94-e4b9-4947-906f-f84480f3cb99.dev
BASEFAMILY=768b151d-31de-43f4-a5df-76fb171bb697.fam
BLHA=28.49878841,113.43376617,260.859889,392.604520
TRANSFORMMATRIX=-0.199282306,0.979942122,0.000026298,0.000000000,-0.979942122,-0.199282306,-0.000001069,0.000000000,0.000004194,-0.000025983,1.000000000,0.000000000,26.280262589,-165.546942202,53.733668892,1.000000000
ENTITYNAME=Wire_Device
