OBJECTMODELPOINTER=33777c94-e4b9-4947-906f-f84480f3cb99.dev
BASEFAMILY=769b1d26-cf56-42fe-8ba7-72401fd700ab.fam
BLHA=28.30399811,113.43961542,62.139238,477.400140
TRANSFORMMATRIX=0.170729400,0.985317955,0.000007156,0.000000000,-0.985317955,0.170729400,0.000001743,0.000000000,0.000000496,-0.000007348,1.000000000,0.000000000,3.261843750,-46.719447712,42.704410166,1.000000000
ENTITYNAME=Wire_Device
