OBJECTMODELPOINTER=33777c94-e4b9-4947-906f-f84480f3cb99.dev
BASEFAMILY=76aac32c-fdd1-48b0-a2c1-d81bf089b329.fam
BLHA=28.28492071,113.44885804,59.682173,504.180323
TRANSFORMMATRIX=-0.280970258,0.959716475,0.000027768,0.000000000,-0.959716476,-0.280970258,-0.000001236,0.000000000,0.000006616,-0.000026996,1.000000000,0.000000000,42.510948072,-172.116677627,49.119518276,1.000000000
ENTITYNAME=Wire_Device
