ENTITYNAME=WIRE
BASEFAMILY=76b8d877-3d59-4e4a-8b28-b94620f1524e.fam
OBJECTMODELPOINTER=81b82497-164d-48c0-b1cb-18fa700dacdf.dev
KVALUE=0.095184
SPLIT=4
POINT0.BLHA=28.28912608,113.44509395,57.000,477.961117
POINT0.MATRIX0=0.883265993,-0.468872248,0.000000000,0.000000000,0.468872248,0.883265993,-0.000000000,0.000000000,-0.000000000,-0.000000000,1.000000000,0.000000000,11.189938496,-0.000127411,36.790008169,1.000000000
POINT0.MATRIX1=0.883265993,-0.468872248,0.000000000,0.000000000,0.468872248,0.883265993,-0.000000000,0.000000000,-0.000000000,-0.000000000,1.000000000,0.000000000,11.189938495,-0.000127411,37.240008172,1.000000000
POINT0.MATRIX2=0.883265993,-0.468872248,0.000000000,0.000000000,0.468872248,0.883265993,-0.000000000,0.000000000,-0.000000000,-0.000000000,1.000000000,0.000000000,11.639938579,-0.000127385,37.240008172,1.000000000
POINT0.MATRIX3=0.883265993,-0.468872248,0.000000000,0.000000000,0.468872248,0.883265993,-0.000000000,0.000000000,-0.000000000,-0.000000000,1.000000000,0.000000000,11.639938580,-0.000127385,36.790008169,1.000000000
POINT1.BLHA=28.28912608,113.44509395,57.000,477.961117
POINT1.MATRIX0=0.883265993,-0.468872248,0.000000000,0.000000000,0.468872248,0.883265993,-0.000000000,0.000000000,-0.000000000,-0.000000000,1.000000000,0.000000000,12.002895561,-8.911065528,40.346635398,1.000000000
POINT1.MATRIX1=0.883265993,-0.468872248,0.000000000,0.000000000,0.468872248,0.883265993,-0.000000000,0.000000000,-0.000000000,-0.000000000,1.000000000,0.000000000,12.096930712,-9.662532393,40.839354809,1.000000000
POINT1.MATRIX2=0.883265993,-0.468872248,0.000000000,0.000000000,0.468872248,0.883265993,-0.000000000,0.000000000,-0.000000000,-0.000000000,1.000000000,0.000000000,12.589611892,-9.572477594,40.839385327,1.000000000
POINT1.MATRIX3=0.883265993,-0.468872248,0.000000000,0.000000000,0.468872248,0.883265993,-0.000000000,0.000000000,-0.000000000,-0.000000000,1.000000000,0.000000000,12.492532937,-8.826028717,40.346635398,1.000000000
