OBJECTMODELPOINTER=33777c94-e4b9-4947-906f-f84480f3cb99.dev
BASEFAMILY=76bae249-4184-4c6b-b25e-c9f893758ddd.fam
BLHA=28.63338498,113.46540590,167.944131,275.523589
TRANSFORMMATRIX=-0.018832530,-0.999822651,0.000041906,0.000000000,0.999822652,-0.018832530,0.000001347,0.000000000,-0.000000557,0.000041924,0.999999999,0.000000000,-3.692705432,266.242822552,32.256567885,1.000000000
ENTITYNAME=Wire_Device
