OBJECTMODELPOINTER=3b6d8049-1013-4154-b76a-bb3a22245cc5.dev
BASEFAMILY=76c1629b-4f8e-43d7-b248-c175f47a93fa.fam
TRANSFORMMATRIX=0.000000414,0.999999987,-0.000000079,0.000000000,-1.000000013,-0.000000414,0.000001643,0.000000000,0.000000000,-0.000000000,1.000000000,0.000000000,-7.067193009,-0.000000001,75.600000001,1.000000000
ENTITYNAME=Tower_Device
