OBJECTMODELPOINTER=13a78437-ad2c-452a-8fd1-0733d19ccb25.dev
BASEFAMILY=76cff2e8-a2d3-4225-9ee2-58f0779db4f8.fam
TRANSFORMMATRIX=1.000000000,-0.000000000,0.000000000,0.000000000,0.000000000,1.000000000,0.000000000,0.000000000,-0.000000000,-0.000000000,1.000000000,0.000000000,-3.416901046,-3.416561749,-0.000001834,1.000000000
ENTITYNAME=Tower_Device
