OBJECTMODELPOINTER=9438e411-2e73-4844-9993-d946d99fb5cf.dev
BASEFAMILY=76d2456e-634a-4aec-83f2-ffc4442809dd.fam
TRANSFORMMATRIX=-0.000000177,1.000000080,-0.000001641,0.000000000,-0.999999920,0.000000644,0.000000051,0.000000000,-0.000000000,0.000000000,1.000000000,0.000000000,7.499999999,-4.000000000,42.999999999,1.000000000
ENTITYNAME=Tower_Device
