OBJECTMODELPOINTER=33777c94-e4b9-4947-906f-f84480f3cb99.dev
BASEFAMILY=76d5679b-df51-43ad-b714-5d972718f92b.fam
BLHA=28.42194077,113.37713088,216.761088,254.006183
TRANSFORMMATRIX=-0.000009814,-0.999999998,0.000062359,0.000000000,1.000000000,-0.000009814,0.000000407,0.000000000,-0.000000406,0.000062360,0.999999998,0.000000000,-2.049499935,396.139642482,0.083042122,1.000000000
ENTITYNAME=Wire_Device
