OBJECTMODELPOINTER=33777c94-e4b9-4947-906f-f84480f3cb99.dev
BASEFAMILY=76ffb9a3-dc36-46c2-be4f-3b26d3f496a4.fam
BLHA=28.30070252,113.44082959,73.741833,287.794387
TRANSFORMMATRIX=0.001912576,-0.999998171,0.000017701,0.000000000,0.999998171,0.001912576,0.000001226,0.000000000,-0.000001260,0.000017699,1.000000000,0.000000000,-8.208984809,112.450097258,31.965427450,1.000000000
ENTITYNAME=Wire_Device
