OBJECTMODELPOINTER=33777c94-e4b9-4947-906f-f84480f3cb99.dev
BASEFAMILY=76ffa6a3-a9ab-4c36-8b50-daf5e7021d4c.fam
BLHA=28.33182616,113.36613124,59.967362,296.260490
TRANSFORMMATRIX=0.002971634,-0.999995585,0.000014964,0.000000000,0.999995585,0.002971634,0.000000051,0.000000000,-0.000000096,0.000014963,1.000000000,0.000000000,-0.806755122,95.117539052,33.312425027,1.000000000
ENTITYNAME=Wire_Device
