OBJECTMODELPOINTER=33777c94-e4b9-4947-906f-f84480f3cb99.dev
BASEFAMILY=7700ca25-f022-4480-a7d8-8dd6000ebc13.fam
BLHA=28.28149698,113.45977476,95.758412,340.232800
TRANSFORMMATRIX=-0.001575315,-0.999998759,0.000005854,0.000000000,0.999998759,-0.001575315,-0.000001221,0.000000000,0.000001230,0.000005852,1.000000000,0.000000000,7.752084818,37.321876912,39.788169625,1.000000000
ENTITYNAME=Wire_Device
