OBJECTMODELPOINTER=33777c94-e4b9-4947-906f-f84480f3cb99.dev
BASEFAMILY=7704c1ca-25d8-48d2-aee3-470893af1e17.fam
BLHA=28.29509828,113.44289412,61.743516,287.794387
TRANSFORMMATRIX=0.000006643,-0.999999999,0.000048528,0.000000000,1.000000000,0.000006643,-0.000001295,0.000000000,0.000001294,0.000048528,0.999999999,0.000000000,7.789121454,308.283938066,23.485229380,1.000000000
ENTITYNAME=Wire_Device
