ENTITYNAME=WIRE
BASEFAMILY=770c0f79-a7e8-4fa7-ab43-c05bb6fb8cc1.fam
OBJECTMODELPOINTER=81b82497-164d-48c0-b1cb-18fa700dacdf.dev
KVALUE=0.000000
SPLIT=4
POINT0.BLHA=28.28149698,113.45977476,95.758,340.232800
POINT0.MATRIX0=-0.338199241,0.941074531,-0.000000000,0.000000000,-0.941074531,-0.338199241,0.000000000,0.000000000,-0.000000000,0.000000000,1.000000000,0.000000000,-8.001837244,0.000506269,46.466959290,1.000000000
POINT0.MATRIX1=-0.338199241,0.941074531,-0.000000000,0.000000000,-0.941074531,-0.338199241,0.000000000,0.000000000,-0.000000000,0.000000000,1.000000000,0.000000000,-7.819117743,0.000276615,46.932047181,1.000000000
POINT0.MATRIX2=-0.338199241,0.941074531,-0.000000000,0.000000000,-0.941074531,-0.338199241,0.000000000,0.000000000,-0.000000000,0.000000000,1.000000000,0.000000000,-8.284011755,0.000276360,47.115579896,1.000000000
POINT0.MATRIX3=-0.338199241,0.941074531,-0.000000000,0.000000000,-0.941074531,-0.338199241,0.000000000,0.000000000,-0.000000000,0.000000000,1.000000000,0.000000000,-8.468610576,-0.000039653,46.650476746,1.000000000
POINT1.BLHA=28.28149698,113.45977476,95.758,340.232800
POINT1.MATRIX0=-0.338199241,0.941074531,-0.000000000,0.000000000,-0.941074531,-0.338199241,0.000000000,0.000000000,-0.000000000,0.000000000,1.000000000,0.000000000,-8.001840457,0.130510727,46.466959290,1.000000000
POINT1.MATRIX1=-0.338199241,0.941074531,-0.000000000,0.000000000,-0.941074531,-0.338199241,0.000000000,0.000000000,-0.000000000,0.000000000,1.000000000,0.000000000,-7.819120956,0.130281073,46.932047180,1.000000000
POINT1.MATRIX2=-0.338199241,0.941074531,-0.000000000,0.000000000,-0.941074531,-0.338199241,0.000000000,0.000000000,-0.000000000,0.000000000,1.000000000,0.000000000,-8.284014967,0.130280819,47.115579896,1.000000000
POINT1.MATRIX3=-0.338199241,0.941074531,-0.000000000,0.000000000,-0.941074531,-0.338199241,0.000000000,0.000000000,-0.000000000,0.000000000,1.000000000,0.000000000,-8.468613789,0.129964805,46.650476745,1.000000000
