OBJECTMODELPOINTER=40c6285a-5ce3-4779-a393-5006074c4f07.dev
BASEFAMILY=77123cec-7e3c-466d-9d0a-1b0701d8d2d5.fam
TRANSFORMMATRIX=-1.000000000,0.000000186,-0.000000000,0.000000000,-0.000000186,-1.000000000,-0.000000000,0.000000000,-0.000000000,0.000000000,1.000000000,0.000000000,-10.610000000,0.000000000,55.000000001,1.000000000
ENTITYNAME=Tower_Device
