OBJECTMODELPOINTER=33777c94-e4b9-4947-906f-f84480f3cb99.dev
BASEFAMILY=771349ac-dba8-436c-8eeb-2de220f504a5.fam
BLHA=28.64054809,113.46428400,121.846877,277.610658
TRANSFORMMATRIX=-0.002764015,-0.999996179,0.000052794,0.000000000,0.999996180,-0.002764014,0.000002287,0.000000000,-0.000002141,0.000052799,0.999999999,0.000000000,-13.894329462,335.331303459,37.377701389,1.000000000
ENTITYNAME=Wire_Device
