OBJECTMODELPOINTER=33777c94-e4b9-4947-906f-f84480f3cb99.dev
BASEFAMILY=7719552e-188f-43c3-b467-a64fdc6df9ef.fam
BLHA=28.34583559,113.36246769,78.593273,278.143009
TRANSFORMMATRIX=0.003874241,-0.999992494,0.000042600,0.000000000,0.999992495,0.003874241,-0.000001896,0.000000000,0.000001731,0.000042607,0.999999999,0.000000000,10.845949007,270.571329368,48.300801136,1.000000000
ENTITYNAME=Wire_Device
