OBJECTMODELPOINTER=33777c94-e4b9-4947-906f-f84480f3cb99.dev
BASEFAMILY=771b23fa-7edf-48fc-ae40-5f4e8fdd5333.fam
BLHA=28.29509828,113.44289412,61.743516,287.794387
TRANSFORMMATRIX=-0.000000657,-1.000000000,0.000004576,0.000000000,1.000000000,-0.000000657,-0.000001429,0.000000000,0.000001429,0.000004576,1.000000000,0.000000000,9.075874124,29.057678068,43.339275087,1.000000000
ENTITYNAME=Wire_Device
