OBJECTMODELPOINTER=33777c94-e4b9-4947-906f-f84480f3cb99.dev
BASEFAMILY=771c8157-7260-46b5-8262-430c5a4c9bf4.fam
BLHA=28.48504373,113.41833342,235.006355,407.385386
TRANSFORMMATRIX=-0.027193621,0.999630184,0.000038974,0.000000000,-0.999630185,-0.027193621,-0.000000892,0.000000000,0.000000168,-0.000038984,0.999999999,0.000000000,0.429700751,-248.145252612,46.251122148,1.000000000
ENTITYNAME=Wire_Device
