OBJECTMODELPOINTER=33777c94-e4b9-4947-906f-f84480f3cb99.dev
BASEFAMILY=771f3a1a-9b6f-48c7-8a43-793438691829.fam
BLHA=28.29768818,113.44194006,79.179744,287.794387
TRANSFORMMATRIX=0.002159273,-0.999997668,0.000040859,0.000000000,0.999997669,0.002159273,-0.000001420,0.000000000,0.000001332,0.000040862,0.999999999,0.000000000,8.102194055,259.580469704,30.987964623,1.000000000
ENTITYNAME=Wire_Device
