OBJECTMODELPOINTER=33777c94-e4b9-4947-906f-f84480f3cb99.dev
BASEFAMILY=7736c075-7e42-44e3-9edb-1b60f7a680da.fam
BLHA=28.73032666,113.45294372,113.432437,258.301958
TRANSFORMMATRIX=-0.012654650,-0.999919924,0.000069725,0.000000000,0.999919927,-0.012654650,0.000002482,0.000000000,-0.000001600,0.000069750,0.999999997,0.000000000,-9.750565480,443.020721920,36.748660370,1.000000000
ENTITYNAME=Wire_Device
