ENTITYNAME=WIRE
BASEFAMILY=774ac261-6b8d-4560-b9f1-13bde335046b.fam
OBJECTMODELPOINTER=81b82497-164d-48c0-b1cb-18fa700dacdf.dev
KVALUE=0.000000
SPLIT=4
POINT0.BLHA=28.71274605,113.45447194,199.235,264.887951
POINT0.MATRIX0=-0.996022350,-0.089103753,-0.000000000,0.000000000,0.089103753,-0.996022350,-0.000000000,0.000000000,-0.000000000,-0.000000000,1.000000000,0.000000000,0.224624393,-0.111384181,34.000004419,1.000000000
POINT0.MATRIX1=-0.996022350,-0.089103753,-0.000000000,0.000000000,0.089103753,-0.996022350,-0.000000000,0.000000000,-0.000000000,-0.000000000,1.000000000,0.000000000,0.224624393,-0.111384181,34.450001368,1.000000000
POINT0.MATRIX2=-0.996022350,-0.089103753,-0.000000000,0.000000000,0.089103753,-0.996022350,-0.000000000,0.000000000,-0.000000000,-0.000000000,1.000000000,0.000000000,-0.225420351,-0.108504652,34.450001368,1.000000000
POINT0.MATRIX3=-0.996022350,-0.089103753,-0.000000000,0.000000000,0.089103753,-0.996022350,-0.000000000,0.000000000,-0.000000000,-0.000000000,1.000000000,0.000000000,-0.225420351,-0.108504652,34.000004420,1.000000000
POINT1.BLHA=28.71274605,113.45447194,199.235,264.887951
POINT1.MATRIX0=-0.996022350,-0.089103753,-0.000000000,0.000000000,0.089103753,-0.996022350,-0.000000000,0.000000000,-0.000000000,-0.000000000,1.000000000,0.000000000,0.224966108,-0.001388621,34.000004419,1.000000000
POINT1.MATRIX1=-0.996022350,-0.089103753,-0.000000000,0.000000000,0.089103753,-0.996022350,-0.000000000,0.000000000,-0.000000000,-0.000000000,1.000000000,0.000000000,0.224966108,-0.001388621,34.450001368,1.000000000
POINT1.MATRIX2=-0.996022350,-0.089103753,-0.000000000,0.000000000,0.089103753,-0.996022350,-0.000000000,0.000000000,-0.000000000,-0.000000000,1.000000000,0.000000000,-0.225078636,0.001490908,34.450001369,1.000000000
POINT1.MATRIX3=-0.996022350,-0.089103753,-0.000000000,0.000000000,0.089103753,-0.996022350,-0.000000000,0.000000000,-0.000000000,-0.000000000,1.000000000,0.000000000,-0.225078636,0.001490907,34.000004420,1.000000000
