ENTITYNAME=WIRE
BASEFAMILY=774ace3b-d324-4ecc-9513-3b3a7483f954.fam
OBJECTMODELPOINTER=31970f28-780e-4bf1-8adb-439f78c329a3.dev
KVALUE=0.000239
SPLIT=1
POINT0.BLHA=28.32292443,113.37625760,67.776,311.415680
POINT0.MATRIX0=-0.749930065,0.661517118,0.000000000,0.000000000,-0.661517118,-0.749930065,0.000000000,0.000000000,-0.000000000,0.000000000,1.000000000,0.000000000,10.799657409,0.309849445,72.558005271,1.000000000
POINT1.BLHA=28.31925198,113.37995663,64.126,500.343289
POINT1.MATRIX0=0.638186328,-0.769881946,-0.000000000,0.000000000,0.769881946,0.638186328,0.000000000,0.000000000,0.000000000,0.000000000,1.000000000,0.000000000,-12.296151273,1.051768399,66.924524918,1.000000000
