OBJECTMODELPOINTER=33777c94-e4b9-4947-906f-f84480f3cb99.dev
BASEFAMILY=7766b374-bd95-49a7-aa64-5101b7dfd4f5.fam
BLHA=28.30572385,113.43813150,65.831158,307.005893
TRANSFORMMATRIX=0.003272840,-0.999994644,0.000023329,0.000000000,0.999994644,0.003272840,0.000001105,0.000000000,-0.000001182,0.000023324,1.000000000,0.000000000,-7.901442341,148.409294202,52.464925064,1.000000000
ENTITYNAME=Wire_Device
