OBJECTMODELPOINTER=33777c94-e4b9-4947-906f-f84480f3cb99.dev
BASEFAMILY=777343cf-97a2-4497-beff-67566fd9e2e6.fam
BLHA=28.53408910,113.50849608,458.182485,233.242345
TRANSFORMMATRIX=-0.381775894,-0.924254925,0.000008049,0.000000000,0.924254925,-0.381775894,-0.000000070,0.000000000,0.000003138,0.000007412,1.000000000,0.000000000,20.110892758,47.210663919,24.587993346,1.000000000
ENTITYNAME=Wire_Device
