OBJECTMODELPOINTER=33777c94-e4b9-4947-906f-f84480f3cb99.dev
BASEFAMILY=7773fac7-2b24-4d20-a5b2-08fe5f0eb9f6.fam
BLHA=28.79327466,113.49529712,200.216421,221.400685
TRANSFORMMATRIX=-0.000014619,-1.000000000,0.000028799,0.000000000,1.000000000,-0.000014619,-0.000001804,0.000000000,0.000001804,0.000028799,1.000000000,0.000000000,11.951929111,183.444939412,12.515765168,1.000000000
ENTITYNAME=Wire_Device
