OBJECTMODELPOINTER=13a78437-ad2c-452a-8fd1-0733d19ccb25.dev
BASEFAMILY=7774f53c-1b3c-444e-8a81-2b08e0137b93.fam
TRANSFORMMATRIX=-1.000000000,0.000000000,-0.000000000,0.000000000,-0.000000000,-1.000000000,0.000000000,0.000000000,-0.000000000,-0.000000000,1.000000000,0.000000000,4.737049202,4.737190191,-0.000001805,1.000000000
ENTITYNAME=Tower_Device
