OBJECTMODELPOINTER=33777c94-e4b9-4947-906f-f84480f3cb99.dev
BASEFAMILY=77769737-ccd5-4463-8fbe-468efe2ab939.fam
BLHA=28.29096601,113.44441625,53.539724,287.794387
TRANSFORMMATRIX=0.006129948,-0.999981211,0.000026164,0.000000000,0.999981212,0.006129948,0.000001564,0.000000000,-0.000001724,0.000026154,1.000000000,0.000000000,-11.255006990,166.172416504,42.541754972,1.000000000
ENTITYNAME=Wire_Device
