OBJECTMODELPOINTER=146d895a-fdff-4646-a5ce-e15abbf3f3eb.dev
BASEFAMILY=7777015d-0856-43b8-8fb7-3cc5c9dee8a7.fam
TRANSFORMMATRIX=0.000000000,1.000000000,-0.000000000,0.000000000,-1.000000000,0.000000000,0.000000000,0.000000000,0.000000000,-0.000000000,1.000000000,0.000000000,5.809835075,-5.809721578,-0.000001195,1.000000000
ENTITYNAME=Tower_Device
