ENTITYNAME=WIRE
BASEFAMILY=778144c3-3732-4c28-a7c8-8493404ecf75.fam
OBJECTMODELPOINTER=81b82497-164d-48c0-b1cb-18fa700dacdf.dev
KVALUE=0.000369
SPLIT=4
POINT0.BLHA=28.46166988,113.39860583,270.673,242.026912
POINT0.MATRIX0=-0.883168008,-0.469056788,0.000000000,0.000000000,0.469056788,-0.883168008,0.000000000,0.000000000,0.000000000,-0.000000000,1.000000000,0.000000000,0.181712824,0.120414808,29.478136231,1.000000000
POINT0.MATRIX1=-0.883168008,-0.469056788,0.000000000,0.000000000,0.469056788,-0.883168008,0.000000000,0.000000000,0.000000000,-0.000000000,1.000000000,0.000000000,0.214915899,0.120357206,29.926904846,1.000000000
POINT0.MATRIX2=-0.883168008,-0.469056788,0.000000000,0.000000000,0.469056788,-0.883168008,0.000000000,0.000000000,0.000000000,-0.000000000,1.000000000,0.000000000,-0.233730019,0.119814301,29.960167099,1.000000000
POINT0.MATRIX3=-0.883168008,-0.469056788,0.000000000,0.000000000,0.469056788,-0.883168008,0.000000000,0.000000000,0.000000000,-0.000000000,1.000000000,0.000000000,-0.266933094,0.119871903,29.511398483,1.000000000
POINT1.BLHA=28.45855791,113.39675815,237.533,242.026912
POINT1.MATRIX0=-0.883168008,-0.469056788,-0.000000000,0.000000000,0.469056788,-0.883168008,-0.000000000,0.000000000,0.000000000,0.000000000,1.000000000,0.000000000,0.181732091,-0.119346026,59.478135199,1.000000000
POINT1.MATRIX1=-0.883168008,-0.469056788,-0.000000000,0.000000000,0.469056788,-0.883168008,-0.000000000,0.000000000,0.000000000,0.000000000,1.000000000,0.000000000,0.214935166,-0.119403628,59.926905722,1.000000000
POINT1.MATRIX2=-0.883168008,-0.469056788,-0.000000000,0.000000000,0.469056788,-0.883168008,-0.000000000,0.000000000,0.000000000,0.000000000,1.000000000,0.000000000,-0.233710753,-0.119946532,59.960167975,1.000000000
POINT1.MATRIX3=-0.883168008,-0.469056788,-0.000000000,0.000000000,0.469056788,-0.883168008,-0.000000000,0.000000000,0.000000000,0.000000000,1.000000000,0.000000000,-0.266913828,-0.119888931,59.511399358,1.000000000
