OBJECTMODELPOINTER=5a4574e7-992d-4a09-b1f5-25a204e651de.dev
BASEFAMILY=77b12af6-ef22-473d-b0ca-08dedf03d662.fam
TRANSFORMMATRIX=0.003855052,-0.999992687,-0.000000132,0.000000000,0.999992455,0.003854257,-0.000001642,0.000000000,-0.000000000,-0.000000000,1.000000000,0.000000000,-11.870000000,-0.600000000,36.000000000,1.000000000
ENTITYNAME=Tower_Device
