OBJECTMODELPOINTER=33777c94-e4b9-4947-906f-f84480f3cb99.dev
BASEFAMILY=77bde3c6-2454-444b-a015-6a35dc52dd4d.fam
BLHA=28.71568525,113.45475484,179.580025,274.089521
TRANSFORMMATRIX=-0.146876547,-0.989154831,0.000026433,0.000000000,0.989154831,-0.146876547,0.000001315,0.000000000,0.000002582,0.000026340,1.000000000,0.000000000,16.418873384,167.264590662,32.267692468,1.000000000
ENTITYNAME=Wire_Device
