OBJECTMODELPOINTER=33777c94-e4b9-4947-906f-f84480f3cb99.dev
BASEFAMILY=77c32391-7045-47bf-ad05-6caed2ed6984.fam
BLHA=28.42674606,113.37865854,204.106778,254.006183
TRANSFORMMATRIX=0.001552478,-0.999998794,0.000038314,0.000000000,0.999998795,0.001552478,0.000002110,0.000000000,-0.000002170,0.000038311,0.999999999,0.000000000,-13.504515727,243.356116468,10.747832249,1.000000000
ENTITYNAME=Wire_Device
