OBJECTMODELPOINTER=33777c94-e4b9-4947-906f-f84480f3cb99.dev
BASEFAMILY=77d1e724-c5e1-482b-a00a-2e8baf5b3082.fam
BLHA=28.45391595,113.39400228,204.515406,242.026912
TRANSFORMMATRIX=0.008098867,-0.999967203,0.000019922,0.000000000,0.999967204,0.008098867,0.000001317,0.000000000,-0.000001479,0.000019911,1.000000000,0.000000000,-9.155837237,126.559984022,20.320148557,1.000000000
ENTITYNAME=Wire_Device
