OBJECTMODELPOINTER=33777c94-e4b9-4947-906f-f84480f3cb99.dev
BASEFAMILY=77d26fd4-95c5-4d8d-aa18-705ffb83a758.fam
BLHA=28.31502906,113.40300484,68.016258,0.896163
TRANSFORMMATRIX=-0.001199877,-0.999999280,0.000014411,0.000000000,0.999999280,-0.001199877,-0.000000945,0.000000000,0.000000963,0.000014410,1.000000000,0.000000000,6.118567009,91.979106379,58.690333162,1.000000000
ENTITYNAME=Wire_Device
