OBJECTMODELPOINTER=33777c94-e4b9-4947-906f-f84480f3cb99.dev
BASEFAMILY=77ee0f99-4430-4dce-a0bf-d839f804a07d.fam
BLHA=28.51511181,113.47270360,348.782405,210.734491
TRANSFORMMATRIX=-0.001210739,-0.999999267,0.000004608,0.000000000,0.999999267,-0.001210739,0.000002126,0.000000000,-0.000002120,0.000004611,1.000000000,0.000000000,-13.413975621,29.362903713,53.633289210,1.000000000
ENTITYNAME=Wire_Device
