OBJECTMODELPOINTER=33777c94-e4b9-4947-906f-f84480f3cb99.dev
BASEFAMILY=7802358c-5b83-480a-9445-b69b48d7f93c.fam
BLHA=28.40635362,113.37217651,164.659139,254.006183
TRANSFORMMATRIX=-0.820627576,0.571463368,0.000000016,0.000000000,-0.571463368,-0.820627576,-0.000002154,0.000000000,-0.000001217,-0.000001777,1.000000000,0.000000000,-7.786431051,-11.296145964,26.157281598,1.000000000
ENTITYNAME=Wire_Device
