OBJECTMODELPOINTER=33777c94-e4b9-4947-906f-f84480f3cb99.dev
BASEFAMILY=781e8ee8-85db-469e-8dd7-c130c9bcebcd.fam
BLHA=28.48305469,113.41645050,246.976349,229.813402
TRANSFORMMATRIX=0.001675144,-0.999998597,0.000004954,0.000000000,0.999998597,0.001675144,0.000001900,0.000000000,-0.000001909,0.000004950,1.000000000,0.000000000,-12.074304218,31.472935397,38.085427534,1.000000000
ENTITYNAME=Wire_Device
