OBJECTMODELPOINTER=33777c94-e4b9-4947-906f-f84480f3cb99.dev
BASEFAMILY=782cd0f4-b5d8-41fe-a632-db080dc15e05.fam
BLHA=28.31523299,113.41422428,48.000024,0.896163
TRANSFORMMATRIX=0.000018263,-0.999999999,0.000037399,0.000000000,1.000000000,0.000018263,-0.000001266,0.000000000,0.000001265,0.000037400,0.999999999,0.000000000,8.052578850,238.722503103,34.607608997,1.000000000
ENTITYNAME=Wire_Device
