OBJECTMODELPOINTER=39b45da7-d50c-4c4f-b620-467f9b61b058.dev
BASEFAMILY=783df0f3-a47f-484f-8040-aa58df4e8f48.fam
TRANSFORMMATRIX=-0.999980354,0.006268703,-0.000000007,0.000000000,-0.006268705,-0.999980349,0.000000003,0.000000000,-0.000000000,-0.000000000,1.000000000,0.000000000,10.610000000,0.000000000,52.000000001,1.000000000
ENTITYNAME=Tower_Device
