OBJECTMODELPOINTER=33777c94-e4b9-4947-906f-f84480f3cb99.dev
BASEFAMILY=783fcef8-9b72-48e7-8ec1-c55d1bdd2c34.fam
BLHA=28.66573943,113.46033717,166.408962,277.610658
TRANSFORMMATRIX=-0.002342742,-0.999997253,0.000070072,0.000000000,0.999997256,-0.002342742,-0.000001592,0.000000000,0.000001755,0.000070068,0.999999997,0.000000000,10.903554420,444.984208083,15.601296771,1.000000000
ENTITYNAME=Wire_Device
