OBJECTMODELPOINTER=33777c94-e4b9-4947-906f-f84480f3cb99.dev
BASEFAMILY=7842f48d-e333-43b2-9e74-21b0b84ea96d.fam
BLHA=28.70879307,113.45409149,169.216562,451.156517
TRANSFORMMATRIX=0.317194605,0.948360471,-0.000000327,0.000000000,-0.948360471,0.317194605,-0.000001414,0.000000000,-0.000001237,0.000000758,1.000000000,0.000000000,-7.898969561,4.817497710,25.530466269,1.000000000
ENTITYNAME=Wire_Device
