OBJECTMODELPOINTER=33777c94-e4b9-4947-906f-f84480f3cb99.dev
BASEFAMILY=78497420-d3b0-47f3-8b05-25681062e8dc.fam
BLHA=28.28368001,113.45281448,67.001736,340.232800
TRANSFORMMATRIX=0.000003532,-1.000000000,0.000005320,0.000000000,1.000000000,0.000003532,-0.000001120,0.000000000,0.000001119,0.000005319,1.000000000,0.000000000,7.056889524,33.923435029,36.640880170,1.000000000
ENTITYNAME=Wire_Device
