OBJECTMODELPOINTER=33777c94-e4b9-4947-906f-f84480f3cb99.dev
BASEFAMILY=784aa7a4-47bc-4ab4-a7bf-a5e80cd7fa90.fam
BLHA=28.59994740,113.47379389,183.494205,294.633001
TRANSFORMMATRIX=0.001045535,-0.999999451,0.000074013,0.000000000,0.999999453,0.001045535,-0.000001911,0.000000000,0.000001834,0.000074014,0.999999997,0.000000000,10.767872161,470.417862711,57.040725901,1.000000000
ENTITYNAME=Wire_Device
