ENTITYNAME=WIRE
BASEFAMILY=785cf89b-d8f8-4bb1-b345-28b93633c79a.fam
OBJECTMODELPOINTER=31970f28-780e-4bf1-8adb-439f78c329a3.dev
KVALUE=0.000287
SPLIT=1
POINT0.BLHA=28.71568525,113.45475484,179.580,274.089521
POINT0.MATRIX0=-0.997453842,0.071315024,0.000000000,0.000000000,-0.071315024,-0.997453842,0.000000000,0.000000000,0.000000000,0.000000000,1.000000000,0.000000000,-5.430720660,-1.355040967,43.933695501,1.000000000
POINT1.BLHA=28.71568525,113.45475484,179.580,274.089521
POINT1.MATRIX0=-0.997453842,0.071315024,0.000000000,0.000000000,-0.071315024,-0.997453842,0.000000000,0.000000000,0.000000000,0.000000000,1.000000000,0.000000000,-5.431756913,1.359247583,43.990423744,1.000000000
