OBJECTMODELPOINTER=33777c94-e4b9-4947-906f-f84480f3cb99.dev
BASEFAMILY=785e6182-7f07-43eb-a90c-f4d03f2a8095.fam
BLHA=28.77401473,113.47631208,189.623101,236.227775
TRANSFORMMATRIX=-0.002142123,-0.999997704,0.000057369,0.000000000,0.999997706,-0.002142123,-0.000001472,0.000000000,0.000001595,0.000057366,0.999999998,0.000000000,11.039194959,364.903977467,5.283073632,1.000000000
ENTITYNAME=Wire_Device
