OBJECTMODELPOINTER=90b6b917-b5d2-45f7-bebf-d29824a62170.dev
BASEFAMILY=7861a1bd-b5b1-489d-a28b-607fcf4c97c8.fam
TRANSFORMMATRIX=-0.999990595,-0.004336851,0.000000005,0.000000000,0.004336854,-0.999990597,-0.000000001,0.000000000,0.000000000,0.000000000,1.000000000,0.000000000,-11.320000000,0.320000000,70.000000000,1.000000000
ENTITYNAME=Tower_Device
