OBJECTMODELPOINTER=33777c94-e4b9-4947-906f-f84480f3cb99.dev
BASEFAMILY=786706b8-088e-4940-8f06-5bb55e4ede33.fam
BLHA=28.37691435,113.36420413,70.521818,286.379084
TRANSFORMMATRIX=0.000004420,-1.000000000,0.000026284,0.000000000,1.000000000,0.000004420,0.000001961,0.000000000,-0.000001961,0.000026285,1.000000000,0.000000000,-12.750165053,166.986895929,27.271032177,1.000000000
ENTITYNAME=Wire_Device
