OBJECTMODELPOINTER=33777c94-e4b9-4947-906f-f84480f3cb99.dev
BASEFAMILY=787826c0-0360-4e7d-852a-acb3ae742709.fam
BLHA=28.74846038,113.45710577,102.803547,427.264866
TRANSFORMMATRIX=-0.183472868,0.983024773,0.000041800,0.000000000,-0.983024774,-0.183472868,-0.000001025,0.000000000,0.000006662,-0.000041278,0.999999999,0.000000000,42.002463696,-262.254494670,-8.245948830,1.000000000
ENTITYNAME=Wire_Device
