OBJECTMODELPOINTER=33777c94-e4b9-4947-906f-f84480f3cb99.dev
BASEFAMILY=787fef5d-73a3-4556-b5ad-35ac7cc74fd8.fam
BLHA=28.64279778,113.46393161,145.776199,277.610658
TRANSFORMMATRIX=0.005767888,-0.999983366,0.000004770,0.000000000,0.999983366,0.005767888,0.000001878,0.000000000,-0.000001905,0.000004759,1.000000000,0.000000000,-12.179372119,30.234325259,34.038692611,1.000000000
ENTITYNAME=Wire_Device
