OBJECTMODELPOINTER=33777c94-e4b9-4947-906f-f84480f3cb99.dev
BASEFAMILY=78872e4b-760e-4ff2-9a90-72505dd199b1.fam
BLHA=28.26885822,113.47846971,85.176990,355.334735
TRANSFORMMATRIX=0.000013073,-0.999999999,0.000028025,0.000000000,1.000000000,0.000013073,0.000001707,0.000000000,-0.000001706,0.000028025,1.000000000,0.000000000,-10.914743332,178.881322237,40.284491722,1.000000000
ENTITYNAME=Wire_Device
