OBJECTMODELPOINTER=33777c94-e4b9-4947-906f-f84480f3cb99.dev
BASEFAMILY=788d1d20-0c4e-484c-80e2-102ddc0be49d.fam
BLHA=28.50595381,113.45544189,275.037773,205.493080
TRANSFORMMATRIX=-0.091681643,-0.995788368,0.000056846,0.000000000,0.995788369,-0.091681643,-0.000000805,0.000000000,0.000006013,0.000056533,0.999999998,0.000000000,38.949583538,360.591712088,-66.303027186,1.000000000
ENTITYNAME=Wire_Device
