OBJECTMODELPOINTER=33777c94-e4b9-4947-906f-f84480f3cb99.dev
BASEFAMILY=788f08f7-6924-44f8-9953-80a13f92afdd.fam
BLHA=28.49972812,113.43660808,222.066271,200.251669
TRANSFORMMATRIX=-0.021103371,-0.999777299,0.000028652,0.000000000,0.999777299,-0.021103371,0.000002280,0.000000000,-0.000001675,0.000028693,1.000000000,0.000000000,-10.334608082,183.030721269,57.455574617,1.000000000
ENTITYNAME=Wire_Device
