OBJECTMODELPOINTER=33777c94-e4b9-4947-906f-f84480f3cb99.dev
BASEFAMILY=789e3d15-922b-45da-8273-56a28db0fee6.fam
BLHA=28.30961923,113.43478171,54.752520,501.227736
TRANSFORMMATRIX=0.236802707,0.971557758,0.000015082,0.000000000,-0.971557758,0.236802707,-0.000001450,0.000000000,-0.000004980,-0.000014310,1.000000000,0.000000000,-31.454327895,-91.072923430,34.323163373,1.000000000
ENTITYNAME=Wire_Device
