OBJECTMODELPOINTER=33777c94-e4b9-4947-906f-f84480f3cb99.dev
BASEFAMILY=78a75948-81d0-49b2-b9ca-038cc0ada474.fam
BLHA=28.41763874,113.37576334,172.022371,254.006183
TRANSFORMMATRIX=-0.000007900,-0.999999998,0.000057923,0.000000000,1.000000000,-0.000007899,0.000002467,0.000000000,-0.000002466,0.000057923,0.999999998,0.000000000,-15.227712813,367.943287143,51.772743522,1.000000000
ENTITYNAME=Wire_Device
