OBJECTMODELPOINTER=33777c94-e4b9-4947-906f-f84480f3cb99.dev
BASEFAMILY=78a8be39-75c9-4d9c-8f8c-420c171a8789.fam
BLHA=28.42194077,113.37713088,216.761088,254.006183
TRANSFORMMATRIX=-0.001198675,-0.999999281,0.000038991,0.000000000,0.999999282,-0.001198675,-0.000001740,0.000000000,0.000001787,0.000038989,0.999999999,0.000000000,11.743293037,247.695866186,2.597745314,1.000000000
ENTITYNAME=Wire_Device
