OBJECTMODELPOINTER=33777c94-e4b9-4947-906f-f84480f3cb99.dev
BASEFAMILY=78afd77c-a60e-4545-9a60-18aaa7e527c1.fam
BLHA=28.44959265,113.39143584,231.811382,242.026912
TRANSFORMMATRIX=-0.004910362,-0.999987944,0.000005709,0.000000000,0.999987944,-0.004910362,-0.000001820,0.000000000,0.000001848,0.000005700,1.000000000,0.000000000,11.859993187,36.265743667,45.661935357,1.000000000
ENTITYNAME=Wire_Device
