OBJECTMODELPOINTER=28d14331-1f06-4bed-8eb9-990e50404bc9.dev
BASEFAMILY=78b67a73-03e7-4838-8c8c-bf427a7c187d.fam
TRANSFORMMATRIX=1.000000000,0.000000000,-0.000000000,0.000000000,-0.000000000,1.000000000,0.000000000,0.000000000,-0.000000000,-0.000000000,1.000000000,0.000000000,-0.000000000,-0.000000000,-0.000000000,1.000000000
ENTITYNAME=Tower_Device
