OBJECTMODELPOINTER=33777c94-e4b9-4947-906f-f84480f3cb99.dev
BASEFAMILY=78d6db76-27d8-41bc-9cbe-a0d5d2637ec6.fam
BLHA=28.49379582,113.42815973,297.068153,224.957371
TRANSFORMMATRIX=-0.002749544,-0.999996217,0.000078825,0.000000000,0.999996220,-0.002749544,0.000002675,0.000000000,-0.000002459,0.000078833,0.999999997,0.000000000,-14.346466638,501.868840390,-5.667464386,1.000000000
ENTITYNAME=Wire_Device
