OBJECTMODELPOINTER=949157a2-efad-4d82-9fab-6070163d026b.dev
BASEFAMILY=78d90ac2-779d-470b-a6ab-e60cdcc015fd.fam
TRANSFORMMATRIX=0.000000348,0.999999634,-0.000000747,0.000000000,-1.000000366,-0.000000050,-0.000001463,0.000000000,0.000000000,-0.000000000,1.000000000,0.000000000,-0.000000000,-0.000000000,47.999999999,1.000000000
ENTITYNAME=Tower_Device
