OBJECTMODELPOINTER=33777c94-e4b9-4947-906f-f84480f3cb99.dev
BASEFAMILY=7902f385-1595-40db-99db-5e92eef9cd74.fam
BLHA=28.78112316,113.48165670,163.744709,236.227775
TRANSFORMMATRIX=-0.000000895,-1.000000000,0.000004803,0.000000000,1.000000000,-0.000000895,0.000001895,0.000000000,-0.000001895,0.000004803,1.000000000,0.000000000,-12.002891694,30.520815625,43.230682355,1.000000000
ENTITYNAME=Wire_Device
