OBJECTMODELPOINTER=33777c94-e4b9-4947-906f-f84480f3cb99.dev
BASEFAMILY=79085b55-f925-43dc-ba3c-cda4bbbf4f15.fam
BLHA=28.80679371,113.51083278,186.898436,227.348291
TRANSFORMMATRIX=-0.000011136,-1.000000000,0.000025860,0.000000000,1.000000000,-0.000011136,0.000000177,0.000000000,-0.000000176,0.000025860,1.000000000,0.000000000,-0.701904269,164.608628874,35.497647704,1.000000000
ENTITYNAME=Wire_Device
