OBJECTMODELPOINTER=33777c94-e4b9-4947-906f-f84480f3cb99.dev
BASEFAMILY=790dd654-b2d7-4738-be92-fc9386bd9b59.fam
BLHA=28.69702652,113.45589279,149.051008,277.425083
TRANSFORMMATRIX=0.000004043,-0.999999999,0.000048381,0.000000000,1.000000000,0.000004043,0.000000187,0.000000000,-0.000000187,0.000048381,0.999999999,0.000000000,-1.401107072,307.260514295,39.136411755,1.000000000
ENTITYNAME=Wire_Device
