OBJECTMODELPOINTER=33777c94-e4b9-4947-906f-f84480f3cb99.dev
BASEFAMILY=791591a5-420b-46de-81be-0fd01ee3ab76.fam
BLHA=28.68956538,113.45703476,163.838478,277.425083
TRANSFORMMATRIX=0.000002382,-0.999999999,0.000039140,0.000000000,1.000000000,0.000002382,0.000000151,0.000000000,-0.000000151,0.000039141,0.999999999,0.000000000,-1.130647554,248.578511675,46.128299270,1.000000000
ENTITYNAME=Wire_Device
