OBJECTMODELPOINTER=33777c94-e4b9-4947-906f-f84480f3cb99.dev
BASEFAMILY=791e17b6-b606-4b3e-94f5-f338253152ec.fam
BLHA=28.27757020,113.46637333,93.774105,312.669055
TRANSFORMMATRIX=0.001253248,-0.999999213,0.000066414,0.000000000,0.999999215,0.001253248,-0.000001430,0.000000000,0.000001346,0.000066416,0.999999998,0.000000000,7.475217181,422.723212118,36.205437272,1.000000000
ENTITYNAME=Wire_Device
