OBJECTMODELPOINTER=4d93b899-209a-4a60-8ba5-cbe0ae4b74d1.dev
BASEFAMILY=79221ac2-fc91-42d3-82d7-cee59748b239.fam
TRANSFORMMATRIX=-0.000000185,1.000000343,0.000001498,0.000000000,-0.999999657,0.000000279,-0.000000677,0.000000000,-0.000000000,-0.000000000,1.000000000,0.000000000,7.815000000,-0.000000001,53.300000001,1.000000000
ENTITYNAME=Tower_Device
