OBJECTMODELPOINTER=33777c94-e4b9-4947-906f-f84480f3cb99.dev
BASEFAMILY=7937c1d6-85c6-4c23-93be-444cdfe908b6.fam
BLHA=28.31135450,113.43043530,49.303319,335.449580
TRANSFORMMATRIX=0.003304804,-0.999994537,0.000057685,0.000000000,0.999994539,0.003304804,0.000001334,0.000000000,-0.000001524,0.000057680,0.999999998,0.000000000,-10.412325315,367.863323951,27.315669757,1.000000000
ENTITYNAME=Wire_Device
