OBJECTMODELPOINTER=33777c94-e4b9-4947-906f-f84480f3cb99.dev
BASEFAMILY=793a742a-cb82-433f-8268-8d80038dce43.fam
BLHA=28.66573943,113.46033717,166.408962,277.610658
TRANSFORMMATRIX=0.000004339,-0.999999998,0.000060329,0.000000000,1.000000000,0.000004339,0.000000230,0.000000000,-0.000000231,0.000060329,0.999999998,0.000000000,-1.731104109,383.145782317,10.663755708,1.000000000
ENTITYNAME=Wire_Device
