OBJECTMODELPOINTER=33777c94-e4b9-4947-906f-f84480f3cb99.dev
BASEFAMILY=793f81d7-ff00-4c9f-bf8d-33994bb72c01.fam
BLHA=28.27757020,113.46637333,93.774105,312.669055
TRANSFORMMATRIX=-0.000883438,-0.999999607,0.000076355,0.000000000,0.999999610,-0.000883438,0.000001268,0.000000000,-0.000001201,0.000076356,0.999999997,0.000000000,-8.910204346,486.035594753,56.370412797,1.000000000
ENTITYNAME=Wire_Device
