OBJECTMODELPOINTER=33777c94-e4b9-4947-906f-f84480f3cb99.dev
BASEFAMILY=794c2b0b-47d6-4db6-947a-3feaa1dec00d.fam
BLHA=28.31135450,113.43043530,49.303319,335.449580
TRANSFORMMATRIX=-0.004984630,-0.999987576,0.000017156,0.000000000,0.999987577,-0.004984630,-0.000001402,0.000000000,0.000001487,0.000017149,1.000000000,0.000000000,9.240230936,109.342701635,37.457209247,1.000000000
ENTITYNAME=Wire_Device
