OBJECTMODELPOINTER=02bf390a-2a18-4ede-a5be-34f07344528d.dev
BASEFAMILY=7950b0f7-453f-47f0-a932-3bdebcc6fbe3.fam
TRANSFORMMATRIX=-0.999999044,0.001382889,-0.000000001,0.000000000,-0.001382889,-0.999999043,0.000000001,0.000000000,-0.000000000,0.000000000,1.000000000,0.000000000,-10.610000000,-0.000000000,55.000000001,1.000000000
ENTITYNAME=Tower_Device
