OBJECTMODELPOINTER=33777c94-e4b9-4947-906f-f84480f3cb99.dev
BASEFAMILY=79538af2-f24d-49cf-8724-fa71ae187ee4.fam
BLHA=28.27757020,113.46637333,93.774105,312.669055
TRANSFORMMATRIX=0.001256890,-0.999999207,0.000076372,0.000000000,0.999999210,0.001256890,-0.000001412,0.000000000,0.000001316,0.000076373,0.999999997,0.000000000,7.117665840,486.106222497,43.416328060,1.000000000
ENTITYNAME=Wire_Device
