OBJECTMODELPOINTER=265d756f-ad8d-4b04-8769-9ef03a367a16.dev
BASEFAMILY=796f7d76-3a24-4829-b76b-35c5f654c3d0.fam
TRANSFORMMATRIX=-0.999931521,0.011702798,-0.000000014,0.000000000,-0.011702808,-0.999931519,0.000000000,0.000000000,-0.000000000,0.000000000,1.000000000,0.000000000,10.610000000,0.325000000,55.000000000,1.000000000
ENTITYNAME=Tower_Device
