OBJECTMODELPOINTER=33777c94-e4b9-4947-906f-f84480f3cb99.dev
BASEFAMILY=797a56c3-bd9f-4bd6-a4f8-658570550f9f.fam
BLHA=28.51918695,113.48038702,399.659330,210.734491
TRANSFORMMATRIX=-0.000043870,-0.999999995,0.000092620,0.000000000,0.999999999,-0.000043870,-0.000001249,0.000000000,0.000001253,0.000092620,0.999999996,0.000000000,9.314211657,590.447720965,9.822109956,1.000000000
ENTITYNAME=Wire_Device
