OBJECTMODELPOINTER=69020e74-30ae-4e85-bd76-e23825b29f9d.dev
BASEFAMILY=797fc803-a891-40c8-96a2-a218f36ae5b2.fam
TRANSFORMMATRIX=-0.000290115,0.008846962,-0.999960781,0.000000000,-0.999459757,-0.032867602,0.000000798,0.000000000,-0.032865065,0.999420596,0.008852157,0.000000000,11.000000000,-0.846000000,47.000000000,1.000000000
ENTITYNAME=Tower_Device
