OBJECTMODELPOINTER=33777c94-e4b9-4947-906f-f84480f3cb99.dev
BASEFAMILY=7981f113-da3f-403b-9338-fc7f27a9c0b9.fam
BLHA=28.39913011,113.36988101,173.073049,251.836928
TRANSFORMMATRIX=-0.020272704,-0.999794487,0.000037823,0.000000000,0.999794488,-0.020272704,0.000001437,0.000000000,-0.000000670,0.000037845,0.999999999,0.000000000,-3.901982392,240.427984151,6.328445838,1.000000000
ENTITYNAME=Wire_Device
