OBJECTMODELPOINTER=33777c94-e4b9-4947-906f-f84480f3cb99.dev
BASEFAMILY=798bec48-4afc-4ad9-9a64-ac16ba990abe.fam
BLHA=28.41010958,113.37337020,176.661664,254.006183
TRANSFORMMATRIX=0.008332799,-0.999965281,0.000027926,0.000000000,0.999965282,0.008332799,-0.000001905,0.000000000,0.000001673,0.000027942,1.000000000,0.000000000,10.917694638,177.511779782,21.410512530,1.000000000
ENTITYNAME=Wire_Device
