OBJECTMODELPOINTER=33777c94-e4b9-4947-906f-f84480f3cb99.dev
BASEFAMILY=798f9880-0b47-4e2e-97bc-646421901584.fam
BLHA=28.35190910,113.36144828,128.122186,278.143009
TRANSFORMMATRIX=0.000002704,-1.000000000,0.000016323,0.000000000,1.000000000,0.000002704,0.000000078,0.000000000,-0.000000078,0.000016323,1.000000000,0.000000000,-0.573775088,103.661029283,26.589945255,1.000000000
ENTITYNAME=Wire_Device
