OBJECTMODELPOINTER=33777c94-e4b9-4947-906f-f84480f3cb99.dev
BASEFAMILY=79912bc4-f907-4ab2-a0a1-eb617ee9ed96.fam
BLHA=28.48305469,113.41645050,246.976349,229.813402
TRANSFORMMATRIX=-0.000016278,-0.999999999,0.000051783,0.000000000,1.000000000,-0.000016278,0.000000389,0.000000000,-0.000000388,0.000051782,0.999999999,0.000000000,-1.626167966,329.538727293,46.795534284,1.000000000
ENTITYNAME=Wire_Device
