OBJECTMODELPOINTER=8ffbcece-df1a-4961-baaf-20f3a9fe89b5.dev
BASEFAMILY=7994aaf8-2f0b-4ef4-85f4-3ba937ecf83f.fam
TRANSFORMMATRIX=-0.007523531,0.101707895,-0.994785787,0.000000000,-0.997275639,-0.073766111,-0.000000272,0.000000000,-0.073382304,0.992075702,0.101984506,0.000000000,-5.500000000,-0.900000000,44.000000000,1.000000000
ENTITYNAME=Tower_Device
