ENTITYNAME=WIRE
BASEFAMILY=79a0f081-1201-47f2-b606-033db692b115.fam
OBJECTMODELPOINTER=81b82497-164d-48c0-b1cb-18fa700dacdf.dev
KVALUE=0.045292
SPLIT=4
POINT0.BLHA=28.57953661,113.48279374,260.581,480.423303
POINT0.MATRIX0=0.862307788,-0.506384517,0.000000000,0.000000000,0.506384517,0.862307788,0.000000000,0.000000000,-0.000000000,-0.000000000,1.000000000,0.000000000,9.395997782,8.815436352,29.344875273,1.000000000
POINT0.MATRIX1=0.862307788,-0.506384517,0.000000000,0.000000000,0.506384517,0.862307788,0.000000000,0.000000000,-0.000000000,-0.000000000,1.000000000,0.000000000,9.605609087,9.543103339,29.837190327,1.000000000
POINT0.MATRIX2=0.862307788,-0.506384517,0.000000000,0.000000000,0.506384517,0.862307788,0.000000000,0.000000000,-0.000000000,-0.000000000,1.000000000,0.000000000,10.091745950,9.426931262,29.837190327,1.000000000
POINT0.MATRIX3=0.862307788,-0.506384517,0.000000000,0.000000000,0.506384517,0.862307788,0.000000000,0.000000000,-0.000000000,-0.000000000,1.000000000,0.000000000,9.882134646,8.699264276,29.344880995,1.000000000
POINT1.BLHA=28.57953661,113.48279374,260.581,480.423303
POINT1.MATRIX0=0.862307788,-0.506384517,0.000000000,0.000000000,0.506384517,0.862307788,0.000000000,0.000000000,-0.000000000,-0.000000000,1.000000000,0.000000000,8.855636410,-8.873931033,28.764347491,1.000000000
POINT1.MATRIX1=0.862307788,-0.506384517,0.000000000,0.000000000,0.506384517,0.862307788,0.000000000,0.000000000,-0.000000000,-0.000000000,1.000000000,0.000000000,9.005214581,-9.651305072,29.200853285,1.000000000
POINT1.MATRIX2=0.862307788,-0.506384517,0.000000000,0.000000000,0.506384517,0.862307788,0.000000000,0.000000000,-0.000000000,-0.000000000,1.000000000,0.000000000,9.492343863,-9.535331445,29.200853285,1.000000000
POINT1.MATRIX3=0.862307788,-0.506384517,0.000000000,0.000000000,0.506384517,0.862307788,0.000000000,0.000000000,-0.000000000,-0.000000000,1.000000000,0.000000000,9.342097386,-8.758131197,28.764347491,1.000000000
