OBJECTMODELPOINTER=33777c94-e4b9-4947-906f-f84480f3cb99.dev
BASEFAMILY=79a2dadb-c7ec-400e-bf2c-80326a3c591e.fam
BLHA=28.47949059,113.41307678,290.814083,229.813402
TRANSFORMMATRIX=-0.000946384,-0.999999551,0.000050070,0.000000000,0.999999552,-0.000946384,-0.000001625,0.000000000,0.000001672,0.000050069,0.999999999,0.000000000,11.468827804,318.663307897,39.743525010,1.000000000
ENTITYNAME=Wire_Device
