OBJECTMODELPOINTER=33777c94-e4b9-4947-906f-f84480f3cb99.dev
BASEFAMILY=79a6e7cf-f79c-4666-a852-f9693a7551b0.fam
BLHA=28.46166988,113.39860583,270.672858,242.026912
TRANSFORMMATRIX=-0.000001281,-1.000000000,0.000004917,0.000000000,1.000000000,-0.000001281,0.000000039,0.000000000,-0.000000039,0.000004917,1.000000000,0.000000000,-0.182382350,31.260513667,25.337289405,1.000000000
ENTITYNAME=Wire_Device
