OBJECTMODELPOINTER=33777c94-e4b9-4947-906f-f84480f3cb99.dev
BASEFAMILY=79b98bea-fc88-4e59-aa62-8787cec613fe.fam
BLHA=28.50469488,113.45163258,174.515783,200.251669
TRANSFORMMATRIX=-0.011342148,-0.999935674,0.000051998,0.000000000,0.999935676,-0.011342148,-0.000000853,0.000000000,0.000001443,0.000051985,0.999999999,0.000000000,9.727041460,331.638338503,21.632817290,1.000000000
ENTITYNAME=Wire_Device
