OBJECTMODELPOINTER=33777c94-e4b9-4947-906f-f84480f3cb99.dev
BASEFAMILY=79d44232-234d-425c-826f-baad59217e00.fam
BLHA=28.56585701,113.49736639,238.961591,312.996987
TRANSFORMMATRIX=0.001561013,-0.999998781,0.000025134,0.000000000,0.999998782,0.001561013,-0.000002052,0.000000000,0.000002013,0.000025138,1.000000000,0.000000000,12.401168384,159.979689350,24.877353959,1.000000000
ENTITYNAME=Wire_Device
