OBJECTMODELPOINTER=33777c94-e4b9-4947-906f-f84480f3cb99.dev
BASEFAMILY=79e42e1b-7c33-45fc-89cd-ad54d9653d43.fam
BLHA=28.26907527,113.47529619,67.190721,514.001895
TRANSFORMMATRIX=-0.372198143,0.928153297,0.000005757,0.000000000,-0.928153297,-0.372198143,-0.000001660,0.000000000,0.000000603,-0.000005961,1.000000000,0.000000000,3.905663968,-38.017309417,36.286549374,1.000000000
ENTITYNAME=Wire_Device
