OBJECTMODELPOINTER=5dfd12e5-a4e8-4702-ac6e-bb7df1ab52ed.dev
BASEFAMILY=79ff323b-594c-47ea-afa3-1e58e028de01.fam
TRANSFORMMATRIX=-0.011612125,-0.060365066,-0.998108975,0.000000000,0.981998031,-0.188890336,0.000001231,0.000000000,-0.188532214,-0.980141240,0.061471578,0.000000000,-10.000000000,1.171500000,30.000000000,1.000000000
ENTITYNAME=Tower_Device
