OBJECTMODELPOINTER=33777c94-e4b9-4947-906f-f84480f3cb99.dev
BASEFAMILY=7a009ff2-cd49-4b93-a67e-7758f054e2af.fam
BLHA=28.80183094,113.50568524,205.477677,227.348291
TRANSFORMMATRIX=0.013224466,-0.999912552,0.000046029,0.000000000,0.999912553,0.013224466,-0.000001554,0.000000000,0.000000945,0.000046046,0.999999999,0.000000000,6.772310767,293.122063812,32.883182454,1.000000000
ENTITYNAME=Wire_Device
