OBJECTMODELPOINTER=33777c94-e4b9-4947-906f-f84480f3cb99.dev
BASEFAMILY=7a0a93a7-b993-4265-a7cf-1fd139947858.fam
BLHA=28.75811652,113.46436186,140.284510,236.227775
TRANSFORMMATRIX=0.000964488,-0.999999534,0.000030514,0.000000000,0.999999535,0.000964488,0.000002207,0.000000000,-0.000002237,0.000030513,0.999999999,0.000000000,-13.791593914,194.036442406,7.411404564,1.000000000
ENTITYNAME=Wire_Device
