OBJECTMODELPOINTER=33777c94-e4b9-4947-906f-f84480f3cb99.dev
BASEFAMILY=7a2086f5-110d-4183-835e-f3a342a07b1a.fam
BLHA=28.77096466,113.47401910,153.559218,236.227775
TRANSFORMMATRIX=0.001723495,-0.999998515,0.000015561,0.000000000,0.999998515,0.001723495,0.000002103,0.000000000,-0.000002130,0.000015557,1.000000000,0.000000000,-13.338139842,98.922032501,22.506798119,1.000000000
ENTITYNAME=Wire_Device
