OBJECTMODELPOINTER=33777c94-e4b9-4947-906f-f84480f3cb99.dev
BASEFAMILY=7a290034-4aef-476a-8c61-177e2f41ff2c.fam
BLHA=28.46688419,113.40170203,216.340862,242.026912
TRANSFORMMATRIX=0.001851694,-0.999998282,0.000086158,0.000000000,0.999998286,0.001851694,-0.000001574,0.000000000,0.000001414,0.000086161,0.999999996,0.000000000,10.198764865,547.785742196,56.176093752,1.000000000
ENTITYNAME=Wire_Device
