ENTITYNAME=WIRE
BASEFAMILY=7a290b55-52e2-4b3b-b43f-d49abfc9d82f.fam
OBJECTMODELPOINTER=81b82497-164d-48c0-b1cb-18fa700dacdf.dev
KVALUE=0.000000
SPLIT=4
POINT0.BLHA=28.63586389,113.46501767,148.650,277.610658
POINT0.MATRIX0=-0.991190922,0.132440763,-0.000000000,0.000000000,-0.132440763,-0.991190922,0.000000000,0.000000000,0.000000000,0.000000000,1.000000000,0.000000000,12.095005340,-0.001346269,36.999996658,1.000000000
POINT0.MATRIX1=-0.991190922,0.132440763,-0.000000000,0.000000000,-0.132440763,-0.991190922,0.000000000,0.000000000,0.000000000,0.000000000,1.000000000,0.000000000,12.095005340,-0.001346269,37.450008866,1.000000000
POINT0.MATRIX2=-0.991190922,0.132440763,-0.000000000,0.000000000,-0.132440763,-0.991190922,0.000000000,0.000000000,0.000000000,0.000000000,1.000000000,0.000000000,11.645146145,0.001618921,37.450008865,1.000000000
POINT0.MATRIX3=-0.991190922,0.132440763,-0.000000000,0.000000000,-0.132440763,-0.991190922,0.000000000,0.000000000,0.000000000,0.000000000,1.000000000,0.000000000,11.645146145,0.001618921,36.999996657,1.000000000
POINT1.BLHA=28.63586389,113.46501767,148.650,277.610658
POINT1.MATRIX0=-0.991190922,0.132440763,-0.000000000,0.000000000,-0.132440763,-0.991190922,0.000000000,0.000000000,0.000000000,0.000000000,1.000000000,0.000000000,12.095810858,0.108646845,36.999996658,1.000000000
POINT1.MATRIX1=-0.991190922,0.132440763,-0.000000000,0.000000000,-0.132440763,-0.991190922,0.000000000,0.000000000,0.000000000,0.000000000,1.000000000,0.000000000,12.095810858,0.108646845,37.450008865,1.000000000
POINT1.MATRIX2=-0.991190922,0.132440763,-0.000000000,0.000000000,-0.132440763,-0.991190922,0.000000000,0.000000000,0.000000000,0.000000000,1.000000000,0.000000000,11.645951663,0.111612035,37.450008865,1.000000000
POINT1.MATRIX3=-0.991190922,0.132440763,-0.000000000,0.000000000,-0.132440763,-0.991190922,0.000000000,0.000000000,0.000000000,0.000000000,1.000000000,0.000000000,11.645951663,0.111612035,36.999996658,1.000000000
