OBJECTMODELPOINTER=33777c94-e4b9-4947-906f-f84480f3cb99.dev
BASEFAMILY=7a4faf04-e6f7-4afa-93d6-7b0ae05d5936.fam
BLHA=28.26907527,113.47529619,67.190721,514.001895
TRANSFORMMATRIX=-0.340182070,0.940359590,0.000000031,0.000000000,-0.940359590,-0.340182070,-0.000002005,0.000000000,-0.000001874,-0.000000712,1.000000000,0.000000000,-11.905262966,-4.511083620,42.776311546,1.000000000
ENTITYNAME=Wire_Device
