OBJECTMODELPOINTER=094bbf14-b5e2-412b-9c5e-a1345e9c1d39.dev
BASEFAMILY=7a636c30-f047-4876-a243-da4ffe7972d4.fam
TRANSFORMMATRIX=-0.999996181,0.002763686,-0.000000003,0.000000000,-0.002763688,-0.999996181,0.000000000,0.000000000,-0.000000000,0.000000000,1.000000000,0.000000000,10.610000000,-0.325000000,55.000000000,1.000000000
ENTITYNAME=Tower_Device
