OBJECTMODELPOINTER=54db7d8b-0705-436c-85dc-ed04116d9653.dev
BASEFAMILY=7a655952-3b7a-4edc-8bd7-4a41baf97735.fam
TRANSFORMMATRIX=-0.001446094,-0.009740587,-0.999951473,0.000000000,0.989148264,-0.146921044,-0.000000706,0.000000000,-0.146914421,-0.989100175,0.009848683,0.000000000,-5.500000000,0.900000000,44.000000000,1.000000000
ENTITYNAME=Tower_Device
