OBJECTMODELPOINTER=0e13ef59-3f42-404e-9870-cf1b2ce01ca1.dev
BASEFAMILY=7a7a0cf6-fd85-4190-9952-42fe34be7a6a.fam
TRANSFORMMATRIX=0.958045202,-0.253910634,-0.132962295,0.000000000,0.217022946,0.339619703,0.915182663,0.000000000,-0.187217933,-0.905642284,0.380475360,0.000000000,1.469277109,1.469277109,37.000000000,1.000000000
ENTITYNAME=Tower_Device
