OBJECTMODELPOINTER=33777c94-e4b9-4947-906f-f84480f3cb99.dev
BASEFAMILY=7a8d59be-f7a6-43e7-a850-68ba1c0a7089.fam
BLHA=28.79669223,113.49966037,193.055862,221.400685
TRANSFORMMATRIX=-0.000033245,-0.999999996,0.000084119,0.000000000,0.999999999,-0.000033245,0.000000576,0.000000000,-0.000000574,0.000084119,0.999999996,0.000000000,-2.279039600,535.739662796,44.645723758,1.000000000
ENTITYNAME=Wire_Device
