OBJECTMODELPOINTER=807cab8b-2a5d-4f6d-b57f-a151de41b4ca.dev
BASEFAMILY=7a9a1913-1ead-4c6f-90d2-c4fcdb15460b.fam
TRANSFORMMATRIX=-0.999983008,0.005829667,-0.000000007,0.000000000,-0.005829672,-0.999983006,0.000000001,0.000000000,-0.000000000,-0.000000000,1.000000000,0.000000000,-9.870000001,0.000000000,55.000000000,1.000000000
ENTITYNAME=Tower_Device
