OBJECTMODELPOINTER=33777c94-e4b9-4947-906f-f84480f3cb99.dev
BASEFAMILY=7a9cd93a-63ee-4f70-8807-2357f12f1a7c.fam
BLHA=28.69273331,113.45654991,185.538391,277.425083
TRANSFORMMATRIX=-0.004094658,-0.999991616,0.000027911,0.000000000,0.999991617,-0.004094658,-0.000001751,0.000000000,0.000001866,0.000027904,1.000000000,0.000000000,11.788116353,177.204953092,22.245745218,1.000000000
ENTITYNAME=Wire_Device
