OBJECTMODELPOINTER=33777c94-e4b9-4947-906f-f84480f3cb99.dev
BASEFAMILY=7aa594f6-67b5-419c-8232-f4490f5aaf42.fam
BLHA=28.29509828,113.44289412,61.743516,287.794387
TRANSFORMMATRIX=0.000006818,-0.999999999,0.000048526,0.000000000,1.000000000,0.000006818,-0.000000981,0.000000000,0.000000981,0.000048526,0.999999999,0.000000000,5.789135380,308.274044621,11.935240624,1.000000000
ENTITYNAME=Wire_Device
