OBJECTMODELPOINTER=33777c94-e4b9-4947-906f-f84480f3cb99.dev
BASEFAMILY=7aac3371-19db-4045-aeee-c965d02378e2.fam
BLHA=28.77096466,113.47401910,153.559218,236.227775
TRANSFORMMATRIX=0.001710112,-0.999998536,0.000059974,0.000000000,0.999998538,0.001710113,0.000002406,0.000000000,-0.000002509,0.000059970,0.999999998,0.000000000,-15.074088816,381.400237756,3.445230556,1.000000000
ENTITYNAME=Wire_Device
