OBJECTMODELPOINTER=6c7ff057-eb8a-47a7-84bd-91c6f9ab6cc1.dev
BASEFAMILY=7aadd394-3569-432d-bb78-8d412d2d4241.fam
TRANSFORMMATRIX=-0.999953830,0.009609190,-0.000000011,0.000000000,-0.009609197,-0.999953831,-0.000000002,0.000000000,0.000000000,0.000000000,1.000000000,0.000000000,9.870000000,0.310000000,49.000000000,1.000000000
ENTITYNAME=Tower_Device
