OBJECTMODELPOINTER=33777c94-e4b9-4947-906f-f84480f3cb99.dev
BASEFAMILY=7ac090f6-6df8-41cd-8ccf-c6ed005356f4.fam
BLHA=28.51174980,113.46636581,279.463297,210.734491
TRANSFORMMATRIX=0.002230146,-0.999997510,0.000082380,0.000000000,0.999997513,0.002230146,0.000000340,0.000000000,-0.000000524,0.000082379,0.999999997,0.000000000,-2.137153202,525.126335095,-5.410187440,1.000000000
ENTITYNAME=Wire_Device
