OBJECTMODELPOINTER=1057c60c-bdc6-4918-a36d-2fbc49fc1140.dev
BASEFAMILY=7ad9ee5e-8861-4703-b677-523d69d57471.fam
TRANSFORMMATRIX=0.000000457,-1.000000116,-0.000000128,0.000000000,0.999999884,-0.000000338,-0.000001639,0.000000000,-0.000000000,0.000000000,1.000000000,0.000000000,11.870000000,-0.600000000,39.000000000,1.000000000
ENTITYNAME=Tower_Device
