OBJECTMODELPOINTER=33777c94-e4b9-4947-906f-f84480f3cb99.dev
BASEFAMILY=7adb963c-2b24-4a75-be71-030ed0d9c995.fam
BLHA=28.80183094,113.50568524,205.477677,227.348291
TRANSFORMMATRIX=0.013235274,-0.999912410,0.000016363,0.000000000,0.999912410,0.013235274,-0.000001754,0.000000000,0.000001537,0.000016385,1.000000000,0.000000000,10.057488700,104.324225905,32.180555795,1.000000000
ENTITYNAME=Wire_Device
