OBJECTMODELPOINTER=631c6b25-a8ce-4391-8363-2daacc4dd1c4.dev
BASEFAMILY=7af8cb9b-e1ab-4952-9801-7b972952a246.fam
TRANSFORMMATRIX=-0.999999150,-0.001304191,-0.000000001,0.000000000,0.001304191,-0.999999149,-0.000000001,0.000000000,-0.000000000,0.000000000,1.000000000,0.000000000,-11.500000000,0.000000000,79.099999999,1.000000000
ENTITYNAME=Tower_Device
