OBJECTMODELPOINTER=33777c94-e4b9-4947-906f-f84480f3cb99.dev
BASEFAMILY=7b1476ef-24c7-436f-9349-9baee246f143.fam
BLHA=28.32854622,113.36798434,68.151851,482.460958
TRANSFORMMATRIX=-0.106454233,0.994317602,0.000054970,0.000000000,-0.994317603,-0.106454233,-0.000001040,0.000000000,0.000004818,-0.000054769,0.999999998,0.000000000,31.530777262,-348.370912219,14.948507832,1.000000000
ENTITYNAME=Wire_Device
