OBJECTMODELPOINTER=33777c94-e4b9-4947-906f-f84480f3cb99.dev
BASEFAMILY=7b1e4b6c-be3f-40b5-8e60-52f581ce7100.fam
BLHA=28.28033977,113.46346380,83.899072,326.450928
TRANSFORMMATRIX=-0.237782973,-0.971318309,0.000017178,0.000000000,0.971318309,-0.237782973,-0.000001086,0.000000000,0.000005139,0.000016427,1.000000000,0.000000000,32.434522296,104.610035041,54.175908021,1.000000000
ENTITYNAME=Wire_Device
