OBJECTMODELPOINTER=33777c94-e4b9-4947-906f-f84480f3cb99.dev
BASEFAMILY=7b22960a-abed-4718-b054-789a445caf10.fam
BLHA=28.49713910,113.43191399,298.003064,224.957371
TRANSFORMMATRIX=-0.000001350,-1.000000000,0.000005536,0.000000000,1.000000000,-0.000001350,0.000000044,0.000000000,-0.000000044,0.000005536,1.000000000,0.000000000,-0.191972495,35.246526040,40.983866617,1.000000000
ENTITYNAME=Wire_Device
