OBJECTMODELPOINTER=33777c94-e4b9-4947-906f-f84480f3cb99.dev
BASEFAMILY=7b283c06-3df7-4d43-b35e-03c761a5b873.fam
BLHA=28.71568525,113.45475484,179.580025,274.089521
TRANSFORMMATRIX=-0.033346629,-0.999443847,-0.000000060,0.000000000,0.999443847,-0.033346629,-0.000001401,0.000000000,0.000001398,-0.000000106,1.000000000,0.000000000,8.922524403,-0.678234443,25.250513424,1.000000000
ENTITYNAME=Wire_Device
