OBJECTMODELPOINTER=33777c94-e4b9-4947-906f-f84480f3cb99.dev
BASEFAMILY=7b28e58c-9683-465d-bbee-b01c61714a7a.fam
BLHA=28.64054809,113.46428400,121.846877,277.610658
TRANSFORMMATRIX=-0.002767501,-0.999996170,0.000004950,0.000000000,0.999996170,-0.002767501,0.000002106,0.000000000,-0.000002092,0.000004956,1.000000000,0.000000000,-13.374034762,31.483097740,50.002005453,1.000000000
ENTITYNAME=Wire_Device
