OBJECTMODELPOINTER=33777c94-e4b9-4947-906f-f84480f3cb99.dev
BASEFAMILY=7b43167d-11d6-42fe-ab30-a39f7e6759f5.fam
BLHA=28.51626918,113.47488562,373.286539,210.734491
TRANSFORMMATRIX=0.005815255,-0.999983091,0.000025019,0.000000000,0.999983091,0.005815255,0.000002034,0.000000000,-0.000002180,0.000025006,1.000000000,0.000000000,-13.495840200,159.379039071,31.886417190,1.000000000
ENTITYNAME=Wire_Device
