OBJECTMODELPOINTER=33777c94-e4b9-4947-906f-f84480f3cb99.dev
BASEFAMILY=7b64d6d8-48d3-47da-a00e-8529c3998d68.fam
BLHA=28.31435017,113.39267151,117.559440,4.996372
TRANSFORMMATRIX=0.000017782,-0.999999999,0.000028185,0.000000000,1.000000000,0.000017782,-0.000000936,0.000000000,0.000000936,0.000028186,1.000000000,0.000000000,6.020900623,179.906675549,43.182478888,1.000000000
ENTITYNAME=Wire_Device
