OBJECTMODELPOINTER=33777c94-e4b9-4947-906f-f84480f3cb99.dev
BASEFAMILY=7b6a2ee8-9949-4ce7-a254-51ec0cdb41f7.fam
BLHA=28.29096601,113.44441625,53.539724,287.794387
TRANSFORMMATRIX=0.006128330,-0.999981221,0.000016599,0.000000000,0.999981222,0.006128330,0.000001535,0.000000000,-0.000001637,0.000016590,1.000000000,0.000000000,-10.603571784,105.409126117,42.418286864,1.000000000
ENTITYNAME=Wire_Device
