OBJECTMODELPOINTER=33777c94-e4b9-4947-906f-f84480f3cb99.dev
BASEFAMILY=7b6b1d7a-7bf3-4867-8fd3-b1e3e81d9eca.fam
BLHA=28.29509828,113.44289412,61.743516,287.794387
TRANSFORMMATRIX=0.000002036,-1.000000000,0.000004558,0.000000000,1.000000000,0.000002036,0.000001499,0.000000000,-0.000001499,0.000004558,1.000000000,0.000000000,-9.607316137,28.972297773,43.339331678,1.000000000
ENTITYNAME=Wire_Device
