OBJECTMODELPOINTER=33777c94-e4b9-4947-906f-f84480f3cb99.dev
BASEFAMILY=7b6c22d4-3170-4d77-a3b7-8c628c8c0f0d.fam
BLHA=28.41408598,113.37463405,174.728080,254.006183
TRANSFORMMATRIX=-0.000000790,-1.000000000,0.000004331,0.000000000,1.000000000,-0.000000790,0.000002116,0.000000000,-0.000002116,0.000004331,1.000000000,0.000000000,-13.462734336,27.494090123,50.780383193,1.000000000
ENTITYNAME=Wire_Device
