OBJECTMODELPOINTER=33777c94-e4b9-4947-906f-f84480f3cb99.dev
BASEFAMILY=7b6eb670-30b8-41c0-add9-60666e97af73.fam
BLHA=28.32529000,113.37096013,66.626202,509.137564
TRANSFORMMATRIX=-0.397898315,0.917429524,0.000017657,0.000000000,-0.917429524,-0.397898315,-0.000001207,0.000000000,0.000005918,-0.000016679,1.000000000,0.000000000,37.875456142,-106.402530496,22.867452765,1.000000000
ENTITYNAME=Wire_Device
