OBJECTMODELPOINTER=33777c94-e4b9-4947-906f-f84480f3cb99.dev
BASEFAMILY=7b7d30b3-2739-46bb-ad9d-94cddb183d81.fam
BLHA=28.28033977,113.46346380,83.899072,326.450928
TRANSFORMMATRIX=-0.242478495,-0.970156781,0.000016706,0.000000000,0.970156781,-0.242478495,0.000001598,0.000000000,0.000002500,0.000016595,1.000000000,0.000000000,15.647245276,105.718316943,30.322640477,1.000000000
ENTITYNAME=Wire_Device
