OBJECTMODELPOINTER=33777c94-e4b9-4947-906f-f84480f3cb99.dev
BASEFAMILY=7b89690b-f423-4e66-b8a3-b960e1126270.fam
BLHA=28.31498130,113.40038482,72.539572,2.946268
TRANSFORMMATRIX=0.151030305,-0.988529133,0.000000478,0.000000000,0.988529133,0.151030305,-0.000001709,0.000000000,0.000001617,0.000000731,1.000000000,0.000000000,10.272639698,4.663613416,31.397902157,1.000000000
ENTITYNAME=Wire_Device
