OBJECTMODELPOINTER=04a1a744-096b-4b5c-a46a-b912b07a1a05.dev
BASEFAMILY=7b8a2873-5de7-4f74-ae60-c6eda0b92519.fam
TRANSFORMMATRIX=0.011145284,-0.999938221,-0.000000644,0.000000000,0.999937564,0.011144780,-0.000001523,0.000000000,0.000000000,-0.000000000,1.000000000,0.000000000,-11.870000000,0.599999999,47.999999999,1.000000000
ENTITYNAME=Tower_Device
