OBJECTMODELPOINTER=33777c94-e4b9-4947-906f-f84480f3cb99.dev
BASEFAMILY=7b975363-e92e-4078-af50-fcc2367156d0.fam
BLHA=28.52337409,113.48828309,330.016596,210.734491
TRANSFORMMATRIX=-0.006890921,-0.999976257,0.000040906,0.000000000,0.999976257,-0.006890921,-0.000000910,0.000000000,0.000001192,0.000040899,0.999999999,0.000000000,8.173323876,260.735741656,11.361229267,1.000000000
ENTITYNAME=Wire_Device
