ENTITYNAME=WIRE
BASEFAMILY=7b978cf9-bca7-4993-8338-155f5dab0f1a.fam
OBJECTMODELPOINTER=31970f28-780e-4bf1-8adb-439f78c329a3.dev
KVALUE=0.000237
SPLIT=1
POINT0.BLHA=28.67276970,113.45923535,192.994,456.641966
POINT0.MATRIX0=0.993288314,-0.115664713,-0.000000000,0.000000000,0.115664713,0.993288314,-0.000000000,0.000000000,0.000000000,-0.000000000,1.000000000,0.000000000,-5.496680383,-1.556410225,43.894536777,1.000000000
POINT1.BLHA=28.66842498,113.45991630,145.503,277.610658
POINT1.MATRIX0=-0.991190922,0.132440763,0.000000000,0.000000000,-0.132440763,-0.991190922,-0.000000000,0.000000000,-0.000000000,0.000000000,1.000000000,0.000000000,11.321633169,-0.310513006,69.558003947,1.000000000
