OBJECTMODELPOINTER=33777c94-e4b9-4947-906f-f84480f3cb99.dev
BASEFAMILY=7b9cead8-7961-4ddc-b4c9-f427cd1c3a6c.fam
BLHA=28.60189794,113.47276867,201.465001,294.633001
TRANSFORMMATRIX=0.006094954,-0.999981426,0.000013502,0.000000000,0.999981426,0.006094954,0.000001894,0.000000000,-0.000001976,0.000013490,1.000000000,0.000000000,-12.769881645,85.767332023,34.340138439,1.000000000
ENTITYNAME=Wire_Device
