OBJECTMODELPOINTER=33777c94-e4b9-4947-906f-f84480f3cb99.dev
BASEFAMILY=7bab6273-638c-481e-a9f8-02797132e9a3.fam
BLHA=28.27407839,113.47004129,94.944746,312.669055
TRANSFORMMATRIX=-0.001225272,-0.999999249,0.000029427,0.000000000,0.999999249,-0.001225272,-0.000000963,0.000000000,0.000000998,0.000029426,1.000000000,0.000000000,5.873077940,187.283450835,38.536514667,1.000000000
ENTITYNAME=Wire_Device
