OBJECTMODELPOINTER=33777c94-e4b9-4947-906f-f84480f3cb99.dev
BASEFAMILY=7baf08d0-515a-41e0-b1f6-11d9f100d8a5.fam
BLHA=28.52957493,113.49997928,454.520911,210.734491
TRANSFORMMATRIX=-0.000015334,-0.999999999,0.000036534,0.000000000,1.000000000,-0.000015334,0.000002103,0.000000000,-0.000002102,0.000036534,0.999999999,0.000000000,-12.841338103,232.865907968,3.739549411,1.000000000
ENTITYNAME=Wire_Device
