OBJECTMODELPOINTER=33777c94-e4b9-4947-906f-f84480f3cb99.dev
BASEFAMILY=7bb774d5-1f32-4b07-8785-00f83976718d.fam
BLHA=28.41408598,113.37463405,174.728080,254.006183
TRANSFORMMATRIX=-0.000003581,-1.000000000,0.000025955,0.000000000,1.000000000,-0.000003581,-0.000001918,0.000000000,0.000001918,0.000025954,1.000000000,0.000000000,12.463200445,164.896250192,36.974689204,1.000000000
ENTITYNAME=Wire_Device
