OBJECTMODELPOINTER=33777c94-e4b9-4947-906f-f84480f3cb99.dev
BASEFAMILY=7bcb7d4c-cbcc-4700-a47b-1dd797e07b41.fam
BLHA=28.31523299,113.41422428,48.000024,0.896163
TRANSFORMMATRIX=0.000023293,-0.999999999,0.000046741,0.000000000,1.000000000,0.000023292,-0.000000905,0.000000000,0.000000904,0.000046741,0.999999999,0.000000000,5.763334077,298.349443227,26.973688725,1.000000000
ENTITYNAME=Wire_Device
