OBJECTMODELPOINTER=33777c94-e4b9-4947-906f-f84480f3cb99.dev
BASEFAMILY=7be8f6d7-bae4-4749-a519-5aa6526d4946.fam
BLHA=28.79669223,113.49966037,193.055862,221.400685
TRANSFORMMATRIX=-0.000024872,-0.999999998,0.000060861,0.000000000,1.000000000,-0.000024872,-0.000001586,0.000000000,0.000001588,0.000060861,0.999999998,0.000000000,11.099432051,387.645290694,21.990438097,1.000000000
ENTITYNAME=Wire_Device
