OBJECTMODELPOINTER=13a78437-ad2c-452a-8fd1-0733d19ccb25.dev
BASEFAMILY=7c08bd5f-5d29-4498-ada5-f4deaf932a14.fam
TRANSFORMMATRIX=-1.000000000,0.000000000,0.000000000,0.000000000,-0.000000000,-1.000000000,0.000000000,0.000000000,0.000000000,-0.000000000,1.000000000,0.000000000,4.736974887,4.736824707,0.000007165,1.000000000
ENTITYNAME=Tower_Device
