ENTITYNAME=WIRE
BASEFAMILY=7c087157-9403-4a98-b6b3-71f8afc127c0.fam
OBJECTMODELPOINTER=81b82497-164d-48c0-b1cb-18fa700dacdf.dev
KVALUE=0.000000
SPLIT=4
POINT0.BLHA=28.33182616,113.36613124,59.967,296.260490
POINT0.MATRIX0=-0.896791752,0.442452882,-0.000000000,0.000000000,-0.442452882,-0.896791752,-0.000000000,0.000000000,0.000000000,-0.000000000,1.000000000,0.000000000,12.095218507,-0.597307378,43.741097307,1.000000000
POINT0.MATRIX1=-0.896791752,0.442452882,-0.000000000,0.000000000,-0.442452882,-0.896791752,-0.000000000,0.000000000,0.000000000,-0.000000000,1.000000000,0.000000000,12.095218507,-0.597307378,44.191094254,1.000000000
POINT0.MATRIX2=-0.896791752,0.442452882,-0.000000000,0.000000000,-0.442452882,-0.896791752,-0.000000000,0.000000000,0.000000000,-0.000000000,1.000000000,0.000000000,11.645402482,-0.601882134,44.191094255,1.000000000
POINT0.MATRIX3=-0.896791752,0.442452882,-0.000000000,0.000000000,-0.442452882,-0.896791752,-0.000000000,0.000000000,0.000000000,-0.000000000,1.000000000,0.000000000,11.645402482,-0.601882134,43.741097307,1.000000000
POINT1.BLHA=28.33182616,113.36613124,59.967,296.260490
POINT1.MATRIX0=-0.896791752,0.442452882,-0.000000000,0.000000000,-0.442452882,-0.896791752,-0.000000000,0.000000000,0.000000000,-0.000000000,1.000000000,0.000000000,12.093956958,-0.477314000,43.741097307,1.000000000
POINT1.MATRIX1=-0.896791752,0.442452882,-0.000000000,0.000000000,-0.442452882,-0.896791752,-0.000000000,0.000000000,0.000000000,-0.000000000,1.000000000,0.000000000,12.093956958,-0.477314000,44.191094254,1.000000000
POINT1.MATRIX2=-0.896791752,0.442452882,-0.000000000,0.000000000,-0.442452882,-0.896791752,-0.000000000,0.000000000,0.000000000,-0.000000000,1.000000000,0.000000000,11.644140933,-0.481888756,44.191094254,1.000000000
POINT1.MATRIX3=-0.896791752,0.442452882,-0.000000000,0.000000000,-0.442452882,-0.896791752,-0.000000000,0.000000000,0.000000000,-0.000000000,1.000000000,0.000000000,11.644140933,-0.481888756,43.741097306,1.000000000
