OBJECTMODELPOINTER=4deca208-eecd-4605-a022-89e8f7582a9b.dev
BASEFAMILY=7c16b5e5-7ca3-476c-9c8d-36a3a59c46f9.fam
TRANSFORMMATRIX=-0.999991736,-0.004064948,0.000000003,0.000000000,0.004064947,-0.999991740,-0.000000004,0.000000000,-0.000000000,0.000000000,1.000000000,0.000000000,11.320000000,-0.320000000,63.999999999,1.000000000
ENTITYNAME=Tower_Device
