OBJECTMODELPOINTER=0e312739-8609-4a3d-966c-75d05d59356d.dev
BASEFAMILY=7c186f4a-19da-40bd-bf36-7bd0e02dbb6a.fam
TRANSFORMMATRIX=1.000000000,0.000000000,0.000000000,0.000000000,0.000000000,1.000000000,-0.000000000,0.000000000,-0.000000000,-0.000000000,1.000000000,0.000000000,-5.396930881,-5.396987690,-0.000003384,1.000000000
ENTITYNAME=Tower_Device
