ENTITYNAME=WIRE
BASEFAMILY=7c30b229-2bbf-4549-9cee-f8d85725959e.fam
OBJECTMODELPOINTER=81b82497-164d-48c0-b1cb-18fa700dacdf.dev
KVALUE=0.000369
SPLIT=4
POINT0.BLHA=28.44044510,113.38600635,302.502,242.026912
POINT0.MATRIX0=-0.883168008,-0.469056788,0.000000000,0.000000000,0.469056788,-0.883168008,0.000000000,0.000000000,0.000000000,0.000000000,1.000000000,0.000000000,0.179890695,0.120169189,34.762687850,1.000000000
POINT0.MATRIX1=-0.883168008,-0.469056788,0.000000000,0.000000000,0.469056788,-0.883168008,0.000000000,0.000000000,0.000000000,0.000000000,1.000000000,0.000000000,0.217459771,0.120218902,35.211141753,1.000000000
POINT0.MATRIX2=-0.883168008,-0.469056788,0.000000000,0.000000000,0.469056788,-0.883168008,0.000000000,0.000000000,0.000000000,0.000000000,1.000000000,0.000000000,-0.230754913,0.119905029,35.248409438,1.000000000
POINT0.MATRIX3=-0.883168008,-0.469056788,0.000000000,0.000000000,0.469056788,-0.883168008,0.000000000,0.000000000,0.000000000,0.000000000,1.000000000,0.000000000,-0.268323989,0.119855316,34.799955534,1.000000000
POINT1.BLHA=28.43802035,113.38456732,303.278,242.026912
POINT1.MATRIX0=-0.883168008,-0.469056788,-0.000000000,0.000000000,0.469056788,-0.883168008,0.000000000,0.000000000,-0.000000000,-0.000000000,1.000000000,0.000000000,0.180110516,-0.120106193,34.762688534,1.000000000
POINT1.MATRIX1=-0.883168008,-0.469056788,-0.000000000,0.000000000,0.469056788,-0.883168008,0.000000000,0.000000000,-0.000000000,-0.000000000,1.000000000,0.000000000,0.217679592,-0.120056479,35.211142438,1.000000000
POINT1.MATRIX2=-0.883168008,-0.469056788,-0.000000000,0.000000000,0.469056788,-0.883168008,0.000000000,0.000000000,-0.000000000,-0.000000000,1.000000000,0.000000000,-0.230535091,-0.120370352,35.248410123,1.000000000
POINT1.MATRIX3=-0.883168008,-0.469056788,-0.000000000,0.000000000,0.469056788,-0.883168008,0.000000000,0.000000000,-0.000000000,-0.000000000,1.000000000,0.000000000,-0.268104168,-0.120420065,34.799956221,1.000000000
