OBJECTMODELPOINTER=33777c94-e4b9-4947-906f-f84480f3cb99.dev
BASEFAMILY=7c4006a8-5fb3-4282-a225-9c8e4f2afe5f.fam
BLHA=28.27160371,113.47264060,64.950919,312.669055
TRANSFORMMATRIX=-0.001753208,-0.999998463,0.000018578,0.000000000,0.999998463,-0.001753208,0.000001312,0.000000000,-0.000001279,0.000018580,1.000000000,0.000000000,-8.451381421,118.286193827,32.702593537,1.000000000
ENTITYNAME=Wire_Device
