ENTITYNAME=WIRE
BASEFAMILY=7c481dd4-502d-4ed5-8bca-ffcd39b616a7.fam
OBJECTMODELPOINTER=81b82497-164d-48c0-b1cb-18fa700dacdf.dev
KVALUE=0.096446
SPLIT=4
POINT0.BLHA=28.28033977,113.46346380,83.899,326.450928
POINT0.MATRIX0=-0.552650983,0.833412797,-0.000000000,0.000000000,-0.833412797,-0.552650983,-0.000000000,0.000000000,-0.000000000,0.000000000,1.000000000,0.000000000,11.639558027,0.000820605,42.790007021,1.000000000
POINT0.MATRIX1=-0.552650983,0.833412797,-0.000000000,0.000000000,-0.833412797,-0.552650983,-0.000000000,0.000000000,-0.000000000,0.000000000,1.000000000,0.000000000,11.639558027,0.000820605,43.240007025,1.000000000
POINT0.MATRIX2=-0.552650983,0.833412797,-0.000000000,0.000000000,-0.833412797,-0.552650983,-0.000000000,0.000000000,-0.000000000,0.000000000,1.000000000,0.000000000,11.189558130,0.000820442,43.240007024,1.000000000
POINT0.MATRIX3=-0.552650983,0.833412797,-0.000000000,0.000000000,-0.833412797,-0.552650983,-0.000000000,0.000000000,-0.000000000,0.000000000,1.000000000,0.000000000,11.189558130,0.000820443,42.790007021,1.000000000
POINT1.BLHA=28.28033977,113.46346380,83.899,326.450928
POINT1.MATRIX0=-0.552650983,0.833412797,-0.000000000,0.000000000,-0.833412797,-0.552650983,-0.000000000,0.000000000,-0.000000000,0.000000000,1.000000000,0.000000000,13.511745779,8.554897101,46.001262289,1.000000000
POINT1.MATRIX1=-0.552650983,0.833412797,-0.000000000,0.000000000,-0.833412797,-0.552650983,-0.000000000,0.000000000,-0.000000000,0.000000000,1.000000000,0.000000000,13.727056979,9.301853672,46.460875373,1.000000000
POINT1.MATRIX2=-0.552650983,0.833412797,-0.000000000,0.000000000,-0.833412797,-0.552650983,-0.000000000,0.000000000,-0.000000000,0.000000000,1.000000000,0.000000000,13.244290561,9.422012641,46.460707526,1.000000000
POINT1.MATRIX3=-0.552650983,0.833412797,-0.000000000,0.000000000,-0.833412797,-0.552650983,-0.000000000,0.000000000,-0.000000000,0.000000000,1.000000000,0.000000000,13.027216875,8.674180276,46.001384359,1.000000000
