OBJECTMODELPOINTER=33777c94-e4b9-4947-906f-f84480f3cb99.dev
BASEFAMILY=7c7059f6-e2a5-49f5-845d-60d4dc4e615c.fam
BLHA=28.34583559,113.36246769,78.593273,278.143009
TRANSFORMMATRIX=0.003873191,-0.999992499,0.000029619,0.000000000,0.999992499,0.003873191,-0.000001954,0.000000000,0.000001839,0.000029627,1.000000000,0.000000000,11.600618224,188.137848750,43.990378129,1.000000000
ENTITYNAME=Wire_Device
