ENTITYNAME=WIRE
BASEFAMILY=7c92ee07-b5e6-4c14-9295-2a2e8123dd13.fam
OBJECTMODELPOINTER=31970f28-780e-4bf1-8adb-439f78c329a3.dev
KVALUE=0.000287
SPLIT=1
POINT0.BLHA=28.50469488,113.45163258,174.516,200.251669
POINT0.MATRIX0=-0.346144382,-0.938181255,0.000000000,0.000000000,0.938181255,-0.346144382,0.000000000,0.000000000,-0.000000000,-0.000000000,1.000000000,0.000000000,5.499915778,-1.359722686,44.069772006,1.000000000
POINT1.BLHA=28.50469488,113.45163258,174.516,200.251669
POINT1.MATRIX0=-0.346144382,-0.938181255,0.000000000,0.000000000,0.938181255,-0.346144382,0.000000000,0.000000000,-0.000000000,-0.000000000,1.000000000,0.000000000,5.505050978,1.363095152,43.956888558,1.000000000
