OBJECTMODELPOINTER=926c32a2-dc51-440a-9440-054e9ddf3fd8.dev
BASEFAMILY=7c9920ec-99a3-4326-bd67-12a0af9f9b82.fam
TRANSFORMMATRIX=-0.004879539,-0.999987749,0.000000864,0.000000000,0.999988438,-0.004880004,-0.000001394,0.000000000,-0.000000000,0.000000000,1.000000000,0.000000000,-13.320000000,-0.599999999,57.000000000,1.000000000
ENTITYNAME=Tower_Device
