OBJECTMODELPOINTER=33777c94-e4b9-4947-906f-f84480f3cb99.dev
BASEFAMILY=7ca12f4f-03a5-49c5-a53c-d89a791fdf7e.fam
BLHA=28.46166988,113.39860583,270.672858,242.026912
TRANSFORMMATRIX=-0.000008960,-0.999999999,0.000035532,0.000000000,1.000000000,-0.000008960,0.000000258,0.000000000,-0.000000257,0.000035531,0.999999999,0.000000000,-1.155951636,225.888493670,14.243622162,1.000000000
ENTITYNAME=Wire_Device
