OBJECTMODELPOINTER=33777c94-e4b9-4947-906f-f84480f3cb99.dev
BASEFAMILY=7ca4c0f8-2573-4916-bf59-025266f3b832.fam
BLHA=28.78468964,113.48433856,117.864116,408.814230
TRANSFORMMATRIX=0.327062521,0.945002702,-0.000000315,0.000000000,-0.945002703,0.327062520,-0.000001414,0.000000000,-0.000001233,0.000000760,1.000000000,0.000000000,-7.840342395,4.820494254,25.617427225,1.000000000
ENTITYNAME=Wire_Device
