OBJECTMODELPOINTER=33777c94-e4b9-4947-906f-f84480f3cb99.dev
BASEFAMILY=7cbb5ada-214e-4460-bf72-0ee3fc97b3ca.fam
BLHA=28.57663112,113.48588937,251.356728,312.996987
TRANSFORMMATRIX=0.000014536,-0.999999999,0.000038323,0.000000000,1.000000000,0.000014536,0.000000065,0.000000000,-0.000000065,0.000038323,0.999999999,0.000000000,-1.046930663,243.950885188,29.180514262,1.000000000
ENTITYNAME=Wire_Device
