OBJECTMODELPOINTER=33777c94-e4b9-4947-906f-f84480f3cb99.dev
BASEFAMILY=7cc8d7c8-cfe9-4bd0-a91d-5845fa25a509.fam
BLHA=28.31402241,113.42375188,48.067305,335.449580
TRANSFORMMATRIX=-0.002288061,-0.999997382,0.000029243,0.000000000,0.999997382,-0.002288061,0.000001678,0.000000000,-0.000001611,0.000029247,1.000000000,0.000000000,-10.605078345,186.539507575,48.521556582,1.000000000
ENTITYNAME=Wire_Device
