OBJECTMODELPOINTER=17aae7b9-ce8f-4dd1-ad95-108f0c6aa472.dev
BASEFAMILY=7cc98422-3c2e-4e64-a9ac-87fb6044df4f.fam
TRANSFORMMATRIX=-0.018258049,0.077693916,-0.996809989,0.000000000,-0.973478291,-0.228779725,0.000000791,0.000000000,-0.228048751,0.970373122,0.079810847,0.000000000,-13.500000000,-0.400000000,67.300000001,1.000000000
ENTITYNAME=Tower_Device
