OBJECTMODELPOINTER=1b66f000-19a7-42fc-b94f-7377f04f4799.dev
BASEFAMILY=7cceb07d-e8c8-4add-903a-2ed954fa9e15.fam
TRANSFORMMATRIX=-0.024305939,-0.120349202,-0.992434146,0.000000000,0.980209977,-0.197959993,0.000000905,0.000000000,-0.196461071,-0.972794128,0.122778790,0.000000000,5.500000000,0.900000000,44.000000000,1.000000000
ENTITYNAME=Tower_Device
