OBJECTMODELPOINTER=33777c94-e4b9-4947-906f-f84480f3cb99.dev
BASEFAMILY=7ccebfcd-0440-46a5-9545-d0cdd2ec43d9.fam
BLHA=28.28240757,113.45687165,86.867380,340.232800
TRANSFORMMATRIX=0.001602577,-0.999998716,0.000005695,0.000000000,0.999998716,0.001602577,0.000001075,0.000000000,-0.000001085,0.000005693,1.000000000,0.000000000,-6.947548359,36.327992790,60.327122962,1.000000000
ENTITYNAME=Wire_Device
