OBJECTMODELPOINTER=33777c94-e4b9-4947-906f-f84480f3cb99.dev
BASEFAMILY=7cda3a69-8b36-4a92-b1a2-e55a102fca2f.fam
BLHA=28.47949059,113.41307678,290.814083,229.813402
TRANSFORMMATRIX=0.000915007,-0.999999581,0.000040071,0.000000000,0.999999581,0.000915007,0.000002297,0.000000000,-0.000002334,0.000040069,0.999999999,0.000000000,-14.211678610,254.960171793,34.014945570,1.000000000
ENTITYNAME=Wire_Device
