OBJECTMODELPOINTER=0e312739-8609-4a3d-966c-75d05d59356d.dev
BASEFAMILY=7cddda9c-ffc6-4cbe-9665-66466eb071e1.fam
TRANSFORMMATRIX=-0.000000000,1.000000000,-0.000000000,0.000000000,-1.000000000,-0.000000000,0.000000000,0.000000000,-0.000000000,-0.000000000,1.000000000,0.000000000,5.066871751,-5.067401143,-0.000001871,1.000000000
ENTITYNAME=Tower_Device
