OBJECTMODELPOINTER=33777c94-e4b9-4947-906f-f84480f3cb99.dev
BASEFAMILY=7ce749a9-f1e3-4557-9e7a-cbecdd47d191.fam
BLHA=28.56928949,113.49371034,236.536103,312.996987
TRANSFORMMATRIX=0.000027621,-0.999999997,0.000075471,0.000000000,1.000000000,0.000027621,-0.000001970,0.000000000,0.000001969,0.000075471,0.999999997,0.000000000,11.290411085,480.390806716,47.496057736,1.000000000
ENTITYNAME=Wire_Device
