OBJECTMODELPOINTER=9d674e5d-29eb-4c1b-889a-75e58c1c5d18.dev
BASEFAMILY=7cf203f9-d17e-44fd-bc60-9f1ea7022174.fam
TRANSFORMMATRIX=-0.011284666,-0.999936059,0.000001569,0.000000000,0.999936600,-0.011284033,-0.000000457,0.000000000,-0.000000000,-0.000000000,1.000000000,0.000000000,-13.320000000,-0.600000000,57.000000000,1.000000000
ENTITYNAME=Tower_Device
