OBJECTMODELPOINTER=0e312739-8609-4a3d-966c-75d05d59356d.dev
BASEFAMILY=7d01a202-a3cd-48ab-917b-d3c971b08ba9.fam
TRANSFORMMATRIX=0.000000000,1.000000000,-0.000000000,0.000000000,-1.000000000,0.000000000,0.000000000,0.000000000,-0.000000000,-0.000000000,1.000000000,0.000000000,5.397076133,-5.397025523,-0.000000725,1.000000000
ENTITYNAME=Tower_Device
