OBJECTMODELPOINTER=33777c94-e4b9-4947-906f-f84480f3cb99.dev
BASEFAMILY=7d03775f-81fd-47ef-9636-7cb879cbc243.fam
BLHA=28.37691435,113.36420413,70.521818,286.379084
TRANSFORMMATRIX=-0.000062105,-0.999999998,0.000005014,0.000000000,0.999999998,-0.000062105,0.000000023,0.000000000,-0.000000023,0.000005013,1.000000000,0.000000000,-0.190904633,31.850136324,36.780868854,1.000000000
ENTITYNAME=Wire_Device
