OBJECTMODELPOINTER=33777c94-e4b9-4947-906f-f84480f3cb99.dev
BASEFAMILY=7d1f9273-f173-4805-9d08-59678745e4f8.fam
BLHA=28.31775016,113.38284517,61.633463,329.270898
TRANSFORMMATRIX=0.001436264,-0.999998968,0.000025818,0.000000000,0.999998969,0.001436264,-0.000001478,0.000000000,0.000001441,0.000025820,1.000000000,0.000000000,8.784912682,164.569993669,45.400019055,1.000000000
ENTITYNAME=Wire_Device
