OBJECTMODELPOINTER=33777c94-e4b9-4947-906f-f84480f3cb99.dev
BASEFAMILY=7d23fac1-3962-4dfc-8a4f-fedd578c22e3.fam
BLHA=28.74846038,113.45710577,102.803547,427.264866
TRANSFORMMATRIX=-0.200716089,0.979649449,0.000096499,0.000000000,-0.979649453,-0.200716090,0.000001654,0.000000000,0.000020989,-0.000094202,0.999999995,0.000000000,132.772558411,-598.434474118,20.342852209,1.000000000
ENTITYNAME=Wire_Device
