OBJECTMODELPOINTER=4894bc64-fd0d-4093-b2c5-75d5b7816038.dev
BASEFAMILY=7d2d26ba-6550-4a7c-817c-d8103e75bf86.fam
TRANSFORMMATRIX=0.006440169,0.999978843,-0.000001131,0.000000000,-0.999979681,0.006440238,-0.000001196,0.000000000,-0.000000000,0.000000000,1.000000000,0.000000000,11.870000000,0.000000000,47.999999999,1.000000000
ENTITYNAME=Tower_Device
