ENTITYNAME=WIRE
BASEFAMILY=7d43d53c-78ca-42bf-ab9f-9f0a5dcd7dc6.fam
OBJECTMODELPOINTER=31970f28-780e-4bf1-8adb-439f78c329a3.dev
KVALUE=0.000207
SPLIT=1
POINT0.BLHA=28.28912608,113.44509395,57.000,477.961117
POINT0.MATRIX0=0.883265993,-0.468872248,0.000000000,0.000000000,0.468872248,0.883265993,-0.000000000,0.000000000,-0.000000000,-0.000000000,1.000000000,0.000000000,12.616342670,-1.053633433,61.302709396,1.000000000
POINT1.BLHA=28.28708442,113.44692142,57.763,308.127846
POINT1.MATRIX0=-0.786635049,0.617418254,0.000000000,0.000000000,-0.617418254,-0.786635049,-0.000000000,0.000000000,-0.000000000,0.000000000,1.000000000,0.000000000,-11.500236789,-0.310510549,78.657996613,1.000000000
