OBJECTMODELPOINTER=33777c94-e4b9-4947-906f-f84480f3cb99.dev
BASEFAMILY=7d468eac-e3ea-4fd0-a8ec-97689b9bf88b.fam
BLHA=28.31510010,113.40690744,78.265120,0.896163
TRANSFORMMATRIX=-0.001501164,-0.999998873,0.000035893,0.000000000,0.999998873,-0.001501164,0.000001315,0.000000000,-0.000001262,0.000035895,0.999999999,0.000000000,-7.986816977,229.121049335,51.245119564,1.000000000
ENTITYNAME=Wire_Device
