OBJECTMODELPOINTER=33777c94-e4b9-4947-906f-f84480f3cb99.dev
BASEFAMILY=7d66137d-2f21-4c60-a949-17e521248279.fam
BLHA=28.48504373,113.41833342,235.006355,407.385386
TRANSFORMMATRIX=-0.027201309,0.999629976,0.000017208,0.000000000,-0.999629976,-0.027201309,-0.000001054,0.000000000,-0.000000585,-0.000017230,1.000000000,0.000000000,-4.009815793,-109.686237189,31.545369332,1.000000000
ENTITYNAME=Wire_Device
