OBJECTMODELPOINTER=870f2277-150f-4405-b0b0-f20c72b2d554.dev
BASEFAMILY=7d7aa7e2-1869-43ef-9ab7-c785a916f810.fam
TRANSFORMMATRIX=0.000000565,1.000000263,-0.000000653,0.000000000,-0.999999737,-0.000000073,0.000001510,0.000000000,0.000000000,-0.000000000,1.000000000,0.000000000,-7.342036586,0.000000000,41.999999999,1.000000000
ENTITYNAME=Tower_Device
