OBJECTMODELPOINTER=33777c94-e4b9-4947-906f-f84480f3cb99.dev
BASEFAMILY=7d8806cf-6122-4bb3-9eaa-4674702d326c.fam
BLHA=28.46688419,113.40170203,216.340862,242.026912
TRANSFORMMATRIX=-0.001883478,-0.999998225,0.000041075,0.000000000,0.999998226,-0.001883478,0.000002481,0.000000000,-0.000002404,0.000041080,0.999999999,0.000000000,-14.761929269,261.128795227,23.708666882,1.000000000
ENTITYNAME=Wire_Device
