OBJECTMODELPOINTER=33777c94-e4b9-4947-906f-f84480f3cb99.dev
BASEFAMILY=7d8b2961-cb43-4d5a-840c-9fb021f65abb.fam
BLHA=28.31515909,113.41015274,70.673124,0.896163
TRANSFORMMATRIX=0.000010820,-1.000000000,0.000015023,0.000000000,1.000000000,0.000010820,0.000001134,0.000000000,-0.000001134,0.000015023,1.000000000,0.000000000,-7.194946452,95.890465680,44.525799578,1.000000000
ENTITYNAME=Wire_Device
