OBJECTMODELPOINTER=33777c94-e4b9-4947-906f-f84480f3cb99.dev
BASEFAMILY=7d8dce02-3296-4f8e-86a8-98f94e1f9c96.fam
BLHA=28.51918695,113.48038702,399.659330,210.734491
TRANSFORMMATRIX=-0.000009043,-1.000000000,0.000017753,0.000000000,1.000000000,-0.000009043,-0.000001749,0.000000000,0.000001749,0.000017753,1.000000000,0.000000000,11.380462048,113.194903126,11.987158222,1.000000000
ENTITYNAME=Wire_Device
