OBJECTMODELPOINTER=6b642272-d043-4c73-a571-22cb52351447.dev
BASEFAMILY=7da01cb7-4568-4309-bda1-3a8b42201fcc.fam
TRANSFORMMATRIX=0.007014258,-0.999975032,0.000001466,0.000000000,0.999975764,0.007014656,-0.000000755,0.000000000,0.000000000,0.000000000,1.000000000,0.000000000,11.870000000,-0.600000000,47.999999999,1.000000000
ENTITYNAME=Tower_Device
