OBJECTMODELPOINTER=33777c94-e4b9-4947-906f-f84480f3cb99.dev
BASEFAMILY=7da8b8c6-80f0-4dc1-8c5a-91e98691a9c3.fam
BLHA=28.54296028,113.51100370,560.594660,255.750198
TRANSFORMMATRIX=-0.000003769,-0.999999999,0.000042016,0.000000000,1.000000000,-0.000003769,-0.000001772,0.000000000,0.000001772,0.000042017,0.999999999,0.000000000,11.641762869,266.920437969,-19.146219653,1.000000000
ENTITYNAME=Wire_Device
