OBJECTMODELPOINTER=7ee0e2e0-0838-48b1-bcd3-305111f1cb58.dev
BASEFAMILY=7da97cb9-5321-4ff1-9097-5c44d39f8946.fam
TRANSFORMMATRIX=0.000000656,1.000000180,0.000000467,0.000000000,-0.999999820,-0.000000090,-0.000001577,0.000000000,-0.000000000,-0.000000000,1.000000000,0.000000000,-12.000000000,0.000000000,29.999999999,1.000000000
ENTITYNAME=Tower_Device
