OBJECTMODELPOINTER=33777c94-e4b9-4947-906f-f84480f3cb99.dev
BASEFAMILY=7dad5f3d-3f60-41e8-aecb-27b75c9c532d.fam
BLHA=28.46688419,113.40170203,216.340862,242.026912
TRANSFORMMATRIX=0.001868595,-0.999998254,0.000018553,0.000000000,0.999998254,0.001868595,-0.000002056,0.000000000,0.000002022,0.000018557,1.000000000,0.000000000,13.143335463,118.002490498,30.271029246,1.000000000
ENTITYNAME=Wire_Device
