OBJECTMODELPOINTER=33777c94-e4b9-4947-906f-f84480f3cb99.dev
BASEFAMILY=7db18614-f5c7-48b1-8c39-bd5e47b07377.fam
BLHA=28.50469488,113.45163258,174.515783,200.251669
TRANSFORMMATRIX=-0.059143907,-0.998249467,-0.000000233,0.000000000,0.998249467,-0.059143907,-0.000001225,0.000000000,0.000001210,-0.000000304,1.000000000,0.000000000,7.682390102,-1.930366915,26.229335556,1.000000000
ENTITYNAME=Wire_Device
