OBJECTMODELPOINTER=33777c94-e4b9-4947-906f-f84480f3cb99.dev
BASEFAMILY=7db6035e-138f-4e98-9d59-33bffee8ab69.fam
BLHA=28.76146332,113.46687719,133.774448,236.227775
TRANSFORMMATRIX=-0.001948784,-0.999998100,0.000040575,0.000000000,0.999998101,-0.001948784,-0.000001584,0.000000000,0.000001663,0.000040572,0.999999999,0.000000000,11.213654247,258.083854301,25.697740402,1.000000000
ENTITYNAME=Wire_Device
