OBJECTMODELPOINTER=33777c94-e4b9-4947-906f-f84480f3cb99.dev
BASEFAMILY=7db679af-3ed7-4c75-a3ca-403240fd404f.fam
BLHA=28.28149698,113.45977476,95.758412,340.232800
TRANSFORMMATRIX=-0.001563514,-0.999998777,0.000029153,0.000000000,0.999998778,-0.001563514,-0.000001155,0.000000000,0.000001200,0.000029150,1.000000000,0.000000000,7.322687299,185.947703793,22.184344157,1.000000000
ENTITYNAME=Wire_Device
