OBJECTMODELPOINTER=3ab36953-0762-4075-8ef8-ca5be53897ef.dev
BASEFAMILY=7dca572e-d534-40f4-bb5f-d64c216469a7.fam
TRANSFORMMATRIX=-0.999999786,0.000654645,-0.000000001,0.000000000,-0.000654646,-0.999999786,-0.000000000,0.000000000,-0.000000000,0.000000000,1.000000000,0.000000000,-10.610000000,-0.000000000,54.999999999,1.000000000
ENTITYNAME=Tower_Device
