ENTITYNAME=WIRE
BASEFAMILY=7dcf9056-8bfd-4f31-9ef7-f3cf466adb1d.fam
OBJECTMODELPOINTER=81b82497-164d-48c0-b1cb-18fa700dacdf.dev
KVALUE=0.000000
SPLIT=4
POINT0.BLHA=28.39632770,113.36872548,122.542,249.667673
POINT0.MATRIX0=-0.937693038,-0.347464771,0.000000000,0.000000000,0.347464771,-0.937693038,0.000000000,0.000000000,-0.000000000,0.000000000,1.000000000,0.000000000,-13.097178698,-0.723918307,58.741106105,1.000000000
POINT0.MATRIX1=-0.937693038,-0.347464771,0.000000000,0.000000000,0.347464771,-0.937693038,0.000000000,0.000000000,-0.000000000,0.000000000,1.000000000,0.000000000,-13.097178698,-0.723918307,59.191103039,1.000000000
POINT0.MATRIX2=-0.937693038,-0.347464771,0.000000000,0.000000000,0.347464771,-0.937693038,0.000000000,0.000000000,-0.000000000,0.000000000,1.000000000,0.000000000,-13.547026740,-0.715646780,59.191103039,1.000000000
POINT0.MATRIX3=-0.937693038,-0.347464771,0.000000000,0.000000000,0.347464771,-0.937693038,0.000000000,0.000000000,-0.000000000,0.000000000,1.000000000,0.000000000,-13.547026739,-0.715646780,58.741106105,1.000000000
POINT1.BLHA=28.39632770,113.36872548,122.542,249.667673
POINT1.MATRIX0=-0.937693038,-0.347464771,0.000000000,0.000000000,0.347464771,-0.937693038,0.000000000,0.000000000,-0.000000000,0.000000000,1.000000000,0.000000000,-13.095076117,-0.603941728,58.741106105,1.000000000
POINT1.MATRIX1=-0.937693038,-0.347464771,0.000000000,0.000000000,0.347464771,-0.937693038,0.000000000,0.000000000,-0.000000000,0.000000000,1.000000000,0.000000000,-13.095076117,-0.603941728,59.191103038,1.000000000
POINT1.MATRIX2=-0.937693038,-0.347464771,0.000000000,0.000000000,0.347464771,-0.937693038,0.000000000,0.000000000,-0.000000000,0.000000000,1.000000000,0.000000000,-13.544924159,-0.595670201,59.191103039,1.000000000
POINT1.MATRIX3=-0.937693038,-0.347464771,0.000000000,0.000000000,0.347464771,-0.937693038,0.000000000,0.000000000,-0.000000000,0.000000000,1.000000000,0.000000000,-13.544924158,-0.595670201,58.741106105,1.000000000
