OBJECTMODELPOINTER=33777c94-e4b9-4947-906f-f84480f3cb99.dev
BASEFAMILY=7dd479e5-bc1d-4c9f-9de1-1f0ee6fc6ffe.fam
BLHA=28.81479133,113.52057006,101.431429,372.952022
TRANSFORMMATRIX=-0.231481014,0.972839421,0.000006974,0.000000000,-0.972839421,-0.231481014,0.000001116,0.000000000,0.000002699,-0.000006526,1.000000000,0.000000000,17.104272001,-41.630803492,30.655985159,1.000000000
ENTITYNAME=Wire_Device
