OBJECTMODELPOINTER=33777c94-e4b9-4947-906f-f84480f3cb99.dev
BASEFAMILY=7dfb84f8-0257-4f6f-9e93-b871fc2a2498.fam
BLHA=28.58865070,113.47941927,287.208654,287.849619
TRANSFORMMATRIX=-0.002225381,-0.999997522,0.000063462,0.000000000,0.999997524,-0.002225381,-0.000001681,0.000000000,0.000001822,0.000063458,0.999999998,0.000000000,11.016575567,403.157753023,9.486257986,1.000000000
ENTITYNAME=Wire_Device
