ENTITYNAME=WIRE
BASEFAMILY=7dfccf85-3b90-4945-9e46-1f2b52ae5a74.fam
OBJECTMODELPOINTER=81b82497-164d-48c0-b1cb-18fa700dacdf.dev
KVALUE=0.000000
SPLIT=4
POINT0.BLHA=28.42958283,113.37956045,205.552,428.016547
POINT0.MATRIX0=0.927292005,0.374338801,0.000000000,0.000000000,-0.374338801,0.927292005,0.000000000,0.000000000,-0.000000000,0.000000000,1.000000000,0.000000000,7.274749322,4.001637092,35.789994161,1.000000000
POINT0.MATRIX1=0.927292005,0.374338801,0.000000000,0.000000000,-0.374338801,0.927292005,0.000000000,0.000000000,-0.000000000,0.000000000,1.000000000,0.000000000,7.274749322,4.001637092,36.239994208,1.000000000
POINT0.MATRIX2=0.927292005,0.374338801,0.000000000,0.000000000,-0.374338801,0.927292005,0.000000000,0.000000000,-0.000000000,0.000000000,1.000000000,0.000000000,7.724749304,4.001636784,36.239994208,1.000000000
POINT0.MATRIX3=0.927292005,0.374338801,0.000000000,0.000000000,-0.374338801,0.927292005,0.000000000,0.000000000,-0.000000000,0.000000000,1.000000000,0.000000000,7.724749304,4.001636784,35.789994160,1.000000000
POINT1.BLHA=28.42958283,113.37956045,205.552,428.016547
POINT1.MATRIX0=0.927292005,0.374338801,0.000000000,0.000000000,-0.374338801,0.927292005,0.000000000,0.000000000,-0.000000000,0.000000000,1.000000000,0.000000000,7.274749279,3.999636995,35.789994161,1.000000000
POINT1.MATRIX1=0.927292005,0.374338801,0.000000000,0.000000000,-0.374338801,0.927292005,0.000000000,0.000000000,-0.000000000,0.000000000,1.000000000,0.000000000,7.274749280,3.999636995,36.239994208,1.000000000
POINT1.MATRIX2=0.927292005,0.374338801,0.000000000,0.000000000,-0.374338801,0.927292005,0.000000000,0.000000000,-0.000000000,0.000000000,1.000000000,0.000000000,7.724749283,3.999636952,36.239994208,1.000000000
POINT1.MATRIX3=0.927292005,0.374338801,0.000000000,0.000000000,-0.374338801,0.927292005,0.000000000,0.000000000,-0.000000000,0.000000000,1.000000000,0.000000000,7.724749283,3.999636952,35.789994160,1.000000000
