OBJECTMODELPOINTER=33777c94-e4b9-4947-906f-f84480f3cb99.dev
BASEFAMILY=7dfdbded-11f3-4018-83e9-472c0b1b0bf9.fam
BLHA=28.32854622,113.36798434,68.151851,482.460958
TRANSFORMMATRIX=-0.106457540,0.994317247,0.000064833,0.000000000,-0.994317249,-0.106457540,-0.000001013,0.000000000,0.000005894,-0.000064573,0.999999998,0.000000000,38.536544386,-410.732457570,21.068651859,1.000000000
ENTITYNAME=Wire_Device
