OBJECTMODELPOINTER=031c09c2-31c7-4d82-8bc7-a555bce85332.dev
BASEFAMILY=7e045b4a-9de6-4dab-8563-a1048b90235e.fam
TRANSFORMMATRIX=-0.021022599,-0.061293929,-0.997898541,0.000000000,0.945904083,-0.324445792,-0.000001117,0.000000000,-0.323764045,-0.943916277,0.064798961,0.000000000,9.000000000,1.182000000,29.999999999,1.000000000
ENTITYNAME=Tower_Device
