OBJECTMODELPOINTER=721586ad-5a67-4d47-a39a-a69a83fe1d25.dev
BASEFAMILY=7e0dc0c9-dcbe-44b2-a41a-ebdc808c1ab4.fam
TRANSFORMMATRIX=-0.000000160,0.999999612,-0.000001302,0.000000000,-1.000000388,0.000000160,-0.000000999,0.000000000,-0.000000000,0.000000000,1.000000000,0.000000000,-0.000000000,-0.000000000,56.999999999,1.000000000
ENTITYNAME=Tower_Device
