OBJECTMODELPOINTER=33777c94-e4b9-4947-906f-f84480f3cb99.dev
BASEFAMILY=7e117eb4-8812-4dd9-ae35-8e637ed4d504.fam
BLHA=28.46166988,113.39860583,270.672858,242.026912
TRANSFORMMATRIX=0.001510522,-0.999998858,0.000046501,0.000000000,0.999998859,0.001510522,0.000002329,0.000000000,-0.000002399,0.000046497,0.999999999,0.000000000,-14.657451401,295.576651366,16.411853380,1.000000000
ENTITYNAME=Wire_Device
