OBJECTMODELPOINTER=33777c94-e4b9-4947-906f-f84480f3cb99.dev
BASEFAMILY=7e1e2025-c016-4499-ba9b-182f2f009e16.fam
BLHA=28.50469488,113.45163258,174.515783,200.251669
TRANSFORMMATRIX=0.011313697,-0.999935998,0.000005579,0.000000000,0.999935998,0.011313697,0.000001214,0.000000000,-0.000001277,0.000005565,1.000000000,0.000000000,-8.053321430,35.485135306,25.299121285,1.000000000
ENTITYNAME=Wire_Device
