OBJECTMODELPOINTER=33777c94-e4b9-4947-906f-f84480f3cb99.dev
BASEFAMILY=7e24f9b7-e09d-43f4-b16f-35476cd2b315.fam
BLHA=28.60573334,113.47075261,228.044876,294.633001
TRANSFORMMATRIX=0.000003571,-1.000000000,0.000016229,0.000000000,1.000000000,0.000003571,0.000000040,0.000000000,-0.000000039,0.000016229,1.000000000,0.000000000,-0.456234635,103.153099186,22.750481666,1.000000000
ENTITYNAME=Wire_Device
