OBJECTMODELPOINTER=33777c94-e4b9-4947-906f-f84480f3cb99.dev
BASEFAMILY=7e3214fd-b501-4c6a-9bb9-9c369e344b87.fam
BLHA=28.78112316,113.48165670,163.744709,236.227775
TRANSFORMMATRIX=-0.000000422,-1.000000000,0.000004808,0.000000000,1.000000000,-0.000000422,0.000000036,0.000000000,-0.000000037,0.000004808,1.000000000,0.000000000,-0.157893439,30.579549802,44.011614666,1.000000000
ENTITYNAME=Wire_Device
