OBJECTMODELPOINTER=33777c94-e4b9-4947-906f-f84480f3cb99.dev
BASEFAMILY=7e33466e-d9fe-46f5-b92c-a11792c8c64e.fam
BLHA=28.31775016,113.38284517,61.633463,329.270898
TRANSFORMMATRIX=-0.001449351,-0.999998949,0.000035825,0.000000000,0.999998950,-0.001449351,0.000001696,0.000000000,-0.000001644,0.000035827,0.999999999,0.000000000,-10.975910290,228.400199483,43.477129489,1.000000000
ENTITYNAME=Wire_Device
