OBJECTMODELPOINTER=33777c94-e4b9-4947-906f-f84480f3cb99.dev
BASEFAMILY=7e379bf6-a646-409d-a0c1-d244edb8dbdf.fam
BLHA=28.75811652,113.46436186,140.284510,236.227775
TRANSFORMMATRIX=-0.000993007,-0.999999505,0.000064833,0.000000000,0.999999507,-0.000993007,-0.000001550,0.000000000,0.000001615,0.000064832,0.999999998,0.000000000,11.276440876,412.385609768,7.219925879,1.000000000
ENTITYNAME=Wire_Device
