OBJECTMODELPOINTER=33777c94-e4b9-4947-906f-f84480f3cb99.dev
BASEFAMILY=7e46834f-b94f-466e-a423-8049d3ed3333.fam
BLHA=28.48504373,113.41833342,235.006355,407.385386
TRANSFORMMATRIX=-0.057825310,0.998326717,0.000006844,0.000000000,-0.998326717,-0.057825310,0.000001217,0.000000000,0.000001610,-0.000006762,1.000000000,0.000000000,10.147580444,-43.016679214,29.548377494,1.000000000
ENTITYNAME=Wire_Device
