OBJECTMODELPOINTER=33777c94-e4b9-4947-906f-f84480f3cb99.dev
BASEFAMILY=7e4fcf0e-d159-4d85-b22f-b1d23e654099.fam
BLHA=28.79327466,113.49529712,200.216421,221.400685
TRANSFORMMATRIX=-0.000029031,-0.999999998,0.000063971,0.000000000,1.000000000,-0.000029031,-0.000001563,0.000000000,0.000001565,0.000063971,0.999999998,0.000000000,11.002040097,407.454602304,8.712149886,1.000000000
ENTITYNAME=Wire_Device
