OBJECTMODELPOINTER=44da76e6-1539-4dff-b1b7-c9720193498a.dev
BASEFAMILY=7e5abe03-8d89-4083-a5a8-d73d24f0cb11.fam
TRANSFORMMATRIX=0.000000304,1.000000313,-0.000000777,0.000000000,-0.999999687,-0.000000238,0.000001449,0.000000000,0.000000000,-0.000000000,1.000000000,0.000000000,10.002000000,-0.000000000,59.600000000,1.000000000
ENTITYNAME=Tower_Device
