OBJECTMODELPOINTER=33777c94-e4b9-4947-906f-f84480f3cb99.dev
BASEFAMILY=7e6536b4-958b-4bca-81a7-06886ecfec0f.fam
BLHA=28.28708442,113.44692142,57.763329,308.127846
TRANSFORMMATRIX=-0.006746085,-0.999977244,0.000040382,0.000000000,0.999977245,-0.006746085,-0.000001152,0.000000000,0.000001424,0.000040373,0.999999999,0.000000000,8.420347083,256.849477866,34.401244629,1.000000000
ENTITYNAME=Wire_Device
