OBJECTMODELPOINTER=2b0f6e43-8c3a-4e75-8361-f46a4b2ec3ac.dev
BASEFAMILY=7e69d380-b31a-48d6-9ec5-1b7037e42e85.fam
TRANSFORMMATRIX=0.000000002,1.000000398,-0.000001373,0.000000000,-0.999999602,0.000000230,0.000000905,0.000000000,0.000000000,-0.000000000,1.000000000,0.000000000,-6.595000000,-0.000000000,66.500000000,1.000000000
ENTITYNAME=Tower_Device
