OBJECTMODELPOINTER=33777c94-e4b9-4947-906f-f84480f3cb99.dev
BASEFAMILY=7e6bfb7e-6474-4294-af50-14b6176cde4b.fam
BLHA=28.51174980,113.46636581,279.463297,210.734491
TRANSFORMMATRIX=-0.007053829,-0.999975120,0.000049606,0.000000000,0.999975121,-0.007053829,-0.000000844,0.000000000,0.000001194,0.000049599,0.999999999,0.000000000,8.310598638,316.191196466,-16.298892740,1.000000000
ENTITYNAME=Wire_Device
