OBJECTMODELPOINTER=33777c94-e4b9-4947-906f-f84480f3cb99.dev
BASEFAMILY=7e708432-8d72-47f5-8341-40c017b4f53d.fam
BLHA=28.31411764,113.38983103,66.771612,527.133635
TRANSFORMMATRIX=-0.307784645,0.951456048,0.000028710,0.000000000,-0.951456048,-0.307784646,0.000001246,0.000000000,0.000010022,-0.000026932,1.000000000,0.000000000,63.849416954,-171.940818372,87.572601938,1.000000000
ENTITYNAME=Wire_Device
