OBJECTMODELPOINTER=33777c94-e4b9-4947-906f-f84480f3cb99.dev
BASEFAMILY=7e780f3b-5b82-4457-9b59-a7561b6d4d6c.fam
BLHA=28.26851271,113.48351910,83.112496,355.334735
TRANSFORMMATRIX=0.000408957,-0.999999916,0.000026127,0.000000000,0.999999916,0.000408958,0.000001383,0.000000000,-0.000001393,0.000026126,1.000000000,0.000000000,-8.921911698,166.765031471,37.570079460,1.000000000
ENTITYNAME=Wire_Device
