OBJECTMODELPOINTER=33777c94-e4b9-4947-906f-f84480f3cb99.dev
BASEFAMILY=7e7b6d60-7b88-4093-80ff-8c53ae04a895.fam
BLHA=28.70103226,113.45527961,136.730850,277.425083
TRANSFORMMATRIX=0.000002989,-0.999999999,0.000053611,0.000000000,1.000000000,0.000002989,-0.000001652,0.000000000,0.000001651,0.000053611,0.999999999,0.000000000,10.315542412,340.470622409,38.978237424,1.000000000
ENTITYNAME=Wire_Device
