OBJECTMODELPOINTER=33777c94-e4b9-4947-906f-f84480f3cb99.dev
BASEFAMILY=7e83a8cc-1361-43eb-9f85-e168e35cafbf.fam
BLHA=28.26907527,113.47529619,67.190721,514.001895
TRANSFORMMATRIX=-0.365282507,0.930896712,0.000018976,0.000000000,-0.930896713,-0.365282508,0.000001593,0.000000000,0.000008415,-0.000017084,1.000000000,0.000000000,53.711972343,-109.041695108,52.063856974,1.000000000
ENTITYNAME=Wire_Device
