OBJECTMODELPOINTER=33777c94-e4b9-4947-906f-f84480f3cb99.dev
BASEFAMILY=7e8b25b9-8f21-46b3-ae93-2c1af9e1aa00.fam
BLHA=28.28033977,113.46346380,83.899072,326.450928
TRANSFORMMATRIX=-0.242369582,-0.970183995,0.000050273,0.000000000,0.970183996,-0.242369582,0.000001967,0.000000000,0.000010277,0.000049251,0.999999999,0.000000000,64.606276170,313.713651921,55.975113112,1.000000000
ENTITYNAME=Wire_Device
