OBJECTMODELPOINTER=74038dd7-d34d-49cc-bcb4-f69789c6f4cd.dev
BASEFAMILY=7e9a97ff-0518-410d-97c3-da54eb578333.fam
TRANSFORMMATRIX=0.000000045,1.000000234,0.000001598,0.000000000,-0.999999766,0.000000728,-0.000000385,0.000000000,-0.000000000,-0.000000000,1.000000000,0.000000000,7.500000000,4.000000001,43.000000000,1.000000000
ENTITYNAME=Tower_Device
