OBJECTMODELPOINTER=33777c94-e4b9-4947-906f-f84480f3cb99.dev
BASEFAMILY=7e9ad567-a402-4498-8e3f-55e49c2e41f0.fam
BLHA=28.26885822,113.47846971,85.176990,355.334735
TRANSFORMMATRIX=0.000022777,-0.999999999,0.000038920,0.000000000,1.000000000,0.000022777,0.000001287,0.000000000,-0.000001287,0.000038920,0.999999999,0.000000000,-8.279882636,248.425853399,50.361007220,1.000000000
ENTITYNAME=Wire_Device
