OBJECTMODELPOINTER=33777c94-e4b9-4947-906f-f84480f3cb99.dev
BASEFAMILY=7e9c9bb8-bb12-49a2-9da0-fb36c2736e82.fam
BLHA=28.32474464,113.37442409,71.722945,330.514691
TRANSFORMMATRIX=-0.324022612,-0.946049337,0.000006957,0.000000000,0.946049337,-0.324022612,-0.000001588,0.000000000,0.000003756,0.000006067,1.000000000,0.000000000,23.795022741,38.622640222,39.000997548,1.000000000
ENTITYNAME=Wire_Device
