OBJECTMODELPOINTER=33777c94-e4b9-4947-906f-f84480f3cb99.dev
BASEFAMILY=7ea65b73-f018-4840-a611-bcc288c4b4d1.fam
BLHA=28.31470596,113.39701913,83.588909,4.996372
TRANSFORMMATRIX=0.000954438,-0.999999543,0.000045403,0.000000000,0.999999545,0.000954438,0.000001383,0.000000000,-0.000001426,0.000045402,0.999999999,0.000000000,-8.924898902,289.788753897,48.225424297,1.000000000
ENTITYNAME=Wire_Device
