OBJECTMODELPOINTER=33777c94-e4b9-4947-906f-f84480f3cb99.dev
BASEFAMILY=7ed0ef3a-107e-4df5-b827-f071192cf38f.fam
BLHA=28.29509828,113.44289412,61.743516,287.794387
TRANSFORMMATRIX=0.000005622,-1.000000000,0.000027295,0.000000000,1.000000000,0.000005622,0.000001138,0.000000000,-0.000001138,0.000027295,1.000000000,0.000000000,-7.526027795,173.412483442,38.726295890,1.000000000
ENTITYNAME=Wire_Device
