OBJECTMODELPOINTER=33777c94-e4b9-4947-906f-f84480f3cb99.dev
BASEFAMILY=7ee1d09f-9bc7-498f-bfeb-c49d11433b14.fam
BLHA=28.70103226,113.45527961,136.730850,277.425083
TRANSFORMMATRIX=0.000005583,-0.999999998,0.000063463,0.000000000,1.000000000,0.000005583,0.000002106,0.000000000,-0.000002106,0.000063463,0.999999998,0.000000000,-13.710276141,403.050739650,47.580721908,1.000000000
ENTITYNAME=Wire_Device
