OBJECTMODELPOINTER=0e312739-8609-4a3d-966c-75d05d59356d.dev
BASEFAMILY=7ef49a2e-ed29-457b-9264-b31f74bdaa3f.fam
TRANSFORMMATRIX=-1.000000000,0.000000000,-0.000000000,0.000000000,-0.000000000,-1.000000000,-0.000000000,0.000000000,0.000000000,0.000000000,1.000000000,0.000000000,5.396782237,5.396713791,0.000003960,1.000000000
ENTITYNAME=Tower_Device
