ENTITYNAME=WIRE
BASEFAMILY=7efe77d2-a078-4aea-aa59-b73cb220b469.fam
OBJECTMODELPOINTER=81b82497-164d-48c0-b1cb-18fa700dacdf.dev
KVALUE=0.100162
SPLIT=4
POINT0.BLHA=28.40635362,113.37217651,164.659,254.006183
POINT0.MATRIX0=-0.961291434,-0.275533624,0.000000000,0.000000000,0.275533624,-0.961291434,0.000000000,0.000000000,0.000000000,0.000000000,1.000000000,0.000000000,10.524795256,-3.998216921,40.589998569,1.000000000
POINT0.MATRIX1=-0.961291434,-0.275533624,0.000000000,0.000000000,0.275533624,-0.961291434,0.000000000,0.000000000,0.000000000,0.000000000,1.000000000,0.000000000,10.524795256,-3.998216921,41.039998616,1.000000000
POINT0.MATRIX2=-0.961291434,-0.275533624,0.000000000,0.000000000,0.275533624,-0.961291434,0.000000000,0.000000000,0.000000000,0.000000000,1.000000000,0.000000000,10.074795293,-3.998216985,41.039998616,1.000000000
POINT0.MATRIX3=-0.961291434,-0.275533624,0.000000000,0.000000000,0.275533624,-0.961291434,0.000000000,0.000000000,0.000000000,0.000000000,1.000000000,0.000000000,10.074795294,-3.998216985,40.589998569,1.000000000
POINT1.BLHA=28.40635362,113.37217651,164.659,254.006183
POINT1.MATRIX0=-0.961291434,-0.275533624,0.000000000,0.000000000,0.275533624,-0.961291434,0.000000000,0.000000000,0.000000000,0.000000000,1.000000000,0.000000000,10.524607231,4.000831339,40.589998569,1.000000000
POINT1.MATRIX1=-0.961291434,-0.275533624,0.000000000,0.000000000,0.275533624,-0.961291434,0.000000000,0.000000000,0.000000000,0.000000000,1.000000000,0.000000000,10.524607231,4.000831339,41.039998616,1.000000000
POINT1.MATRIX2=-0.961291434,-0.275533624,0.000000000,0.000000000,0.275533624,-0.961291434,0.000000000,0.000000000,0.000000000,0.000000000,1.000000000,0.000000000,10.074607269,4.000831275,41.039998616,1.000000000
POINT1.MATRIX3=-0.961291434,-0.275533624,0.000000000,0.000000000,0.275533624,-0.961291434,0.000000000,0.000000000,0.000000000,0.000000000,1.000000000,0.000000000,10.074607269,4.000831275,40.589998569,1.000000000
