OBJECTMODELPOINTER=33777c94-e4b9-4947-906f-f84480f3cb99.dev
BASEFAMILY=7f09d01d-ddd3-469f-8b30-a28f8bae2313.fam
BLHA=28.78112316,113.48165670,163.744709,236.227775
TRANSFORMMATRIX=-0.000012003,-0.999999999,0.000043120,0.000000000,1.000000000,-0.000012003,0.000000295,0.000000000,-0.000000295,0.000043120,0.999999999,0.000000000,-1.219539767,274.262957455,68.782360284,1.000000000
ENTITYNAME=Wire_Device
