OBJECTMODELPOINTER=2b04ac39-8326-4b06-962c-8a6f81a65897.dev
BASEFAMILY=7f1141cb-3c17-4b86-a54d-9cb61f5b15b4.fam
TRANSFORMMATRIX=-0.999847613,-0.017456820,0.000000019,0.000000000,0.017456830,-0.999847624,-0.000000007,0.000000000,0.000000000,0.000000000,1.000000000,0.000000000,-9.870000000,0.310000000,46.000000000,1.000000000
ENTITYNAME=Tower_Device
