ENTITYNAME=WIRE
BASEFAMILY=7f17b8f4-4d76-4bb3-aac6-6bdbd827a8b0.fam
OBJECTMODELPOINTER=81b82497-164d-48c0-b1cb-18fa700dacdf.dev
KVALUE=0.000000
SPLIT=4
POINT0.BLHA=28.68956538,113.45703476,163.838,277.425083
POINT0.MATRIX0=-0.991614682,0.129229724,0.000000000,0.000000000,-0.129229724,-0.991614682,0.000000000,0.000000000,-0.000000000,-0.000000000,1.000000000,0.000000000,-13.094966419,-0.110292759,58.000004786,1.000000000
POINT0.MATRIX1=-0.991614682,0.129229724,0.000000000,0.000000000,-0.129229724,-0.991614682,0.000000000,0.000000000,-0.000000000,-0.000000000,1.000000000,0.000000000,-13.094966419,-0.110292759,58.450001734,1.000000000
POINT0.MATRIX2=-0.991614682,0.129229724,0.000000000,0.000000000,-0.129229724,-0.991614682,0.000000000,0.000000000,-0.000000000,-0.000000000,1.000000000,0.000000000,-13.545085260,-0.110721370,58.450001734,1.000000000
POINT0.MATRIX3=-0.991614682,0.129229724,0.000000000,0.000000000,-0.129229724,-0.991614682,0.000000000,0.000000000,-0.000000000,-0.000000000,1.000000000,0.000000000,-13.545085260,-0.110721370,58.000004786,1.000000000
POINT1.BLHA=28.68956538,113.45703476,163.838,277.425083
POINT1.MATRIX0=-0.991614682,0.129229724,0.000000000,0.000000000,-0.129229724,-0.991614682,0.000000000,0.000000000,-0.000000000,-0.000000000,1.000000000,0.000000000,-13.094965651,-0.000285328,58.000004787,1.000000000
POINT1.MATRIX1=-0.991614682,0.129229724,0.000000000,0.000000000,-0.129229724,-0.991614682,0.000000000,0.000000000,-0.000000000,-0.000000000,1.000000000,0.000000000,-13.094965651,-0.000285328,58.450001735,1.000000000
POINT1.MATRIX2=-0.991614682,0.129229724,0.000000000,0.000000000,-0.129229724,-0.991614682,0.000000000,0.000000000,-0.000000000,-0.000000000,1.000000000,0.000000000,-13.545084493,-0.000713939,58.450001734,1.000000000
POINT1.MATRIX3=-0.991614682,0.129229724,0.000000000,0.000000000,-0.129229724,-0.991614682,0.000000000,0.000000000,-0.000000000,-0.000000000,1.000000000,0.000000000,-13.545084493,-0.000713938,58.000004786,1.000000000
