OBJECTMODELPOINTER=0e312739-8609-4a3d-966c-75d05d59356d.dev
BASEFAMILY=7f2855ce-a8b9-4a91-83c6-25dd4ef756a9.fam
TRANSFORMMATRIX=0.000000000,1.000000000,-0.000000000,0.000000000,-1.000000000,0.000000000,0.000000000,0.000000000,-0.000000000,-0.000000000,1.000000000,0.000000000,4.737108054,-4.737117447,0.000000086,1.000000000
ENTITYNAME=Tower_Device
