OBJECTMODELPOINTER=33777c94-e4b9-4947-906f-f84480f3cb99.dev
BASEFAMILY=7f2c75be-9826-4e51-bb72-6526c68ae025.fam
BLHA=28.31498130,113.40038482,72.539572,2.946268
TRANSFORMMATRIX=0.207064274,-0.978327341,-0.000000454,0.000000000,0.978327341,0.207064274,0.000001691,0.000000000,-0.000001561,-0.000000794,1.000000000,0.000000000,-9.910018381,-5.075983696,31.761110777,1.000000000
ENTITYNAME=Wire_Device
