OBJECTMODELPOINTER=33777c94-e4b9-4947-906f-f84480f3cb99.dev
BASEFAMILY=7f5689cd-902d-4a82-a7d2-38d32d48fbce.fam
BLHA=28.33513056,113.36426418,74.466119,467.201749
TRANSFORMMATRIX=-0.154733959,0.987956173,0.000038038,0.000000000,-0.987956174,-0.154733959,0.000000302,0.000000000,0.000006184,-0.000037533,0.999999999,0.000000000,39.807926608,-238.499646974,17.585954819,1.000000000
ENTITYNAME=Wire_Device
