OBJECTMODELPOINTER=33777c94-e4b9-4947-906f-f84480f3cb99.dev
BASEFAMILY=7f575814-211c-428a-8cba-dbc39368ff87.fam
BLHA=28.53408910,113.50849608,458.182485,233.242345
TRANSFORMMATRIX=-0.377962489,-0.925820906,0.000091023,0.000000000,0.925820909,-0.377962490,0.000001881,0.000000000,0.000032662,0.000084981,0.999999996,0.000000000,209.458324899,541.192101913,4.665518456,1.000000000
ENTITYNAME=Wire_Device
