ENTITYNAME=WIRE
BASEFAMILY=7f686d12-53e3-465b-af0c-576976231266.fam
OBJECTMODELPOINTER=81b82497-164d-48c0-b1cb-18fa700dacdf.dev
KVALUE=0.000369
SPLIT=4
POINT0.BLHA=28.53088729,113.50245510,443.025,210.734491
POINT0.MATRIX0=-0.511060437,-0.859544780,-0.000000000,0.000000000,0.859544780,-0.511060437,-0.000000000,0.000000000,-0.000000000,-0.000000000,1.000000000,0.000000000,-11.644407894,0.109308226,42.999998762,1.000000000
POINT0.MATRIX1=-0.511060437,-0.859544780,-0.000000000,0.000000000,0.859544780,-0.511060437,-0.000000000,0.000000000,-0.000000000,-0.000000000,1.000000000,0.000000000,-11.644407894,0.109308226,43.450010969,1.000000000
POINT0.MATRIX2=-0.511060437,-0.859544780,-0.000000000,0.000000000,0.859544780,-0.511060437,-0.000000000,0.000000000,-0.000000000,-0.000000000,1.000000000,0.000000000,-12.094434671,0.111024549,43.450010969,1.000000000
POINT0.MATRIX3=-0.511060437,-0.859544780,-0.000000000,0.000000000,0.859544780,-0.511060437,-0.000000000,0.000000000,-0.000000000,-0.000000000,1.000000000,0.000000000,-12.094434671,0.111024549,42.999998762,1.000000000
POINT1.BLHA=28.52957493,113.49997928,454.521,210.734491
POINT1.MATRIX0=-0.511060437,-0.859544780,-0.000000000,0.000000000,0.859544780,-0.511060437,0.000000000,0.000000000,0.000000000,0.000000000,1.000000000,0.000000000,-11.645034701,-0.110035024,42.999998239,1.000000000
POINT1.MATRIX1=-0.511060437,-0.859544780,-0.000000000,0.000000000,0.859544780,-0.511060437,0.000000000,0.000000000,0.000000000,0.000000000,1.000000000,0.000000000,-11.645034701,-0.110035024,43.450010445,1.000000000
POINT1.MATRIX2=-0.511060437,-0.859544780,-0.000000000,0.000000000,0.859544780,-0.511060437,0.000000000,0.000000000,0.000000000,0.000000000,1.000000000,0.000000000,-12.094721162,-0.109657182,43.450010445,1.000000000
POINT1.MATRIX3=-0.511060437,-0.859544780,-0.000000000,0.000000000,0.859544780,-0.511060437,0.000000000,0.000000000,0.000000000,0.000000000,1.000000000,0.000000000,-12.094721163,-0.109657182,42.999998239,1.000000000
