OBJECTMODELPOINTER=33777c94-e4b9-4947-906f-f84480f3cb99.dev
BASEFAMILY=7f6c6a5d-2277-49bd-8f3c-8f0cf0ce3db2.fam
BLHA=28.73433869,113.45386444,142.659000,258.301958
TRANSFORMMATRIX=0.000054387,-0.999999998,0.000030939,0.000000000,0.999999999,0.000054387,0.000000173,0.000000000,-0.000000174,0.000030939,0.999999999,0.000000000,-0.911283003,196.511276398,16.496611226,1.000000000
ENTITYNAME=Wire_Device
