OBJECTMODELPOINTER=33777c94-e4b9-4947-906f-f84480f3cb99.dev
BASEFAMILY=7f7f2e45-596a-4855-b652-1016cd34bf65.fam
BLHA=28.27407839,113.47004129,94.944746,312.669055
TRANSFORMMATRIX=0.001801393,-0.999998377,0.000029411,0.000000000,0.999998377,0.001801393,0.000001540,0.000000000,-0.000001592,0.000029408,1.000000000,0.000000000,-10.629124091,187.211130659,25.561426581,1.000000000
ENTITYNAME=Wire_Device
