OBJECTMODELPOINTER=33777c94-e4b9-4947-906f-f84480f3cb99.dev
BASEFAMILY=7f9aec36-b1d7-4864-a94e-5c99e11aaa02.fam
BLHA=28.31775016,113.38284517,61.633463,329.270898
TRANSFORMMATRIX=-0.001029856,-0.999999468,0.000057320,0.000000000,0.999999470,-0.001029856,0.000001295,0.000000000,-0.000001235,0.000057321,0.999999998,0.000000000,-8.690815932,365.408623947,62.584502749,1.000000000
ENTITYNAME=Wire_Device
