OBJECTMODELPOINTER=33777c94-e4b9-4947-906f-f84480f3cb99.dev
BASEFAMILY=7f9e6a85-8265-486e-8f0c-9a017294a5f8.fam
BLHA=28.52615363,113.49352553,361.372655,210.734491
TRANSFORMMATRIX=0.001658518,-0.999998624,0.000027697,0.000000000,0.999998625,0.001658518,-0.000001914,0.000000000,0.000001868,0.000027699,1.000000000,0.000000000,12.279875223,176.609285716,47.399016020,1.000000000
ENTITYNAME=Wire_Device
