OBJECTMODELPOINTER=33777c94-e4b9-4947-906f-f84480f3cb99.dev
BASEFAMILY=7f9f9ba8-3465-4f41-b9bf-c871c9a8fc8a.fam
BLHA=28.31498130,113.40038482,72.539572,2.946268
TRANSFORMMATRIX=-0.031817260,-0.999493703,0.000006207,0.000000000,0.999493703,-0.031817260,-0.000001146,0.000000000,0.000001343,0.000006168,1.000000000,0.000000000,8.538586683,39.367986809,56.002098926,1.000000000
ENTITYNAME=Wire_Device
