OBJECTMODELPOINTER=33777c94-e4b9-4947-906f-f84480f3cb99.dev
BASEFAMILY=7fa5ffa2-dfef-4886-909a-7b1fd125250b.fam
BLHA=28.40635362,113.37217651,164.659139,254.006183
TRANSFORMMATRIX=0.000071202,-0.999999997,0.000027833,0.000000000,0.999999997,0.000071202,0.000000183,0.000000000,-0.000000184,0.000027833,1.000000000,0.000000000,-0.934704982,176.809825700,17.358852639,1.000000000
ENTITYNAME=Wire_Device
