OBJECTMODELPOINTER=33777c94-e4b9-4947-906f-f84480f3cb99.dev
BASEFAMILY=7fbaed0e-8297-44e8-90ad-61b638a1d99c.fam
BLHA=28.27407839,113.47004129,94.944746,312.669055
TRANSFORMMATRIX=0.001796918,-0.999998385,0.000018829,0.000000000,0.999998386,0.001796918,0.000001207,0.000000000,-0.000001241,0.000018827,1.000000000,0.000000000,-8.213498137,119.855605289,19.331989593,1.000000000
ENTITYNAME=Wire_Device
