OBJECTMODELPOINTER=33777c94-e4b9-4947-906f-f84480f3cb99.dev
BASEFAMILY=7fc19734-4cdb-4791-8e0a-16536db26a47.fam
BLHA=28.50709200,113.45758686,253.896568,210.734491
TRANSFORMMATRIX=-0.017701562,-0.999843315,0.000031788,0.000000000,0.999843315,-0.017701562,0.000002085,0.000000000,-0.000001522,0.000031820,0.999999999,0.000000000,-9.212950882,202.818873940,46.735331966,1.000000000
ENTITYNAME=Wire_Device
