ENTITYNAME=WIRE
BASEFAMILY=7fc3c8d3-6b10-43e5-ab65-8555be05c9a5.fam
OBJECTMODELPOINTER=81b82497-164d-48c0-b1cb-18fa700dacdf.dev
KVALUE=0.000370
SPLIT=4
POINT0.BLHA=28.27407839,113.47004129,94.945,312.669055
POINT0.MATRIX0=-0.735280751,0.677762655,0.000000000,0.000000000,-0.677762655,-0.735280751,0.000000000,0.000000000,0.000000000,0.000000000,1.000000000,0.000000000,-6.588202829,0.130258260,61.366806931,1.000000000
POINT0.MATRIX1=-0.735280751,0.677762655,0.000000000,0.000000000,-0.677762655,-0.735280751,0.000000000,0.000000000,0.000000000,0.000000000,1.000000000,0.000000000,-6.402596809,0.129174552,61.830658860,1.000000000
POINT0.MATRIX2=-0.735280751,0.677762655,0.000000000,0.000000000,-0.677762655,-0.735280751,0.000000000,0.000000000,0.000000000,0.000000000,1.000000000,0.000000000,-6.866499521,0.129123972,62.017319626,1.000000000
POINT0.MATRIX3=-0.735280751,0.677762655,0.000000000,0.000000000,-0.677762655,-0.735280751,0.000000000,0.000000000,0.000000000,0.000000000,1.000000000,0.000000000,-7.052105543,0.130207679,61.553467696,1.000000000
POINT1.BLHA=28.27160371,113.47264060,64.951,312.669055
POINT1.MATRIX0=-0.735280751,0.677762655,-0.000000000,0.000000000,-0.677762655,-0.735280751,-0.000000000,0.000000000,-0.000000000,0.000000000,1.000000000,0.000000000,-7.068153254,-0.129760299,71.066963754,1.000000000
POINT1.MATRIX1=-0.735280751,0.677762655,-0.000000000,0.000000000,-0.677762655,-0.735280751,-0.000000000,0.000000000,-0.000000000,0.000000000,1.000000000,0.000000000,-6.885486596,-0.130790877,71.532066903,1.000000000
POINT1.MATRIX2=-0.735280751,0.677762655,-0.000000000,0.000000000,-0.677762655,-0.735280751,-0.000000000,0.000000000,-0.000000000,0.000000000,1.000000000,0.000000000,-7.350107355,-0.130179581,71.715599618,1.000000000
POINT1.MATRIX3=-0.735280751,0.677762655,-0.000000000,0.000000000,-0.677762655,-0.735280751,-0.000000000,0.000000000,-0.000000000,0.000000000,1.000000000,0.000000000,-7.534097770,-0.130585097,71.250496468,1.000000000
