OBJECTMODELPOINTER=091ab119-9b99-41bc-aa5e-6e93ba32f913.dev
BASEFAMILY=7fc3b3ac-6bd4-4c60-9a8f-5dd600584381.fam
TRANSFORMMATRIX=0.000000348,0.999999634,-0.000000747,0.000000000,-1.000000366,-0.000000050,-0.000001463,0.000000000,-0.000000000,-0.000000000,1.000000000,0.000000000,11.870000000,-0.000000001,42.000000000,1.000000000
ENTITYNAME=Tower_Device
