OBJECTMODELPOINTER=33777c94-e4b9-4947-906f-f84480f3cb99.dev
BASEFAMILY=7fc41d40-4515-40f4-bbfe-4df3fbcda7e4.fam
BLHA=28.30399811,113.43961542,62.139238,477.400140
TRANSFORMMATRIX=0.163055950,0.986616822,0.000054590,0.000000000,-0.986616824,0.163055950,-0.000001194,0.000000000,-0.000010079,-0.000053664,0.999999998,0.000000000,-63.538295563,-341.002078749,42.726023381,1.000000000
ENTITYNAME=Wire_Device
