OBJECTMODELPOINTER=37aa5e43-7306-4ba2-9151-389223a6858d.dev
BASEFAMILY=7fd03f63-76e5-4220-90b6-3eb8d169f052.fam
TRANSFORMMATRIX=-0.009203533,-0.043839809,-0.998996034,0.000000000,0.978666652,-0.205455287,0.000000185,0.000000000,-0.205247775,-0.977684409,0.044794499,0.000000000,7.500000000,0.946500000,30.000000000,1.000000000
ENTITYNAME=Tower_Device
