OBJECTMODELPOINTER=33777c94-e4b9-4947-906f-f84480f3cb99.dev
BASEFAMILY=7fd61197-7721-444b-9824-fab403cd9be4.fam
BLHA=28.79327466,113.49529712,200.216421,221.400685
TRANSFORMMATRIX=-0.000002701,-1.000000000,0.000004810,0.000000000,1.000000000,-0.000002701,0.000002033,0.000000000,-0.000002033,0.000004810,1.000000000,0.000000000,-12.860155802,30.603215736,36.362914312,1.000000000
ENTITYNAME=Wire_Device
