OBJECTMODELPOINTER=0e312739-8609-4a3d-966c-75d05d59356d.dev
BASEFAMILY=7fdd4c32-2d18-48c1-88d2-4f5fb39d0aaa.fam
TRANSFORMMATRIX=-0.000000000,1.000000000,0.000000000,0.000000000,-1.000000000,0.000000000,-0.000000000,0.000000000,0.000000000,-0.000000000,1.000000000,0.000000000,4.406878701,-4.406881581,0.000000865,1.000000000
ENTITYNAME=Tower_Device
