OBJECTMODELPOINTER=33777c94-e4b9-4947-906f-f84480f3cb99.dev
BASEFAMILY=7fdef931-6aa6-4ec9-8fc0-a9311c8e705f.fam
BLHA=28.53408910,113.50849608,458.182485,233.242345
TRANSFORMMATRIX=-0.377926576,-0.925835570,0.000007431,0.000000000,0.925835570,-0.377926576,0.000001341,0.000000000,0.000001567,0.000007386,1.000000000,0.000000000,10.097054669,47.019917425,17.963012776,1.000000000
ENTITYNAME=Wire_Device
