OBJECTMODELPOINTER=52926bcf-ccb2-4781-b489-94e4f3cec5bd.dev
BASEFAMILY=7feaecf9-e9c2-4957-ad88-a2f6b2344ef7.fam
TRANSFORMMATRIX=-1.000000000,-0.000000276,0.000000000,0.000000000,0.000000276,-1.000000000,-0.000000000,0.000000000,0.000000000,0.000000000,1.000000000,0.000000000,-10.800000000,0.000000000,70.000000000,1.000000000
ENTITYNAME=Tower_Device
