OBJECTMODELPOINTER=33777c94-e4b9-4947-906f-f84480f3cb99.dev
BASEFAMILY=7ffbf052-51b2-42ec-8c24-7205b08f597b.fam
BLHA=28.56585701,113.49736639,238.961591,312.996987
TRANSFORMMATRIX=0.001553442,-0.999998793,0.000004810,0.000000000,0.999998793,0.001553442,-0.000002084,0.000000000,0.000002076,0.000004814,1.000000000,0.000000000,13.144718908,30.606809751,45.541052333,1.000000000
ENTITYNAME=Wire_Device
