OBJECTMODELPOINTER=33777c94-e4b9-4947-906f-f84480f3cb99.dev
BASEFAMILY=8014694f-9ded-4881-a72a-8ad94d65e4c1.fam
BLHA=28.56112925,113.50240150,222.763342,308.993779
TRANSFORMMATRIX=-0.078910466,-0.996881706,0.000048918,0.000000000,0.996881707,-0.078910466,-0.000001425,0.000000000,0.000005279,0.000048653,0.999999999,0.000000000,32.850974874,309.514375149,81.781839516,1.000000000
ENTITYNAME=Wire_Device
