OBJECTMODELPOINTER=33777c94-e4b9-4947-906f-f84480f3cb99.dev
BASEFAMILY=80149751-e9a8-461f-9822-93029482870e.fam
BLHA=28.38255325,113.36304670,117.224132,441.473487
TRANSFORMMATRIX=-0.586412367,0.810012676,-0.000000430,0.000000000,-0.810012676,-0.586412367,0.000001319,0.000000000,0.000000817,0.000001122,1.000000000,0.000000000,5.217032318,7.130267228,30.555595731,1.000000000
ENTITYNAME=Wire_Device
