ENTITYNAME=WIRE
BASEFAMILY=80187844-ea55-4084-a7d5-a397c3f74015.fam
OBJECTMODELPOINTER=81b82497-164d-48c0-b1cb-18fa700dacdf.dev
KVALUE=0.000000
SPLIT=4
POINT0.BLHA=28.49573132,113.43033310,334.786,224.957371
POINT0.MATRIX0=-0.706580481,-0.707632690,-0.000000000,0.000000000,0.707632690,-0.706580481,-0.000000000,0.000000000,0.000000000,-0.000000000,1.000000000,0.000000000,-11.644773058,0.598683094,34.741099269,1.000000000
POINT0.MATRIX1=-0.706580481,-0.707632690,-0.000000000,0.000000000,0.707632690,-0.706580481,-0.000000000,0.000000000,0.000000000,-0.000000000,1.000000000,0.000000000,-11.644773058,0.598683095,35.191100032,1.000000000
POINT0.MATRIX2=-0.706580481,-0.707632690,-0.000000000,0.000000000,0.707632690,-0.706580481,-0.000000000,0.000000000,0.000000000,-0.000000000,1.000000000,0.000000000,-12.095003134,0.601110249,35.191100032,1.000000000
POINT0.MATRIX3=-0.706580481,-0.707632690,-0.000000000,0.000000000,0.707632690,-0.706580481,-0.000000000,0.000000000,0.000000000,-0.000000000,1.000000000,0.000000000,-12.095003134,0.601110249,34.741099269,1.000000000
POINT1.BLHA=28.49573132,113.43033310,334.786,224.957371
POINT1.MATRIX0=-0.706580481,-0.707632690,-0.000000000,0.000000000,0.707632690,-0.706580481,-0.000000000,0.000000000,0.000000000,-0.000000000,1.000000000,0.000000000,-11.644198778,0.718680016,34.741099268,1.000000000
POINT1.MATRIX1=-0.706580481,-0.707632690,-0.000000000,0.000000000,0.707632690,-0.706580481,-0.000000000,0.000000000,0.000000000,-0.000000000,1.000000000,0.000000000,-11.644198778,0.718680016,35.191100032,1.000000000
POINT1.MATRIX2=-0.706580481,-0.707632690,-0.000000000,0.000000000,0.707632690,-0.706580481,-0.000000000,0.000000000,0.000000000,-0.000000000,1.000000000,0.000000000,-12.094428855,0.721107171,35.191100032,1.000000000
POINT1.MATRIX3=-0.706580481,-0.707632690,-0.000000000,0.000000000,0.707632690,-0.706580481,-0.000000000,0.000000000,0.000000000,-0.000000000,1.000000000,0.000000000,-12.094428855,0.721107171,34.741099269,1.000000000
