OBJECTMODELPOINTER=73cb3a27-effd-4869-ba49-8777dc3de7e9.dev
BASEFAMILY=801ba919-9a3e-4b47-8548-3fece3a4fc1e.fam
TRANSFORMMATRIX=0.000000584,1.000000067,-0.000000237,0.000000000,-0.999999933,-0.000000232,0.000001627,0.000000000,0.000000000,0.000000000,1.000000000,0.000000000,-7.067193009,-0.000000000,75.600000000,1.000000000
ENTITYNAME=Tower_Device
