OBJECTMODELPOINTER=33777c94-e4b9-4947-906f-f84480f3cb99.dev
BASEFAMILY=8020d1c5-98f7-4462-aa76-7bce6644c6f1.fam
BLHA=28.28149698,113.45977476,95.758412,340.232800
TRANSFORMMATRIX=0.004798499,-0.999988487,0.000005914,0.000000000,0.999988487,0.004798499,0.000001298,0.000000000,-0.000001327,0.000005908,1.000000000,0.000000000,-8.492148565,37.703240270,39.671168006,1.000000000
ENTITYNAME=Wire_Device
