OBJECTMODELPOINTER=33777c94-e4b9-4947-906f-f84480f3cb99.dev
BASEFAMILY=8023f458-73c1-4673-a1fc-9145fd8bdad9.fam
BLHA=28.78468964,113.48433856,117.864116,408.814230
TRANSFORMMATRIX=-0.138584681,0.990350587,0.000027941,0.000000000,-0.990350588,-0.138584681,0.000001332,0.000000000,0.000005191,-0.000027487,1.000000000,0.000000000,32.615274553,-174.858553415,32.605180385,1.000000000
ENTITYNAME=Wire_Device
