OBJECTMODELPOINTER=33777c94-e4b9-4947-906f-f84480f3cb99.dev
BASEFAMILY=802e7226-b41a-47ab-89d9-1c5a0bcf6a19.fam
BLHA=28.52807252,113.49714509,416.575795,210.734491
TRANSFORMMATRIX=0.003510003,-0.999993840,0.000005204,0.000000000,0.999993840,0.003510003,0.000001900,0.000000000,-0.000001919,0.000005197,1.000000000,0.000000000,-12.125179734,33.100740985,29.808927833,1.000000000
ENTITYNAME=Wire_Device
