ENTITYNAME=WIRE
BASEFAMILY=803497e7-fb15-4a34-928b-9e4f7e2d6863.fam
OBJECTMODELPOINTER=31970f28-780e-4bf1-8adb-439f78c329a3.dev
KVALUE=0.000251
SPLIT=1
POINT0.BLHA=28.55813742,113.50479443,276.608,304.990571
POINT0.MATRIX0=-0.819246424,0.573441624,0.000000000,0.000000000,-0.573441624,-0.819246424,0.000000000,0.000000000,0.000000000,0.000000000,1.000000000,0.000000000,-11.318306225,0.310139947,69.558000120,1.000000000
POINT1.BLHA=28.55326393,113.50869198,332.868,304.990571
POINT1.MATRIX0=-0.819246424,0.573441624,0.000000000,0.000000000,-0.573441624,-0.819246424,0.000000000,0.000000000,0.000000000,0.000000000,1.000000000,0.000000000,-11.948980724,-0.309912890,60.558001024,1.000000000
