ENTITYNAME=WIRE
BASEFAMILY=803c9662-d022-4c40-9ab1-62c4f30966e9.fam
OBJECTMODELPOINTER=81b82497-164d-48c0-b1cb-18fa700dacdf.dev
KVALUE=0.000000
SPLIT=4
POINT0.BLHA=28.74269478,113.45578230,73.561,258.301958
POINT0.MATRIX0=-0.979229741,-0.202753828,-0.000000000,0.000000000,0.202753828,-0.979229741,-0.000000000,0.000000000,-0.000000000,0.000000000,1.000000000,0.000000000,0.181844944,-0.119116442,59.478128367,1.000000000
POINT0.MATRIX1=-0.979229741,-0.202753828,-0.000000000,0.000000000,0.202753828,-0.979229741,-0.000000000,0.000000000,-0.000000000,0.000000000,1.000000000,0.000000000,0.214948768,-0.118245807,59.926904612,1.000000000
POINT0.MATRIX2=-0.979229741,-0.202753828,-0.000000000,0.000000000,0.202753828,-0.979229741,-0.000000000,0.000000000,-0.000000000,0.000000000,1.000000000,0.000000000,-0.233592966,-0.119368938,59.960168773,1.000000000
POINT0.MATRIX3=-0.979229741,-0.202753828,-0.000000000,0.000000000,0.202753828,-0.979229741,-0.000000000,0.000000000,-0.000000000,0.000000000,1.000000000,0.000000000,-0.267092793,-0.118327016,59.511392528,1.000000000
POINT1.BLHA=28.74269478,113.45578230,73.561,258.301958
POINT1.MATRIX0=-0.979229741,-0.202753828,-0.000000000,0.000000000,0.202753828,-0.979229741,-0.000000000,0.000000000,-0.000000000,0.000000000,1.000000000,0.000000000,0.181841462,0.000898792,59.478128367,1.000000000
POINT1.MATRIX1=-0.979229741,-0.202753828,-0.000000000,0.000000000,0.202753828,-0.979229741,-0.000000000,0.000000000,-0.000000000,0.000000000,1.000000000,0.000000000,0.214945285,0.001769428,59.926904612,1.000000000
POINT1.MATRIX2=-0.979229741,-0.202753828,-0.000000000,0.000000000,0.202753828,-0.979229741,-0.000000000,0.000000000,-0.000000000,0.000000000,1.000000000,0.000000000,-0.233596448,0.000646297,59.960168772,1.000000000
POINT1.MATRIX3=-0.979229741,-0.202753828,-0.000000000,0.000000000,0.202753828,-0.979229741,-0.000000000,0.000000000,-0.000000000,0.000000000,1.000000000,0.000000000,-0.267096275,0.001688219,59.511392527,1.000000000
