OBJECTMODELPOINTER=33777c94-e4b9-4947-906f-f84480f3cb99.dev
BASEFAMILY=80678266-5301-48d9-a344-51781d2f7c5a.fam
BLHA=28.31435017,113.39267151,117.559440,4.996372
TRANSFORMMATRIX=0.000030011,-0.999999998,0.000050982,0.000000000,1.000000000,0.000030011,-0.000000811,0.000000000,0.000000809,0.000050982,0.999999999,0.000000000,5.289002137,325.412243448,42.984374724,1.000000000
ENTITYNAME=Wire_Device
