OBJECTMODELPOINTER=581efcd8-93f6-4a8d-8611-e3345f0ea928.dev
BASEFAMILY=807dc095-7822-49ed-94ae-af47c0fd4f6d.fam
TRANSFORMMATRIX=0.001509711,-0.999998516,0.000000862,0.000000000,0.999999205,0.001509246,-0.000001400,0.000000000,-0.000000000,-0.000000000,1.000000000,0.000000000,11.870000000,0.600000000,38.999999999,1.000000000
ENTITYNAME=Tower_Device
