OBJECTMODELPOINTER=33777c94-e4b9-4947-906f-f84480f3cb99.dev
BASEFAMILY=808b2180-401f-497f-a487-a91d0070db40.fam
BLHA=28.63338498,113.46540590,167.944131,275.523589
TRANSFORMMATRIX=-0.054206834,-0.998529729,0.000019549,0.000000000,0.998529729,-0.054206834,-0.000001082,0.000000000,0.000002141,0.000019462,1.000000000,0.000000000,13.601330042,123.584590839,24.638777584,1.000000000
ENTITYNAME=Wire_Device
