OBJECTMODELPOINTER=4bf3ea09-1d43-4397-88ac-a51b8786d17f.dev
BASEFAMILY=80989723-afff-40e6-853f-8971db46e951.fam
TRANSFORMMATRIX=-0.000000095,0.999999614,0.000001299,0.000000000,-1.000000386,0.000000214,0.000001006,0.000000000,-0.000000000,0.000000000,1.000000000,0.000000000,7.500000000,4.000000001,43.000000000,1.000000000
ENTITYNAME=Tower_Device
