OBJECTMODELPOINTER=4536a34c-d6ec-4f75-a012-e3dda0464d8b.dev
BASEFAMILY=809a6106-3626-4f86-85a0-275f623d706c.fam
TRANSFORMMATRIX=1.000000000,0.000000000,0.000000000,0.000000000,0.000000000,1.000000000,-0.000000000,0.000000000,0.000000000,-0.000000000,1.000000000,0.000000000,0.000000000,-0.000000000,-0.000000001,1.000000000
ENTITYNAME=Tower_Device
