OBJECTMODELPOINTER=33777c94-e4b9-4947-906f-f84480f3cb99.dev
BASEFAMILY=80be2404-22f8-44a3-85bd-fc49f959724f.fam
BLHA=28.53971514,113.51008635,497.099735,255.750198
TRANSFORMMATRIX=-0.007004927,-0.999975464,0.000040050,0.000000000,0.999975465,-0.007004927,0.000002209,0.000000000,-0.000001929,0.000040064,0.999999999,0.000000000,-11.989415637,254.491965325,-16.128863575,1.000000000
ENTITYNAME=Wire_Device
