OBJECTMODELPOINTER=8be2125b-736e-41f9-8692-408e5aefe132.dev
BASEFAMILY=80ca3d80-7b3b-44fe-bab6-650986689dd3.fam
TRANSFORMMATRIX=-0.000000161,1.000000017,0.000001640,0.000000000,-0.999999983,0.000000676,0.000000074,0.000000000,-0.000000000,-0.000000000,1.000000000,0.000000000,7.790000000,0.000000000,30.000000000,1.000000000
ENTITYNAME=Tower_Device
