OBJECTMODELPOINTER=035d3177-06f4-4742-b3fb-752a6c8c000f.dev
BASEFAMILY=80d19f95-0d4d-4ad3-a796-001ada75b87f.fam
TRANSFORMMATRIX=-0.000000245,0.999999730,-0.000001501,0.000000000,-1.000000270,0.000000385,-0.000000668,0.000000000,0.000000000,0.000000000,1.000000000,0.000000000,0.000000000,-0.000000000,56.999999999,1.000000000
ENTITYNAME=Tower_Device
