OBJECTMODELPOINTER=33777c94-e4b9-4947-906f-f84480f3cb99.dev
BASEFAMILY=80d1dfa7-9b2d-4865-bc47-9ebdd782baeb.fam
BLHA=28.54296028,113.51100370,560.594660,255.750198
TRANSFORMMATRIX=-0.000004506,-1.000000000,0.000029173,0.000000000,1.000000000,-0.000004506,0.000002149,0.000000000,-0.000002150,0.000029173,1.000000000,0.000000000,-13.486142442,185.307375444,-10.315826470,1.000000000
ENTITYNAME=Wire_Device
