OBJECTMODELPOINTER=33777c94-e4b9-4947-906f-f84480f3cb99.dev
BASEFAMILY=80e13981-f8b6-46c4-b51b-407882c42235.fam
BLHA=28.72596649,113.45194319,126.516960,450.796525
TRANSFORMMATRIX=0.585332126,0.810793625,0.000000341,0.000000000,-0.810793625,0.585332126,0.000001324,0.000000000,0.000000874,-0.000001051,1.000000000,0.000000000,5.581003267,-6.675142373,36.199623071,1.000000000
ENTITYNAME=Wire_Device
