OBJECTMODELPOINTER=67f02e6f-2f0c-48ce-8f2a-b412e83692f1.dev
BASEFAMILY=80e6a578-8480-4025-b70f-21f970b177b3.fam
TRANSFORMMATRIX=0.000748798,-0.001913533,-0.999997920,0.000000000,-0.931073424,-0.364831764,-0.000000933,0.000000000,-0.364831273,0.931071381,-0.002055927,0.000000000,10.699999999,-0.854000000,47.000000000,1.000000000
ENTITYNAME=Tower_Device
