OBJECTMODELPOINTER=33777c94-e4b9-4947-906f-f84480f3cb99.dev
BASEFAMILY=810710d2-4c54-4943-9f24-48faeb86380e.fam
BLHA=28.46846127,113.40263855,250.773411,415.920157
TRANSFORMMATRIX=0.000018657,1.000000000,-0.000000079,0.000000000,-1.000000000,0.000018657,0.000001176,0.000000000,0.000001176,0.000000078,1.000000000,0.000000000,7.497566720,0.517643839,37.434789654,1.000000000
ENTITYNAME=Wire_Device
