OBJECTMODELPOINTER=2e3b178c-4ba7-4d80-a32c-fb3cd68cf5ea.dev
BASEFAMILY=811215ce-398c-4f5e-8d0e-c5bd500d28f8.fam
TRANSFORMMATRIX=-0.000000166,1.000000244,-0.000001594,0.000000000,-0.999999756,0.000000512,0.000000401,0.000000000,0.000000000,-0.000000000,1.000000000,0.000000000,0.000000000,0.000000000,57.000000001,1.000000000
ENTITYNAME=Tower_Device
