OBJECTMODELPOINTER=33777c94-e4b9-4947-906f-f84480f3cb99.dev
BASEFAMILY=8126bc3e-3154-4872-a452-7c9293aebba3.fam
BLHA=28.28149698,113.45977476,95.758412,340.232800
TRANSFORMMATRIX=0.003171032,-0.999994972,0.000018886,0.000000000,0.999994972,0.003171032,0.000001188,0.000000000,-0.000001248,0.000018883,1.000000000,0.000000000,-8.128035980,120.470390210,51.955963384,1.000000000
ENTITYNAME=Wire_Device
