ENTITYNAME=WIRE
BASEFAMILY=81316d17-902b-440b-87e0-ec6dd6211f0e.fam
OBJECTMODELPOINTER=81b82497-164d-48c0-b1cb-18fa700dacdf.dev
KVALUE=0.000376
SPLIT=4
POINT0.BLHA=28.31502906,113.40300484,68.016,0.896163
POINT0.MATRIX0=0.015640353,0.999877682,-0.000000000,0.000000000,-0.999877682,0.015640353,-0.000000000,0.000000000,-0.000000000,-0.000000000,1.000000000,0.000000000,-6.587634743,0.129898860,64.366812876,1.000000000
POINT0.MATRIX1=0.015640353,0.999877682,-0.000000000,0.000000000,-0.999877682,0.015640353,-0.000000000,0.000000000,-0.000000000,-0.000000000,1.000000000,0.000000000,-6.402064742,0.129926170,64.830664804,1.000000000
POINT0.MATRIX2=0.015640353,0.999877682,-0.000000000,0.000000000,-0.999877682,0.015640353,-0.000000000,0.000000000,-0.000000000,-0.000000000,1.000000000,0.000000000,-6.865009482,0.130086731,65.017325571,1.000000000
POINT0.MATRIX3=0.015640353,0.999877682,-0.000000000,0.000000000,-0.999877682,0.015640353,-0.000000000,0.000000000,-0.000000000,-0.000000000,1.000000000,0.000000000,-7.052532369,0.130089969,64.553473642,1.000000000
POINT1.BLHA=28.31510010,113.40690744,78.265,0.896163
POINT1.MATRIX0=0.015640353,0.999877682,-0.000000000,0.000000000,-0.999877682,0.015640353,-0.000000000,0.000000000,0.000000000,-0.000000000,1.000000000,0.000000000,-7.069573168,-0.130044857,71.066696603,1.000000000
POINT1.MATRIX1=0.015640353,0.999877682,-0.000000000,0.000000000,-0.999877682,0.015640353,-0.000000000,0.000000000,0.000000000,-0.000000000,1.000000000,0.000000000,-6.885956054,-0.129986999,71.531784493,1.000000000
POINT1.MATRIX2=0.015640353,0.999877682,-0.000000000,0.000000000,-0.999877682,0.015640353,-0.000000000,0.000000000,0.000000000,-0.000000000,1.000000000,0.000000000,-7.350857498,-0.130040001,71.715317209,1.000000000
POINT1.MATRIX3=0.015640353,0.999877682,-0.000000000,0.000000000,-0.999877682,0.015640353,-0.000000000,0.000000000,0.000000000,-0.000000000,1.000000000,0.000000000,-7.534474613,-0.130097859,71.250214059,1.000000000
