ENTITYNAME=WIRE
BASEFAMILY=8132b695-0045-4400-bca5-471b106e95b8.fam
OBJECTMODELPOINTER=81b82497-164d-48c0-b1cb-18fa700dacdf.dev
KVALUE=0.000000
SPLIT=4
POINT0.BLHA=28.30399811,113.43961542,62.139,477.400140
POINT0.MATRIX0=0.887814260,-0.460201956,-0.000000000,0.000000000,0.460201956,0.887814260,-0.000000000,0.000000000,-0.000000000,0.000000000,1.000000000,0.000000000,9.274990996,0.000986729,54.789999101,1.000000000
POINT0.MATRIX1=0.887814260,-0.460201956,-0.000000000,0.000000000,0.460201956,0.887814260,-0.000000000,0.000000000,-0.000000000,0.000000000,1.000000000,0.000000000,9.274990995,0.000986728,55.239999104,1.000000000
POINT0.MATRIX2=0.887814260,-0.460201956,-0.000000000,0.000000000,0.460201956,0.887814260,-0.000000000,0.000000000,-0.000000000,0.000000000,1.000000000,0.000000000,9.724990919,0.000986739,55.239999104,1.000000000
POINT0.MATRIX3=0.887814260,-0.460201956,-0.000000000,0.000000000,0.460201956,0.887814260,-0.000000000,0.000000000,-0.000000000,0.000000000,1.000000000,0.000000000,9.724990920,0.000986739,54.789999101,1.000000000
POINT1.BLHA=28.30399811,113.43961542,62.139,477.400140
POINT1.MATRIX0=0.887814260,-0.460201956,-0.000000000,0.000000000,0.460201956,0.887814260,-0.000000000,0.000000000,-0.000000000,0.000000000,1.000000000,0.000000000,9.274990848,-0.001013322,54.789999101,1.000000000
POINT1.MATRIX1=0.887814260,-0.460201956,-0.000000000,0.000000000,0.460201956,0.887814260,-0.000000000,0.000000000,-0.000000000,0.000000000,1.000000000,0.000000000,9.274990847,-0.001013322,55.239999105,1.000000000
POINT1.MATRIX2=0.887814260,-0.460201956,-0.000000000,0.000000000,0.460201956,0.887814260,-0.000000000,0.000000000,-0.000000000,0.000000000,1.000000000,0.000000000,9.724990771,-0.001013312,55.239999104,1.000000000
POINT1.MATRIX3=0.887814260,-0.460201956,-0.000000000,0.000000000,0.460201956,0.887814260,-0.000000000,0.000000000,-0.000000000,0.000000000,1.000000000,0.000000000,9.724990772,-0.001013312,54.789999101,1.000000000
