OBJECTMODELPOINTER=33777c94-e4b9-4947-906f-f84480f3cb99.dev
BASEFAMILY=8144f2bb-1bae-48bc-9925-5c5912d80c2a.fam
BLHA=28.52615363,113.49352553,361.372655,210.734491
TRANSFORMMATRIX=0.000050048,-0.999999998,0.000049924,0.000000000,0.999999999,0.000050048,0.000000326,0.000000000,-0.000000329,0.000049924,0.999999999,0.000000000,-1.366633797,318.249939791,55.958399786,1.000000000
ENTITYNAME=Wire_Device
