OBJECTMODELPOINTER=33777c94-e4b9-4947-906f-f84480f3cb99.dev
BASEFAMILY=815439d3-cbc7-4df6-bf49-76312ca5b8d3.fam
BLHA=28.29509828,113.44289412,61.743516,287.794387
TRANSFORMMATRIX=0.000005057,-0.999999999,0.000037917,0.000000000,1.000000000,0.000005057,-0.000001014,0.000000000,0.000001013,0.000037917,0.999999999,0.000000000,6.099714727,240.874676550,11.383852843,1.000000000
ENTITYNAME=Wire_Device
