OBJECTMODELPOINTER=33777c94-e4b9-4947-906f-f84480f3cb99.dev
BASEFAMILY=815d1960-d7f6-4b74-84d2-f621f6c7dbaa.fam
BLHA=28.31294059,113.42646212,52.368358,335.449580
TRANSFORMMATRIX=0.000030938,-0.999999998,0.000060306,0.000000000,1.000000000,0.000030938,0.000001225,0.000000000,-0.000001227,0.000060306,0.999999998,0.000000000,-8.551877426,384.605956269,55.790305419,1.000000000
ENTITYNAME=Wire_Device
