OBJECTMODELPOINTER=01de1fd8-233f-4e2b-99db-b4b0c1aeb3dd.dev
BASEFAMILY=8162656a-7a89-46a7-a4bb-9287dd3f1ace.fam
TRANSFORMMATRIX=0.000000520,-0.999999701,-0.000000733,0.000000000,1.000000299,-0.000000069,0.000001470,0.000000000,0.000000000,-0.000000000,1.000000000,0.000000000,-10.000000000,-0.000000000,29.999999999,1.000000000
ENTITYNAME=Tower_Device
