OBJECTMODELPOINTER=33777c94-e4b9-4947-906f-f84480f3cb99.dev
BASEFAMILY=816bf901-a937-4c06-b97e-2dc47c910a9f.fam
BLHA=28.64054809,113.46428400,121.846877,277.610658
TRANSFORMMATRIX=-0.000000218,-1.000000000,0.000004967,0.000000000,1.000000000,-0.000000218,0.000000019,0.000000000,-0.000000019,0.000004966,1.000000000,0.000000000,-0.141362074,31.542000773,50.002038264,1.000000000
ENTITYNAME=Wire_Device
