OBJECTMODELPOINTER=8c96e33d-9499-44f0-ac68-9bc61df33c44.dev
BASEFAMILY=816e52c5-ccce-4890-9bac-0df617d35ee3.fam
TRANSFORMMATRIX=0.009441977,0.999955253,-0.000001587,0.000000000,-0.999955587,0.009442747,-0.000000447,0.000000000,-0.000000000,0.000000000,1.000000000,0.000000000,-13.319999999,-0.599999999,63.000000000,1.000000000
ENTITYNAME=Tower_Device
