OBJECTMODELPOINTER=146d895a-fdff-4646-a5ce-e15abbf3f3eb.dev
BASEFAMILY=8171720c-fbc7-479d-96f3-2b2f36ac6efb.fam
TRANSFORMMATRIX=-1.000000000,0.000000000,-0.000000000,0.000000000,-0.000000000,-1.000000000,0.000000000,0.000000000,-0.000000000,0.000000000,1.000000000,0.000000000,5.809496352,5.810191289,-0.000002804,1.000000000
ENTITYNAME=Tower_Device
