OBJECTMODELPOINTER=33777c94-e4b9-4947-906f-f84480f3cb99.dev
BASEFAMILY=817145bb-3db0-447c-88a7-56520fdf2d82.fam
BLHA=28.47508033,113.40890253,351.780005,229.813402
TRANSFORMMATRIX=-0.000001193,-1.000000000,0.000005141,0.000000000,1.000000000,-0.000001193,0.000002130,0.000000000,-0.000002130,0.000005141,1.000000000,0.000000000,-13.481112307,32.680391316,48.615715782,1.000000000
ENTITYNAME=Wire_Device
