ENTITYNAME=WIRE
BASEFAMILY=81733495-51bb-4d6a-8a6d-e18673dd5569.fam
OBJECTMODELPOINTER=81b82497-164d-48c0-b1cb-18fa700dacdf.dev
KVALUE=0.000000
SPLIT=4
POINT0.BLHA=28.28912608,113.44509395,57.000,477.961117
POINT0.MATRIX0=0.883265993,-0.468872248,0.000000000,0.000000000,0.468872248,0.883265993,-0.000000000,0.000000000,-0.000000000,-0.000000000,1.000000000,0.000000000,11.189938550,0.000872644,36.790008169,1.000000000
POINT0.MATRIX1=0.883265993,-0.468872248,0.000000000,0.000000000,0.468872248,0.883265993,-0.000000000,0.000000000,-0.000000000,-0.000000000,1.000000000,0.000000000,11.189938550,0.000872644,37.240008172,1.000000000
POINT0.MATRIX2=0.883265993,-0.468872248,0.000000000,0.000000000,0.468872248,0.883265993,-0.000000000,0.000000000,-0.000000000,-0.000000000,1.000000000,0.000000000,11.639938634,0.000872670,37.240008173,1.000000000
POINT0.MATRIX3=0.883265993,-0.468872248,0.000000000,0.000000000,0.468872248,0.883265993,-0.000000000,0.000000000,-0.000000000,-0.000000000,1.000000000,0.000000000,11.639938634,0.000872670,36.790008169,1.000000000
POINT1.BLHA=28.28912608,113.44509395,57.000,477.961117
POINT1.MATRIX0=0.883265993,-0.468872248,0.000000000,0.000000000,0.468872248,0.883265993,-0.000000000,0.000000000,-0.000000000,-0.000000000,1.000000000,0.000000000,11.189938547,-0.001127523,36.790008168,1.000000000
POINT1.MATRIX1=0.883265993,-0.468872248,0.000000000,0.000000000,0.468872248,0.883265993,-0.000000000,0.000000000,-0.000000000,-0.000000000,1.000000000,0.000000000,11.189938546,-0.001127523,37.240008172,1.000000000
POINT1.MATRIX2=0.883265993,-0.468872248,0.000000000,0.000000000,0.468872248,0.883265993,-0.000000000,0.000000000,-0.000000000,-0.000000000,1.000000000,0.000000000,11.639938525,-0.001127441,37.240008172,1.000000000
POINT1.MATRIX3=0.883265993,-0.468872248,0.000000000,0.000000000,0.468872248,0.883265993,-0.000000000,0.000000000,-0.000000000,-0.000000000,1.000000000,0.000000000,11.639938526,-0.001127441,36.790008169,1.000000000
