OBJECTMODELPOINTER=75e4d58d-1105-41f7-9614-f7e77d9e6dc9.dev
BASEFAMILY=817fa8f9-6f1b-4157-a8c7-115bd1133bcf.fam
TRANSFORMMATRIX=1.000000000,-0.000000000,-0.000000000,0.000000000,-0.000000000,1.000000000,0.000000000,0.000000000,-0.000000000,-0.000000000,1.000000000,0.000000000,-0.000000000,-0.000000000,-0.000000000,1.000000000
ENTITYNAME=Tower_Device
