OBJECTMODELPOINTER=33777c94-e4b9-4947-906f-f84480f3cb99.dev
BASEFAMILY=81805065-8a18-4b39-b19d-77ffb57468ea.fam
BLHA=28.57953661,113.48279374,260.580940,480.423303
TRANSFORMMATRIX=-0.215341187,0.976538874,0.000030126,0.000000000,-0.976538874,-0.215341187,0.000000220,0.000000000,0.000006702,-0.000029372,1.000000000,0.000000000,43.148168693,-186.864987909,24.614983380,1.000000000
ENTITYNAME=Wire_Device
