OBJECTMODELPOINTER=33777c94-e4b9-4947-906f-f84480f3cb99.dev
BASEFAMILY=8187932a-4bdf-487d-bf5e-955388d9ca2b.fam
BLHA=28.26907527,113.47529619,67.190721,514.001895
TRANSFORMMATRIX=-0.261846799,0.965109452,0.000001102,0.000000000,-0.965109452,-0.261846799,0.000001347,0.000000000,0.000001589,-0.000000711,1.000000000,0.000000000,10.108586993,-4.553189456,31.781192084,1.000000000
ENTITYNAME=Wire_Device
