ENTITYNAME=WIRE
BASEFAMILY=8197fb3b-6360-4a1f-8ef2-492b42db247c.fam
OBJECTMODELPOINTER=31970f28-780e-4bf1-8adb-439f78c329a3.dev
KVALUE=0.000239
SPLIT=1
POINT0.BLHA=28.78112316,113.48165670,163.745,236.227775
POINT0.MATRIX0=-0.831254041,-0.555892723,-0.000000000,0.000000000,0.555892723,-0.831254041,-0.000000000,0.000000000,-0.000000000,-0.000000000,1.000000000,0.000000000,9.869084055,0.309203328,54.558002416,1.000000000
POINT1.BLHA=28.77883021,113.47993260,194.739,236.227775
POINT1.MATRIX0=-0.831254041,-0.555892723,0.000000000,0.000000000,0.555892723,-0.831254041,0.000000000,0.000000000,-0.000000000,0.000000000,1.000000000,0.000000000,9.870126675,-0.309310846,54.558005983,1.000000000
