OBJECTMODELPOINTER=33777c94-e4b9-4947-906f-f84480f3cb99.dev
BASEFAMILY=819c69eb-aa4b-4baa-899f-993a46d18b22.fam
BLHA=28.39175425,113.36683981,143.500019,249.667673
TRANSFORMMATRIX=-0.000013738,-0.999999997,0.000071308,0.000000000,1.000000000,-0.000013738,0.000000499,0.000000000,-0.000000498,0.000071309,0.999999997,0.000000000,-2.406393335,453.088511564,18.322385878,1.000000000
ENTITYNAME=Wire_Device
