OBJECTMODELPOINTER=90e190e7-e3ad-4eb8-968a-ea8f5abf6718.dev
BASEFAMILY=819e3ae0-ffec-42bf-8261-1dfa93e19fc7.fam
TRANSFORMMATRIX=-0.999999534,0.000965145,-0.000000001,0.000000000,-0.000965146,-0.999999534,-0.000000000,0.000000000,-0.000000000,-0.000000000,1.000000000,0.000000000,-11.320000000,0.000000000,70.000000000,1.000000000
ENTITYNAME=Tower_Device
