ENTITYNAME=WIRE
BASEFAMILY=81a8bd37-6da8-4c61-892d-dba536f7b85b.fam
OBJECTMODELPOINTER=81b82497-164d-48c0-b1cb-18fa700dacdf.dev
KVALUE=0.090096
SPLIT=4
POINT0.BLHA=28.50595381,113.45544189,275.038,205.493080
POINT0.MATRIX0=-0.430402079,-0.902637275,0.000000000,0.000000000,0.902637275,-0.430402079,0.000000000,0.000000000,0.000000000,0.000000000,1.000000000,0.000000000,-6.924220093,-8.950346118,28.713835062,1.000000000
POINT0.MATRIX1=-0.430402079,-0.902637275,0.000000000,0.000000000,0.902637275,-0.430402079,0.000000000,0.000000000,0.000000000,0.000000000,1.000000000,0.000000000,-6.900240568,-9.744481152,29.145431341,1.000000000
POINT0.MATRIX2=-0.430402079,-0.902637275,0.000000000,0.000000000,0.902637275,-0.430402079,0.000000000,0.000000000,0.000000000,0.000000000,1.000000000,0.000000000,-7.399154743,-9.781117171,29.145460905,1.000000000
POINT0.MATRIX3=-0.430402079,-0.902637275,0.000000000,0.000000000,0.902637275,-0.430402079,0.000000000,0.000000000,0.000000000,0.000000000,1.000000000,0.000000000,-7.423186807,-8.987092321,28.713864627,1.000000000
POINT1.BLHA=28.50595381,113.45544189,275.038,205.493080
POINT1.MATRIX0=-0.430402079,-0.902637275,0.000000000,0.000000000,0.902637275,-0.430402079,0.000000000,0.000000000,0.000000000,0.000000000,1.000000000,0.000000000,-9.275035283,0.000037538,25.789999844,1.000000000
POINT1.MATRIX1=-0.430402079,-0.902637275,0.000000000,0.000000000,0.902637275,-0.430402079,0.000000000,0.000000000,0.000000000,0.000000000,1.000000000,0.000000000,-9.275035283,0.000037537,26.239999832,1.000000000
POINT1.MATRIX2=-0.430402079,-0.902637275,0.000000000,0.000000000,0.902637275,-0.430402079,0.000000000,0.000000000,0.000000000,0.000000000,1.000000000,0.000000000,-9.725035250,0.000037712,26.239999833,1.000000000
POINT1.MATRIX3=-0.430402079,-0.902637275,0.000000000,0.000000000,0.902637275,-0.430402079,0.000000000,0.000000000,0.000000000,0.000000000,1.000000000,0.000000000,-9.725035250,0.000037713,25.789999845,1.000000000
