OBJECTMODELPOINTER=737562c7-e3f9-4748-b4a3-a4dee2c8bb02.dev
BASEFAMILY=81aaaebd-2fa6-4448-b1b6-0187fada53d1.fam
TRANSFORMMATRIX=-0.020431932,-0.083804717,-0.996272905,0.000000000,0.971538981,-0.236878901,-0.000001164,0.000000000,-0.235996077,-0.967917950,0.086259457,0.000000000,11.100000000,0.847500000,47.000000001,1.000000000
ENTITYNAME=Tower_Device
