OBJECTMODELPOINTER=9bcc2763-e102-4a4c-af74-01ee7ad5fb18.dev
BASEFAMILY=81c14984-9017-467e-b915-5f2bf0392abd.fam
TRANSFORMMATRIX=0.000000253,1.000000416,-0.000001271,0.000000000,-0.999999584,0.000000311,0.000001040,0.000000000,-0.000000000,-0.000000000,1.000000000,0.000000000,-0.000000000,-0.000000000,63.000000000,1.000000000
ENTITYNAME=Tower_Device
