OBJECTMODELPOINTER=33777c94-e4b9-4947-906f-f84480f3cb99.dev
BASEFAMILY=81c7a007-0a84-48b9-bc7c-4d39a3443756.fam
BLHA=28.81479133,113.52057006,101.431429,372.952022
TRANSFORMMATRIX=-0.235821336,0.971796428,0.000016695,0.000000000,-0.971796428,-0.235821336,-0.000001426,0.000000000,0.000002551,-0.000016561,1.000000000,0.000000000,16.087331857,-105.665717228,33.479993922,1.000000000
ENTITYNAME=Wire_Device
