OBJECTMODELPOINTER=23404706-3b72-458f-95fb-af0b710bdc0b.dev
BASEFAMILY=81df5f03-6f05-440f-9b00-def845c0e727.fam
TRANSFORMMATRIX=-1.000000000,-0.000000001,0.000000000,0.000000000,0.000000001,-1.000000000,-0.000000000,0.000000000,0.000000000,0.000000000,1.000000000,0.000000000,-9.869999999,0.310000000,52.000000000,1.000000000
ENTITYNAME=Tower_Device
