OBJECTMODELPOINTER=33777c94-e4b9-4947-906f-f84480f3cb99.dev
BASEFAMILY=81f222e7-de21-4510-991a-8a0b0c450d53.fam
BLHA=28.67276970,113.45923535,192.994115,456.641966
TRANSFORMMATRIX=-0.014101568,0.999900566,0.000061540,0.000000000,-0.999900568,-0.014101568,0.000000450,0.000000000,0.000001318,-0.000061527,0.999999998,0.000000000,8.644282706,-390.750574046,2.130329734,1.000000000
ENTITYNAME=Wire_Device
