OBJECTMODELPOINTER=33777c94-e4b9-4947-906f-f84480f3cb99.dev
BASEFAMILY=820d2d38-fa01-43ee-8ca7-bad1a455c5f2.fam
BLHA=28.43802035,113.38456732,303.277751,242.026912
TRANSFORMMATRIX=0.001496267,-0.999998878,0.000073404,0.000000000,0.999998881,0.001496267,0.000002395,0.000000000,-0.000002504,0.000073401,0.999999997,0.000000000,-14.962062377,466.608007694,5.894096184,1.000000000
ENTITYNAME=Wire_Device
