OBJECTMODELPOINTER=33777c94-e4b9-4947-906f-f84480f3cb99.dev
BASEFAMILY=820d5950-6585-467e-a94a-137bc5ed16b3.fam
BLHA=28.54296028,113.51100370,560.594660,255.750198
TRANSFORMMATRIX=-0.000003130,-1.000000000,0.000018675,0.000000000,1.000000000,-0.000003130,0.000002094,0.000000000,-0.000002094,0.000018675,1.000000000,0.000000000,-13.214321482,118.617837464,0.585293491,1.000000000
ENTITYNAME=Wire_Device
