OBJECTMODELPOINTER=33777c94-e4b9-4947-906f-f84480f3cb99.dev
BASEFAMILY=821c5276-e098-43e3-945d-7cee8b4122c8.fam
BLHA=28.74269478,113.45578230,73.560853,258.301958
TRANSFORMMATRIX=-0.000001336,-1.000000000,0.000017635,0.000000000,1.000000000,-0.000001336,0.000002185,0.000000000,-0.000002185,0.000017635,1.000000000,0.000000000,-13.831457828,112.001468607,47.353063303,1.000000000
ENTITYNAME=Wire_Device
