OBJECTMODELPOINTER=33777c94-e4b9-4947-906f-f84480f3cb99.dev
BASEFAMILY=822d5faf-6ec7-455e-9ece-299ebf59610c.fam
BLHA=28.75811652,113.46436186,140.284510,236.227775
TRANSFORMMATRIX=-0.001000498,-0.999999496,0.000089613,0.000000000,0.999999500,-0.001000498,-0.000001379,0.000000000,0.000001469,0.000089612,0.999999996,0.000000000,10.720918196,570.000686211,29.018811064,1.000000000
ENTITYNAME=Wire_Device
