OBJECTMODELPOINTER=33777c94-e4b9-4947-906f-f84480f3cb99.dev
BASEFAMILY=8235e8c5-19b0-4885-9a02-37b1a2d9c0a5.fam
BLHA=28.45391595,113.39400228,204.515406,242.026912
TRANSFORMMATRIX=0.002595968,-0.999996627,0.000078418,0.000000000,0.999996631,0.002595968,0.000000346,0.000000000,-0.000000549,0.000078417,0.999999997,0.000000000,-2.426578876,498.520533124,60.708636242,1.000000000
ENTITYNAME=Wire_Device
