OBJECTMODELPOINTER=33777c94-e4b9-4947-906f-f84480f3cb99.dev
BASEFAMILY=823a78d7-7e9e-4655-9684-eaad7fd302d5.fam
BLHA=28.32292443,113.37625760,67.775568,311.415680
TRANSFORMMATRIX=-0.003061048,-0.999995314,0.000047293,0.000000000,0.999995315,-0.003061048,-0.000001342,0.000000000,0.000001486,0.000047289,0.999999999,0.000000000,8.689446896,300.937652575,20.742997093,1.000000000
ENTITYNAME=Wire_Device
