OBJECTMODELPOINTER=33777c94-e4b9-4947-906f-f84480f3cb99.dev
BASEFAMILY=8242cbca-872e-4636-aaa5-9cf908a7c8c0.fam
BLHA=28.55326393,113.50869198,332.868298,304.990571
TRANSFORMMATRIX=0.012301797,-0.999924328,0.000062526,0.000000000,0.999924330,0.012301797,-0.000002088,0.000000000,0.000001318,0.000062547,0.999999998,0.000000000,7.435392697,397.858211548,74.546691967,1.000000000
ENTITYNAME=Wire_Device
