OBJECTMODELPOINTER=33777c94-e4b9-4947-906f-f84480f3cb99.dev
BASEFAMILY=82536dc0-13dc-4455-b844-dfe07506f267.fam
BLHA=28.32292443,113.37625760,67.775568,311.415680
TRANSFORMMATRIX=0.001263365,-0.999999200,0.000057100,0.000000000,0.999999202,0.001263365,0.000001185,0.000000000,-0.000001257,0.000057099,0.999999998,0.000000000,-8.947229543,363.416620905,34.924278476,1.000000000
ENTITYNAME=Wire_Device
