OBJECTMODELPOINTER=33777c94-e4b9-4947-906f-f84480f3cb99.dev
BASEFAMILY=8277e9a7-60e1-46f1-9269-a3a1ae378dc8.fam
BLHA=28.78677028,113.48699418,119.837662,221.400685
TRANSFORMMATRIX=0.003379424,-0.999994290,0.000005300,0.000000000,0.999994290,0.003379424,0.000000041,0.000000000,-0.000000058,0.000005301,1.000000000,0.000000000,-0.285152591,33.753796274,48.021998008,1.000000000
ENTITYNAME=Wire_Device
