OBJECTMODELPOINTER=33777c94-e4b9-4947-906f-f84480f3cb99.dev
BASEFAMILY=827fa065-eb0e-4451-be70-905d4d749603.fam
BLHA=28.51511181,113.47270360,348.782405,210.734491
TRANSFORMMATRIX=0.001200966,-0.999999279,0.000016879,0.000000000,0.999999279,0.001200966,-0.000001982,0.000000000,0.000001961,0.000016881,1.000000000,0.000000000,12.717551043,107.642088241,44.503251644,1.000000000
ENTITYNAME=Wire_Device
