OBJECTMODELPOINTER=33777c94-e4b9-4947-906f-f84480f3cb99.dev
BASEFAMILY=8289d6b4-2cae-4b38-a691-d4bb7310c604.fam
BLHA=28.68327588,113.45799727,190.105481,276.549179
TRANSFORMMATRIX=0.002344777,-0.999997251,0.000006974,0.000000000,0.999997251,0.002344777,0.000001202,0.000000000,-0.000001218,0.000006972,1.000000000,0.000000000,-7.802739465,44.279482928,24.125926343,1.000000000
ENTITYNAME=Wire_Device
