OBJECTMODELPOINTER=33777c94-e4b9-4947-906f-f84480f3cb99.dev
BASEFAMILY=828e359c-5eee-47aa-9819-c790d72abc65.fam
BLHA=28.52957493,113.49997928,454.520911,210.734491
TRANSFORMMATRIX=-0.000000697,-1.000000000,0.000005086,0.000000000,1.000000000,-0.000000697,0.000001900,0.000000000,-0.000001899,0.000005086,1.000000000,0.000000000,-12.005605215,32.394906774,35.305066844,1.000000000
ENTITYNAME=Wire_Device
