OBJECTMODELPOINTER=33777c94-e4b9-4947-906f-f84480f3cb99.dev
BASEFAMILY=82961447-25f6-47e1-97ce-edea49a3ef10.fam
BLHA=28.49713910,113.43191399,298.003064,224.957371
TRANSFORMMATRIX=-0.000010040,-1.000000000,0.000028230,0.000000000,1.000000000,-0.000010040,0.000002072,0.000000000,-0.000002072,0.000028230,1.000000000,0.000000000,-12.720532182,179.703981396,63.014650397,1.000000000
ENTITYNAME=Wire_Device
