OBJECTMODELPOINTER=2eec00e2-d444-45ae-8bbd-7388bb394d81.dev
BASEFAMILY=82bc6615-624c-437e-ad5a-c66771a1fda6.fam
TRANSFORMMATRIX=-0.999999964,-0.000266705,0.000000000,0.000000000,0.000266705,-0.999999965,-0.000000000,0.000000000,-0.000000000,-0.000000000,1.000000000,0.000000000,-9.870000001,-0.000000001,46.000000000,1.000000000
ENTITYNAME=Tower_Device
