ENTITYNAME=WIRE
BASEFAMILY=82bf0ce9-9a22-45c7-8fa4-379f7d1c394f.fam
OBJECTMODELPOINTER=31970f28-780e-4bf1-8adb-439f78c329a3.dev
KVALUE=0.000237
SPLIT=1
POINT0.BLHA=28.66842498,113.45991630,145.503,277.610658
POINT0.MATRIX0=-0.991190922,0.132440763,0.000000000,0.000000000,-0.132440763,-0.991190922,-0.000000000,0.000000000,-0.000000000,0.000000000,1.000000000,0.000000000,11.318233779,0.309781316,69.558003948,1.000000000
POINT1.BLHA=28.66573943,113.46033717,166.409,277.610658
POINT1.MATRIX0=-0.991190922,0.132440763,-0.000000000,0.000000000,-0.132440763,-0.991190922,-0.000000000,0.000000000,0.000000000,0.000000000,1.000000000,0.000000000,9.870008332,-0.309775253,54.558002651,1.000000000
