OBJECTMODELPOINTER=33777c94-e4b9-4947-906f-f84480f3cb99.dev
BASEFAMILY=82c4c69c-a538-4a89-b97a-bc2a1fc6a1cc.fam
BLHA=28.77883021,113.47993260,194.739259,236.227775
TRANSFORMMATRIX=-0.004183444,-0.999991248,0.000049285,0.000000000,0.999991249,-0.004183444,-0.000001529,0.000000000,0.000001735,0.000049278,0.999999999,0.000000000,11.805426179,313.467403304,34.197816693,1.000000000
ENTITYNAME=Wire_Device
