OBJECTMODELPOINTER=0e312739-8609-4a3d-966c-75d05d59356d.dev
BASEFAMILY=82c8b248-96b4-4bb9-b678-454d99731596.fam
TRANSFORMMATRIX=1.000000000,-0.000000000,-0.000000000,0.000000000,-0.000000000,1.000000000,0.000000000,0.000000000,0.000000000,-0.000000000,1.000000000,0.000000000,-5.067069177,-5.066878882,0.000002667,1.000000000
ENTITYNAME=Tower_Device
