OBJECTMODELPOINTER=33777c94-e4b9-4947-906f-f84480f3cb99.dev
BASEFAMILY=82cc0a42-227b-48fa-b474-8875b4f0d69e.fam
BLHA=28.79022096,113.49139881,176.212376,221.400685
TRANSFORMMATRIX=0.001023316,-0.999999476,0.000005436,0.000000000,0.999999476,0.001023316,0.000002037,0.000000000,-0.000002043,0.000005433,1.000000000,0.000000000,-12.912600626,34.573067792,33.416666506,1.000000000
ENTITYNAME=Wire_Device
