OBJECTMODELPOINTER=33777c94-e4b9-4947-906f-f84480f3cb99.dev
BASEFAMILY=82d0f7f9-ebdc-4b93-bf72-015cdd9c15d1.fam
BLHA=28.53971514,113.51008635,497.099735,255.750198
TRANSFORMMATRIX=-0.001216093,-0.999999257,0.000083566,0.000000000,0.999999261,-0.001216093,0.000000444,0.000000000,-0.000000343,0.000083566,0.999999996,0.000000000,-1.529074728,530.853567045,-16.345808562,1.000000000
ENTITYNAME=Wire_Device
