OBJECTMODELPOINTER=92be4863-6633-4e3b-89d6-39ccf6494ee6.dev
BASEFAMILY=82d71eea-9f91-488d-bb8e-e9c43c2cf486.fam
TRANSFORMMATRIX=-1.000000000,0.000000162,-0.000000000,0.000000000,-0.000000162,-1.000000000,-0.000000000,0.000000000,-0.000000000,-0.000000000,1.000000000,0.000000000,9.870000000,0.310000000,49.000000001,1.000000000
ENTITYNAME=Tower_Device
