OBJECTMODELPOINTER=33777c94-e4b9-4947-906f-f84480f3cb99.dev
BASEFAMILY=82dd4e58-0043-4284-b66e-5b2e45fc05f1.fam
BLHA=28.26907527,113.47529619,67.190721,514.001895
TRANSFORMMATRIX=-0.366715874,0.930332987,0.000031991,0.000000000,-0.930332987,-0.366715874,0.000001107,0.000000000,0.000012762,-0.000029357,1.000000000,0.000000000,81.500882496,-187.365238278,74.618852833,1.000000000
ENTITYNAME=Wire_Device
