OBJECTMODELPOINTER=3858c02c-d8c5-416d-9504-13e2bb5b6c5f.dev
BASEFAMILY=82f072f4-191c-409c-a7f0-6156506cf08d.fam
TRANSFORMMATRIX=-0.000000022,1.000000317,-0.000001534,0.000000000,-0.999999683,0.000000523,0.000000586,0.000000000,0.000000000,-0.000000000,1.000000000,0.000000000,0.000000000,-0.000000000,59.999999999,1.000000000
ENTITYNAME=Tower_Device
