OBJECTMODELPOINTER=33777c94-e4b9-4947-906f-f84480f3cb99.dev
BASEFAMILY=82f2c8fd-9cab-4bb9-b2a1-4cb92e5677e1.fam
BLHA=28.41408598,113.37463405,174.728080,254.006183
TRANSFORMMATRIX=-0.000009340,-0.999999998,0.000066281,0.000000000,1.000000000,-0.000009340,0.000000434,0.000000000,-0.000000433,0.000066281,0.999999998,0.000000000,-2.186825227,421.054774140,48.515245215,1.000000000
ENTITYNAME=Wire_Device
