OBJECTMODELPOINTER=33777c94-e4b9-4947-906f-f84480f3cb99.dev
BASEFAMILY=82f8cefd-4132-4a12-9372-3c43b17e1626.fam
BLHA=28.50595381,113.45544189,275.037773,205.493080
TRANSFORMMATRIX=-0.091714337,-0.995785357,0.000056779,0.000000000,0.995785359,-0.091714338,0.000000159,0.000000000,0.000005049,0.000056554,0.999999998,0.000000000,32.820215099,360.717365958,-59.295801643,1.000000000
ENTITYNAME=Wire_Device
