OBJECTMODELPOINTER=33777c94-e4b9-4947-906f-f84480f3cb99.dev
BASEFAMILY=82f8d209-74d2-48a5-84d9-67e7bf8f5895.fam
BLHA=28.37348418,113.36536629,69.677902,286.379084
TRANSFORMMATRIX=0.018747861,-0.999824243,0.000004960,0.000000000,0.999824243,0.018747861,-0.000001842,0.000000000,0.000001749,0.000004994,1.000000000,0.000000000,11.112652844,31.707610991,37.590894570,1.000000000
ENTITYNAME=Wire_Device
