OBJECTMODELPOINTER=33777c94-e4b9-4947-906f-f84480f3cb99.dev
BASEFAMILY=8301817a-c7d5-4028-b1fa-37b0c73c53f5.fam
BLHA=28.43346852,113.38186613,283.381825,242.026912
TRANSFORMMATRIX=-0.011103197,-0.999938358,0.000006060,0.000000000,0.999938358,-0.011103197,0.000002042,0.000000000,-0.000001975,0.000006083,1.000000000,0.000000000,-12.508282780,38.643267007,27.308598436,1.000000000
ENTITYNAME=Wire_Device
