OBJECTMODELPOINTER=33777c94-e4b9-4947-906f-f84480f3cb99.dev
BASEFAMILY=83182882-7600-47a2-b56e-f87c41b3500d.fam
BLHA=28.61307891,113.46689101,233.448700,464.034761
TRANSFORMMATRIX=-0.196543222,0.980495160,0.000060646,0.000000000,-0.980495162,-0.196543222,0.000001271,0.000000000,0.000013166,-0.000059212,0.999999998,0.000000000,84.475221337,-376.238111785,2.853706556,1.000000000
ENTITYNAME=Wire_Device
