OBJECTMODELPOINTER=8e08d7db-140a-4be0-9395-761d280a93fb.dev
BASEFAMILY=83259b92-6487-425e-9b6d-19a31726cb0b.fam
TRANSFORMMATRIX=-1.000000000,0.000000060,-0.000000000,0.000000000,-0.000000060,-1.000000000,0.000000000,0.000000000,-0.000000000,-0.000000000,1.000000000,0.000000000,-9.870000000,0.310000000,55.000000001,1.000000000
ENTITYNAME=Tower_Device
