ENTITYNAME=WIRE
BASEFAMILY=832fcd96-0ae6-40ac-a84b-4aa884b11043.fam
OBJECTMODELPOINTER=31970f28-780e-4bf1-8adb-439f78c329a3.dev
KVALUE=0.000244
SPLIT=1
POINT0.BLHA=28.51626918,113.47488562,373.287,210.734491
POINT0.MATRIX0=-0.511060437,-0.859544780,0.000000000,0.000000000,0.859544780,-0.511060437,-0.000000000,0.000000000,0.000000000,-0.000000000,1.000000000,0.000000000,9.869475327,0.309884511,54.558004386,1.000000000
POINT1.BLHA=28.51511181,113.47270360,348.782,210.734491
POINT1.MATRIX0=-0.511060437,-0.859544780,-0.000000000,0.000000000,0.859544780,-0.511060437,-0.000000000,0.000000000,-0.000000000,0.000000000,1.000000000,0.000000000,11.320207024,-0.309944801,69.558003492,1.000000000
