OBJECTMODELPOINTER=33777c94-e4b9-4947-906f-f84480f3cb99.dev
BASEFAMILY=8338d439-0c73-4ffc-977a-c20db3b9bc92.fam
BLHA=28.74269478,113.45578230,73.560853,258.301958
TRANSFORMMATRIX=-0.000001328,-1.000000000,0.000004900,0.000000000,1.000000000,-0.000001328,-0.000002060,0.000000000,0.000002060,0.000004901,1.000000000,0.000000000,13.177475495,31.140390528,54.353385753,1.000000000
ENTITYNAME=Wire_Device
