OBJECTMODELPOINTER=33777c94-e4b9-4947-906f-f84480f3cb99.dev
BASEFAMILY=834b3ade-40f9-4895-8c89-952691ad815e.fam
BLHA=28.28240757,113.45687165,86.867380,340.232800
TRANSFORMMATRIX=-0.002144974,-0.999997699,0.000017067,0.000000000,0.999997700,-0.002144974,-0.000001086,0.000000000,0.000001123,0.000017064,1.000000000,0.000000000,6.955207786,108.847932787,35.998301584,1.000000000
ENTITYNAME=Wire_Device
