OBJECTMODELPOINTER=826da23e-4501-43db-af21-aad439a2cc82.dev
BASEFAMILY=834d3b8d-1886-42da-868b-76bd807ec264.fam
TRANSFORMMATRIX=-0.005422918,0.999985486,-0.000001613,0.000000000,-0.999985110,-0.005422168,0.000000276,0.000000000,0.000000000,-0.000000000,1.000000000,0.000000000,11.870000000,-0.000000000,47.999999999,1.000000000
ENTITYNAME=Tower_Device
