OBJECTMODELPOINTER=33777c94-e4b9-4947-906f-f84480f3cb99.dev
BASEFAMILY=83732ee1-20ea-4960-b9fb-a8e064c281c0.fam
BLHA=28.26827851,113.48694026,97.359750,314.005848
TRANSFORMMATRIX=0.609673472,-0.792652672,0.000000424,0.000000000,0.792652672,0.609673472,0.000001551,0.000000000,-0.000001487,-0.000000610,1.000000000,0.000000000,-9.462677418,-3.858203374,42.464429927,1.000000000
ENTITYNAME=Wire_Device
