OBJECTMODELPOINTER=33777c94-e4b9-4947-906f-f84480f3cb99.dev
BASEFAMILY=837621de-e166-4eb6-a0a6-11b7c62cd57a.fam
BLHA=28.36557656,113.36066804,62.497212,414.735470
TRANSFORMMATRIX=-0.565795252,0.824545774,-0.000000385,0.000000000,-0.824545774,-0.565795252,0.000001321,0.000000000,0.000000871,0.000001066,1.000000000,0.000000000,5.569871266,6.790762133,35.966732119,1.000000000
ENTITYNAME=Wire_Device
