OBJECTMODELPOINTER=33777c94-e4b9-4947-906f-f84480f3cb99.dev
BASEFAMILY=837dd745-436a-4581-8fc6-cf36b57ad092.fam
BLHA=28.31529425,113.41760444,47.126172,0.896163
TRANSFORMMATRIX=0.008985620,-0.999959628,0.000015290,0.000000000,0.999959629,0.008985620,0.000001568,0.000000000,-0.000001705,0.000015276,1.000000000,0.000000000,-10.818034895,97.503288164,38.094146819,1.000000000
ENTITYNAME=Wire_Device
