OBJECTMODELPOINTER=0e312739-8609-4a3d-966c-75d05d59356d.dev
BASEFAMILY=838ea99a-4890-4945-b403-ee13204619ef.fam
TRANSFORMMATRIX=1.000000000,-0.000000000,-0.000000000,0.000000000,-0.000000000,1.000000000,0.000000000,0.000000000,0.000000000,0.000000000,1.000000000,0.000000000,-5.396897499,-5.397208849,0.000000238,1.000000000
ENTITYNAME=Tower_Device
