OBJECTMODELPOINTER=33777c94-e4b9-4947-906f-f84480f3cb99.dev
BASEFAMILY=8398e712-4615-41e3-8170-9fda5096a50e.fam
BLHA=28.56585701,113.49736639,238.961591,312.996987
TRANSFORMMATRIX=0.000017009,-0.999999999,0.000045447,0.000000000,1.000000000,0.000017009,0.000000072,0.000000000,-0.000000072,0.000045448,0.999999999,0.000000000,-1.213580044,289.298273386,16.626206042,1.000000000
ENTITYNAME=Wire_Device
