OBJECTMODELPOINTER=33777c94-e4b9-4947-906f-f84480f3cb99.dev
BASEFAMILY=83b21dd1-ecb5-4eef-9f24-4688169cb6d5.fam
BLHA=28.28708442,113.44692142,57.763329,308.127846
TRANSFORMMATRIX=-0.006749493,-0.999977222,0.000030061,0.000000000,0.999977222,-0.006749493,-0.000001172,0.000000000,0.000001376,0.000030052,1.000000000,0.000000000,8.276881778,191.186402618,32.791845589,1.000000000
ENTITYNAME=Wire_Device
