OBJECTMODELPOINTER=5bd0adb8-444b-42a6-a6fb-b6f88ec5e19e.dev
BASEFAMILY=83b6712f-7da1-43eb-8e4d-684399cbd5a3.fam
TRANSFORMMATRIX=-0.004588320,0.158490933,-0.987349714,0.000000000,-0.999581430,-0.028932306,-0.000000994,0.000000000,-0.028566016,0.986936296,0.158558285,0.000000000,5.500000000,-0.900000000,44.000000000,1.000000000
ENTITYNAME=Tower_Device
