OBJECTMODELPOINTER=33777c94-e4b9-4947-906f-f84480f3cb99.dev
BASEFAMILY=83ba8765-393a-4037-9721-82dcf93aa381.fam
BLHA=28.32292443,113.37625760,67.775568,311.415680
TRANSFORMMATRIX=-0.003076082,-0.999995269,0.000005098,0.000000000,0.999995269,-0.003076082,-0.000001450,0.000000000,0.000001466,0.000005094,1.000000000,0.000000000,9.250029102,32.394435992,47.069260272,1.000000000
ENTITYNAME=Wire_Device
