OBJECTMODELPOINTER=33777c94-e4b9-4947-906f-f84480f3cb99.dev
BASEFAMILY=83c97726-d621-4b3a-ab77-3d9cc255073b.fam
BLHA=28.31925198,113.37995663,64.126344,500.343289
TRANSFORMMATRIX=0.372644171,0.927974311,-0.000000251,0.000000000,-0.927974311,0.372644171,-0.000001384,0.000000000,-0.000001190,0.000000748,1.000000000,0.000000000,-7.587376009,4.785938051,54.298992214,1.000000000
ENTITYNAME=Wire_Device
