OBJECTMODELPOINTER=84a51860-05b5-49cd-a009-1ec0246821d5.dev
BASEFAMILY=83cf4ad5-845d-4321-94cc-af3de5cee4b9.fam
TRANSFORMMATRIX=0.848093928,-0.377594824,-0.371696282,0.000000000,0.400704169,-0.001893781,0.916205924,0.000000000,-0.346658415,-0.925968959,0.149697795,0.000000000,1.427108433,1.427108434,37.000000000,1.000000000
ENTITYNAME=Tower_Device
