ENTITYNAME=WIRE
BASEFAMILY=83d6cda2-aa8b-44e9-bd51-34ac7d67a89a.fam
OBJECTMODELPOINTER=31970f28-780e-4bf1-8adb-439f78c329a3.dev
KVALUE=0.000287
SPLIT=1
POINT0.BLHA=28.52451102,113.49042735,376.991,210.734491
POINT0.MATRIX0=-0.511060437,-0.859544780,0.000000000,0.000000000,0.859544780,-0.511060437,0.000000000,0.000000000,0.000000000,0.000000000,1.000000000,0.000000000,10.610550943,-0.015343408,54.558006284,1.000000000
POINT1.BLHA=28.52451102,113.49042735,376.991,210.734491
POINT1.MATRIX0=-0.511060437,-0.859544780,0.000000000,0.000000000,0.859544780,-0.511060437,0.000000000,0.000000000,0.000000000,0.000000000,1.000000000,0.000000000,10.603510530,0.015046041,54.558006285,1.000000000
