OBJECTMODELPOINTER=7f9e9b9d-cef6-4095-8caf-6239b371e2ac.dev
BASEFAMILY=83e3a37f-2484-493d-b917-1ec4c40b5b47.fam
TRANSFORMMATRIX=-0.999978021,0.006630448,-0.000000004,0.000000000,-0.006630445,-0.999978016,0.000000006,0.000000000,0.000000000,-0.000000000,1.000000000,0.000000000,-9.870000000,-0.000000000,55.000000000,1.000000000
ENTITYNAME=Tower_Device
