OBJECTMODELPOINTER=55940479-d1f2-48ec-a771-e32534ad3423.dev
BASEFAMILY=83e579d2-af17-4481-a614-8e5b4bac3054.fam
TRANSFORMMATRIX=-0.000000227,1.000000095,-0.000001639,0.000000000,-0.999999905,0.000000589,0.000000081,0.000000000,0.000000000,0.000000000,1.000000000,0.000000000,7.500000000,-4.000000000,43.000000001,1.000000000
ENTITYNAME=Tower_Device
