ENTITYNAME=WIRE
BASEFAMILY=83e6696a-2914-4356-a87f-e40dc0731e94.fam
OBJECTMODELPOINTER=81b82497-164d-48c0-b1cb-18fa700dacdf.dev
KVALUE=0.000000
SPLIT=4
POINT0.BLHA=28.50306305,113.44669559,173.869,200.251669
POINT0.MATRIX0=-0.346144382,-0.938181255,0.000000000,0.000000000,0.938181255,-0.346144382,0.000000000,0.000000000,-0.000000000,-0.000000000,1.000000000,0.000000000,-13.095026635,0.599984967,52.741105915,1.000000000
POINT0.MATRIX1=-0.346144382,-0.938181255,0.000000000,0.000000000,0.938181255,-0.346144382,0.000000000,0.000000000,-0.000000000,-0.000000000,1.000000000,0.000000000,-13.095026635,0.599984967,53.191102864,1.000000000
POINT0.MATRIX2=-0.346144382,-0.938181255,0.000000000,0.000000000,0.938181255,-0.346144382,0.000000000,0.000000000,-0.000000000,-0.000000000,1.000000000,0.000000000,-13.544737896,0.599881903,53.191102864,1.000000000
POINT0.MATRIX3=-0.346144382,-0.938181255,0.000000000,0.000000000,0.938181255,-0.346144382,0.000000000,0.000000000,-0.000000000,-0.000000000,1.000000000,0.000000000,-13.544737895,0.599881903,52.741105916,1.000000000
POINT1.BLHA=28.50306305,113.44669559,173.869,200.251669
POINT1.MATRIX0=-0.346144382,-0.938181255,0.000000000,0.000000000,0.938181255,-0.346144382,0.000000000,0.000000000,-0.000000000,-0.000000000,1.000000000,0.000000000,-13.095028323,0.719983026,52.741105915,1.000000000
POINT1.MATRIX1=-0.346144382,-0.938181255,0.000000000,0.000000000,0.938181255,-0.346144382,0.000000000,0.000000000,-0.000000000,-0.000000000,1.000000000,0.000000000,-13.095028324,0.719983026,53.191102864,1.000000000
POINT1.MATRIX2=-0.346144382,-0.938181255,0.000000000,0.000000000,0.938181255,-0.346144382,0.000000000,0.000000000,-0.000000000,-0.000000000,1.000000000,0.000000000,-13.544739584,0.719879963,53.191102864,1.000000000
POINT1.MATRIX3=-0.346144382,-0.938181255,0.000000000,0.000000000,0.938181255,-0.346144382,0.000000000,0.000000000,-0.000000000,-0.000000000,1.000000000,0.000000000,-13.544739584,0.719879963,52.741105916,1.000000000
