OBJECTMODELPOINTER=15728a69-4729-4ce1-8c56-34c6739869c3.dev
BASEFAMILY=83f904c8-b44f-42cd-b224-6610b00a2a79.fam
TRANSFORMMATRIX=0.017656900,-0.999844194,-0.000000071,0.000000000,0.999844030,0.017656079,-0.000001655,0.000000000,0.000000000,0.000000000,1.000000000,0.000000000,12.730000000,-0.600000000,47.999999999,1.000000000
ENTITYNAME=Tower_Device
