OBJECTMODELPOINTER=33777c94-e4b9-4947-906f-f84480f3cb99.dev
BASEFAMILY=83fc6992-a612-4c09-8bec-207d3130540d.fam
BLHA=28.69702652,113.45589279,149.051008,277.425083
TRANSFORMMATRIX=0.000001731,-1.000000000,0.000016642,0.000000000,1.000000000,0.000001731,0.000000065,0.000000000,-0.000000064,0.000016643,1.000000000,0.000000000,-0.481891505,105.693259343,33.927468232,1.000000000
ENTITYNAME=Wire_Device
