OBJECTMODELPOINTER=33777c94-e4b9-4947-906f-f84480f3cb99.dev
BASEFAMILY=840b03f4-335b-483c-ab35-82479a57c0ac.fam
BLHA=28.74269478,113.45578230,73.560853,258.301958
TRANSFORMMATRIX=-0.000007708,-0.999999998,0.000063869,0.000000000,1.000000000,-0.000007709,-0.000001731,0.000000000,0.000001732,0.000063870,0.999999998,0.000000000,11.466647896,405.689088629,62.355701235,1.000000000
ENTITYNAME=Wire_Device
