OBJECTMODELPOINTER=33777c94-e4b9-4947-906f-f84480f3cb99.dev
BASEFAMILY=843ce032-b750-4bb2-8ff8-f845b6211d26.fam
BLHA=28.40337100,113.37122865,129.378598,254.006183
TRANSFORMMATRIX=0.012030811,-0.999927626,0.000048170,0.000000000,0.999927627,0.012030811,-0.000001773,0.000000000,0.000001194,0.000048188,0.999999999,0.000000000,8.038464359,306.127388569,45.363327140,1.000000000
ENTITYNAME=Wire_Device
