OBJECTMODELPOINTER=33777c94-e4b9-4947-906f-f84480f3cb99.dev
BASEFAMILY=8443e8bb-7242-4d73-9150-9640e59ebdd7.fam
BLHA=28.31498130,113.40038482,72.539572,2.946268
TRANSFORMMATRIX=-0.041783856,-0.999126673,0.000015415,0.000000000,0.999126673,-0.041783856,0.000001813,0.000000000,-0.000001168,0.000015478,1.000000000,0.000000000,-7.388527196,98.786726145,41.222883088,1.000000000
ENTITYNAME=Wire_Device
