OBJECTMODELPOINTER=1c7d39f1-44ee-4f1b-9a13-99f3bfb005c4.dev
BASEFAMILY=844aa738-0b6d-470d-a71e-bbeaa4297cd1.fam
TRANSFORMMATRIX=-0.001059122,0.999999756,-0.000001533,0.000000000,-0.999999123,-0.001058577,0.000000586,0.000000000,0.000000000,0.000000000,1.000000000,0.000000000,13.320000000,-0.000000000,60.000000000,1.000000000
ENTITYNAME=Tower_Device
