OBJECTMODELPOINTER=33777c94-e4b9-4947-906f-f84480f3cb99.dev
BASEFAMILY=84675c5a-5d4f-4107-8943-f01efc6e0dc0.fam
BLHA=28.29768818,113.44194006,79.179744,287.794387
TRANSFORMMATRIX=0.002157527,-0.999997672,0.000030413,0.000000000,0.999997673,0.002157527,-0.000001452,0.000000000,0.000001387,0.000030416,1.000000000,0.000000000,8.551475614,193.220797117,33.191391332,1.000000000
ENTITYNAME=Wire_Device
