OBJECTMODELPOINTER=33777c94-e4b9-4947-906f-f84480f3cb99.dev
BASEFAMILY=84680d8e-de40-461e-bc58-4af8dcc733a7.fam
BLHA=28.32292443,113.37625760,67.775568,311.415680
TRANSFORMMATRIX=0.002528986,-0.999996802,0.000015104,0.000000000,0.999996802,0.002528986,0.000001510,0.000000000,-0.000001548,0.000015100,1.000000000,0.000000000,-10.105430231,96.129976843,36.064817820,1.000000000
ENTITYNAME=Wire_Device
