OBJECTMODELPOINTER=33777c94-e4b9-4947-906f-f84480f3cb99.dev
BASEFAMILY=84751556-d62f-4f9b-bddb-b396a74473c4.fam
BLHA=28.38706938,113.36490839,130.458199,249.667673
TRANSFORMMATRIX=-0.000002898,-1.000000000,0.000005070,0.000000000,1.000000000,-0.000002898,-0.000001825,0.000000000,0.000001825,0.000005070,1.000000000,0.000000000,11.699898845,32.234550233,41.234103947,1.000000000
ENTITYNAME=Wire_Device
