ENTITYNAME=WIRE
BASEFAMILY=847ff0a0-8567-45ae-9115-00b66a4cef82.fam
OBJECTMODELPOINTER=81b82497-164d-48c0-b1cb-18fa700dacdf.dev
KVALUE=0.000000
SPLIT=4
POINT0.BLHA=28.47949059,113.41307678,290.814,229.813402
POINT0.MATRIX0=-0.763946986,-0.645279012,-0.000000000,0.000000000,0.645279012,-0.763946986,-0.000000000,0.000000000,0.000000000,-0.000000000,1.000000000,0.000000000,12.954808917,-0.479615463,40.741099863,1.000000000
POINT0.MATRIX1=-0.763946986,-0.645279012,-0.000000000,0.000000000,0.645279012,-0.763946986,-0.000000000,0.000000000,0.000000000,-0.000000000,1.000000000,0.000000000,12.954808917,-0.479615462,41.191100626,1.000000000
POINT0.MATRIX2=-0.763946986,-0.645279012,-0.000000000,0.000000000,0.645279012,-0.763946986,-0.000000000,0.000000000,0.000000000,-0.000000000,1.000000000,0.000000000,12.504673000,-0.480170733,41.191100626,1.000000000
POINT0.MATRIX3=-0.763946986,-0.645279012,-0.000000000,0.000000000,0.645279012,-0.763946986,-0.000000000,0.000000000,0.000000000,-0.000000000,1.000000000,0.000000000,12.504673000,-0.480170733,40.741099863,1.000000000
POINT1.BLHA=28.47949059,113.41307678,290.814,229.813402
POINT1.MATRIX0=-0.763946986,-0.645279012,-0.000000000,0.000000000,0.645279012,-0.763946986,-0.000000000,0.000000000,0.000000000,-0.000000000,1.000000000,0.000000000,12.955330999,0.480258286,40.741099863,1.000000000
POINT1.MATRIX1=-0.763946986,-0.645279012,-0.000000000,0.000000000,0.645279012,-0.763946986,-0.000000000,0.000000000,0.000000000,-0.000000000,1.000000000,0.000000000,12.955330999,0.480258286,41.191100626,1.000000000
POINT1.MATRIX2=-0.763946986,-0.645279012,-0.000000000,0.000000000,0.645279012,-0.763946986,-0.000000000,0.000000000,0.000000000,-0.000000000,1.000000000,0.000000000,12.505195087,0.479703021,41.191100626,1.000000000
POINT1.MATRIX3=-0.763946986,-0.645279012,-0.000000000,0.000000000,0.645279012,-0.763946986,-0.000000000,0.000000000,0.000000000,-0.000000000,1.000000000,0.000000000,12.505195087,0.479703021,40.741099863,1.000000000
