OBJECTMODELPOINTER=33777c94-e4b9-4947-906f-f84480f3cb99.dev
BASEFAMILY=84830c60-392d-4769-aa57-dee8f313f59a.fam
BLHA=28.70605444,113.45451077,165.912680,277.425083
TRANSFORMMATRIX=0.002584915,-0.999996658,0.000049530,0.000000000,0.999996659,0.002584915,-0.000001895,0.000000000,0.000001767,0.000049535,0.999999999,0.000000000,11.069146613,314.578522628,1.911864944,1.000000000
ENTITYNAME=Wire_Device
