OBJECTMODELPOINTER=33777c94-e4b9-4947-906f-f84480f3cb99.dev
BASEFAMILY=8494369b-3d44-4fc8-9d4e-82aaebd77316.fam
BLHA=28.45391595,113.39400228,204.515406,242.026912
TRANSFORMMATRIX=-0.230057186,-0.973177112,0.000000379,0.000000000,0.973177112,-0.230057186,0.000001455,0.000000000,-0.000001328,0.000000703,1.000000000,0.000000000,-8.459614401,4.455081981,25.330686668,1.000000000
ENTITYNAME=Wire_Device
