ENTITYNAME=WIRE
BASEFAMILY=84987d2d-285e-46ad-a672-6cc30c98a5f8.fam
OBJECTMODELPOINTER=81b82497-164d-48c0-b1cb-18fa700dacdf.dev
KVALUE=0.000369
SPLIT=4
POINT0.BLHA=28.47508033,113.40890253,351.780,229.813402
POINT0.MATRIX0=-0.763946986,-0.645279012,-0.000000000,0.000000000,0.645279012,-0.763946986,0.000000000,0.000000000,0.000000000,0.000000000,1.000000000,0.000000000,-13.095039288,0.720126942,52.741098789,1.000000000
POINT0.MATRIX1=-0.763946986,-0.645279012,-0.000000000,0.000000000,0.645279012,-0.763946986,0.000000000,0.000000000,0.000000000,0.000000000,1.000000000,0.000000000,-13.095039287,0.720126942,53.191095738,1.000000000
POINT0.MATRIX2=-0.763946986,-0.645279012,-0.000000000,0.000000000,0.645279012,-0.763946986,0.000000000,0.000000000,0.000000000,0.000000000,1.000000000,0.000000000,-13.544802184,0.719886749,53.191095737,1.000000000
POINT0.MATRIX3=-0.763946986,-0.645279012,-0.000000000,0.000000000,0.645279012,-0.763946986,0.000000000,0.000000000,0.000000000,0.000000000,1.000000000,0.000000000,-13.544802184,0.719886748,52.741098789,1.000000000
POINT1.BLHA=28.47322316,113.40714488,338.740,229.813402
POINT1.MATRIX0=-0.763946986,-0.645279012,0.000000000,0.000000000,0.645279012,-0.763946986,0.000000000,0.000000000,-0.000000000,-0.000000000,1.000000000,0.000000000,-13.094965584,-0.719930515,52.741104315,1.000000000
POINT1.MATRIX1=-0.763946986,-0.645279012,0.000000000,0.000000000,0.645279012,-0.763946986,0.000000000,0.000000000,-0.000000000,-0.000000000,1.000000000,0.000000000,-13.094965584,-0.719930515,53.191101263,1.000000000
POINT1.MATRIX2=-0.763946986,-0.645279012,0.000000000,0.000000000,0.645279012,-0.763946986,0.000000000,0.000000000,-0.000000000,-0.000000000,1.000000000,0.000000000,-13.544728480,-0.720170707,53.191101263,1.000000000
POINT1.MATRIX3=-0.763946986,-0.645279012,0.000000000,0.000000000,0.645279012,-0.763946986,0.000000000,0.000000000,-0.000000000,-0.000000000,1.000000000,0.000000000,-13.544728480,-0.720170707,52.741104315,1.000000000
