OBJECTMODELPOINTER=33777c94-e4b9-4947-906f-f84480f3cb99.dev
BASEFAMILY=84a793fd-7ae7-4c66-964b-6d47dcd5a120.fam
BLHA=28.60915768,113.46895250,187.940881,294.633001
TRANSFORMMATRIX=-0.001404898,-0.999999013,0.000015790,0.000000000,0.999999013,-0.001404898,0.000002127,0.000000000,-0.000002105,0.000015793,1.000000000,0.000000000,-13.623539510,100.409440779,52.470368725,1.000000000
ENTITYNAME=Wire_Device
