ENTITYNAME=WIRE
BASEFAMILY=84c0fcc0-d5fd-4d24-8b80-613685a40c99.fam
OBJECTMODELPOINTER=31970f28-780e-4bf1-8adb-439f78c329a3.dev
KVALUE=0.000287
SPLIT=1
POINT0.BLHA=28.30961923,113.43478171,54.753,501.227736
POINT0.MATRIX0=0.626226468,-0.779641207,-0.000000000,0.000000000,0.779641207,0.626226468,0.000000000,0.000000000,-0.000000000,0.000000000,1.000000000,0.000000000,12.385219727,0.847249276,67.244809791,1.000000000
POINT1.BLHA=28.30961923,113.43478171,54.753,501.227736
POINT1.MATRIX0=0.626226468,-0.779641207,-0.000000000,0.000000000,0.779641207,0.626226468,0.000000000,0.000000000,-0.000000000,0.000000000,1.000000000,0.000000000,12.383599046,-0.849702014,67.291988387,1.000000000
