OBJECTMODELPOINTER=33777c94-e4b9-4947-906f-f84480f3cb99.dev
BASEFAMILY=84caa7e2-7bf3-4612-9eef-4a92938e55b6.fam
BLHA=28.31135450,113.43043530,49.303319,335.449580
TRANSFORMMATRIX=0.003188491,-0.999994917,0.000015903,0.000000000,0.999994917,0.003188491,0.000001535,0.000000000,-0.000001586,0.000015898,1.000000000,0.000000000,-10.274486289,101.406373528,37.967415809,1.000000000
ENTITYNAME=Wire_Device
