OBJECTMODELPOINTER=28325903-b1f3-45c0-842e-3fb1d77582f1.dev
BASEFAMILY=84cece7d-aa4b-437c-b814-9c66a25cd638.fam
TRANSFORMMATRIX=0.557047189,0.053329313,-0.828767385,0.000000000,-0.810912917,-0.180428293,-0.556655106,0.000000000,-0.179220137,0.982141109,-0.057262412,0.000000000,-22.500000000,-0.500000000,26.000000000,1.000000000
ENTITYNAME=Tower_Device
