OBJECTMODELPOINTER=33777c94-e4b9-4947-906f-f84480f3cb99.dev
BASEFAMILY=84d5eb33-d58a-4d9a-be66-8b5be159a4fe.fam
BLHA=28.39175425,113.36683981,143.500019,249.667673
TRANSFORMMATRIX=-0.002646343,-0.999996495,0.000081644,0.000000000,0.999996498,-0.002646343,0.000002656,0.000000000,-0.000002439,0.000081651,0.999999997,0.000000000,-14.682512692,518.785308664,25.859732548,1.000000000
ENTITYNAME=Wire_Device
