OBJECTMODELPOINTER=33777c94-e4b9-4947-906f-f84480f3cb99.dev
BASEFAMILY=84ec2836-4462-48ae-8158-905e12ade578.fam
BLHA=28.75094621,113.45897359,113.766966,236.227775
TRANSFORMMATRIX=0.003289945,-0.999994587,0.000036207,0.000000000,0.999994588,0.003289945,0.000000255,0.000000000,-0.000000374,0.000036206,0.999999999,0.000000000,-1.830381947,230.281162206,23.026015393,1.000000000
ENTITYNAME=Wire_Device
