OBJECTMODELPOINTER=33777c94-e4b9-4947-906f-f84480f3cb99.dev
BASEFAMILY=84f75389-1a0d-48a6-991b-b1c0c757d668.fam
BLHA=28.63009153,113.46564681,168.255878,273.436520
TRANSFORMMATRIX=-0.007911152,-0.999968706,0.000035577,0.000000000,0.999968706,-0.007911152,0.000002334,0.000000000,-0.000002052,0.000035595,0.999999999,0.000000000,-13.171185457,226.044640488,59.452130779,1.000000000
ENTITYNAME=Wire_Device
