OBJECTMODELPOINTER=33777c94-e4b9-4947-906f-f84480f3cb99.dev
BASEFAMILY=85029f11-56a3-4715-9662-80222d26cdd8.fam
BLHA=28.31470596,113.39701913,83.588909,4.996372
TRANSFORMMATRIX=-0.001628874,-0.999998672,0.000045338,0.000000000,0.999998673,-0.001628875,-0.000000844,0.000000000,0.000000917,0.000045337,0.999999999,0.000000000,5.958408551,289.380645238,48.240245588,1.000000000
ENTITYNAME=Wire_Device
