OBJECTMODELPOINTER=33777c94-e4b9-4947-906f-f84480f3cb99.dev
BASEFAMILY=85078b03-a8b0-4bd0-a82e-b1fdbe9b8c13.fam
BLHA=28.31411764,113.38983103,66.771612,527.133635
TRANSFORMMATRIX=-0.311467593,0.950256774,0.000037833,0.000000000,-0.950256775,-0.311467593,-0.000001099,0.000000000,0.000010739,-0.000036293,0.999999999,0.000000000,68.470892422,-231.680721330,104.059997338,1.000000000
ENTITYNAME=Wire_Device
