OBJECTMODELPOINTER=9aee2130-cdd1-4fd4-ab3e-154fb70d8161.dev
BASEFAMILY=851494ba-06ca-4161-986b-4796a515c7f6.fam
TRANSFORMMATRIX=0.000000175,0.999999622,0.000000795,0.000000000,-1.000000378,-0.000000175,0.000001438,0.000000000,0.000000000,-0.000000000,1.000000000,0.000000000,-10.000000000,0.000000000,30.000000001,1.000000000
ENTITYNAME=Tower_Device
