OBJECTMODELPOINTER=33777c94-e4b9-4947-906f-f84480f3cb99.dev
BASEFAMILY=8529b195-9bf4-4f7f-876e-05be7d704cc8.fam
BLHA=28.31775016,113.38284517,61.633463,329.270898
TRANSFORMMATRIX=0.001032918,-0.999999465,0.000045874,0.000000000,0.999999467,0.001032918,-0.000000960,0.000000000,0.000000913,0.000045875,0.999999999,0.000000000,5.134911860,292.414189540,57.570411926,1.000000000
ENTITYNAME=Wire_Device
