OBJECTMODELPOINTER=338e60e5-1de1-41e7-9942-520c65e02fae.dev
BASEFAMILY=85437f85-cf9d-43b1-b023-a551f9ec89c5.fam
TRANSFORMMATRIX=0.001703697,-0.117658493,-0.993052458,0.000000000,0.999895445,0.014473760,-0.000000703,0.000000000,0.014372609,-0.992948485,0.117672151,0.000000000,-4.768181818,1.040000000,44.800000000,1.000000000
ENTITYNAME=Tower_Device
