ENTITYNAME=WIRE
BASEFAMILY=8543fbb9-292f-475c-960a-f88e53cecc91.fam
OBJECTMODELPOINTER=81b82497-164d-48c0-b1cb-18fa700dacdf.dev
KVALUE=0.000367
SPLIT=4
POINT0.BLHA=28.63338498,113.46540590,167.944,275.523589
POINT0.MATRIX0=-0.995356654,0.096255554,-0.000000000,0.000000000,-0.096255554,-0.995356654,0.000000000,0.000000000,-0.000000000,0.000000000,1.000000000,0.000000000,-7.088699791,9.527879519,29.032939976,1.000000000
POINT0.MATRIX1=-0.995356654,0.096255554,-0.000000000,0.000000000,-0.096255554,-0.995356654,0.000000000,0.000000000,-0.000000000,0.000000000,1.000000000,0.000000000,-7.073421909,10.325032269,29.415828769,1.000000000
POINT0.MATRIX2=-0.995356654,0.096255554,-0.000000000,0.000000000,-0.096255554,-0.995356654,0.000000000,0.000000000,-0.000000000,0.000000000,1.000000000,0.000000000,-7.573551184,10.335133455,29.415805882,1.000000000
POINT0.MATRIX3=-0.995356654,0.096255554,-0.000000000,0.000000000,-0.096255554,-0.995356654,0.000000000,0.000000000,-0.000000000,0.000000000,1.000000000,0.000000000,-7.588492060,9.538929233,29.032856052,1.000000000
POINT1.BLHA=28.63009153,113.46564681,168.256,273.436520
POINT1.MATRIX0=-0.998201823,0.059942640,0.000000000,0.000000000,-0.059942640,-0.998201823,-0.000000000,0.000000000,0.000000000,-0.000000000,1.000000000,0.000000000,-13.725952842,-0.111485839,46.000001331,1.000000000
POINT1.MATRIX1=-0.998201823,0.059942640,0.000000000,0.000000000,-0.059942640,-0.998201823,-0.000000000,0.000000000,0.000000000,-0.000000000,1.000000000,0.000000000,-13.725952842,-0.111485838,46.449998280,1.000000000
POINT1.MATRIX2=-0.998201823,0.059942640,0.000000000,0.000000000,-0.059942640,-0.998201823,-0.000000000,0.000000000,0.000000000,-0.000000000,1.000000000,0.000000000,-14.175768723,-0.107953836,46.449998281,1.000000000
POINT1.MATRIX3=-0.998201823,0.059942640,0.000000000,0.000000000,-0.059942640,-0.998201823,-0.000000000,0.000000000,0.000000000,-0.000000000,1.000000000,0.000000000,-14.175768723,-0.107953836,46.000001332,1.000000000
