OBJECTMODELPOINTER=09118528-a613-4e89-9e7d-00689f0d10fb.dev
BASEFAMILY=854a2f31-078d-48d2-81e9-2e652cd07c60.fam
TRANSFORMMATRIX=-0.000577038,0.121648973,-0.992573162,0.000000000,-0.999988580,-0.004748886,0.000000957,0.000000000,-0.004714774,0.992561853,0.121650071,0.000000000,-5.500000000,-0.900000000,44.000000000,1.000000000
ENTITYNAME=Tower_Device
