OBJECTMODELPOINTER=33777c94-e4b9-4947-906f-f84480f3cb99.dev
BASEFAMILY=85551a49-7aee-4eb3-b2ea-586f5e9d844d.fam
BLHA=28.58865070,113.47941927,287.208654,287.849619
TRANSFORMMATRIX=0.002239371,-0.999997492,0.000018493,0.000000000,0.999997493,0.002239371,0.000001912,0.000000000,-0.000001954,0.000018489,1.000000000,0.000000000,-12.641975003,117.487899153,21.612956378,1.000000000
ENTITYNAME=Wire_Device
