OBJECTMODELPOINTER=33777c94-e4b9-4947-906f-f84480f3cb99.dev
BASEFAMILY=856abf83-ff26-4a99-b840-f5bebae43fa5.fam
BLHA=28.32292443,113.37625760,67.775568,311.415680
TRANSFORMMATRIX=-0.001743968,-0.999998479,0.000015206,0.000000000,0.999998479,-0.001743968,-0.000000993,0.000000000,0.000001019,0.000015205,1.000000000,0.000000000,6.239688481,96.750458070,48.667466135,1.000000000
ENTITYNAME=Wire_Device
