OBJECTMODELPOINTER=33777c94-e4b9-4947-906f-f84480f3cb99.dev
BASEFAMILY=857106a3-9a85-4128-84af-02bc184a31a6.fam
BLHA=28.43802035,113.38456732,303.277751,242.026912
TRANSFORMMATRIX=-0.001527820,-0.999998832,0.000050175,0.000000000,0.999998833,-0.001527820,-0.000001497,0.000000000,0.000001574,0.000050173,0.999999999,0.000000000,10.720266525,318.993794399,-2.288054848,1.000000000
ENTITYNAME=Wire_Device
