OBJECTMODELPOINTER=33777c94-e4b9-4947-906f-f84480f3cb99.dev
BASEFAMILY=857ddb5a-2aa6-4ba5-8cee-e66df85f79e3.fam
BLHA=28.42958283,113.37956045,205.551749,428.016547
TRANSFORMMATRIX=-0.658319267,0.752738827,-0.000000361,0.000000000,-0.752738827,-0.658319267,0.000001297,0.000000000,0.000000738,0.000001126,1.000000000,0.000000000,4.721822316,7.160190759,33.432564407,1.000000000
ENTITYNAME=Wire_Device
