OBJECTMODELPOINTER=33777c94-e4b9-4947-906f-f84480f3cb99.dev
BASEFAMILY=8586d1e7-624e-45d6-a93d-d0b402f271c7.fam
BLHA=28.50595381,113.45544189,275.037773,205.493080
TRANSFORMMATRIX=0.705813404,-0.708397797,0.000000255,0.000000000,0.708397797,0.705813404,-0.000001274,0.000000000,0.000000722,0.000001080,1.000000000,0.000000000,4.605204879,6.896170638,34.322363563,1.000000000
ENTITYNAME=Wire_Device
