OBJECTMODELPOINTER=479836e5-e1fa-4ad8-a7b7-16e89e28f976.dev
BASEFAMILY=85921d54-ba33-42d6-be81-12657a9f24bc.fam
TRANSFORMMATRIX=0.008634525,-0.999962808,-0.000000063,0.000000000,0.999962643,0.008633704,-0.000001647,0.000000000,-0.000000000,-0.000000000,1.000000000,0.000000000,-13.320000000,0.000000000,63.000000000,1.000000000
ENTITYNAME=Tower_Device
