OBJECTMODELPOINTER=33777c94-e4b9-4947-906f-f84480f3cb99.dev
BASEFAMILY=85c9d450-02ce-4e11-b12e-f0e2979c8fe4.fam
BLHA=28.50885387,113.46090739,244.701846,210.734491
TRANSFORMMATRIX=-0.000019041,-0.999999999,0.000042779,0.000000000,1.000000000,-0.000019041,0.000002158,0.000000000,-0.000002157,0.000042779,0.999999999,0.000000000,-13.094743721,272.668269166,39.960458366,1.000000000
ENTITYNAME=Wire_Device
