OBJECTMODELPOINTER=33777c94-e4b9-4947-906f-f84480f3cb99.dev
BASEFAMILY=85d21493-822c-46f9-809d-246fe1344f9a.fam
BLHA=28.79327466,113.49529712,200.216421,221.400685
TRANSFORMMATRIX=-0.000013373,-1.000000000,0.000028796,0.000000000,1.000000000,-0.000013373,0.000000200,0.000000000,-0.000000200,0.000028795,1.000000000,0.000000000,-0.803407118,183.393582583,14.011689499,1.000000000
ENTITYNAME=Wire_Device
