OBJECTMODELPOINTER=33777c94-e4b9-4947-906f-f84480f3cb99.dev
BASEFAMILY=85d33ba5-a697-4412-9fb1-d7046273bb7b.fam
BLHA=28.42958283,113.37956045,205.551749,428.016547
TRANSFORMMATRIX=-0.118147405,0.992996067,0.000046438,0.000000000,-0.992996068,-0.118147406,0.000001449,0.000000000,0.000006925,-0.000045941,0.999999999,0.000000000,43.646243710,-291.868094684,20.659217340,1.000000000
ENTITYNAME=Wire_Device
