OBJECTMODELPOINTER=33777c94-e4b9-4947-906f-f84480f3cb99.dev
BASEFAMILY=85d9ddc4-4257-4f13-b3f7-a6b4f399b439.fam
BLHA=28.59994740,113.47379389,183.494205,294.633001
TRANSFORMMATRIX=0.000006167,-1.000000000,0.000028890,0.000000000,1.000000000,0.000006167,0.000000070,0.000000000,-0.000000070,0.000028889,1.000000000,0.000000000,-0.807254159,183.622230369,36.506902624,1.000000000
ENTITYNAME=Wire_Device
