OBJECTMODELPOINTER=33777c94-e4b9-4947-906f-f84480f3cb99.dev
BASEFAMILY=85d9b5a7-4b4e-4d9a-9d46-f53f200600f6.fam
BLHA=28.31925198,113.37995663,64.126344,500.343289
TRANSFORMMATRIX=-0.315897831,0.948793213,0.000000264,0.000000000,-0.948793213,-0.315897831,-0.000001418,0.000000000,-0.000001261,-0.000000698,1.000000000,0.000000000,-8.017221497,-4.426557276,54.484760169,1.000000000
ENTITYNAME=Wire_Device
