OBJECTMODELPOINTER=11039950-862c-4b32-9674-2be58fc60c45.dev
BASEFAMILY=85df9e2e-89bf-4579-826f-395a862cbfa5.fam
TRANSFORMMATRIX=-0.999856611,-0.016933525,0.000000013,0.000000000,0.016933521,-0.999856624,-0.000000015,0.000000000,-0.000000000,-0.000000000,1.000000000,0.000000000,-11.320000000,0.320000000,70.000000000,1.000000000
ENTITYNAME=Tower_Device
