OBJECTMODELPOINTER=33777c94-e4b9-4947-906f-f84480f3cb99.dev
BASEFAMILY=85e1a640-12df-490b-803b-b55829a9e368.fam
BLHA=28.52337409,113.48828309,330.016596,210.734491
TRANSFORMMATRIX=0.006868762,-0.999976410,0.000007454,0.000000000,0.999976410,0.006868762,0.000001227,0.000000000,-0.000001278,0.000007445,1.000000000,0.000000000,-8.022188806,47.441570212,22.994330376,1.000000000
ENTITYNAME=Wire_Device
