OBJECTMODELPOINTER=33777c94-e4b9-4947-906f-f84480f3cb99.dev
BASEFAMILY=85ec7604-1e97-4e2c-b2cc-221996dd1b7c.fam
BLHA=28.31534552,113.42043692,48.733934,348.172871
TRANSFORMMATRIX=-0.225310183,-0.974287083,0.000028554,0.000000000,0.974287084,-0.225310183,0.000001654,0.000000000,0.000004823,0.000028192,1.000000000,0.000000000,30.438418450,179.879687680,27.735869167,1.000000000
ENTITYNAME=Wire_Device
