OBJECTMODELPOINTER=33777c94-e4b9-4947-906f-f84480f3cb99.dev
BASEFAMILY=85ee0af9-a5ea-4ca6-8dfd-c9d659fb3dc3.fam
BLHA=28.31402241,113.42375188,48.067305,335.449580
TRANSFORMMATRIX=-0.001641317,-0.999998652,0.000039299,0.000000000,0.999998653,-0.001641317,0.000001244,0.000000000,-0.000001180,0.000039301,0.999999999,0.000000000,-7.988931586,250.648865375,65.095678755,1.000000000
ENTITYNAME=Wire_Device
