OBJECTMODELPOINTER=33777c94-e4b9-4947-906f-f84480f3cb99.dev
BASEFAMILY=85f4d947-e357-4f3a-90b8-b34a9f0dc119.fam
BLHA=28.31925198,113.37995663,64.126344,500.343289
TRANSFORMMATRIX=-0.076631490,0.997059484,0.000000821,0.000000000,-0.997059484,-0.076631490,0.000001774,0.000000000,0.000001832,-0.000000683,1.000000000,0.000000000,11.668271338,-4.377417323,42.543869678,1.000000000
ENTITYNAME=Wire_Device
