OBJECTMODELPOINTER=146d895a-fdff-4646-a5ce-e15abbf3f3eb.dev
BASEFAMILY=85fb4a0f-9c02-4cde-ab68-0761cd059ef9.fam
TRANSFORMMATRIX=0.000000000,1.000000000,-0.000000000,0.000000000,-1.000000000,0.000000000,0.000000000,0.000000000,-0.000000000,0.000000000,1.000000000,0.000000000,5.809922939,-5.809877283,-0.000000775,1.000000000
ENTITYNAME=Tower_Device
