ENTITYNAME=WIRE
BASEFAMILY=86025a7f-cd6d-49d2-8194-6a3e38607578.fam
OBJECTMODELPOINTER=31970f28-780e-4bf1-8adb-439f78c329a3.dev
KVALUE=0.000227
SPLIT=1
POINT0.BLHA=28.28149698,113.45977476,95.758,340.232800
POINT0.MATRIX0=-0.338199241,0.941074531,-0.000000000,0.000000000,-0.941074531,-0.338199241,0.000000000,0.000000000,-0.000000000,0.000000000,1.000000000,0.000000000,-11.499263333,0.309942647,78.658001237,1.000000000
POINT1.BLHA=28.28033977,113.46346380,83.899,326.450928
POINT1.MATRIX0=-0.552650983,0.833412797,-0.000000000,0.000000000,-0.833412797,-0.552650983,-0.000000000,0.000000000,-0.000000000,0.000000000,1.000000000,0.000000000,-13.338104275,-1.044244977,67.281440598,1.000000000
