OBJECTMODELPOINTER=33777c94-e4b9-4947-906f-f84480f3cb99.dev
BASEFAMILY=8606d3b9-01a1-4e14-b9f7-dd089cbe89d2.fam
BLHA=28.27757020,113.46637333,93.774105,312.669055
TRANSFORMMATRIX=-0.001244785,-0.999999223,0.000066395,0.000000000,0.999999225,-0.001244785,0.000001398,0.000000000,-0.000001315,0.000066397,0.999999998,0.000000000,-9.472857758,422.647054630,24.645449242,1.000000000
ENTITYNAME=Wire_Device
