ENTITYNAME=WIRE
BASEFAMILY=861c24ad-ab22-4e87-b62f-b955ee11add6.fam
OBJECTMODELPOINTER=81b82497-164d-48c0-b1cb-18fa700dacdf.dev
KVALUE=0.000370
SPLIT=4
POINT0.BLHA=28.65418328,113.46214797,157.582,277.610658
POINT0.MATRIX0=-0.991190922,0.132440763,-0.000000000,0.000000000,-0.132440763,-0.991190922,-0.000000000,0.000000000,-0.000000000,0.000000000,1.000000000,0.000000000,-11.645063595,0.110717735,40.000003712,1.000000000
POINT0.MATRIX1=-0.991190922,0.132440763,-0.000000000,0.000000000,-0.132440763,-0.991190922,-0.000000000,0.000000000,-0.000000000,0.000000000,1.000000000,0.000000000,-11.645063595,0.110717735,40.450000660,1.000000000
POINT0.MATRIX2=-0.991190922,0.132440763,-0.000000000,0.000000000,-0.132440763,-0.991190922,-0.000000000,0.000000000,-0.000000000,0.000000000,1.000000000,0.000000000,-12.094956157,0.109746418,40.450000659,1.000000000
POINT0.MATRIX3=-0.991190922,0.132440763,-0.000000000,0.000000000,-0.132440763,-0.991190922,-0.000000000,0.000000000,-0.000000000,0.000000000,1.000000000,0.000000000,-12.094956157,0.109746418,40.000003711,1.000000000
POINT1.BLHA=28.65134658,113.46259240,159.101,277.610658
POINT1.MATRIX0=-0.991190922,0.132440763,0.000000000,0.000000000,-0.132440763,-0.991190922,0.000000000,0.000000000,0.000000000,-0.000000000,1.000000000,0.000000000,-11.645133105,-0.109598172,43.000003670,1.000000000
POINT1.MATRIX1=-0.991190922,0.132440763,0.000000000,0.000000000,-0.132440763,-0.991190922,0.000000000,0.000000000,0.000000000,-0.000000000,1.000000000,0.000000000,-11.645133105,-0.109598173,43.450000618,1.000000000
POINT1.MATRIX2=-0.991190922,0.132440763,0.000000000,0.000000000,-0.132440763,-0.991190922,0.000000000,0.000000000,0.000000000,-0.000000000,1.000000000,0.000000000,-12.095025667,-0.110569490,43.450000618,1.000000000
POINT1.MATRIX3=-0.991190922,0.132440763,0.000000000,0.000000000,-0.132440763,-0.991190922,0.000000000,0.000000000,0.000000000,-0.000000000,1.000000000,0.000000000,-12.095025667,-0.110569490,43.000003670,1.000000000
