OBJECTMODELPOINTER=33777c94-e4b9-4947-906f-f84480f3cb99.dev
BASEFAMILY=8623808b-8dac-4549-a86d-48e26f7369ff.fam
BLHA=28.52957493,113.49997928,454.520911,210.734491
TRANSFORMMATRIX=-0.000017306,-0.999999999,0.000036537,0.000000000,1.000000000,-0.000017306,0.000000237,0.000000000,-0.000000236,0.000036537,0.999999999,0.000000000,-0.970823331,232.915386038,3.739545418,1.000000000
ENTITYNAME=Wire_Device
