OBJECTMODELPOINTER=33777c94-e4b9-4947-906f-f84480f3cb99.dev
BASEFAMILY=8628bc37-1ce3-4055-9582-edb0878de692.fam
BLHA=28.38706938,113.36490839,130.458199,249.667673
TRANSFORMMATRIX=-0.000004722,-1.000000000,0.000014970,0.000000000,1.000000000,-0.000004722,-0.000001757,0.000000000,0.000001757,0.000014969,1.000000000,0.000000000,11.368452567,95.138768863,37.969671359,1.000000000
ENTITYNAME=Wire_Device
