OBJECTMODELPOINTER=33777c94-e4b9-4947-906f-f84480f3cb99.dev
BASEFAMILY=862eecac-a27e-45dc-8d2e-3cbd4d25389d.fam
BLHA=28.53408910,113.50849608,458.182485,233.242345
TRANSFORMMATRIX=-0.390592383,-0.920563731,0.000091173,0.000000000,0.920563734,-0.390592385,-0.000000372,0.000000000,0.000035954,0.000083785,0.999999996,0.000000000,230.411621222,533.633983748,5.073148550,1.000000000
ENTITYNAME=Wire_Device
