OBJECTMODELPOINTER=33777c94-e4b9-4947-906f-f84480f3cb99.dev
BASEFAMILY=863a6700-58f9-4316-b187-ed6d9874df84.fam
BLHA=28.49037109,113.42431436,249.696550,224.957371
TRANSFORMMATRIX=-0.000010491,-1.000000000,0.000029918,0.000000000,1.000000000,-0.000010490,0.000002086,0.000000000,-0.000002085,0.000029919,1.000000000,0.000000000,-12.782915252,190.449642675,13.604775824,1.000000000
ENTITYNAME=Wire_Device
