OBJECTMODELPOINTER=33777c94-e4b9-4947-906f-f84480f3cb99.dev
BASEFAMILY=8641ceb1-4072-4eba-89e2-40f759600b85.fam
BLHA=28.31498130,113.40038482,72.539572,2.946268
TRANSFORMMATRIX=-0.041773422,-0.999127109,0.000034799,0.000000000,0.999127110,-0.041773422,0.000001911,0.000000000,-0.000000456,0.000034849,0.999999999,0.000000000,-2.831195013,222.434616066,44.287751395,1.000000000
ENTITYNAME=Wire_Device
