OBJECTMODELPOINTER=33777c94-e4b9-4947-906f-f84480f3cb99.dev
BASEFAMILY=864d0988-a6e6-4675-8b07-50fe71bcfd69.fam
BLHA=28.36075913,113.35996262,84.531423,278.143009
TRANSFORMMATRIX=-0.001110047,-0.999999384,0.000016149,0.000000000,0.999999384,-0.001110047,0.000002259,0.000000000,-0.000002241,0.000016152,1.000000000,0.000000000,-14.380773385,102.584748990,30.030498522,1.000000000
ENTITYNAME=Wire_Device
