OBJECTMODELPOINTER=552b24aa-5362-4ade-baac-1425d90901a4.dev
BASEFAMILY=866dd77a-14b2-409f-97d1-8666e3b879fe.fam
TRANSFORMMATRIX=-0.000000371,1.000000110,-0.000001639,0.000000000,-0.999999890,0.000000437,0.000000111,0.000000000,0.000000000,0.000000000,1.000000000,0.000000000,-11.870000000,-0.000000000,48.000000000,1.000000000
ENTITYNAME=Tower_Device
