OBJECTMODELPOINTER=33777c94-e4b9-4947-906f-f84480f3cb99.dev
BASEFAMILY=866f97e4-5562-46ea-8251-ed59a8dd2c4f.fam
BLHA=28.31515909,113.41015274,70.673124,0.896163
TRANSFORMMATRIX=0.000011989,-1.000000000,0.000026278,0.000000000,1.000000000,0.000011989,0.000001308,0.000000000,-0.000001309,0.000026278,1.000000000,0.000000000,-8.293197349,167.730885824,11.734758806,1.000000000
ENTITYNAME=Wire_Device
