OBJECTMODELPOINTER=33777c94-e4b9-4947-906f-f84480f3cb99.dev
BASEFAMILY=866f845b-4980-42c4-84fb-22530aae57cb.fam
BLHA=28.77096466,113.47401910,153.559218,236.227775
TRANSFORMMATRIX=0.001706098,-0.999998542,0.000073298,0.000000000,0.999998545,0.001706098,0.000002497,0.000000000,-0.000002622,0.000073293,0.999999997,0.000000000,-15.594886374,466.144202705,9.228538550,1.000000000
ENTITYNAME=Wire_Device
