OBJECTMODELPOINTER=723fbee6-4d5c-4d8e-b5b5-5cb8f806a7ee.dev
BASEFAMILY=8677096b-43f5-4047-9e4b-99f0c01b92d8.fam
TRANSFORMMATRIX=-0.020132742,0.080288484,-0.996568423,0.000000000,-0.969966384,-0.243238613,0.000001030,0.000000000,-0.242403217,0.966638032,0.082774365,0.000000000,-10.000000000,-1.171500000,36.000000000,1.000000000
ENTITYNAME=Tower_Device
