OBJECTMODELPOINTER=33777c94-e4b9-4947-906f-f84480f3cb99.dev
BASEFAMILY=867fca9b-8153-4aa6-8d21-4a43ea8ce760.fam
BLHA=28.69702652,113.45589279,149.051008,277.425083
TRANSFORMMATRIX=0.000005584,-0.999999998,0.000069540,0.000000000,1.000000000,0.000005584,0.000000269,0.000000000,-0.000000269,0.000069540,0.999999998,0.000000000,-2.013895260,441.640032892,59.406755581,1.000000000
ENTITYNAME=Wire_Device
