OBJECTMODELPOINTER=08dc1cee-1756-4722-abf2-1534aad6520c.dev
BASEFAMILY=868a90a7-91ad-4b88-8204-d9d156be2b83.fam
TRANSFORMMATRIX=-0.000000367,1.000000110,-0.000001638,0.000000000,-0.999999890,0.000000440,0.000000111,0.000000000,0.000000000,-0.000000000,1.000000000,0.000000000,-0.000000000,-0.000000000,60.000000000,1.000000000
ENTITYNAME=Tower_Device
