ENTITYNAME=WIRE
BASEFAMILY=869ba3d2-f8c3-43b0-8d97-82c28c777794.fam
OBJECTMODELPOINTER=81b82497-164d-48c0-b1cb-18fa700dacdf.dev
KVALUE=0.000000
SPLIT=4
POINT0.BLHA=28.38483527,113.36398740,139.075,249.667673
POINT0.MATRIX0=-0.937693038,-0.347464771,-0.000000000,0.000000000,0.347464771,-0.937693038,-0.000000000,0.000000000,0.000000000,0.000000000,1.000000000,0.000000000,12.095362818,0.597966397,34.741104057,1.000000000
POINT0.MATRIX1=-0.937693038,-0.347464771,-0.000000000,0.000000000,0.347464771,-0.937693038,-0.000000000,0.000000000,0.000000000,0.000000000,1.000000000,0.000000000,12.095362818,0.597966397,35.191101005,1.000000000
POINT0.MATRIX2=-0.937693038,-0.347464771,-0.000000000,0.000000000,0.347464771,-0.937693038,-0.000000000,0.000000000,0.000000000,0.000000000,1.000000000,0.000000000,11.645040629,0.601896419,35.191101005,1.000000000
POINT0.MATRIX3=-0.937693038,-0.347464771,-0.000000000,0.000000000,0.347464771,-0.937693038,-0.000000000,0.000000000,0.000000000,0.000000000,1.000000000,0.000000000,11.645040629,0.601896419,34.741104057,1.000000000
POINT1.BLHA=28.38483527,113.36398740,139.075,249.667673
POINT1.MATRIX0=-0.937693038,-0.347464771,-0.000000000,0.000000000,0.347464771,-0.937693038,-0.000000000,0.000000000,0.000000000,0.000000000,1.000000000,0.000000000,12.096318033,0.717965315,34.741104057,1.000000000
POINT1.MATRIX1=-0.937693038,-0.347464771,-0.000000000,0.000000000,0.347464771,-0.937693038,-0.000000000,0.000000000,0.000000000,0.000000000,1.000000000,0.000000000,12.096318033,0.717965315,35.191101005,1.000000000
POINT1.MATRIX2=-0.937693038,-0.347464771,-0.000000000,0.000000000,0.347464771,-0.937693038,-0.000000000,0.000000000,0.000000000,0.000000000,1.000000000,0.000000000,11.645995843,0.721895336,35.191101004,1.000000000
POINT1.MATRIX3=-0.937693038,-0.347464771,-0.000000000,0.000000000,0.347464771,-0.937693038,-0.000000000,0.000000000,0.000000000,0.000000000,1.000000000,0.000000000,11.645995844,0.721895337,34.741104057,1.000000000
