ENTITYNAME=WIRE
BASEFAMILY=86a463fa-658b-426f-8f71-98c26b1d6aea.fam
OBJECTMODELPOINTER=81b82497-164d-48c0-b1cb-18fa700dacdf.dev
KVALUE=0.000368
SPLIT=4
POINT0.BLHA=28.51626918,113.47488562,373.287,210.734491
POINT0.MATRIX0=-0.511060437,-0.859544780,0.000000000,0.000000000,0.859544780,-0.511060437,-0.000000000,0.000000000,0.000000000,-0.000000000,1.000000000,0.000000000,12.094748427,0.110443208,43.000002868,1.000000000
POINT0.MATRIX1=-0.511060437,-0.859544780,0.000000000,0.000000000,0.859544780,-0.511060437,-0.000000000,0.000000000,0.000000000,-0.000000000,1.000000000,0.000000000,12.094748427,0.110443208,43.449999816,1.000000000
POINT0.MATRIX2=-0.511060437,-0.859544780,0.000000000,0.000000000,0.859544780,-0.511060437,-0.000000000,0.000000000,0.000000000,-0.000000000,1.000000000,0.000000000,11.644982583,0.109732108,43.449999816,1.000000000
POINT0.MATRIX3=-0.511060437,-0.859544780,0.000000000,0.000000000,0.859544780,-0.511060437,-0.000000000,0.000000000,0.000000000,-0.000000000,1.000000000,0.000000000,11.644982583,0.109732109,43.000002868,1.000000000
POINT1.BLHA=28.51511181,113.47270360,348.782,210.734491
POINT1.MATRIX0=-0.511060437,-0.859544780,-0.000000000,0.000000000,0.859544780,-0.511060437,-0.000000000,0.000000000,-0.000000000,0.000000000,1.000000000,0.000000000,13.545280339,-0.109905521,58.000001974,1.000000000
POINT1.MATRIX1=-0.511060437,-0.859544780,-0.000000000,0.000000000,0.859544780,-0.511060437,-0.000000000,0.000000000,-0.000000000,0.000000000,1.000000000,0.000000000,13.545280339,-0.109905522,58.449998922,1.000000000
POINT1.MATRIX2=-0.511060437,-0.859544780,-0.000000000,0.000000000,0.859544780,-0.511060437,-0.000000000,0.000000000,-0.000000000,0.000000000,1.000000000,0.000000000,13.095094796,-0.110367079,58.449998923,1.000000000
POINT1.MATRIX3=-0.511060437,-0.859544780,-0.000000000,0.000000000,0.859544780,-0.511060437,-0.000000000,0.000000000,-0.000000000,0.000000000,1.000000000,0.000000000,13.095094796,-0.110367079,58.000001975,1.000000000
