ENTITYNAME=WIRE
BASEFAMILY=86ba52b5-426a-4069-947a-86231f247c85.fam
OBJECTMODELPOINTER=81b82497-164d-48c0-b1cb-18fa700dacdf.dev
KVALUE=0.000373
SPLIT=4
POINT0.BLHA=28.29096601,113.44441625,53.540,287.794387
POINT0.MATRIX0=-0.952159334,0.305602035,0.000000000,0.000000000,-0.305602035,-0.952159334,0.000000000,0.000000000,-0.000000000,-0.000000000,1.000000000,0.000000000,-7.335323104,0.130353438,36.866814892,1.000000000
POINT0.MATRIX1=-0.952159334,0.305602035,0.000000000,0.000000000,-0.305602035,-0.952159334,0.000000000,0.000000000,-0.000000000,-0.000000000,1.000000000,0.000000000,-7.148782170,0.129968351,37.330666821,1.000000000
POINT0.MATRIX2=-0.952159334,0.305602035,0.000000000,0.000000000,-0.305602035,-0.952159334,0.000000000,0.000000000,-0.000000000,-0.000000000,1.000000000,0.000000000,-7.612875876,0.129180517,37.517327588,1.000000000
POINT0.MATRIX3=-0.952159334,0.305602035,0.000000000,0.000000000,-0.305602035,-0.952159334,0.000000000,0.000000000,-0.000000000,-0.000000000,1.000000000,0.000000000,-7.799416811,0.129565604,37.053475659,1.000000000
POINT1.BLHA=28.28912608,113.44509395,57.000,477.961117
POINT1.MATRIX0=0.883265993,-0.468872248,0.000000000,0.000000000,0.468872248,0.883265993,-0.000000000,0.000000000,-0.000000000,-0.000000000,1.000000000,0.000000000,10.218998611,9.705861564,29.257537422,1.000000000
POINT1.MATRIX1=0.883265993,-0.468872248,0.000000000,0.000000000,0.468872248,0.883265993,-0.000000000,0.000000000,-0.000000000,-0.000000000,1.000000000,0.000000000,10.354473293,10.480856371,29.661239203,1.000000000
POINT1.MATRIX2=0.883265993,-0.468872248,0.000000000,0.000000000,0.468872248,0.883265993,-0.000000000,0.000000000,-0.000000000,-0.000000000,1.000000000,0.000000000,10.846186867,10.394524535,29.661346015,1.000000000
POINT1.MATRIX3=0.883265993,-0.468872248,0.000000000,0.000000000,0.468872248,0.883265993,-0.000000000,0.000000000,-0.000000000,-0.000000000,1.000000000,0.000000000,10.712356450,9.618656889,29.257537421,1.000000000
