OBJECTMODELPOINTER=361ee282-9a88-4577-8053-3716b0beebec.dev
BASEFAMILY=86bb2343-f140-4763-a9ff-df42c526b930.fam
TRANSFORMMATRIX=-0.000000370,1.000000110,-0.000001639,0.000000000,-0.999999890,0.000000437,0.000000111,0.000000000,0.000000000,-0.000000000,1.000000000,0.000000000,-11.870000000,0.000000000,42.000000000,1.000000000
ENTITYNAME=Tower_Device
