OBJECTMODELPOINTER=1881b41d-81ef-44e9-8c84-c6de8bdb9685.dev
BASEFAMILY=86c28703-ce8a-4421-9402-ab43cd9775ae.fam
TRANSFORMMATRIX=-0.999999497,0.001002709,-0.000000001,0.000000000,-0.001002710,-0.999999497,-0.000000000,0.000000000,-0.000000000,0.000000000,1.000000000,0.000000000,-11.320000000,0.000000000,70.000000000,1.000000000
ENTITYNAME=Tower_Device
