OBJECTMODELPOINTER=33777c94-e4b9-4947-906f-f84480f3cb99.dev
BASEFAMILY=86d6bfa2-6883-4880-bc3d-ca6798df87bb.fam
BLHA=28.79959310,113.50336431,218.110050,224.374488
TRANSFORMMATRIX=-0.041179130,-0.999151777,0.000070019,0.000000000,0.999151780,-0.041179130,0.000001658,0.000000000,0.000001227,0.000070028,0.999999997,0.000000000,8.961512179,445.907560564,12.375237989,1.000000000
ENTITYNAME=Wire_Device
