ENTITYNAME=WIRE
BASEFAMILY=86de58f7-5996-481e-94fd-ade0e2d66ba4.fam
OBJECTMODELPOINTER=81b82497-164d-48c0-b1cb-18fa700dacdf.dev
KVALUE=0.093846
SPLIT=4
POINT0.BLHA=28.70879307,113.45409149,169.217,451.156517
POINT0.MATRIX0=0.999796289,-0.020183663,0.000000000,0.000000000,0.020183663,0.999796289,0.000000000,0.000000000,-0.000000000,-0.000000000,1.000000000,0.000000000,7.564995222,-0.001594505,25.789999014,1.000000000
POINT0.MATRIX1=0.999796289,-0.020183663,0.000000000,0.000000000,0.020183663,0.999796289,0.000000000,0.000000000,-0.000000000,-0.000000000,1.000000000,0.000000000,7.564995222,-0.001594505,26.239999017,1.000000000
POINT0.MATRIX2=0.999796289,-0.020183663,0.000000000,0.000000000,0.020183663,0.999796289,0.000000000,0.000000000,-0.000000000,-0.000000000,1.000000000,0.000000000,8.014995211,-0.001594360,26.239999018,1.000000000
POINT0.MATRIX3=0.999796289,-0.020183663,0.000000000,0.000000000,0.020183663,0.999796289,0.000000000,0.000000000,-0.000000000,-0.000000000,1.000000000,0.000000000,8.014995211,-0.001594360,25.789999015,1.000000000
POINT1.BLHA=28.70879307,113.45409149,169.217,451.156517
POINT1.MATRIX0=0.999796289,-0.020183663,0.000000000,0.000000000,0.020183663,0.999796289,0.000000000,0.000000000,-0.000000000,-0.000000000,1.000000000,0.000000000,8.029945383,-9.043306905,29.310582122,1.000000000
POINT1.MATRIX1=0.999796289,-0.020183663,0.000000000,0.000000000,0.020183663,0.999796289,0.000000000,0.000000000,-0.000000000,-0.000000000,1.000000000,0.000000000,8.093181971,-9.796386518,29.799599371,1.000000000
POINT1.MATRIX2=0.999796289,-0.020183663,0.000000000,0.000000000,0.020183663,0.999796289,0.000000000,0.000000000,-0.000000000,-0.000000000,1.000000000,0.000000000,8.588964024,-9.732161383,29.799599371,1.000000000
POINT1.MATRIX3=0.999796289,-0.020183663,0.000000000,0.000000000,0.020183663,0.999796289,0.000000000,0.000000000,-0.000000000,-0.000000000,1.000000000,0.000000000,8.525605383,-8.979079306,29.310582123,1.000000000
