ENTITYNAME=WIRE
BASEFAMILY=86e3a825-f8a0-4894-af04-8c7d8c3a9ad7.fam
OBJECTMODELPOINTER=81b82497-164d-48c0-b1cb-18fa700dacdf.dev
KVALUE=0.000000
SPLIT=4
POINT0.BLHA=28.78677028,113.48699418,119.838,221.400685
POINT0.MATRIX0=-0.661320829,-0.750103167,-0.000000000,0.000000000,0.750103167,-0.661320829,-0.000000000,0.000000000,-0.000000000,0.000000000,1.000000000,0.000000000,0.181858038,0.000218265,53.478129059,1.000000000
POINT0.MATRIX1=-0.661320829,-0.750103167,-0.000000000,0.000000000,0.750103167,-0.661320829,-0.000000000,0.000000000,-0.000000000,0.000000000,1.000000000,0.000000000,0.215434602,-0.000091325,53.926905304,1.000000000
POINT0.MATRIX2=-0.661320829,-0.750103167,-0.000000000,0.000000000,0.750103167,-0.661320829,-0.000000000,0.000000000,-0.000000000,0.000000000,1.000000000,0.000000000,-0.234347847,0.000675905,53.960169464,1.000000000
POINT0.MATRIX3=-0.661320829,-0.750103167,-0.000000000,0.000000000,0.750103167,-0.661320829,-0.000000000,0.000000000,-0.000000000,0.000000000,1.000000000,0.000000000,-0.266459365,-0.000306147,53.511393219,1.000000000
POINT1.BLHA=28.78677028,113.48699418,119.838,221.400685
POINT1.MATRIX0=-0.661320829,-0.750103167,-0.000000000,0.000000000,0.750103167,-0.661320829,-0.000000000,0.000000000,-0.000000000,0.000000000,1.000000000,0.000000000,0.181855673,0.120219306,53.478129059,1.000000000
POINT1.MATRIX1=-0.661320829,-0.750103167,-0.000000000,0.000000000,0.750103167,-0.661320829,-0.000000000,0.000000000,-0.000000000,0.000000000,1.000000000,0.000000000,0.215432237,0.119909716,53.926905304,1.000000000
POINT1.MATRIX2=-0.661320829,-0.750103167,-0.000000000,0.000000000,0.750103167,-0.661320829,-0.000000000,0.000000000,-0.000000000,0.000000000,1.000000000,0.000000000,-0.234350212,0.120676946,53.960169464,1.000000000
POINT1.MATRIX3=-0.661320829,-0.750103167,-0.000000000,0.000000000,0.750103167,-0.661320829,-0.000000000,0.000000000,-0.000000000,0.000000000,1.000000000,0.000000000,-0.266461730,0.119694894,53.511393219,1.000000000
