ENTITYNAME=WIRE
BASEFAMILY=86e66641-8436-4cd2-9521-cc9ade5a64d1.fam
OBJECTMODELPOINTER=81b82497-164d-48c0-b1cb-18fa700dacdf.dev
KVALUE=0.000000
SPLIT=4
POINT0.BLHA=28.56928949,113.49371034,236.536,312.996987
POINT0.MATRIX0=-0.731389569,0.681959895,-0.000000000,0.000000000,-0.681959895,-0.731389569,0.000000000,0.000000000,-0.000000000,-0.000000000,1.000000000,0.000000000,-13.095162490,-0.110011544,58.000000177,1.000000000
POINT0.MATRIX1=-0.731389569,0.681959895,-0.000000000,0.000000000,-0.681959895,-0.731389569,0.000000000,0.000000000,-0.000000000,-0.000000000,1.000000000,0.000000000,-13.095162490,-0.110011543,58.450000940,1.000000000
POINT0.MATRIX2=-0.731389569,0.681959895,-0.000000000,0.000000000,-0.681959895,-0.731389569,0.000000000,0.000000000,-0.000000000,-0.000000000,1.000000000,0.000000000,-13.544980548,-0.109851231,58.450000941,1.000000000
POINT0.MATRIX3=-0.731389569,0.681959895,-0.000000000,0.000000000,-0.681959895,-0.731389569,0.000000000,0.000000000,-0.000000000,-0.000000000,1.000000000,0.000000000,-13.544980548,-0.109851231,58.000000178,1.000000000
POINT1.BLHA=28.56928949,113.49371034,236.536,312.996987
POINT1.MATRIX0=-0.731389569,0.681959895,-0.000000000,0.000000000,-0.681959895,-0.731389569,0.000000000,0.000000000,-0.000000000,-0.000000000,1.000000000,0.000000000,-13.095155418,-0.000008918,58.000000178,1.000000000
POINT1.MATRIX1=-0.731389569,0.681959895,-0.000000000,0.000000000,-0.681959895,-0.731389569,0.000000000,0.000000000,-0.000000000,-0.000000000,1.000000000,0.000000000,-13.095155419,-0.000008918,58.450000941,1.000000000
POINT1.MATRIX2=-0.731389569,0.681959895,-0.000000000,0.000000000,-0.681959895,-0.731389569,0.000000000,0.000000000,-0.000000000,-0.000000000,1.000000000,0.000000000,-13.544973478,0.000151395,58.450000940,1.000000000
POINT1.MATRIX3=-0.731389569,0.681959895,-0.000000000,0.000000000,-0.681959895,-0.731389569,0.000000000,0.000000000,-0.000000000,-0.000000000,1.000000000,0.000000000,-13.544973477,0.000151395,58.000000177,1.000000000
