OBJECTMODELPOINTER=33777c94-e4b9-4947-906f-f84480f3cb99.dev
BASEFAMILY=86f7d2d4-959d-40e0-8be7-f66c59ae4b8a.fam
BLHA=28.42958283,113.37956045,205.551749,428.016547
TRANSFORMMATRIX=-0.091191214,0.995833400,0.000037425,0.000000000,-0.995833401,-0.091191214,-0.000000938,0.000000000,0.000002479,-0.000037354,0.999999999,0.000000000,15.380107965,-237.352630901,16.845067115,1.000000000
ENTITYNAME=Wire_Device
