OBJECTMODELPOINTER=2c1a0450-11e6-4f46-81e7-2137c601b3e3.dev
BASEFAMILY=86fb7876-2dc6-49ac-9678-a499352ab649.fam
TRANSFORMMATRIX=-0.999977709,0.006677061,-0.000000002,0.000000000,-0.006677056,-0.999977707,0.000000008,0.000000000,0.000000000,0.000000000,1.000000000,0.000000000,-11.320000000,-0.000000000,70.000000000,1.000000000
ENTITYNAME=Tower_Device
