OBJECTMODELPOINTER=33777c94-e4b9-4947-906f-f84480f3cb99.dev
BASEFAMILY=8702427e-a9f2-446b-af45-79ac66b287f6.fam
BLHA=28.29096601,113.44441625,53.539724,287.794387
TRANSFORMMATRIX=-0.013224076,-0.999912558,0.000016902,0.000000000,0.999912558,-0.013224076,-0.000001077,0.000000000,0.000001300,0.000016887,1.000000000,0.000000000,8.133725745,107.268064135,31.004797895,1.000000000
ENTITYNAME=Wire_Device
