OBJECTMODELPOINTER=0e312739-8609-4a3d-966c-75d05d59356d.dev
BASEFAMILY=8705f03c-0dff-4cd3-a085-53a549689dd1.fam
TRANSFORMMATRIX=1.000000000,-0.000000000,-0.000000000,0.000000000,0.000000000,1.000000000,0.000000000,0.000000000,-0.000000000,-0.000000000,1.000000000,0.000000000,-5.397100234,-5.397029010,-0.000000725,1.000000000
ENTITYNAME=Tower_Device
