OBJECTMODELPOINTER=2ac9f19f-03fc-4332-92ff-6f3dfcc858e8.dev
BASEFAMILY=87067f29-9c7b-400b-ab65-91e1a894f780.fam
TRANSFORMMATRIX=-0.999995013,0.003157952,-0.000000003,0.000000000,-0.003157953,-0.999995015,-0.000000002,0.000000000,0.000000000,-0.000000000,1.000000000,0.000000000,-11.320000000,-0.320000000,69.999999999,1.000000000
ENTITYNAME=Tower_Device
