OBJECTMODELPOINTER=1c8444f1-d2cd-4734-9820-843ab2976fd5.dev
BASEFAMILY=870a6ae6-eef8-4d11-be3d-f9abb0edc0f9.fam
TRANSFORMMATRIX=0.000000348,0.999999634,-0.000000747,0.000000000,-1.000000366,-0.000000050,-0.000001463,0.000000000,0.000000000,-0.000000000,1.000000000,0.000000000,-0.000000000,-0.000000000,48.000000000,1.000000000
ENTITYNAME=Tower_Device
