OBJECTMODELPOINTER=33777c94-e4b9-4947-906f-f84480f3cb99.dev
BASEFAMILY=87130bbd-7525-4f55-bb0d-bf61b2baf7d1.fam
BLHA=28.56112925,113.50240150,222.763342,308.993779
TRANSFORMMATRIX=-0.601799168,-0.798647457,-0.000000143,0.000000000,0.798647457,-0.601799168,-0.000000443,0.000000000,0.000000267,-0.000000381,1.000000000,0.000000000,1.711504072,-2.428164568,22.438113099,1.000000000
ENTITYNAME=Wire_Device
