ENTITYNAME=WIRE
BASEFAMILY=8714be39-27c5-4662-8d5d-149cd6771840.fam
OBJECTMODELPOINTER=31970f28-780e-4bf1-8adb-439f78c329a3.dev
KVALUE=0.000287
SPLIT=1
POINT0.BLHA=28.50209029,113.44375287,199.021,200.251669
POINT0.MATRIX0=-0.346144382,-0.938181255,0.000000000,0.000000000,0.938181255,-0.346144382,0.000000000,0.000000000,-0.000000000,-0.000000000,1.000000000,0.000000000,11.319824888,-0.009966207,63.557998976,1.000000000
POINT1.BLHA=28.50209029,113.44375287,199.021,200.251669
POINT1.MATRIX0=-0.346144382,-0.938181255,0.000000000,0.000000000,0.938181255,-0.346144382,0.000000000,0.000000000,-0.000000000,-0.000000000,1.000000000,0.000000000,11.318309840,0.010059302,63.557998976,1.000000000
