OBJECTMODELPOINTER=33777c94-e4b9-4947-906f-f84480f3cb99.dev
BASEFAMILY=871d5e1a-0dc0-4b07-af26-b7556cc7ac3e.fam
BLHA=28.31294059,113.42646212,52.368358,335.449580
TRANSFORMMATRIX=0.000020327,-0.999999999,0.000038868,0.000000000,1.000000000,0.000020327,0.000001284,0.000000000,-0.000001285,0.000038868,0.999999999,0.000000000,-8.649830034,247.887269353,21.830552879,1.000000000
ENTITYNAME=Wire_Device
