OBJECTMODELPOINTER=33777c94-e4b9-4947-906f-f84480f3cb99.dev
BASEFAMILY=872c0d5d-76f7-4253-94e8-dffd14a245c1.fam
BLHA=28.26907527,113.47529619,67.190721,514.001895
TRANSFORMMATRIX=-0.365294178,0.930892132,0.000042357,0.000000000,-0.930892133,-0.365294178,0.000001685,0.000000000,0.000017041,-0.000038814,0.999999999,0.000000000,108.826822142,-247.730224710,73.387659423,1.000000000
ENTITYNAME=Wire_Device
