OBJECTMODELPOINTER=7ca199ce-f107-411a-ae8a-41a779169ae0.dev
BASEFAMILY=8737cca1-b849-4382-a3a2-e12b841d0ad9.fam
TRANSFORMMATRIX=-0.005109361,-0.044554988,-0.998993929,0.000000000,0.993489431,-0.113923781,0.000001373,0.000000000,-0.113807963,-0.992490065,0.044846610,0.000000000,-9.500000000,2.039000000,21.000000000,1.000000000
ENTITYNAME=Tower_Device
