OBJECTMODELPOINTER=33777c94-e4b9-4947-906f-f84480f3cb99.dev
BASEFAMILY=873a4135-f24f-4d72-9d83-4b7b8b6d6bb2.fam
BLHA=28.80418340,113.50812520,199.973454,227.348291
TRANSFORMMATRIX=-0.000014690,-0.999999999,0.000039938,0.000000000,1.000000000,-0.000014690,0.000000272,0.000000000,-0.000000272,0.000039938,0.999999999,0.000000000,-1.075916283,254.223495535,38.556353714,1.000000000
ENTITYNAME=Wire_Device
