OBJECTMODELPOINTER=3b3b7544-0a11-4a49-9f56-e4507afad0b9.dev
BASEFAMILY=874b5af7-eed0-4722-bc81-d45f0783acb8.fam
TRANSFORMMATRIX=-0.999995015,-0.003157896,0.000000003,0.000000000,0.003157898,-0.999995013,0.000000002,0.000000000,0.000000000,-0.000000000,1.000000000,0.000000000,11.319999999,-0.320000000,70.000000000,1.000000000
ENTITYNAME=Tower_Device
