OBJECTMODELPOINTER=33777c94-e4b9-4947-906f-f84480f3cb99.dev
BASEFAMILY=874ffd48-2662-43db-aa5e-48aacbcf0ca7.fam
BLHA=28.32474464,113.37442409,71.722945,330.514691
TRANSFORMMATRIX=-0.324012477,-0.946052807,0.000036801,0.000000000,0.946052808,-0.324012477,-0.000001511,0.000000000,0.000013353,0.000034326,0.999999999,0.000000000,84.411158491,218.639253393,45.631997490,1.000000000
ENTITYNAME=Wire_Device
