OBJECTMODELPOINTER=7b4da801-98a7-4de6-905c-c87939787699.dev
BASEFAMILY=876a6d57-b10a-4478-9220-561297bac25a.fam
TRANSFORMMATRIX=-0.006158048,0.212704066,-0.977097165,0.000000000,-0.999581338,-0.028936763,-0.000001428,0.000000000,-0.028273871,0.976687913,0.212794053,0.000000000,7.500000000,-0.953000000,30.000000000,1.000000000
ENTITYNAME=Tower_Device
