OBJECTMODELPOINTER=33777c94-e4b9-4947-906f-f84480f3cb99.dev
BASEFAMILY=8780115b-3388-4ca7-bc7c-d23423c0f9fa.fam
BLHA=28.37974338,113.36324559,104.024514,459.829193
TRANSFORMMATRIX=-0.128340851,0.991730117,0.000026642,0.000000000,-0.991730118,-0.128340851,0.000001226,0.000000000,0.000004634,-0.000026264,1.000000000,0.000000000,29.725877308,-166.825915433,4.228175922,1.000000000
ENTITYNAME=Wire_Device
