OBJECTMODELPOINTER=33777c94-e4b9-4947-906f-f84480f3cb99.dev
BASEFAMILY=878468e2-e470-4e17-b9ff-ea6f5fb6259e.fam
BLHA=28.77401473,113.47631208,189.623101,236.227775
TRANSFORMMATRIX=0.002115087,-0.999997763,0.000026779,0.000000000,0.999997763,0.002115087,0.000002044,0.000000000,-0.000002100,0.000026774,1.000000000,0.000000000,-12.980996427,170.268468925,13.214843012,1.000000000
ENTITYNAME=Wire_Device
