OBJECTMODELPOINTER=33777c94-e4b9-4947-906f-f84480f3cb99.dev
BASEFAMILY=878876a8-1cda-4fc8-9b9c-0c4e8987a2d0.fam
BLHA=28.70605444,113.45451077,165.912680,277.425083
TRANSFORMMATRIX=0.000001556,-1.000000000,0.000028307,0.000000000,1.000000000,0.000001556,0.000000110,0.000000000,-0.000000111,0.000028307,1.000000000,0.000000000,-0.822266313,179.773558654,14.393704222,1.000000000
ENTITYNAME=Wire_Device
