OBJECTMODELPOINTER=33777c94-e4b9-4947-906f-f84480f3cb99.dev
BASEFAMILY=879d51b2-7490-4915-b043-2dde6b8b5838.fam
BLHA=28.74269478,113.45578230,73.560853,258.301958
TRANSFORMMATRIX=-0.000003332,-1.000000000,0.000028739,0.000000000,1.000000000,-0.000003332,0.000000164,0.000000000,-0.000000164,0.000028739,1.000000000,0.000000000,-0.859712357,182.542454932,46.624525787,1.000000000
ENTITYNAME=Wire_Device
