OBJECTMODELPOINTER=33777c94-e4b9-4947-906f-f84480f3cb99.dev
BASEFAMILY=87aebb36-e727-45d7-b8a6-3f9b6fc3277d.fam
BLHA=28.67276970,113.45923535,192.994115,456.641966
TRANSFORMMATRIX=-0.028945465,0.999580991,0.000049548,0.000000000,-0.999580992,-0.028945465,0.000001357,0.000000000,0.000002791,-0.000049488,0.999999999,0.000000000,17.997646897,-314.292777307,-2.400448479,1.000000000
ENTITYNAME=Wire_Device
