ENTITYNAME=WIRE
BASEFAMILY=87b3c20a-d945-4f67-b018-3b281539dbaf.fam
OBJECTMODELPOINTER=81b82497-164d-48c0-b1cb-18fa700dacdf.dev
KVALUE=0.096714
SPLIT=4
POINT0.BLHA=28.50595381,113.45544189,275.038,205.493080
POINT0.MATRIX0=-0.430402079,-0.902637275,0.000000000,0.000000000,0.902637275,-0.430402079,0.000000000,0.000000000,0.000000000,0.000000000,1.000000000,0.000000000,8.015046216,0.000996974,25.789999785,1.000000000
POINT0.MATRIX1=-0.430402079,-0.902637275,0.000000000,0.000000000,0.902637275,-0.430402079,0.000000000,0.000000000,0.000000000,0.000000000,1.000000000,0.000000000,8.015046216,0.000996974,26.239999832,1.000000000
POINT0.MATRIX2=-0.430402079,-0.902637275,0.000000000,0.000000000,0.902637275,-0.430402079,0.000000000,0.000000000,0.000000000,0.000000000,1.000000000,0.000000000,7.565046141,0.000997200,26.239999832,1.000000000
POINT0.MATRIX3=-0.430402079,-0.902637275,0.000000000,0.000000000,0.902637275,-0.430402079,0.000000000,0.000000000,0.000000000,0.000000000,1.000000000,0.000000000,7.565046141,0.000997200,25.789999785,1.000000000
POINT1.BLHA=28.50595381,113.45544189,275.038,205.493080
POINT1.MATRIX0=-0.430402079,-0.902637275,0.000000000,0.000000000,0.902637275,-0.430402079,0.000000000,0.000000000,0.000000000,0.000000000,1.000000000,0.000000000,8.693744734,8.300389093,26.714051069,1.000000000
POINT1.MATRIX1=-0.430402079,-0.902637275,0.000000000,0.000000000,0.902637275,-0.430402079,0.000000000,0.000000000,0.000000000,0.000000000,1.000000000,0.000000000,8.809072643,9.170736222,26.929276528,1.000000000
POINT1.MATRIX2=-0.430402079,-0.902637275,0.000000000,0.000000000,0.902637275,-0.430402079,0.000000000,0.000000000,0.000000000,0.000000000,1.000000000,0.000000000,8.310799558,9.216559798,26.929349006,1.000000000
POINT1.MATRIX3=-0.430402079,-0.902637275,0.000000000,0.000000000,0.902637275,-0.430402079,0.000000000,0.000000000,0.000000000,0.000000000,1.000000000,0.000000000,8.195471649,8.346212670,26.714078726,1.000000000
