OBJECTMODELPOINTER=295fca0b-06fc-4371-9233-2edf70b058e0.dev
BASEFAMILY=87c814b3-2fee-4067-a612-35e653dae113.fam
TRANSFORMMATRIX=-0.007026756,0.999975365,-0.000001636,0.000000000,-0.999975265,-0.007025926,-0.000000003,0.000000000,0.000000000,-0.000000000,1.000000000,0.000000000,13.950000000,-0.000000001,51.000000000,1.000000000
ENTITYNAME=Tower_Device
