OBJECTMODELPOINTER=92dc1643-b606-431a-9b11-bd565a2b3cae.dev
BASEFAMILY=87d7a8c2-6c8e-4139-99af-229f5d986f5e.fam
TRANSFORMMATRIX=-0.001165435,0.999998955,-0.000000748,0.000000000,-0.999999687,-0.001165833,-0.000001462,0.000000000,-0.000000000,0.000000000,1.000000000,0.000000000,13.320000000,0.000000001,63.000000000,1.000000000
ENTITYNAME=Tower_Device
