ENTITYNAME=WIRE
BASEFAMILY=87df3934-2583-457c-b47f-d3d8dec4a42b.fam
OBJECTMODELPOINTER=31970f28-780e-4bf1-8adb-439f78c329a3.dev
KVALUE=0.000232
SPLIT=1
POINT0.BLHA=28.72596649,113.45194319,126.517,450.796525
POINT0.MATRIX0=0.999903369,-0.013901533,0.000000000,0.000000000,0.013901533,0.999903369,0.000000000,0.000000000,-0.000000000,-0.000000000,1.000000000,0.000000000,5.654880922,-1.546926517,43.975491954,1.000000000
POINT1.BLHA=28.72353047,113.45260943,123.369,283.291091
POINT1.MATRIX0=-0.973214630,0.229898421,0.000000000,0.000000000,-0.229898421,-0.973214630,0.000000000,0.000000000,0.000000000,-0.000000000,1.000000000,0.000000000,-9.872351829,-0.311276884,54.558005576,1.000000000
