OBJECTMODELPOINTER=52580075-395d-45f6-9a87-b9d8ea81de9b.dev
BASEFAMILY=87df1a06-3255-4c19-a4b5-03feeec140d1.fam
TRANSFORMMATRIX=-1.000000000,0.000000162,-0.000000000,0.000000000,-0.000000162,-1.000000000,-0.000000000,0.000000000,-0.000000000,-0.000000000,1.000000000,0.000000000,-9.870000000,0.310000000,49.000000001,1.000000000
ENTITYNAME=Tower_Device
