OBJECTMODELPOINTER=0e312739-8609-4a3d-966c-75d05d59356d.dev
BASEFAMILY=87e3f4eb-6b16-46b6-b0fa-d3b69c62eb71.fam
TRANSFORMMATRIX=-1.000000000,-0.000000000,-0.000000000,0.000000000,0.000000000,-1.000000000,0.000000000,0.000000000,-0.000000000,0.000000000,1.000000000,0.000000000,5.396825374,5.397214022,0.000001603,1.000000000
ENTITYNAME=Tower_Device
