OBJECTMODELPOINTER=160c7685-8a40-4c4c-a541-5f9c2d9b7f4b.dev
BASEFAMILY=87f698f4-a736-4be2-9782-a19b4bf77449.fam
TRANSFORMMATRIX=-0.000000094,0.999999656,-0.000001399,0.000000000,-1.000000344,0.000000372,-0.000000863,0.000000000,0.000000000,0.000000000,1.000000000,0.000000000,0.000000000,-0.000000000,48.000000000,1.000000000
ENTITYNAME=Tower_Device
