OBJECTMODELPOINTER=33777c94-e4b9-4947-906f-f84480f3cb99.dev
BASEFAMILY=87fa85f5-e22a-4d4d-b53b-d44a01dc594c.fam
BLHA=28.55813742,113.50479443,276.608256,304.990571
TRANSFORMMATRIX=-0.000948099,-0.999999550,0.000018737,0.000000000,0.999999551,-0.000948099,-0.000002059,0.000000000,0.000002077,0.000018735,1.000000000,0.000000000,12.941135552,119.146978843,43.020292664,1.000000000
ENTITYNAME=Wire_Device
