OBJECTMODELPOINTER=33777c94-e4b9-4947-906f-f84480f3cb99.dev
BASEFAMILY=88000227-6a8e-4fef-833e-53b1ad229b46.fam
BLHA=28.77401473,113.47631208,189.623101,236.227775
TRANSFORMMATRIX=-0.000016161,-0.999999998,0.000057361,0.000000000,1.000000000,-0.000016161,0.000000394,0.000000000,-0.000000393,0.000057361,0.999999998,0.000000000,-1.630347268,364.840194403,6.706877650,1.000000000
ENTITYNAME=Wire_Device
