OBJECTMODELPOINTER=33777c94-e4b9-4947-906f-f84480f3cb99.dev
BASEFAMILY=881185c2-19fe-48ff-a093-0d070f23bc35.fam
BLHA=28.43802035,113.38456732,303.277751,242.026912
TRANSFORMMATRIX=-0.000011576,-0.999999999,0.000050178,0.000000000,1.000000000,-0.000011576,0.000000368,0.000000000,-0.000000368,0.000050179,0.999999999,0.000000000,-1.657254278,319.002601057,-1.973326466,1.000000000
ENTITYNAME=Wire_Device
