OBJECTMODELPOINTER=33777c94-e4b9-4947-906f-f84480f3cb99.dev
BASEFAMILY=88164b5b-e4c3-4987-bc8e-c895467e4553.fam
BLHA=28.55326393,113.50869198,332.868298,304.990571
TRANSFORMMATRIX=0.012312063,-0.999924199,0.000094795,0.000000000,0.999924204,0.012312063,-0.000002037,0.000000000,0.000000870,0.000094813,0.999999995,0.000000000,4.072761750,603.123830343,133.644924869,1.000000000
ENTITYNAME=Wire_Device
