OBJECTMODELPOINTER=33777c94-e4b9-4947-906f-f84480f3cb99.dev
BASEFAMILY=88182a56-40ff-4370-82eb-723697d0a853.fam
BLHA=28.75094621,113.45897359,113.766966,236.227775
TRANSFORMMATRIX=-0.014313629,-0.999897554,0.000036094,0.000000000,0.999897555,-0.014313629,0.000002114,0.000000000,-0.000001597,0.000036121,0.999999999,0.000000000,-9.629602066,229.721277854,17.921154178,1.000000000
ENTITYNAME=Wire_Device
