OBJECTMODELPOINTER=33777c94-e4b9-4947-906f-f84480f3cb99.dev
BASEFAMILY=881d69c8-2a04-4ddb-86f5-1a40a8042e73.fam
BLHA=28.31775016,113.38284517,61.633463,329.270898
TRANSFORMMATRIX=0.001447305,-0.999998951,0.000057336,0.000000000,0.999998953,0.001447305,-0.000001075,0.000000000,0.000000992,0.000057338,0.999999998,0.000000000,5.472220807,365.479706013,38.064460010,1.000000000
ENTITYNAME=Wire_Device
