OBJECTMODELPOINTER=33777c94-e4b9-4947-906f-f84480f3cb99.dev
BASEFAMILY=88261540-d4ee-46ff-a8e6-468bd8fdd9e3.fam
BLHA=28.78468964,113.48433856,117.864116,408.814230
TRANSFORMMATRIX=-0.119987847,0.992775358,0.000068694,0.000000000,-0.992775361,-0.119987847,-0.000000723,0.000000000,0.000007525,-0.000068285,0.999999998,0.000000000,46.813906132,-434.486414764,78.343467110,1.000000000
ENTITYNAME=Wire_Device
