OBJECTMODELPOINTER=33777c94-e4b9-4947-906f-f84480f3cb99.dev
BASEFAMILY=882f66ce-3a8c-4348-ac56-270f0becc154.fam
BLHA=28.77096466,113.47401910,153.559218,236.227775
TRANSFORMMATRIX=0.001696731,-0.999998555,0.000104387,0.000000000,0.999998561,0.001696732,0.000002709,0.000000000,-0.000002887,0.000104381,0.999999994,0.000000000,-16.810105570,663.882866107,43.518242690,1.000000000
ENTITYNAME=Wire_Device
