OBJECTMODELPOINTER=33777c94-e4b9-4947-906f-f84480f3cb99.dev
BASEFAMILY=883719bb-9d7a-45b5-b05a-5eb98829b58e.fam
BLHA=28.30399811,113.43961542,62.139238,477.400140
TRANSFORMMATRIX=0.170721741,0.985319280,0.000054513,0.000000000,-0.985319282,0.170721741,0.000001891,0.000000000,-0.000007443,-0.000054035,0.999999998,0.000000000,-46.728861048,-343.395289410,54.127495815,1.000000000
ENTITYNAME=Wire_Device
