OBJECTMODELPOINTER=33777c94-e4b9-4947-906f-f84480f3cb99.dev
BASEFAMILY=883b1734-26ae-48ce-9ad0-a54f5db265c3.fam
BLHA=28.79959310,113.50336431,218.110050,224.374488
TRANSFORMMATRIX=-0.272551032,-0.962141328,0.000000286,0.000000000,0.962141328,-0.272551032,0.000001440,0.000000000,-0.000001307,0.000000667,1.000000000,0.000000000,-8.310737356,4.228252136,19.094126803,1.000000000
ENTITYNAME=Wire_Device
