OBJECTMODELPOINTER=33777c94-e4b9-4947-906f-f84480f3cb99.dev
BASEFAMILY=88439b71-32d8-4953-a73f-cbc49bf72094.fam
BLHA=28.34583559,113.36246769,78.593273,278.143009
TRANSFORMMATRIX=0.003871282,-0.999992507,0.000006018,0.000000000,0.999992507,0.003871282,-0.000002060,0.000000000,0.000002037,0.000006026,1.000000000,0.000000000,12.972795307,38.259168875,49.082077072,1.000000000
ENTITYNAME=Wire_Device
