OBJECTMODELPOINTER=7cc067a7-060d-4469-82a0-1805459b0ede.dev
BASEFAMILY=8855c05a-ed24-4566-9371-eada8ddd7a2a.fam
TRANSFORMMATRIX=-0.999999056,0.001373591,0.000000001,0.000000000,-0.001373591,-0.999999057,0.000000001,0.000000000,-0.000000000,-0.000000000,1.000000000,0.000000000,10.800000000,-0.000000000,73.000000001,1.000000000
ENTITYNAME=Tower_Device
