OBJECTMODELPOINTER=33777c94-e4b9-4947-906f-f84480f3cb99.dev
BASEFAMILY=8856b6ef-e20f-4328-a689-47b05f6e368c.fam
BLHA=28.39175425,113.36683981,143.500019,249.667673
TRANSFORMMATRIX=-0.002644411,-0.999996501,0.000071234,0.000000000,0.999996504,-0.002644411,0.000002583,0.000000000,-0.000002395,0.000071241,0.999999997,0.000000000,-14.509074767,452.639844604,18.227266973,1.000000000
ENTITYNAME=Wire_Device
