OBJECTMODELPOINTER=33777c94-e4b9-4947-906f-f84480f3cb99.dev
BASEFAMILY=8864891d-a806-4f88-9d04-4527e6e74961.fam
BLHA=28.68060600,113.45831192,164.595225,275.673275
TRANSFORMMATRIX=-0.002373164,-0.999997183,0.000051396,0.000000000,0.999997184,-0.002373164,0.000002201,0.000000000,-0.000002080,0.000051400,0.999999999,0.000000000,-13.437042997,326.434676783,43.679781182,1.000000000
ENTITYNAME=Wire_Device
