ENTITYNAME=WIRE
BASEFAMILY=886d2c86-40db-4219-a446-3222b02f5561.fam
OBJECTMODELPOINTER=31970f28-780e-4bf1-8adb-439f78c329a3.dev
KVALUE=0.000238
SPLIT=1
POINT0.BLHA=28.42674606,113.37865854,204.107,254.006183
POINT0.MATRIX0=-0.961291434,-0.275533624,-0.000000000,0.000000000,0.275533624,-0.961291434,-0.000000000,0.000000000,-0.000000000,-0.000000000,1.000000000,0.000000000,9.868443812,0.309587565,36.558001831,1.000000000
POINT1.BLHA=28.42194077,113.37713088,216.761,254.006183
POINT1.MATRIX0=-0.961291434,-0.275533624,-0.000000000,0.000000000,0.275533624,-0.961291434,0.000000000,0.000000000,-0.000000000,0.000000000,1.000000000,0.000000000,10.610724153,-0.309583552,54.557998958,1.000000000
