OBJECTMODELPOINTER=33777c94-e4b9-4947-906f-f84480f3cb99.dev
BASEFAMILY=88730f8e-1025-45f0-9e0d-487b855b05fb.fam
BLHA=28.29509828,113.44289412,61.743516,287.794387
TRANSFORMMATRIX=0.000003950,-1.000000000,0.000016685,0.000000000,1.000000000,0.000003950,0.000001223,0.000000000,-0.000001223,0.000016685,1.000000000,0.000000000,-7.962375440,106.009151717,20.469388279,1.000000000
ENTITYNAME=Wire_Device
