ENTITYNAME=WIRE
BASEFAMILY=8875fe67-223b-4214-88fc-086240d6f328.fam
OBJECTMODELPOINTER=81b82497-164d-48c0-b1cb-18fa700dacdf.dev
KVALUE=0.000000
SPLIT=4
POINT0.BLHA=28.49573132,113.43033310,334.786,224.957371
POINT0.MATRIX0=-0.706580481,-0.707632690,-0.000000000,0.000000000,0.707632690,-0.706580481,-0.000000000,0.000000000,0.000000000,-0.000000000,1.000000000,0.000000000,0.180222682,0.000204946,34.762691409,1.000000000
POINT0.MATRIX1=-0.706580481,-0.707632690,-0.000000000,0.000000000,0.707632690,-0.706580481,-0.000000000,0.000000000,0.000000000,-0.000000000,1.000000000,0.000000000,0.217511506,0.000232690,35.211143404,1.000000000
POINT0.MATRIX2=-0.706580481,-0.707632690,-0.000000000,0.000000000,0.707632690,-0.706580481,-0.000000000,0.000000000,0.000000000,-0.000000000,1.000000000,0.000000000,-0.230990438,0.000244261,35.248412997,1.000000000
POINT0.MATRIX3=-0.706580481,-0.707632690,-0.000000000,0.000000000,0.707632690,-0.706580481,-0.000000000,0.000000000,0.000000000,-0.000000000,1.000000000,0.000000000,-0.268236135,0.000259708,34.799957186,1.000000000
POINT1.BLHA=28.49573132,113.43033310,334.786,224.957371
POINT1.MATRIX0=-0.706580481,-0.707632690,-0.000000000,0.000000000,0.707632690,-0.706580481,-0.000000000,0.000000000,0.000000000,-0.000000000,1.000000000,0.000000000,0.180219715,0.120206833,34.762691409,1.000000000
POINT1.MATRIX1=-0.706580481,-0.707632690,-0.000000000,0.000000000,0.707632690,-0.706580481,-0.000000000,0.000000000,0.000000000,-0.000000000,1.000000000,0.000000000,0.217508538,0.120234577,35.211143405,1.000000000
POINT1.MATRIX2=-0.706580481,-0.707632690,-0.000000000,0.000000000,0.707632690,-0.706580481,-0.000000000,0.000000000,0.000000000,-0.000000000,1.000000000,0.000000000,-0.230993405,0.120246147,35.248412997,1.000000000
POINT1.MATRIX3=-0.706580481,-0.707632690,-0.000000000,0.000000000,0.707632690,-0.706580481,-0.000000000,0.000000000,0.000000000,-0.000000000,1.000000000,0.000000000,-0.268239102,0.120261594,34.799957187,1.000000000
