OBJECTMODELPOINTER=33777c94-e4b9-4947-906f-f84480f3cb99.dev
BASEFAMILY=887ede9c-7410-40a4-8d01-d73324e11b78.fam
BLHA=28.46688419,113.40170203,216.340862,242.026912
TRANSFORMMATRIX=-0.001889152,-0.999998214,0.000063610,0.000000000,0.999998216,-0.001889152,0.000002642,0.000000000,-0.000002522,0.000063614,0.999999998,0.000000000,-15.206472012,404.392214253,32.311544120,1.000000000
ENTITYNAME=Wire_Device
