OBJECTMODELPOINTER=33777c94-e4b9-4947-906f-f84480f3cb99.dev
BASEFAMILY=88875380-d475-4532-98a2-cf1c94ad0703.fam
BLHA=28.28912608,113.44509395,57.000023,477.961117
TRANSFORMMATRIX=-0.183985203,0.982929013,0.000029499,0.000000000,-0.982929013,-0.183985203,-0.000001517,0.000000000,0.000003936,-0.000029274,1.000000000,0.000000000,25.495182901,-186.154904858,34.169602004,1.000000000
ENTITYNAME=Wire_Device
