ENTITYNAME=WIRE
BASEFAMILY=888a2292-20e9-4f81-8a22-8070da1bbaed.fam
OBJECTMODELPOINTER=81b82497-164d-48c0-b1cb-18fa700dacdf.dev
KVALUE=0.089320
SPLIT=4
POINT0.BLHA=28.79959310,113.50336431,218.110,224.374488
POINT0.MATRIX0=-0.699345139,-0.714784147,-0.000000000,0.000000000,0.714784147,-0.699345139,0.000000000,0.000000000,-0.000000000,0.000000000,1.000000000,0.000000000,-9.275193739,0.001115427,19.789997053,1.000000000
POINT0.MATRIX1=-0.699345139,-0.714784147,-0.000000000,0.000000000,0.714784147,-0.699345139,0.000000000,0.000000000,-0.000000000,0.000000000,1.000000000,0.000000000,-9.275193739,0.001115427,20.239997041,1.000000000
POINT0.MATRIX2=-0.699345139,-0.714784147,-0.000000000,0.000000000,0.714784147,-0.699345139,0.000000000,0.000000000,-0.000000000,0.000000000,1.000000000,0.000000000,-9.725193968,0.001115567,20.239997041,1.000000000
POINT0.MATRIX3=-0.699345139,-0.714784147,-0.000000000,0.000000000,0.714784147,-0.699345139,0.000000000,0.000000000,-0.000000000,0.000000000,1.000000000,0.000000000,-9.725193968,0.001115567,19.789997053,1.000000000
POINT1.BLHA=28.79959310,113.50336431,218.110,224.374488
POINT1.MATRIX0=-0.699345139,-0.714784147,-0.000000000,0.000000000,0.714784147,-0.699345139,0.000000000,0.000000000,-0.000000000,0.000000000,1.000000000,0.000000000,-6.660190748,8.845851814,22.205703628,1.000000000
POINT1.MATRIX1=-0.699345139,-0.714784147,-0.000000000,0.000000000,0.714784147,-0.699345139,0.000000000,0.000000000,-0.000000000,0.000000000,1.000000000,0.000000000,-6.591570426,9.664497017,22.585255038,1.000000000
POINT1.MATRIX2=-0.699345139,-0.714784147,-0.000000000,0.000000000,0.714784147,-0.699345139,0.000000000,0.000000000,-0.000000000,0.000000000,1.000000000,0.000000000,-7.091075659,9.684594860,22.585255038,1.000000000
POINT1.MATRIX3=-0.699345139,-0.714784147,-0.000000000,0.000000000,0.714784147,-0.699345139,0.000000000,0.000000000,-0.000000000,0.000000000,1.000000000,0.000000000,-7.160067612,8.868362611,22.205345047,1.000000000
