OBJECTMODELPOINTER=33777c94-e4b9-4947-906f-f84480f3cb99.dev
BASEFAMILY=888f9a6e-4244-414b-8980-d854200ffe70.fam
BLHA=28.56112925,113.50240150,222.763342,308.993779
TRANSFORMMATRIX=0.857715105,-0.514125275,-0.000000218,0.000000000,0.514125275,0.857715105,-0.000001375,0.000000000,0.000000894,0.000001068,1.000000000,0.000000000,5.677621736,6.778589357,37.513587535,1.000000000
ENTITYNAME=Wire_Device
