OBJECTMODELPOINTER=33777c94-e4b9-4947-906f-f84480f3cb99.dev
BASEFAMILY=88943931-fc31-4277-867a-48f32fa90ca0.fam
BLHA=28.77883021,113.47993260,194.739259,236.227775
TRANSFORMMATRIX=-0.000003428,-1.000000000,0.000017531,0.000000000,1.000000000,-0.000003428,0.000000122,0.000000000,-0.000000122,0.000017531,1.000000000,0.000000000,-0.512470698,111.508920983,32.712026003,1.000000000
ENTITYNAME=Wire_Device
