OBJECTMODELPOINTER=33777c94-e4b9-4947-906f-f84480f3cb99.dev
BASEFAMILY=889f27db-4140-4156-b5e7-cf504a561134.fam
BLHA=28.34583559,113.36246769,78.593273,278.143009
TRANSFORMMATRIX=0.000002127,-0.999999999,0.000053291,0.000000000,1.000000000,0.000002127,0.000000245,0.000000000,-0.000000246,0.000053291,0.999999999,0.000000000,-1.813130829,338.433030839,55.672483442,1.000000000
ENTITYNAME=Wire_Device
