OBJECTMODELPOINTER=33777c94-e4b9-4947-906f-f84480f3cb99.dev
BASEFAMILY=88a9ec1d-cdb1-48cb-ae0f-33c9dd3a406e.fam
BLHA=28.35190910,113.36144828,128.122186,278.143009
TRANSFORMMATRIX=0.000001806,-0.999999999,0.000036673,0.000000000,1.000000000,0.000001806,-0.000001693,0.000000000,0.000001694,0.000036673,0.999999999,0.000000000,10.637217967,232.886981116,16.118371436,1.000000000
ENTITYNAME=Wire_Device
