OBJECTMODELPOINTER=43fc7ad6-3b65-4728-9838-ee4f0cef3a45.dev
BASEFAMILY=88beb3df-5c21-4a0b-a5d6-5d4fc6b05f60.fam
TRANSFORMMATRIX=0.000834596,0.999999968,-0.000001536,0.000000000,-0.999999335,0.000835141,0.000000586,0.000000000,-0.000000000,-0.000000000,1.000000000,0.000000000,-11.870000000,0.000000000,45.000000000,1.000000000
ENTITYNAME=Tower_Device
