OBJECTMODELPOINTER=63b8dac7-ec10-42c5-b77e-2439748a4cbf.dev
BASEFAMILY=88cec7d7-4a70-4cbc-8eff-f2dc799ed74d.fam
TRANSFORMMATRIX=-0.010624087,-0.999943216,0.000000865,0.000000000,0.999943905,-0.010624553,-0.000001387,0.000000000,0.000000000,0.000000000,1.000000000,0.000000000,12.730000000,0.600000000,45.000000000,1.000000000
ENTITYNAME=Tower_Device
