OBJECTMODELPOINTER=33777c94-e4b9-4947-906f-f84480f3cb99.dev
BASEFAMILY=88d0cb5a-9384-4a38-a4df-4b5e6f5c0986.fam
BLHA=28.81044857,113.51462416,146.504318,227.348291
TRANSFORMMATRIX=-0.000011341,-0.999999999,0.000034585,0.000000000,1.000000000,-0.000011341,0.000000234,0.000000000,-0.000000234,0.000034585,0.999999999,0.000000000,-0.924100776,220.148800474,54.667408857,1.000000000
ENTITYNAME=Wire_Device
