OBJECTMODELPOINTER=985c8662-3fa8-4b5c-9038-865f66657442.dev
BASEFAMILY=88daade3-abf5-4a3c-939a-bd573b99f597.fam
TRANSFORMMATRIX=-1.000000000,0.000000070,-0.000000000,0.000000000,-0.000000070,-1.000000000,0.000000000,0.000000000,-0.000000000,-0.000000000,1.000000000,0.000000000,9.870000000,-0.310000000,49.000000000,1.000000000
ENTITYNAME=Tower_Device
