OBJECTMODELPOINTER=33777c94-e4b9-4947-906f-f84480f3cb99.dev
BASEFAMILY=88dec6f0-0423-47a3-8840-50fd997057f0.fam
BLHA=28.32292443,113.37625760,67.775568,311.415680
TRANSFORMMATRIX=-0.001747579,-0.999998473,0.000005088,0.000000000,0.999998473,-0.001747579,-0.000001019,0.000000000,0.000001028,0.000005087,1.000000000,0.000000000,6.459671499,32.352903270,59.972319993,1.000000000
ENTITYNAME=Wire_Device
