OBJECTMODELPOINTER=33777c94-e4b9-4947-906f-f84480f3cb99.dev
BASEFAMILY=88e3a9e2-0bfa-4db4-83d6-ba5f09c64f48.fam
BLHA=28.31411764,113.38983103,66.771612,527.133635
TRANSFORMMATRIX=0.275259189,0.961370053,-0.000001253,0.000000000,-0.961370053,0.275259189,0.000001723,0.000000000,0.000002002,0.000000731,1.000000000,0.000000000,12.703636831,4.649142955,36.673719672,1.000000000
ENTITYNAME=Wire_Device
