OBJECTMODELPOINTER=33777c94-e4b9-4947-906f-f84480f3cb99.dev
BASEFAMILY=88e6e36e-1c8b-45e7-8bca-919c1948ab88.fam
BLHA=28.38255325,113.36304670,117.224132,441.473487
TRANSFORMMATRIX=-0.205539976,0.978648720,0.000030950,0.000000000,-0.978648720,-0.205539977,0.000001238,0.000000000,0.000007573,-0.000030035,0.999999999,0.000000000,48.184992462,-190.703513943,6.804598884,1.000000000
ENTITYNAME=Wire_Device
