OBJECTMODELPOINTER=33777c94-e4b9-4947-906f-f84480f3cb99.dev
BASEFAMILY=89055348-5c29-43b7-b2cd-fc3a2f262210.fam
BLHA=28.36788990,113.36378392,64.428624,219.706007
TRANSFORMMATRIX=-0.012350571,-0.999923727,0.000054663,0.000000000,0.999923729,-0.012350571,0.000002296,0.000000000,-0.000001620,0.000054687,0.999999998,0.000000000,-9.422426904,348.307180880,23.024546263,1.000000000
ENTITYNAME=Wire_Device
