OBJECTMODELPOINTER=33777c94-e4b9-4947-906f-f84480f3cb99.dev
BASEFAMILY=8908bb49-2cc3-47aa-ad5f-fc74f4a56d26.fam
BLHA=28.49878841,113.43376617,260.859889,392.604520
TRANSFORMMATRIX=0.395369328,0.918522234,-0.000000215,0.000000000,-0.918522234,0.395369328,-0.000001447,0.000000000,-0.000001244,0.000000770,1.000000000,0.000000000,-7.903653819,4.888173324,25.361267693,1.000000000
ENTITYNAME=Wire_Device
