OBJECTMODELPOINTER=3781bc39-c994-44e2-b4b7-ec8a7c3e3902.dev
BASEFAMILY=890906e3-2469-46a1-b9a1-1b15424fe180.fam
TRANSFORMMATRIX=0.000000098,0.999999585,0.000001135,0.000000000,-1.000000415,0.000000167,0.000001188,0.000000000,-0.000000000,0.000000000,1.000000000,0.000000000,7.790000000,0.000000000,30.000000000,1.000000000
ENTITYNAME=Tower_Device
