OBJECTMODELPOINTER=33777c94-e4b9-4947-906f-f84480f3cb99.dev
BASEFAMILY=8912b4a5-70d8-4511-ae92-ab1731c6ecd2.fam
BLHA=28.29096601,113.44441625,53.539724,287.794387
TRANSFORMMATRIX=-0.013222527,-0.999912578,0.000026630,0.000000000,0.999912579,-0.013222527,-0.000001047,0.000000000,0.000001399,0.000026613,1.000000000,0.000000000,8.667052653,169.059068252,31.335264218,1.000000000
ENTITYNAME=Wire_Device
