ENTITYNAME=WIRE
BASEFAMILY=89124e06-b31d-47e6-bbb1-b91b0db245e5.fam
OBJECTMODELPOINTER=31970f28-780e-4bf1-8adb-439f78c329a3.dev
KVALUE=0.000217
SPLIT=1
POINT0.BLHA=28.67734470,113.45869625,172.237,275.673275
POINT0.MATRIX0=-0.995101789,0.098855601,0.000000000,0.000000000,-0.098855601,-0.995101789,0.000000000,0.000000000,0.000000000,-0.000000000,1.000000000,0.000000000,-9.868861758,0.620177144,51.558005728,1.000000000
POINT1.BLHA=28.67391263,113.45910068,183.694,275.673275
POINT1.MATRIX0=-0.995101789,0.098855601,0.000000000,0.000000000,-0.098855601,-0.995101789,0.000000000,0.000000000,-0.000000000,-0.000000000,1.000000000,0.000000000,-11.317272429,-0.309983513,69.557998807,1.000000000
