OBJECTMODELPOINTER=19a4586d-c7b9-4524-9dcc-4ca679e19fb2.dev
BASEFAMILY=892246a8-b9ac-4432-aa16-4f4639619eba.fam
TRANSFORMMATRIX=-0.999996012,-0.002824047,0.000000003,0.000000000,0.002824049,-0.999996013,-0.000000001,0.000000000,-0.000000000,0.000000000,1.000000000,0.000000000,-11.320000000,0.320000000,64.000000000,1.000000000
ENTITYNAME=Tower_Device
