OBJECTMODELPOINTER=33777c94-e4b9-4947-906f-f84480f3cb99.dev
BASEFAMILY=892a9623-a028-4798-b321-51e9b8218d54.fam
BLHA=28.59994740,113.47379389,183.494205,294.633001
TRANSFORMMATRIX=-0.001016745,-0.999999482,0.000050528,0.000000000,0.999999483,-0.001016745,0.000002210,0.000000000,-0.000002159,0.000050530,0.999999999,0.000000000,-14.401424506,321.199319654,38.780642400,1.000000000
ENTITYNAME=Wire_Device
