OBJECTMODELPOINTER=33777c94-e4b9-4947-906f-f84480f3cb99.dev
BASEFAMILY=893887c9-2617-4199-baa2-6ad9a0dd1e6d.fam
BLHA=28.31510010,113.40690744,78.265120,0.896163
TRANSFORMMATRIX=-0.002090426,-0.999997815,0.000024928,0.000000000,0.999997815,-0.002090426,0.000001407,0.000000000,-0.000001354,0.000024931,1.000000000,0.000000000,-8.590506740,159.136122391,28.647852032,1.000000000
ENTITYNAME=Wire_Device
