OBJECTMODELPOINTER=13a78437-ad2c-452a-8fd1-0733d19ccb25.dev
BASEFAMILY=8947a069-0217-49ec-89af-57371b7c2061.fam
TRANSFORMMATRIX=-1.000000000,-0.000000000,0.000000000,0.000000000,0.000000000,-1.000000000,0.000000000,0.000000000,0.000000000,-0.000000000,1.000000000,0.000000000,5.066919751,5.066716687,0.000001825,1.000000000
ENTITYNAME=Tower_Device
