OBJECTMODELPOINTER=33777c94-e4b9-4947-906f-f84480f3cb99.dev
BASEFAMILY=8949280d-2796-4890-9851-441687741153.fam
BLHA=28.27757020,113.46637333,93.774105,312.669055
TRANSFORMMATRIX=-0.000887072,-0.999999604,0.000066397,0.000000000,0.999999607,-0.000887072,0.000001251,0.000000000,-0.000001192,0.000066398,0.999999998,0.000000000,-8.688357746,422.652012788,49.165571330,1.000000000
ENTITYNAME=Wire_Device
