OBJECTMODELPOINTER=33777c94-e4b9-4947-906f-f84480f3cb99.dev
BASEFAMILY=894eed20-0d22-4d94-9f66-3974ec4e7f31.fam
BLHA=28.33182616,113.36613124,59.967362,296.260490
TRANSFORMMATRIX=0.002981559,-0.999995554,0.000056064,0.000000000,0.999995555,0.002981559,0.000000180,0.000000000,-0.000000348,0.000056062,0.999999998,0.000000000,-2.953730303,356.362277468,38.580998264,1.000000000
ENTITYNAME=Wire_Device
