OBJECTMODELPOINTER=33777c94-e4b9-4947-906f-f84480f3cb99.dev
BASEFAMILY=8955473d-c7bc-4e17-99b5-abcfb83cee42.fam
BLHA=28.31925198,113.37995663,64.126344,500.343289
TRANSFORMMATRIX=-0.154953134,0.987921822,0.000017640,0.000000000,-0.987921822,-0.154953134,0.000001197,0.000000000,0.000003916,-0.000017241,1.000000000,0.000000000,25.197572478,-109.882372729,55.451914986,1.000000000
ENTITYNAME=Wire_Device
