ENTITYNAME=WIRE
BASEFAMILY=8959e500-ab64-4780-9c6f-8cf416fc578b.fam
OBJECTMODELPOINTER=31970f28-780e-4bf1-8adb-439f78c329a3.dev
KVALUE=0.000237
SPLIT=1
POINT0.BLHA=28.64674167,113.46331381,165.941,277.610658
POINT0.MATRIX0=-0.991190922,0.132440763,0.000000000,0.000000000,-0.132440763,-0.991190922,0.000000000,0.000000000,0.000000000,-0.000000000,1.000000000,0.000000000,-9.870031217,0.309772918,48.558003916,1.000000000
POINT1.BLHA=28.64279778,113.46393161,145.776,277.610658
POINT1.MATRIX0=-0.991190922,0.132440763,-0.000000000,0.000000000,-0.132440763,-0.991190922,0.000000000,0.000000000,-0.000000000,-0.000000000,1.000000000,0.000000000,-9.870505435,-0.310194363,48.558006795,1.000000000
