OBJECTMODELPOINTER=33777c94-e4b9-4947-906f-f84480f3cb99.dev
BASEFAMILY=895b9820-13db-4a27-9755-f3062a3a24e9.fam
BLHA=28.67391263,113.45910068,183.694474,275.673275
TRANSFORMMATRIX=0.010600383,-0.999943814,0.000013265,0.000000000,0.999943814,0.010600384,0.000000056,0.000000000,-0.000000196,0.000013264,1.000000000,0.000000000,-1.298925670,84.233640387,49.402839337,1.000000000
ENTITYNAME=Wire_Device
