OBJECTMODELPOINTER=527da022-5ab2-428c-94bf-5024024b1e9a.dev
BASEFAMILY=896f8b29-bc85-4134-80aa-8a83639d51be.fam
TRANSFORMMATRIX=-0.021882503,-0.087426503,-0.995930798,0.000000000,0.970071494,-0.242818666,-0.000001119,0.000000000,-0.241830639,-0.966124063,0.090123458,0.000000000,-10.000000000,1.171500000,36.000000001,1.000000000
ENTITYNAME=Tower_Device
