OBJECTMODELPOINTER=33777c94-e4b9-4947-906f-f84480f3cb99.dev
BASEFAMILY=89749d0c-80c6-49b9-8020-46884a455e29.fam
BLHA=28.81044857,113.51462416,146.504318,227.348291
TRANSFORMMATRIX=-0.000008854,-1.000000000,0.000024020,0.000000000,1.000000000,-0.000008854,0.000002024,0.000000000,-0.000002024,0.000024021,1.000000000,0.000000000,-12.493787022,152.869319095,46.779628404,1.000000000
ENTITYNAME=Wire_Device
