OBJECTMODELPOINTER=33777c94-e4b9-4947-906f-f84480f3cb99.dev
BASEFAMILY=897b26a6-3dfc-401e-862d-a4f8b7211d75.fam
BLHA=28.78468964,113.48433856,117.864116,408.814230
TRANSFORMMATRIX=-0.138578665,0.990351428,0.000048331,0.000000000,-0.990351429,-0.138578665,0.000001469,0.000000000,0.000008151,-0.000047661,0.999999999,0.000000000,51.144933078,-303.212208727,49.194226708,1.000000000
ENTITYNAME=Wire_Device
