OBJECTMODELPOINTER=33777c94-e4b9-4947-906f-f84480f3cb99.dev
BASEFAMILY=89879cb8-6a41-4bb4-ac70-468c10336f60.fam
BLHA=28.74269478,113.45578230,73.560853,258.301958
TRANSFORMMATRIX=-0.000005122,-0.999999999,0.000039963,0.000000000,1.000000000,-0.000005122,-0.000001864,0.000000000,0.000001865,0.000039963,0.999999999,0.000000000,12.160182283,253.844414796,46.689625554,1.000000000
ENTITYNAME=Wire_Device
