OBJECTMODELPOINTER=33777c94-e4b9-4947-906f-f84480f3cb99.dev
BASEFAMILY=89a301dc-3ff9-4303-865d-596bf9330fda.fam
BLHA=28.31523299,113.41422428,48.000024,0.896163
TRANSFORMMATRIX=0.000007051,-1.000000000,0.000016625,0.000000000,1.000000000,0.000007051,0.000001142,0.000000000,-0.000001142,0.000016625,1.000000000,0.000000000,-7.241925681,106.118906001,48.445837239,1.000000000
ENTITYNAME=Wire_Device
