OBJECTMODELPOINTER=33777c94-e4b9-4947-906f-f84480f3cb99.dev
BASEFAMILY=89a9325c-a5d1-441f-bc74-a0b90987e6f2.fam
BLHA=28.56335436,113.50003182,213.977894,312.996987
TRANSFORMMATRIX=0.000327545,-0.999999946,0.000037110,0.000000000,0.999999946,0.000327545,0.000000058,0.000000000,-0.000000070,0.000037110,0.999999999,0.000000000,-1.059721459,236.231506882,37.281419336,1.000000000
ENTITYNAME=Wire_Device
