OBJECTMODELPOINTER=33777c94-e4b9-4947-906f-f84480f3cb99.dev
BASEFAMILY=89ced90c-2cd5-41d0-b7f0-d8c8b7bd793c.fam
BLHA=28.63338498,113.46540590,167.944131,275.523589
TRANSFORMMATRIX=-0.697185977,-0.716890308,-0.000000258,0.000000000,0.716890308,-0.697185977,-0.000001284,0.000000000,0.000000741,-0.000001081,1.000000000,0.000000000,4.730528815,-6.858519297,35.507098539,1.000000000
ENTITYNAME=Wire_Device
