OBJECTMODELPOINTER=33777c94-e4b9-4947-906f-f84480f3cb99.dev
BASEFAMILY=89d8f53f-2b90-4c18-842e-f5dceeef56c5.fam
BLHA=28.80679371,113.51083278,186.898436,227.348291
TRANSFORMMATRIX=-0.000017230,-0.999999999,0.000046777,0.000000000,1.000000000,-0.000017230,0.000002177,0.000000000,-0.000002176,0.000046777,0.999999999,0.000000000,-13.095056933,297.723806452,42.656911419,1.000000000
ENTITYNAME=Wire_Device
