ENTITYNAME=WIRE
BASEFAMILY=89e8e297-6f93-4fc3-aa92-6a156c817a57.fam
OBJECTMODELPOINTER=81b82497-164d-48c0-b1cb-18fa700dacdf.dev
KVALUE=0.000000
SPLIT=4
POINT0.BLHA=28.27160371,113.47264060,64.951,312.669055
POINT0.MATRIX0=-0.735280751,0.677762655,-0.000000000,0.000000000,-0.677762655,-0.735280751,-0.000000000,0.000000000,-0.000000000,0.000000000,1.000000000,0.000000000,-8.002555451,-0.129093324,46.466972909,1.000000000
POINT0.MATRIX1=-0.735280751,0.677762655,-0.000000000,0.000000000,-0.677762655,-0.735280751,-0.000000000,0.000000000,-0.000000000,0.000000000,1.000000000,0.000000000,-7.819888793,-0.130123903,46.932076059,1.000000000
POINT0.MATRIX2=-0.735280751,0.677762655,-0.000000000,0.000000000,-0.677762655,-0.735280751,-0.000000000,0.000000000,-0.000000000,0.000000000,1.000000000,0.000000000,-8.284509553,-0.129512606,47.115608773,1.000000000
POINT0.MATRIX3=-0.735280751,0.677762655,-0.000000000,0.000000000,-0.677762655,-0.735280751,-0.000000000,0.000000000,-0.000000000,0.000000000,1.000000000,0.000000000,-8.468499966,-0.129918123,46.650505624,1.000000000
POINT1.BLHA=28.27160371,113.47264060,64.951,312.669055
POINT1.MATRIX0=-0.735280751,0.677762655,-0.000000000,0.000000000,-0.677762655,-0.735280751,-0.000000000,0.000000000,-0.000000000,0.000000000,1.000000000,0.000000000,-8.002561150,0.000904526,46.466972909,1.000000000
POINT1.MATRIX1=-0.735280751,0.677762655,-0.000000000,0.000000000,-0.677762655,-0.735280751,-0.000000000,0.000000000,-0.000000000,0.000000000,1.000000000,0.000000000,-7.819894491,-0.000126053,46.932076058,1.000000000
POINT1.MATRIX2=-0.735280751,0.677762655,-0.000000000,0.000000000,-0.677762655,-0.735280751,-0.000000000,0.000000000,-0.000000000,0.000000000,1.000000000,0.000000000,-8.284515251,0.000485244,47.115608773,1.000000000
POINT1.MATRIX3=-0.735280751,0.677762655,-0.000000000,0.000000000,-0.677762655,-0.735280751,-0.000000000,0.000000000,-0.000000000,0.000000000,1.000000000,0.000000000,-8.468505665,0.000079727,46.650505623,1.000000000
