OBJECTMODELPOINTER=33777c94-e4b9-4947-906f-f84480f3cb99.dev
BASEFAMILY=8a0552fc-729a-4e52-868a-5908c3c4e794.fam
BLHA=28.39632770,113.36872548,122.542167,249.667673
TRANSFORMMATRIX=-0.000003326,-1.000000000,0.000015296,0.000000000,1.000000000,-0.000003326,0.000000110,0.000000000,-0.000000110,0.000015296,1.000000000,0.000000000,-0.535387062,97.187114941,46.477323896,1.000000000
ENTITYNAME=Wire_Device
