OBJECTMODELPOINTER=33777c94-e4b9-4947-906f-f84480f3cb99.dev
BASEFAMILY=8a12bda8-d172-4a51-a648-159fe461cfb8.fam
BLHA=28.31515909,113.41015274,70.673124,0.896163
TRANSFORMMATRIX=0.000017379,-0.999999999,0.000036283,0.000000000,1.000000000,0.000017379,0.000001358,0.000000000,-0.000001358,0.000036283,0.999999999,0.000000000,-8.604879263,231.592601243,7.640130771,1.000000000
ENTITYNAME=Wire_Device
