OBJECTMODELPOINTER=33777c94-e4b9-4947-906f-f84480f3cb99.dev
BASEFAMILY=8a2a6ec5-a6e2-4a04-bfdf-78c47801dd3d.fam
BLHA=28.52041531,113.48270330,362.655379,210.734491
TRANSFORMMATRIX=-0.000004242,-1.000000000,0.000014937,0.000000000,1.000000000,-0.000004242,0.000001965,0.000000000,-0.000001966,0.000014938,1.000000000,0.000000000,-12.280564104,95.191021525,46.506007625,1.000000000
ENTITYNAME=Wire_Device
