OBJECTMODELPOINTER=33777c94-e4b9-4947-906f-f84480f3cb99.dev
BASEFAMILY=8a2eb1f6-7238-4031-aac2-509eb103753e.fam
BLHA=28.66842498,113.45991630,145.503245,277.610658
TRANSFORMMATRIX=-0.004825398,-0.999988358,0.000005670,0.000000000,0.999988358,-0.004825398,0.000002109,0.000000000,-0.000002082,0.000005680,1.000000000,0.000000000,-13.308738135,36.081487385,55.408544557,1.000000000
ENTITYNAME=Wire_Device
