OBJECTMODELPOINTER=1748d279-dcd7-4d07-bcf9-75a118fea497.dev
BASEFAMILY=8a40097f-051b-4312-8857-7df63aa589d3.fam
TRANSFORMMATRIX=-0.000000074,0.999999754,-0.000001525,0.000000000,-1.000000246,0.000000595,-0.000000611,0.000000000,-0.000000000,0.000000000,1.000000000,0.000000000,7.500000000,3.999999999,43.000000000,1.000000000
ENTITYNAME=Tower_Device
