OBJECTMODELPOINTER=33777c94-e4b9-4947-906f-f84480f3cb99.dev
BASEFAMILY=8a621e5f-9dac-46be-957f-5f2ecdb0d342.fam
BLHA=28.37348418,113.36536629,69.677902,286.379084
TRANSFORMMATRIX=-0.006818775,-0.999976750,0.000057091,0.000000000,0.999976752,-0.006818775,0.000002081,0.000000000,-0.000001692,0.000057103,0.999999998,0.000000000,-11.302751342,362.769426153,22.653626912,1.000000000
ENTITYNAME=Wire_Device
