OBJECTMODELPOINTER=33777c94-e4b9-4947-906f-f84480f3cb99.dev
BASEFAMILY=8a670c6e-16c4-4d4a-afa0-70cce0e92d00.fam
BLHA=28.44721846,113.39002654,265.559825,242.026912
TRANSFORMMATRIX=0.002826119,-0.999996006,0.000029105,0.000000000,0.999996007,0.002826119,-0.000001880,0.000000000,0.000001798,0.000029110,1.000000000,0.000000000,11.859655231,185.091991611,26.276799957,1.000000000
ENTITYNAME=Wire_Device
