OBJECTMODELPOINTER=33777c94-e4b9-4947-906f-f84480f3cb99.dev
BASEFAMILY=8a7b51a4-c2d5-4545-9960-cb7a79c1bac2.fam
BLHA=28.51626918,113.47488562,373.286539,210.734491
TRANSFORMMATRIX=-0.000012330,-1.000000000,0.000025011,0.000000000,1.000000000,-0.000012330,0.000000167,0.000000000,-0.000000167,0.000025010,1.000000000,0.000000000,-0.697558675,159.435024871,31.886612650,1.000000000
ENTITYNAME=Wire_Device
