OBJECTMODELPOINTER=33777c94-e4b9-4947-906f-f84480f3cb99.dev
BASEFAMILY=8a7e3f8f-7958-408f-a9aa-5dbf45394320.fam
BLHA=28.67276970,113.45923535,192.994115,456.641966
TRANSFORMMATRIX=-0.014098397,0.999900612,0.000018085,0.000000000,-0.999900613,-0.014098398,0.000000283,0.000000000,0.000000539,-0.000018079,1.000000000,0.000000000,3.504325255,-114.821090715,15.168400185,1.000000000
ENTITYNAME=Wire_Device
