ENTITYNAME=WIRE
BASEFAMILY=8a8945cd-f9a7-4256-86a7-a8d756cf5f8f.fam
OBJECTMODELPOINTER=81b82497-164d-48c0-b1cb-18fa700dacdf.dev
KVALUE=0.000000
SPLIT=4
POINT0.BLHA=28.64279778,113.46393161,145.776,277.610658
POINT0.MATRIX0=-0.991190922,0.132440763,-0.000000000,0.000000000,-0.132440763,-0.991190922,0.000000000,0.000000000,-0.000000000,-0.000000000,1.000000000,0.000000000,12.095197799,-0.109118087,36.999989779,1.000000000
POINT0.MATRIX1=-0.991190922,0.132440763,-0.000000000,0.000000000,-0.132440763,-0.991190922,0.000000000,0.000000000,-0.000000000,-0.000000000,1.000000000,0.000000000,12.095197800,-0.109118087,37.450001987,1.000000000
POINT0.MATRIX2=-0.991190922,0.132440763,-0.000000000,0.000000000,-0.132440763,-0.991190922,0.000000000,0.000000000,-0.000000000,-0.000000000,1.000000000,0.000000000,11.645305238,-0.110089404,37.450001988,1.000000000
POINT0.MATRIX3=-0.991190922,0.132440763,-0.000000000,0.000000000,-0.132440763,-0.991190922,0.000000000,0.000000000,-0.000000000,-0.000000000,1.000000000,0.000000000,11.645305237,-0.110089404,36.999989780,1.000000000
POINT1.BLHA=28.64279778,113.46393161,145.776,277.610658
POINT1.MATRIX0=-0.991190922,0.132440763,-0.000000000,0.000000000,-0.132440763,-0.991190922,0.000000000,0.000000000,-0.000000000,-0.000000000,1.000000000,0.000000000,12.094966124,0.000875065,36.999989780,1.000000000
POINT1.MATRIX1=-0.991190922,0.132440763,-0.000000000,0.000000000,-0.132440763,-0.991190922,0.000000000,0.000000000,-0.000000000,-0.000000000,1.000000000,0.000000000,12.094966125,0.000875065,37.450001987,1.000000000
POINT1.MATRIX2=-0.991190922,0.132440763,-0.000000000,0.000000000,-0.132440763,-0.991190922,0.000000000,0.000000000,-0.000000000,-0.000000000,1.000000000,0.000000000,11.645073563,-0.000096252,37.450001987,1.000000000
POINT1.MATRIX3=-0.991190922,0.132440763,-0.000000000,0.000000000,-0.132440763,-0.991190922,0.000000000,0.000000000,-0.000000000,-0.000000000,1.000000000,0.000000000,11.645073563,-0.000096252,36.999989780,1.000000000
