OBJECTMODELPOINTER=33777c94-e4b9-4947-906f-f84480f3cb99.dev
BASEFAMILY=8a8ca50a-9527-49d6-bf35-d080c427e4c1.fam
BLHA=28.26885822,113.47846971,85.176990,355.334735
TRANSFORMMATRIX=0.000011139,-1.000000000,0.000017133,0.000000000,1.000000000,0.000011139,0.000001349,0.000000000,-0.000001349,0.000017133,1.000000000,0.000000000,-8.614862095,109.358502307,35.210857332,1.000000000
ENTITYNAME=Wire_Device
