OBJECTMODELPOINTER=33777c94-e4b9-4947-906f-f84480f3cb99.dev
BASEFAMILY=8a8e97f3-6159-4eaf-a752-54d093e348ff.fam
BLHA=28.42958283,113.37956045,205.551749,428.016547
TRANSFORMMATRIX=0.311997391,0.950082958,-0.000000306,0.000000000,-0.950082958,0.311997391,-0.000001419,0.000000000,-0.000001253,0.000000734,1.000000000,0.000000000,-7.985390534,4.645687834,22.747961252,1.000000000
ENTITYNAME=Wire_Device
