OBJECTMODELPOINTER=33777c94-e4b9-4947-906f-f84480f3cb99.dev
BASEFAMILY=8a91ac73-d64a-4133-b03d-d17230f6e766.fam
BLHA=28.51511181,113.47270360,348.782405,210.734491
TRANSFORMMATRIX=-0.001221440,-0.999999254,0.000027598,0.000000000,0.999999254,-0.001221440,0.000002280,0.000000000,-0.000002246,0.000027601,1.000000000,0.000000000,-13.880601763,175.919257352,40.213236108,1.000000000
ENTITYNAME=Wire_Device
