OBJECTMODELPOINTER=33777c94-e4b9-4947-906f-f84480f3cb99.dev
BASEFAMILY=8aa54f83-ca17-46d0-91fc-a16704348a3d.fam
BLHA=28.34901903,113.36193338,109.289234,278.143009
TRANSFORMMATRIX=0.004089217,-0.999991638,0.000040384,0.000000000,0.999991639,0.004089217,0.000002041,0.000000000,-0.000002206,0.000040376,0.999999999,0.000000000,-14.269869235,256.420633596,16.361915012,1.000000000
ENTITYNAME=Wire_Device
