OBJECTMODELPOINTER=33777c94-e4b9-4947-906f-f84480f3cb99.dev
BASEFAMILY=8aaa37ef-0d18-4497-9598-436b8672cc6a.fam
BLHA=28.26907527,113.47529619,67.190721,514.001895
TRANSFORMMATRIX=-0.372217240,0.928145637,0.000044109,0.000000000,-0.928145638,-0.372217241,-0.000001508,0.000000000,0.000015018,-0.000041501,0.999999999,0.000000000,96.003940388,-264.833137723,64.119561832,1.000000000
ENTITYNAME=Wire_Device
