OBJECTMODELPOINTER=61c978c5-1d15-4288-8b14-20534b9dac86.dev
BASEFAMILY=8aab6313-3966-4b18-9af6-a7757ca69194.fam
TRANSFORMMATRIX=0.000000408,0.999999928,0.000000039,0.000000000,-1.000000072,-0.000000408,0.000001644,0.000000000,-0.000000000,0.000000000,1.000000000,0.000000000,-10.002000000,-0.000000001,77.600000001,1.000000000
ENTITYNAME=Tower_Device
