OBJECTMODELPOINTER=33777c94-e4b9-4947-906f-f84480f3cb99.dev
BASEFAMILY=8ab12b92-c7a9-4987-b44d-eb5d97ad4942.fam
BLHA=28.39175425,113.36683981,143.500019,249.667673
TRANSFORMMATRIX=-0.002636360,-0.999996524,0.000027860,0.000000000,0.999996525,-0.002636360,0.000002282,0.000000000,-0.000002208,0.000027866,1.000000000,0.000000000,-13.786427748,177.036380822,21.324408711,1.000000000
ENTITYNAME=Wire_Device
