OBJECTMODELPOINTER=33777c94-e4b9-4947-906f-f84480f3cb99.dev
BASEFAMILY=8ac8f433-257e-475f-a6ea-28ae867bbf20.fam
BLHA=28.28240757,113.45687165,86.867380,340.232800
TRANSFORMMATRIX=0.002234288,-0.999997504,0.000030303,0.000000000,0.999997504,0.002234288,0.000001577,0.000000000,-0.000001645,0.000030299,1.000000000,0.000000000,-10.771010082,193.302750246,52.745460705,1.000000000
ENTITYNAME=Wire_Device
