OBJECTMODELPOINTER=33777c94-e4b9-4947-906f-f84480f3cb99.dev
BASEFAMILY=8ad64693-2af3-47bb-b6a7-26ea81fb1d28.fam
BLHA=28.32292443,113.37625760,67.775568,311.415680
TRANSFORMMATRIX=0.002544019,-0.999996762,0.000057029,0.000000000,0.999996764,0.002544019,0.000001616,0.000000000,-0.000001761,0.000057026,0.999999998,0.000000000,-12.156718892,362.958455384,22.667530291,1.000000000
ENTITYNAME=Wire_Device
