OBJECTMODELPOINTER=33777c94-e4b9-4947-906f-f84480f3cb99.dev
BASEFAMILY=8ae1999e-1865-446f-b262-850b1b2c253d.fam
BLHA=28.76435807,113.46905293,179.070265,236.227775
TRANSFORMMATRIX=-0.000008226,-1.000000000,0.000025410,0.000000000,1.000000000,-0.000008226,0.000002037,0.000000000,-0.000002036,0.000025410,1.000000000,0.000000000,-12.591242546,161.590067543,2.129783606,1.000000000
ENTITYNAME=Wire_Device
