OBJECTMODELPOINTER=33777c94-e4b9-4947-906f-f84480f3cb99.dev
BASEFAMILY=8af38e52-b5e6-4f25-8d0e-6120a669561f.fam
BLHA=28.27407839,113.47004129,94.944746,312.669055
TRANSFORMMATRIX=-0.001727039,-0.999998508,0.000018845,0.000000000,0.999998509,-0.001727039,-0.000001099,0.000000000,0.000001131,0.000018844,1.000000000,0.000000000,6.892638120,119.921949349,19.332061577,1.000000000
ENTITYNAME=Wire_Device
