ENTITYNAME=WIRE
BASEFAMILY=8b0d91d0-1add-489e-a2c3-882f7da0af6f.fam
OBJECTMODELPOINTER=31970f28-780e-4bf1-8adb-439f78c329a3.dev
KVALUE=0.000227
SPLIT=1
POINT0.BLHA=28.31775016,113.38284517,61.633,329.270898
POINT0.MATRIX0=-0.510979593,0.859592843,0.000000000,0.000000000,-0.859592843,-0.510979593,0.000000000,0.000000000,-0.000000000,-0.000000000,1.000000000,0.000000000,-11.501337307,0.309032824,84.658010318,1.000000000
POINT1.BLHA=28.31566161,113.38686189,71.438,329.270898
POINT1.MATRIX0=-0.510979593,0.859592843,-0.000000000,0.000000000,-0.859592843,-0.510979593,-0.000000000,0.000000000,-0.000000000,-0.000000000,1.000000000,0.000000000,-10.800346904,-0.310146815,72.558004657,1.000000000
