OBJECTMODELPOINTER=33777c94-e4b9-4947-906f-f84480f3cb99.dev
BASEFAMILY=8b0fdee7-2980-485e-a5fc-0c4f42389ea9.fam
BLHA=28.75811652,113.46436186,140.284510,236.227775
TRANSFORMMATRIX=-0.000013422,-0.999999999,0.000041953,0.000000000,1.000000000,-0.000013422,0.000000293,0.000000000,-0.000000292,0.000041954,0.999999999,0.000000000,-1.226222702,266.840032152,4.936955644,1.000000000
ENTITYNAME=Wire_Device
