OBJECTMODELPOINTER=33777c94-e4b9-4947-906f-f84480f3cb99.dev
BASEFAMILY=8b156390-ca5f-4661-8abe-2c6d91851a46.fam
BLHA=28.39913011,113.36988101,173.073049,251.836928
TRANSFORMMATRIX=-0.033735577,-0.999430792,0.000046971,0.000000000,0.999430793,-0.033735577,0.000000114,0.000000000,0.000001470,0.000046949,0.999999999,0.000000000,9.842613014,298.286995849,8.359808344,1.000000000
ENTITYNAME=Wire_Device
