OBJECTMODELPOINTER=77cbe741-b40d-49ac-9cdd-0bbd29d691f5.dev
BASEFAMILY=8b33a879-0626-4e14-be20-71e8f5fea2f3.fam
TRANSFORMMATRIX=0.000000574,1.000000166,-0.000000438,0.000000000,-0.999999834,-0.000000184,0.000001584,0.000000000,0.000000000,0.000000000,1.000000000,0.000000000,-10.500000000,0.000000000,59.300000000,1.000000000
ENTITYNAME=Tower_Device
