ENTITYNAME=WIRE
BASEFAMILY=8b428cf4-e528-4041-811b-dd76b34b9d75.fam
OBJECTMODELPOINTER=31970f28-780e-4bf1-8adb-439f78c329a3.dev
KVALUE=0.000232
SPLIT=1
POINT0.BLHA=28.72353047,113.45260943,123.369,283.291091
POINT0.MATRIX0=-0.973214630,0.229898421,0.000000000,0.000000000,-0.229898421,-0.973214630,0.000000000,0.000000000,0.000000000,-0.000000000,1.000000000,0.000000000,9.868499545,0.310825139,54.558006052,1.000000000
POINT1.BLHA=28.71973492,113.45364743,163.020,283.291091
POINT1.MATRIX0=-0.973214630,0.229898421,-0.000000000,0.000000000,-0.229898421,-0.973214630,-0.000000000,0.000000000,-0.000000000,-0.000000000,1.000000000,0.000000000,9.869744821,-0.621177033,48.558007800,1.000000000
