OBJECTMODELPOINTER=33777c94-e4b9-4947-906f-f84480f3cb99.dev
BASEFAMILY=8b4740f1-1a9b-4706-a048-ea813ac09d3d.fam
BLHA=28.79669223,113.49966037,193.055862,221.400685
TRANSFORMMATRIX=-0.000000979,-1.000000000,0.000005387,0.000000000,1.000000000,-0.000000979,0.000000040,0.000000000,-0.000000041,0.000005387,1.000000000,0.000000000,-0.169293501,34.307713086,38.377816251,1.000000000
ENTITYNAME=Wire_Device
