OBJECTMODELPOINTER=33777c94-e4b9-4947-906f-f84480f3cb99.dev
BASEFAMILY=8b67cdab-297e-40a7-8782-bb2d600d1948.fam
BLHA=28.79669223,113.49966037,193.055862,221.400685
TRANSFORMMATRIX=-0.000014913,-0.999999999,0.000039385,0.000000000,1.000000000,-0.000014913,0.000000271,0.000000000,-0.000000270,0.000039384,0.999999999,0.000000000,-1.080340023,250.834158739,18.346564286,1.000000000
ENTITYNAME=Wire_Device
