ENTITYNAME=WIRE
BASEFAMILY=8b6874f4-3a1c-4a21-a57f-06a3294f64d7.fam
OBJECTMODELPOINTER=81b82497-164d-48c0-b1cb-18fa700dacdf.dev
KVALUE=0.000000
SPLIT=4
POINT0.BLHA=28.31510010,113.40690744,78.265,0.896163
POINT0.MATRIX0=0.015640353,0.999877682,-0.000000000,0.000000000,-0.999877682,0.015640353,-0.000000000,0.000000000,0.000000000,-0.000000000,1.000000000,0.000000000,10.000876299,-0.129942863,58.066971261,1.000000000
POINT0.MATRIX1=0.015640353,0.999877682,-0.000000000,0.000000000,-0.999877682,0.015640353,-0.000000000,0.000000000,0.000000000,-0.000000000,1.000000000,0.000000000,10.184493414,-0.129885005,58.532074410,1.000000000
POINT0.MATRIX2=0.015640353,0.999877682,-0.000000000,0.000000000,-0.999877682,0.015640353,-0.000000000,0.000000000,0.000000000,-0.000000000,1.000000000,0.000000000,9.719591969,-0.129938008,58.715607126,1.000000000
POINT0.MATRIX3=0.015640353,0.999877682,-0.000000000,0.000000000,-0.999877682,0.015640353,-0.000000000,0.000000000,0.000000000,-0.000000000,1.000000000,0.000000000,9.535974855,-0.129995866,58.250503976,1.000000000
POINT1.BLHA=28.31510010,113.40690744,78.265,0.896163
POINT1.MATRIX0=0.015640353,0.999877682,-0.000000000,0.000000000,-0.999877682,0.015640353,-0.000000000,0.000000000,0.000000000,-0.000000000,1.000000000,0.000000000,10.000876397,0.000062661,58.066971261,1.000000000
POINT1.MATRIX1=0.015640353,0.999877682,-0.000000000,0.000000000,-0.999877682,0.015640353,-0.000000000,0.000000000,0.000000000,-0.000000000,1.000000000,0.000000000,10.184493512,0.000120519,58.532074411,1.000000000
POINT1.MATRIX2=0.015640353,0.999877682,-0.000000000,0.000000000,-0.999877682,0.015640353,-0.000000000,0.000000000,0.000000000,-0.000000000,1.000000000,0.000000000,9.719592068,0.000067517,58.715607125,1.000000000
POINT1.MATRIX3=0.015640353,0.999877682,-0.000000000,0.000000000,-0.999877682,0.015640353,-0.000000000,0.000000000,0.000000000,-0.000000000,1.000000000,0.000000000,9.535974954,0.000009659,58.250503977,1.000000000
