ENTITYNAME=WIRE
BASEFAMILY=8b7c6c80-2c0b-485b-8c4b-ced43ae6e9d3.fam
OBJECTMODELPOINTER=81b82497-164d-48c0-b1cb-18fa700dacdf.dev
KVALUE=0.000000
SPLIT=4
POINT0.BLHA=28.26851271,113.48351910,83.112,355.334735
POINT0.MATRIX0=-0.081334298,0.996686878,-0.000000000,0.000000000,-0.996686878,-0.081334298,-0.000000000,0.000000000,0.000000000,0.000000000,1.000000000,0.000000000,-8.004098068,-0.130076444,46.466955490,1.000000000
POINT0.MATRIX1=-0.081334298,0.996686878,-0.000000000,0.000000000,-0.996686878,-0.081334298,-0.000000000,0.000000000,0.000000000,0.000000000,1.000000000,0.000000000,-7.819901310,-0.129987213,46.932043381,1.000000000
POINT0.MATRIX2=-0.081334298,0.996686878,-0.000000000,0.000000000,-0.996686878,-0.081334298,-0.000000000,0.000000000,0.000000000,0.000000000,1.000000000,0.000000000,-8.284336156,-0.129919675,47.115576096,1.000000000
POINT0.MATRIX3=-0.081334298,0.996686878,-0.000000000,0.000000000,-0.996686878,-0.081334298,-0.000000000,0.000000000,0.000000000,0.000000000,1.000000000,0.000000000,-8.468532915,-0.130008906,46.650472946,1.000000000
POINT1.BLHA=28.26851271,113.48351910,83.112,355.334735
POINT1.MATRIX0=-0.081334298,0.996686878,-0.000000000,0.000000000,-0.996686878,-0.081334298,-0.000000000,0.000000000,0.000000000,0.000000000,1.000000000,0.000000000,-8.004099768,-0.000068213,46.466955490,1.000000000
POINT1.MATRIX1=-0.081334298,0.996686878,-0.000000000,0.000000000,-0.996686878,-0.081334298,-0.000000000,0.000000000,0.000000000,0.000000000,1.000000000,0.000000000,-7.819903010,0.000021018,46.932043381,1.000000000
POINT1.MATRIX2=-0.081334298,0.996686878,-0.000000000,0.000000000,-0.996686878,-0.081334298,-0.000000000,0.000000000,0.000000000,0.000000000,1.000000000,0.000000000,-8.284337857,0.000088557,47.115576095,1.000000000
POINT1.MATRIX3=-0.081334298,0.996686878,-0.000000000,0.000000000,-0.996686878,-0.081334298,-0.000000000,0.000000000,0.000000000,0.000000000,1.000000000,0.000000000,-8.468534616,-0.000000675,46.650472946,1.000000000
