OBJECTMODELPOINTER=773574cd-a91d-49aa-90d7-e312082c60ca.dev
BASEFAMILY=8b923500-cd42-4ccf-8268-4df1f8d8f631.fam
TRANSFORMMATRIX=-0.022120571,-0.110328065,-0.993649004,0.000000000,0.980485666,-0.196590724,-0.000000425,0.000000000,-0.195341563,-0.974258883,0.112522455,0.000000000,-6.000000000,0.900000000,44.000000000,1.000000000
ENTITYNAME=Tower_Device
