OBJECTMODELPOINTER=8939da55-4de9-480e-9c7a-ced96d45227d.dev
BASEFAMILY=8ba68e3e-fc3d-46a8-b9fd-812248fc288b.fam
TRANSFORMMATRIX=-0.007995138,0.044942192,-0.998957332,0.000000000,-0.984541974,-0.175150300,-0.000000015,0.000000000,-0.174966540,0.983515570,0.045649027,0.000000000,-6.000000000,-0.900000001,44.000000001,1.000000000
ENTITYNAME=Tower_Device
