OBJECTMODELPOINTER=33777c94-e4b9-4947-906f-f84480f3cb99.dev
BASEFAMILY=8bb3ffa1-c19b-4050-b2bf-c13b10823e23.fam
BLHA=28.41408598,113.37463405,174.728080,254.006183
TRANSFORMMATRIX=-0.000009812,-0.999999998,0.000066273,0.000000000,1.000000000,-0.000009812,0.000002522,0.000000000,-0.000002522,0.000066274,0.999999998,0.000000000,-15.505861553,420.985566831,48.515259708,1.000000000
ENTITYNAME=Wire_Device
