OBJECTMODELPOINTER=998e732d-ccc8-4e8e-a5e4-42aba38de971.dev
BASEFAMILY=8bbb91c9-ab40-4784-bd43-ca830a57d02f.fam
TRANSFORMMATRIX=-0.999992603,-0.003845900,0.000000002,0.000000000,0.003845899,-0.999992606,-0.000000004,0.000000000,0.000000000,-0.000000000,1.000000000,0.000000000,-9.870000000,-0.000000000,55.000000000,1.000000000
ENTITYNAME=Tower_Device
