ENTITYNAME=WIRE
BASEFAMILY=8bbe4571-1dd6-496b-9999-36380d5b3d6f.fam
OBJECTMODELPOINTER=81b82497-164d-48c0-b1cb-18fa700dacdf.dev
KVALUE=0.000000
SPLIT=4
POINT0.BLHA=28.41763874,113.37576334,172.022,254.006183
POINT0.MATRIX0=-0.961291434,-0.275533624,-0.000000000,0.000000000,0.275533624,-0.961291434,-0.000000000,0.000000000,-0.000000000,0.000000000,1.000000000,0.000000000,0.225151531,0.000139865,52.000003082,1.000000000
POINT0.MATRIX1=-0.961291434,-0.275533624,-0.000000000,0.000000000,0.275533624,-0.961291434,-0.000000000,0.000000000,-0.000000000,0.000000000,1.000000000,0.000000000,0.225151532,0.000139866,52.450000031,1.000000000
POINT0.MATRIX2=-0.961291434,-0.275533624,-0.000000000,0.000000000,0.275533624,-0.961291434,-0.000000000,0.000000000,-0.000000000,0.000000000,1.000000000,0.000000000,-0.224623216,-0.000776808,52.450000031,1.000000000
POINT0.MATRIX3=-0.961291434,-0.275533624,-0.000000000,0.000000000,0.275533624,-0.961291434,-0.000000000,0.000000000,-0.000000000,0.000000000,1.000000000,0.000000000,-0.224623217,-0.000776809,52.000003082,1.000000000
POINT1.BLHA=28.41763874,113.37576334,172.022,254.006183
POINT1.MATRIX0=-0.961291434,-0.275533624,-0.000000000,0.000000000,0.275533624,-0.961291434,-0.000000000,0.000000000,-0.000000000,0.000000000,1.000000000,0.000000000,0.225150267,0.110140908,52.000003082,1.000000000
POINT1.MATRIX1=-0.961291434,-0.275533624,-0.000000000,0.000000000,0.275533624,-0.961291434,-0.000000000,0.000000000,-0.000000000,0.000000000,1.000000000,0.000000000,0.225150267,0.110140909,52.450000031,1.000000000
POINT1.MATRIX2=-0.961291434,-0.275533624,-0.000000000,0.000000000,0.275533624,-0.961291434,-0.000000000,0.000000000,-0.000000000,0.000000000,1.000000000,0.000000000,-0.224624481,0.109224234,52.450000031,1.000000000
POINT1.MATRIX3=-0.961291434,-0.275533624,-0.000000000,0.000000000,0.275533624,-0.961291434,-0.000000000,0.000000000,-0.000000000,0.000000000,1.000000000,0.000000000,-0.224624482,0.109224233,52.000003083,1.000000000
