OBJECTMODELPOINTER=0e312739-8609-4a3d-966c-75d05d59356d.dev
BASEFAMILY=8bc5c062-6394-4368-9a42-e27e54595f6a.fam
TRANSFORMMATRIX=-0.000000000,-1.000000000,0.000000000,0.000000000,1.000000000,0.000000000,-0.000000000,0.000000000,-0.000000000,0.000000000,1.000000000,0.000000000,-5.396884787,5.397039662,0.000001603,1.000000000
ENTITYNAME=Tower_Device
