OBJECTMODELPOINTER=33777c94-e4b9-4947-906f-f84480f3cb99.dev
BASEFAMILY=8bcb2f60-b242-4d8a-be24-bc42629c2ea4.fam
BLHA=28.32292443,113.37625760,67.775568,311.415680
TRANSFORMMATRIX=0.002475905,-0.999996935,0.000005044,0.000000000,0.999996935,0.002475905,0.000001170,0.000000000,-0.000001182,0.000005041,1.000000000,0.000000000,-7.610715991,32.100826694,35.630513347,1.000000000
ENTITYNAME=Wire_Device
