OBJECTMODELPOINTER=33777c94-e4b9-4947-906f-f84480f3cb99.dev
BASEFAMILY=8be76b43-6ac5-40c7-99b5-94b83e2990fc.fam
BLHA=28.37691435,113.36420413,70.521818,286.379084
TRANSFORMMATRIX=0.000002964,-1.000000000,0.000015087,0.000000000,1.000000000,0.000002964,-0.000001802,0.000000000,0.000001803,0.000015088,1.000000000,0.000000000,11.363933571,95.827780923,30.602999226,1.000000000
ENTITYNAME=Wire_Device
