OBJECTMODELPOINTER=717df3e9-8424-4693-b21b-741656955898.dev
BASEFAMILY=8be87bd6-fb13-4d74-a270-143dbfd8e75d.fam
TRANSFORMMATRIX=-0.017169502,-0.111142527,-0.993656377,0.000000000,0.988278383,-0.152661031,0.000001175,0.000000000,-0.151692377,-0.982009153,0.112460864,0.000000000,12.400000000,0.400000000,67.000000001,1.000000000
ENTITYNAME=Tower_Device
