OBJECTMODELPOINTER=32ab899f-4d0e-4ac1-ab64-b491990c20e5.dev
BASEFAMILY=8be986c9-92ec-460b-b0f2-f22783e6e7ad.fam
TRANSFORMMATRIX=0.001109903,-0.999999501,-0.000000129,0.000000000,0.999999268,0.001109107,-0.000001640,0.000000000,0.000000000,-0.000000000,1.000000000,0.000000000,-13.320000000,-0.600000000,57.000000000,1.000000000
ENTITYNAME=Tower_Device
