OBJECTMODELPOINTER=33777c94-e4b9-4947-906f-f84480f3cb99.dev
BASEFAMILY=8bf39ef6-b66f-4f7b-8d9b-c9c1fcf65b68.fam
BLHA=28.72596649,113.45194319,126.516960,450.796525
TRANSFORMMATRIX=0.402790777,0.915292079,-0.000000207,0.000000000,-0.915292079,0.402790777,-0.000001437,0.000000000,-0.000001231,0.000000768,1.000000000,0.000000000,-7.861096894,4.877345849,25.347429289,1.000000000
ENTITYNAME=Wire_Device
