OBJECTMODELPOINTER=33777c94-e4b9-4947-906f-f84480f3cb99.dev
BASEFAMILY=8c0662a3-6189-4055-9020-9c8ce64fb9e0.fam
BLHA=28.46846127,113.40263855,250.773411,415.920157
TRANSFORMMATRIX=0.312454307,0.949932790,-0.000000335,0.000000000,-0.949932790,0.312454307,-0.000001421,0.000000000,-0.000001245,0.000000762,1.000000000,0.000000000,-7.922167780,4.831716520,25.714784190,1.000000000
ENTITYNAME=Wire_Device
