OBJECTMODELPOINTER=33777c94-e4b9-4947-906f-f84480f3cb99.dev
BASEFAMILY=8c1e1043-044b-4c58-ae07-7c2098903f7d.fam
BLHA=28.31510010,113.40690744,78.265120,0.896163
TRANSFORMMATRIX=-0.001507070,-0.999998864,0.000024930,0.000000000,0.999998864,-0.001507070,0.000001260,0.000000000,-0.000001223,0.000024932,1.000000000,0.000000000,-7.749645710,159.140772506,53.197556601,1.000000000
ENTITYNAME=Wire_Device
