OBJECTMODELPOINTER=33777c94-e4b9-4947-906f-f84480f3cb99.dev
BASEFAMILY=8c20960b-050c-4e54-b198-b0d7f2623ce5.fam
BLHA=28.49037109,113.42431436,249.696550,224.957371
TRANSFORMMATRIX=-0.000029326,-0.999999997,0.000076372,0.000000000,1.000000000,-0.000029325,0.000000571,0.000000000,-0.000000568,0.000076373,0.999999997,0.000000000,-2.355650645,486.234651956,19.747092207,1.000000000
ENTITYNAME=Wire_Device
