ENTITYNAME=WIRE
BASEFAMILY=8c20ceab-a04a-4494-ae42-cc36a94937a3.fam
OBJECTMODELPOINTER=81b82497-164d-48c0-b1cb-18fa700dacdf.dev
KVALUE=0.096968
SPLIT=4
POINT0.BLHA=28.54843684,113.51255198,454.586,280.370385
POINT0.MATRIX0=-0.983664647,0.180010728,0.000000000,0.000000000,-0.180010728,-0.983664647,-0.000000000,0.000000000,0.000000000,0.000000000,1.000000000,0.000000000,-6.468666419,-8.810354845,26.697627753,1.000000000
POINT0.MATRIX1=-0.983664647,0.180010728,0.000000000,0.000000000,-0.180010728,-0.983664647,-0.000000000,0.000000000,0.000000000,0.000000000,1.000000000,0.000000000,-6.140016534,-9.625299211,26.910956830,1.000000000
POINT0.MATRIX2=-0.983664647,0.180010728,0.000000000,0.000000000,-0.180010728,-0.983664647,-0.000000000,0.000000000,0.000000000,0.000000000,1.000000000,0.000000000,-6.596014109,-9.830440319,26.911033124,1.000000000
POINT0.MATRIX3=-0.983664647,0.180010728,0.000000000,0.000000000,-0.180010728,-0.983664647,-0.000000000,0.000000000,0.000000000,0.000000000,1.000000000,0.000000000,-6.925144299,-9.015408058,26.697734564,1.000000000
POINT1.BLHA=28.54843684,113.51255198,454.586,280.370385
POINT1.MATRIX0=-0.983664647,0.180010728,0.000000000,0.000000000,-0.180010728,-0.983664647,-0.000000000,0.000000000,0.000000000,0.000000000,1.000000000,0.000000000,-11.275248003,-2.038910930,25.790007801,1.000000000
POINT1.MATRIX1=-0.983664647,0.180010728,0.000000000,0.000000000,-0.180010728,-0.983664647,-0.000000000,0.000000000,0.000000000,0.000000000,1.000000000,0.000000000,-11.275248003,-2.038910929,26.240007849,1.000000000
POINT1.MATRIX2=-0.983664647,0.180010728,0.000000000,0.000000000,-0.180010728,-0.983664647,-0.000000000,0.000000000,0.000000000,0.000000000,1.000000000,0.000000000,-11.725248043,-2.038910953,26.240007848,1.000000000
POINT1.MATRIX3=-0.983664647,0.180010728,0.000000000,0.000000000,-0.180010728,-0.983664647,-0.000000000,0.000000000,0.000000000,0.000000000,1.000000000,0.000000000,-11.725248043,-2.038910954,25.790007800,1.000000000
