ENTITYNAME=WIRE
BASEFAMILY=8c25dd66-bf6e-4f4e-95d7-b4b29d4f0d0b.fam
OBJECTMODELPOINTER=81b82497-164d-48c0-b1cb-18fa700dacdf.dev
KVALUE=0.000000
SPLIT=4
POINT0.BLHA=28.80841146,113.51251091,171.151,227.348291
POINT0.MATRIX0=-0.735485915,-0.677540012,-0.000000000,0.000000000,0.677540012,-0.735485915,-0.000000000,0.000000000,0.000000000,0.000000000,1.000000000,0.000000000,-11.644508270,-0.000298457,43.000000590,1.000000000
POINT0.MATRIX1=-0.735485915,-0.677540012,-0.000000000,0.000000000,0.677540012,-0.735485915,-0.000000000,0.000000000,0.000000000,0.000000000,1.000000000,0.000000000,-11.644508270,-0.000298457,43.449997538,1.000000000
POINT0.MATRIX2=-0.735485915,-0.677540012,-0.000000000,0.000000000,0.677540012,-0.735485915,-0.000000000,0.000000000,0.000000000,0.000000000,1.000000000,0.000000000,-12.094432302,-0.000507889,43.449997538,1.000000000
POINT0.MATRIX3=-0.735485915,-0.677540012,-0.000000000,0.000000000,0.677540012,-0.735485915,-0.000000000,0.000000000,0.000000000,0.000000000,1.000000000,0.000000000,-12.094432302,-0.000507889,43.000000590,1.000000000
POINT1.BLHA=28.80841146,113.51251091,171.151,227.348291
POINT1.MATRIX0=-0.735485915,-0.677540012,-0.000000000,0.000000000,0.677540012,-0.735485915,-0.000000000,0.000000000,0.000000000,0.000000000,1.000000000,0.000000000,-11.644505770,0.109702010,43.000000591,1.000000000
POINT1.MATRIX1=-0.735485915,-0.677540012,-0.000000000,0.000000000,0.677540012,-0.735485915,-0.000000000,0.000000000,0.000000000,0.000000000,1.000000000,0.000000000,-11.644505770,0.109702010,43.449997539,1.000000000
POINT1.MATRIX2=-0.735485915,-0.677540012,-0.000000000,0.000000000,0.677540012,-0.735485915,-0.000000000,0.000000000,0.000000000,0.000000000,1.000000000,0.000000000,-12.094429803,0.109492577,43.449997539,1.000000000
POINT1.MATRIX3=-0.735485915,-0.677540012,-0.000000000,0.000000000,0.677540012,-0.735485915,-0.000000000,0.000000000,0.000000000,0.000000000,1.000000000,0.000000000,-12.094429803,0.109492577,43.000000591,1.000000000
