OBJECTMODELPOINTER=5cd432ea-6ceb-4800-b079-c29f12e8fa3d.dev
BASEFAMILY=8c278f49-8f5d-4b68-a282-ae0ec75f4d15.fam
TRANSFORMMATRIX=0.000000340,1.000000326,0.000000812,0.000000000,-0.999999674,-0.000000169,-0.000001430,0.000000000,-0.000000000,0.000000000,1.000000000,0.000000000,11.040000000,0.000000000,47.000000000,1.000000000
ENTITYNAME=Tower_Device
