ENTITYNAME=WIRE
BASEFAMILY=8c31038e-a45b-433b-ac5c-8ec452175a7e.fam
OBJECTMODELPOINTER=81b82497-164d-48c0-b1cb-18fa700dacdf.dev
KVALUE=0.000000
SPLIT=4
POINT0.BLHA=28.61307891,113.46689101,233.449,464.034761
POINT0.MATRIX0=0.970148776,-0.242510520,-0.000000000,0.000000000,0.242510520,0.970148776,-0.000000000,0.000000000,0.000000000,0.000000000,1.000000000,0.000000000,-10.224953835,0.001290312,25.790000617,1.000000000
POINT0.MATRIX1=0.970148776,-0.242510520,-0.000000000,0.000000000,0.242510520,0.970148776,-0.000000000,0.000000000,0.000000000,0.000000000,1.000000000,0.000000000,-10.224953836,0.001290312,26.240000605,1.000000000
POINT0.MATRIX2=0.970148776,-0.242510520,-0.000000000,0.000000000,0.242510520,0.970148776,-0.000000000,0.000000000,0.000000000,0.000000000,1.000000000,0.000000000,-9.774953766,0.001290471,26.240000606,1.000000000
POINT0.MATRIX3=0.970148776,-0.242510520,-0.000000000,0.000000000,0.242510520,0.970148776,-0.000000000,0.000000000,0.000000000,0.000000000,1.000000000,0.000000000,-9.774953766,0.001290471,25.790000617,1.000000000
POINT1.BLHA=28.61307891,113.46689101,233.449,464.034761
POINT1.MATRIX0=0.970148776,-0.242510520,-0.000000000,0.000000000,0.242510520,0.970148776,-0.000000000,0.000000000,0.000000000,0.000000000,1.000000000,0.000000000,-10.224953842,-0.000709638,25.790000617,1.000000000
POINT1.MATRIX1=0.970148776,-0.242510520,-0.000000000,0.000000000,0.242510520,0.970148776,-0.000000000,0.000000000,0.000000000,0.000000000,1.000000000,0.000000000,-10.224953842,-0.000709638,26.240000606,1.000000000
POINT1.MATRIX2=0.970148776,-0.242510520,-0.000000000,0.000000000,0.242510520,0.970148776,-0.000000000,0.000000000,0.000000000,0.000000000,1.000000000,0.000000000,-9.774953888,-0.000709941,26.240000606,1.000000000
POINT1.MATRIX3=0.970148776,-0.242510520,-0.000000000,0.000000000,0.242510520,0.970148776,-0.000000000,0.000000000,0.000000000,0.000000000,1.000000000,0.000000000,-9.774953887,-0.000709941,25.790000617,1.000000000
