OBJECTMODELPOINTER=33777c94-e4b9-4947-906f-f84480f3cb99.dev
BASEFAMILY=8c458698-b60c-424b-b62e-f242387355ac.fam
BLHA=28.31925198,113.37995663,64.126344,500.343289
TRANSFORMMATRIX=-0.158841915,0.987304029,0.000006394,0.000000000,-0.987304029,-0.158841915,-0.000001409,0.000000000,-0.000000375,-0.000006536,1.000000000,0.000000000,-2.281072539,-41.628222853,33.368891932,1.000000000
ENTITYNAME=Wire_Device
