OBJECTMODELPOINTER=282ce305-0ec3-42a2-b036-da08570d6116.dev
BASEFAMILY=8c491890-76d8-4348-8318-90689f1b0071.fam
TRANSFORMMATRIX=0.909843232,-0.232080760,-0.343982666,0.000000000,0.373883602,0.098931326,0.922184029,0.000000000,-0.179990210,-0.967652463,0.176783015,0.000000000,1.406024097,1.406024097,37.000000000,1.000000000
ENTITYNAME=Tower_Device
