OBJECTMODELPOINTER=33777c94-e4b9-4947-906f-f84480f3cb99.dev
BASEFAMILY=8c525977-1ee8-4c3f-8477-ff74ef63f40c.fam
BLHA=28.32292443,113.37625760,67.775568,311.415680
TRANSFORMMATRIX=0.002525378,-0.999996811,0.000005042,0.000000000,0.999996811,0.002525378,0.000001484,0.000000000,-0.000001496,0.000005039,1.000000000,0.000000000,-9.613119700,32.091020613,47.147095993,1.000000000
ENTITYNAME=Wire_Device
