OBJECTMODELPOINTER=91a97abd-c0b6-40a1-8051-24d182738152.dev
BASEFAMILY=8c7e9108-9ce5-4a8d-8567-a8d84d92c06a.fam
TRANSFORMMATRIX=-0.001737844,0.999998598,-0.000001637,0.000000000,-0.999998383,-0.001737034,0.000000107,0.000000000,-0.000000000,0.000000000,1.000000000,0.000000000,11.870000000,-0.000000000,36.000000000,1.000000000
ENTITYNAME=Tower_Device
