ENTITYNAME=WIRE
BASEFAMILY=8c92dfec-0c66-463c-80dd-4f8f682e11f5.fam
OBJECTMODELPOINTER=31970f28-780e-4bf1-8adb-439f78c329a3.dev
KVALUE=0.000242
SPLIT=1
POINT0.BLHA=28.59525170,113.47626182,222.708,294.633001
POINT0.MATRIX0=-0.908996188,0.416804426,0.000000000,0.000000000,-0.416804426,-0.908996188,0.000000000,0.000000000,-0.000000000,0.000000000,1.000000000,0.000000000,10.611603484,0.310010261,51.558000858,1.000000000
POINT1.BLHA=28.59065738,113.47867622,222.764,291.241310
POINT1.MATRIX0=-0.932062828,0.362296680,0.000000000,0.000000000,-0.362296680,-0.932062828,0.000000000,0.000000000,0.000000000,-0.000000000,1.000000000,0.000000000,5.545057617,-1.558332684,43.919355708,1.000000000
