OBJECTMODELPOINTER=33777c94-e4b9-4947-906f-f84480f3cb99.dev
BASEFAMILY=8c9add18-6196-4738-a191-85cd7d4b2617.fam
BLHA=28.36075913,113.35996262,84.531423,278.143009
TRANSFORMMATRIX=0.001113256,-0.999999380,0.000016176,0.000000000,0.999999380,0.001113256,-0.000002112,0.000000000,0.000002094,0.000016178,1.000000000,0.000000000,13.291491193,102.732599740,30.030551801,1.000000000
ENTITYNAME=Wire_Device
