ENTITYNAME=WIRE
BASEFAMILY=8c9fae3f-95de-41e2-a48d-e1ea3080bee0.fam
OBJECTMODELPOINTER=81b82497-164d-48c0-b1cb-18fa700dacdf.dev
KVALUE=0.000369
SPLIT=4
POINT0.BLHA=28.77401473,113.47631208,189.623,236.227775
POINT0.MATRIX0=-0.831254041,-0.555892723,0.000000000,0.000000000,0.555892723,-0.831254041,-0.000000000,0.000000000,-0.000000000,-0.000000000,1.000000000,0.000000000,12.094760887,0.110559800,43.000005886,1.000000000
POINT0.MATRIX1=-0.831254041,-0.555892723,0.000000000,0.000000000,0.555892723,-0.831254041,-0.000000000,0.000000000,-0.000000000,-0.000000000,1.000000000,0.000000000,12.094760887,0.110559800,43.450002834,1.000000000
POINT0.MATRIX2=-0.831254041,-0.555892723,0.000000000,0.000000000,0.555892723,-0.831254041,-0.000000000,0.000000000,-0.000000000,-0.000000000,1.000000000,0.000000000,11.644879213,0.110456403,43.450002835,1.000000000
POINT0.MATRIX3=-0.831254041,-0.555892723,0.000000000,0.000000000,0.555892723,-0.831254041,-0.000000000,0.000000000,-0.000000000,-0.000000000,1.000000000,0.000000000,11.644879212,0.110456403,43.000005886,1.000000000
POINT1.BLHA=28.77096466,113.47401910,153.559,236.227775
POINT1.MATRIX0=-0.831254041,-0.555892723,-0.000000000,0.000000000,0.555892723,-0.831254041,-0.000000000,0.000000000,0.000000000,-0.000000000,1.000000000,0.000000000,12.955710015,-0.110318152,42.999998667,1.000000000
POINT1.MATRIX1=-0.831254041,-0.555892723,-0.000000000,0.000000000,0.555892723,-0.831254041,-0.000000000,0.000000000,0.000000000,-0.000000000,1.000000000,0.000000000,12.955710015,-0.110318152,43.449995616,1.000000000
POINT1.MATRIX2=-0.831254041,-0.555892723,-0.000000000,0.000000000,0.555892723,-0.831254041,-0.000000000,0.000000000,0.000000000,-0.000000000,1.000000000,0.000000000,12.505422454,-0.110692981,43.449995616,1.000000000
POINT1.MATRIX3=-0.831254041,-0.555892723,-0.000000000,0.000000000,0.555892723,-0.831254041,-0.000000000,0.000000000,0.000000000,-0.000000000,1.000000000,0.000000000,12.505422454,-0.110692981,42.999998667,1.000000000
