OBJECTMODELPOINTER=33777c94-e4b9-4947-906f-f84480f3cb99.dev
BASEFAMILY=8ca2806a-4a47-4634-aaa8-52094c4399b2.fam
BLHA=28.31502906,113.40300484,68.016258,0.896163
TRANSFORMMATRIX=0.001762120,-0.999998447,0.000025190,0.000000000,0.999998447,0.001762120,0.000001304,0.000000000,-0.000001349,0.000025188,1.000000000,0.000000000,-8.550328393,160.770148260,33.814903085,1.000000000
ENTITYNAME=Wire_Device
