OBJECTMODELPOINTER=33777c94-e4b9-4947-906f-f84480f3cb99.dev
BASEFAMILY=8ca221d3-2726-44dc-bc43-3c237a0e20b9.fam
BLHA=28.55326393,113.50869198,332.868298,304.990571
TRANSFORMMATRIX=0.012305006,-0.999924288,0.000072610,0.000000000,0.999924291,0.012305006,-0.000002072,0.000000000,0.000001178,0.000072631,0.999999997,0.000000000,6.384567307,462.003055074,89.578779123,1.000000000
ENTITYNAME=Wire_Device
