OBJECTMODELPOINTER=33777c94-e4b9-4947-906f-f84480f3cb99.dev
BASEFAMILY=8ca31c57-d254-4806-8a01-a81fca26802c.fam
BLHA=28.50595381,113.45544189,275.037773,205.493080
TRANSFORMMATRIX=-0.091694279,-0.995787206,0.000017158,0.000000000,0.995787206,-0.091694279,-0.000000090,0.000000000,0.000001663,0.000017077,1.000000000,0.000000000,10.788067544,108.924580260,-1.949812279,1.000000000
ENTITYNAME=Wire_Device
