OBJECTMODELPOINTER=33777c94-e4b9-4947-906f-f84480f3cb99.dev
BASEFAMILY=8cc4c57a-c3bf-4589-8ba8-853afbbe4f56.fam
BLHA=28.58865070,113.47941927,287.208654,287.849619
TRANSFORMMATRIX=-0.002227432,-0.999997518,0.000051204,0.000000000,0.999997519,-0.002227432,-0.000001716,0.000000000,0.000001830,0.000051200,0.999999999,0.000000000,11.181074720,325.276398591,6.846050708,1.000000000
ENTITYNAME=Wire_Device
