OBJECTMODELPOINTER=33777c94-e4b9-4947-906f-f84480f3cb99.dev
BASEFAMILY=8cc7cf12-fe50-4828-a094-460ef0ae5393.fam
BLHA=28.28149698,113.45977476,95.758412,340.232800
TRANSFORMMATRIX=0.004691726,-0.999988993,0.000029560,0.000000000,0.999988994,0.004691726,0.000001680,0.000000000,-0.000001819,0.000029552,1.000000000,0.000000000,-11.867544464,188.540762693,33.102033400,1.000000000
ENTITYNAME=Wire_Device
