OBJECTMODELPOINTER=33777c94-e4b9-4947-906f-f84480f3cb99.dev
BASEFAMILY=8cd48004-9c59-4292-a312-e5de3cb84aab.fam
BLHA=28.67734470,113.45869625,172.236825,275.673275
TRANSFORMMATRIX=0.000001595,-1.000000000,0.000004833,0.000000000,1.000000000,0.000001595,0.000000023,0.000000000,-0.000000023,0.000004833,1.000000000,0.000000000,-0.164386510,30.695277191,39.358136602,1.000000000
ENTITYNAME=Wire_Device
