OBJECTMODELPOINTER=33777c94-e4b9-4947-906f-f84480f3cb99.dev
BASEFAMILY=8cde43c8-f82a-437e-96c8-40bdcc892968.fam
BLHA=28.64674167,113.46331381,165.940967,277.610658
TRANSFORMMATRIX=-0.000000283,-1.000000000,0.000016694,0.000000000,1.000000000,-0.000000283,-0.000001796,0.000000000,0.000001796,0.000016694,1.000000000,0.000000000,11.394069125,106.014121653,19.196582372,1.000000000
ENTITYNAME=Wire_Device
