OBJECTMODELPOINTER=33777c94-e4b9-4947-906f-f84480f3cb99.dev
BASEFAMILY=8ce0b8e3-587a-4d20-9af9-9354b6588b9c.fam
BLHA=28.32854622,113.36798434,68.151851,482.460958
TRANSFORMMATRIX=0.316732348,0.948514955,-0.000000318,0.000000000,-0.948514955,0.316732348,-0.000001413,0.000000000,-0.000001240,0.000000749,1.000000000,0.000000000,-7.913023762,4.785321198,25.357711975,1.000000000
ENTITYNAME=Wire_Device
