OBJECTMODELPOINTER=33777c94-e4b9-4947-906f-f84480f3cb99.dev
BASEFAMILY=8ce27e64-21b4-49d1-9edb-4ce5cad01f2b.fam
BLHA=28.36295604,113.35959378,63.083646,458.145379
TRANSFORMMATRIX=-0.000027456,1.000000000,-0.000000057,0.000000000,-1.000000000,-0.000027456,0.000001175,0.000000000,0.000001175,0.000000057,1.000000000,0.000000000,7.497828098,0.359805025,37.422440758,1.000000000
ENTITYNAME=Wire_Device
