OBJECTMODELPOINTER=33777c94-e4b9-4947-906f-f84480f3cb99.dev
BASEFAMILY=8ce484cc-1abe-41b1-a097-f144029bebb8.fam
BLHA=28.31925198,113.37995663,64.126344,500.343289
TRANSFORMMATRIX=-0.158621402,0.987339481,0.000017360,0.000000000,-0.987339481,-0.158621402,-0.000001680,0.000000000,0.000001095,-0.000017407,1.000000000,0.000000000,7.248641005,-110.889793015,42.961977035,1.000000000
ENTITYNAME=Wire_Device
