OBJECTMODELPOINTER=33777c94-e4b9-4947-906f-f84480f3cb99.dev
BASEFAMILY=8cf0d4f5-7ade-4d4d-b675-07e7565bd218.fam
BLHA=28.33832123,113.36372877,73.392099,278.143009
TRANSFORMMATRIX=-0.017096804,-0.999853839,0.000027283,0.000000000,0.999853839,-0.017096804,0.000002214,0.000000000,-0.000001747,0.000027318,1.000000000,0.000000000,-11.280439211,173.486815141,33.631223654,1.000000000
ENTITYNAME=Wire_Device
