OBJECTMODELPOINTER=33777c94-e4b9-4947-906f-f84480f3cb99.dev
BASEFAMILY=8cf5ee68-2440-40c6-816c-7c2e31a0af5b.fam
BLHA=28.55326393,113.50869198,332.868298,304.990571
TRANSFORMMATRIX=-0.001102414,-0.999999392,0.000018255,0.000000000,0.999999392,-0.001102414,0.000000030,0.000000000,-0.000000011,0.000018255,1.000000000,0.000000000,-0.347323737,116.126269755,45.639602580,1.000000000
ENTITYNAME=Wire_Device
