OBJECTMODELPOINTER=4d85fdba-8469-4f17-8e29-c37249d2dee2.dev
BASEFAMILY=8cfad132-968e-43aa-bdb1-9da73c9f6b69.fam
TRANSFORMMATRIX=-0.000000287,0.999999780,-0.000001548,0.000000000,-1.000000220,0.000000417,-0.000000553,0.000000000,0.000000000,-0.000000000,1.000000000,0.000000000,0.000000000,-0.000000000,59.999999999,1.000000000
ENTITYNAME=Tower_Device
