OBJECTMODELPOINTER=33777c94-e4b9-4947-906f-f84480f3cb99.dev
BASEFAMILY=8cfb87f6-0608-4445-947e-849cf7c1b395.fam
BLHA=28.33832123,113.36372877,73.392099,278.143009
TRANSFORMMATRIX=0.003157651,-0.999995015,0.000005480,0.000000000,0.999995015,0.003157651,0.000000029,0.000000000,-0.000000045,0.000005481,1.000000000,0.000000000,-0.318718181,34.797958408,53.449039548,1.000000000
ENTITYNAME=Wire_Device
