ENTITYNAME=WIRE
BASEFAMILY=8d06c979-282e-48a1-9883-347fc2d1cf3a.fam
OBJECTMODELPOINTER=31970f28-780e-4bf1-8adb-439f78c329a3.dev
KVALUE=0.000227
SPLIT=1
POINT0.BLHA=28.31925198,113.37995663,64.126,500.343289
POINT0.MATRIX0=0.638186328,-0.769881946,-0.000000000,0.000000000,0.769881946,0.638186328,0.000000000,0.000000000,0.000000000,0.000000000,1.000000000,0.000000000,-12.295138134,-1.056321219,66.980676308,1.000000000
POINT1.BLHA=28.31775016,113.38284517,61.633,329.270898
POINT1.MATRIX0=-0.510979593,0.859592843,0.000000000,0.000000000,-0.859592843,-0.510979593,0.000000000,0.000000000,-0.000000000,-0.000000000,1.000000000,0.000000000,11.500377435,-0.309733092,84.658010318,1.000000000
