OBJECTMODELPOINTER=8b6a0286-7801-4bb5-91cb-db5189892cb2.dev
BASEFAMILY=8d1133b0-ff30-45f4-93e6-ef7a5716a74c.fam
TRANSFORMMATRIX=-0.999999131,0.001318036,-0.000000000,0.000000000,-0.001318035,-0.999999131,0.000000002,0.000000000,-0.000000000,-0.000000000,1.000000000,0.000000000,11.499999999,0.000000000,85.100000001,1.000000000
ENTITYNAME=Tower_Device
