ENTITYNAME=WIRE
BASEFAMILY=8d14a479-6fbd-4d58-924a-b9e9304426f3.fam
OBJECTMODELPOINTER=31970f28-780e-4bf1-8adb-439f78c329a3.dev
KVALUE=0.000235
SPLIT=1
POINT0.BLHA=28.68956538,113.45703476,163.838,277.425083
POINT0.MATRIX0=-0.991614682,0.129229724,0.000000000,0.000000000,-0.129229724,-0.991614682,0.000000000,0.000000000,-0.000000000,-0.000000000,1.000000000,0.000000000,-11.319846866,0.311705285,69.558006305,1.000000000
POINT1.BLHA=28.68698006,113.45743042,187.112,277.425083
POINT1.MATRIX0=-0.991614682,0.129229724,0.000000000,0.000000000,-0.129229724,-0.991614682,-0.000000000,0.000000000,-0.000000000,0.000000000,1.000000000,0.000000000,-9.867443505,-0.309834785,36.558004061,1.000000000
