OBJECTMODELPOINTER=33777c94-e4b9-4947-906f-f84480f3cb99.dev
BASEFAMILY=8d14aced-8b7a-41c6-94ee-432c625ae2b1.fam
BLHA=28.62772353,113.46582002,199.212660,273.436520
TRANSFORMMATRIX=0.001505914,-0.999998865,0.000039642,0.000000000,0.999998866,0.001505914,0.000002023,0.000000000,-0.000002083,0.000039638,0.999999999,0.000000000,-13.373021568,251.724041480,12.361943809,1.000000000
ENTITYNAME=Wire_Device
