OBJECTMODELPOINTER=33777c94-e4b9-4947-906f-f84480f3cb99.dev
BASEFAMILY=8d2a7ee2-0586-4227-9d70-800408850b64.fam
BLHA=28.51918695,113.48038702,399.659330,210.734491
TRANSFORMMATRIX=-0.000003544,-1.000000000,0.000005932,0.000000000,1.000000000,-0.000003544,-0.000001827,0.000000000,0.000001827,0.000005932,1.000000000,0.000000000,11.706761585,37.839230121,27.742245647,1.000000000
ENTITYNAME=Wire_Device
