OBJECTMODELPOINTER=33777c94-e4b9-4947-906f-f84480f3cb99.dev
BASEFAMILY=8d3e8281-2ae4-4966-989e-4b58bcd4e77a.fam
BLHA=28.45391595,113.39400228,204.515406,242.026912
TRANSFORMMATRIX=0.008084449,-0.999967317,0.000078336,0.000000000,0.999967320,0.008084450,0.000001737,0.000000000,-0.000002370,0.000078319,0.999999997,0.000000000,-14.036113422,497.875859333,60.112122721,1.000000000
ENTITYNAME=Wire_Device
