OBJECTMODELPOINTER=33777c94-e4b9-4947-906f-f84480f3cb99.dev
BASEFAMILY=8d451fba-23dd-45fd-b7eb-d723a07e6048.fam
BLHA=28.31523299,113.41422428,48.000024,0.896163
TRANSFORMMATRIX=0.000000895,-1.000000000,0.000005204,0.000000000,1.000000000,0.000000895,0.000001518,0.000000000,-0.000001517,0.000005203,1.000000000,0.000000000,-9.634931018,33.215788273,41.626575845,1.000000000
ENTITYNAME=Wire_Device
