OBJECTMODELPOINTER=33777c94-e4b9-4947-906f-f84480f3cb99.dev
BASEFAMILY=8d57cc28-9d36-4253-a7c4-fc84c3faf775.fam
BLHA=28.48698475,113.42051247,234.671308,224.957371
TRANSFORMMATRIX=-0.014689088,-0.999892109,0.000029437,0.000000000,0.999892109,-0.014689088,0.000002085,0.000000000,-0.000001653,0.000029465,1.000000000,0.000000000,-10.032972995,187.567978584,26.405376944,1.000000000
ENTITYNAME=Wire_Device
