OBJECTMODELPOINTER=0098d432-f7a7-4f5e-aa38-8dd52344845e.dev
BASEFAMILY=8d6cc72a-5d88-4d02-bd68-f696bd66a0ab.fam
TRANSFORMMATRIX=0.000000213,1.000000355,-0.000000898,0.000000000,-0.999999645,-0.000000213,0.000001377,0.000000000,0.000000000,0.000000000,1.000000000,0.000000000,11.100000000,-0.846500000,40.999999999,1.000000000
ENTITYNAME=Tower_Device
