OBJECTMODELPOINTER=33777c94-e4b9-4947-906f-f84480f3cb99.dev
BASEFAMILY=8d7a1fbe-4bca-42b7-b5c7-41a3119d8fb5.fam
BLHA=28.58307238,113.48148471,281.708531,287.849619
TRANSFORMMATRIX=0.002534454,-0.999996788,0.000005074,0.000000000,0.999996788,0.002534454,0.000000018,0.000000000,-0.000000032,0.000005073,1.000000000,0.000000000,-0.246542357,32.237934655,46.242679769,1.000000000
ENTITYNAME=Wire_Device
