OBJECTMODELPOINTER=33777c94-e4b9-4947-906f-f84480f3cb99.dev
BASEFAMILY=8da5af7c-bd94-4669-9d6b-e63bedc5d523.fam
BLHA=28.70879307,113.45409149,169.216562,451.156517
TRANSFORMMATRIX=-0.105190497,0.994452090,0.000007241,0.000000000,-0.994452090,-0.105190497,0.000000221,0.000000000,0.000000982,-0.000007178,1.000000000,0.000000000,6.271476520,-45.581419849,34.439568731,1.000000000
ENTITYNAME=Wire_Device
