OBJECTMODELPOINTER=4939a6b4-f26a-436b-b873-d9571fd3d447.dev
BASEFAMILY=8db59686-8697-4b52-9561-0b6d6b89eb6c.fam
TRANSFORMMATRIX=0.000000307,1.000000313,-0.000000777,0.000000000,-0.999999687,-0.000000234,0.000001449,0.000000000,-0.000000000,-0.000000000,1.000000000,0.000000000,6.595000000,0.000000000,69.500000001,1.000000000
ENTITYNAME=Tower_Device
