ENTITYNAME=WIRE
BASEFAMILY=8db6f0a9-d305-4b24-9d06-7a8f785016b4.fam
OBJECTMODELPOINTER=81b82497-164d-48c0-b1cb-18fa700dacdf.dev
KVALUE=0.000000
SPLIT=4
POINT0.BLHA=28.51626918,113.47488562,373.287,210.734491
POINT0.MATRIX0=-0.511060437,-0.859544780,0.000000000,0.000000000,0.859544780,-0.511060437,-0.000000000,0.000000000,0.000000000,-0.000000000,1.000000000,0.000000000,0.224881387,0.000047000,43.000002868,1.000000000
POINT0.MATRIX1=-0.511060437,-0.859544780,0.000000000,0.000000000,0.859544780,-0.511060437,-0.000000000,0.000000000,0.000000000,-0.000000000,1.000000000,0.000000000,0.224881388,0.000046999,43.449999816,1.000000000
POINT0.MATRIX2=-0.511060437,-0.859544780,0.000000000,0.000000000,0.859544780,-0.511060437,-0.000000000,0.000000000,0.000000000,-0.000000000,1.000000000,0.000000000,-0.225054614,0.000005141,43.449999816,1.000000000
POINT0.MATRIX3=-0.511060437,-0.859544780,0.000000000,0.000000000,0.859544780,-0.511060437,-0.000000000,0.000000000,0.000000000,-0.000000000,1.000000000,0.000000000,-0.225054615,0.000005142,43.000002868,1.000000000
POINT1.BLHA=28.51626918,113.47488562,373.287,210.734491
POINT1.MATRIX0=-0.511060437,-0.859544780,0.000000000,0.000000000,0.859544780,-0.511060437,-0.000000000,0.000000000,0.000000000,-0.000000000,1.000000000,0.000000000,0.224881512,0.110048277,43.000002868,1.000000000
POINT1.MATRIX1=-0.511060437,-0.859544780,0.000000000,0.000000000,0.859544780,-0.511060437,-0.000000000,0.000000000,0.000000000,-0.000000000,1.000000000,0.000000000,0.224881512,0.110048276,43.449999816,1.000000000
POINT1.MATRIX2=-0.511060437,-0.859544780,0.000000000,0.000000000,0.859544780,-0.511060437,-0.000000000,0.000000000,0.000000000,-0.000000000,1.000000000,0.000000000,-0.225054490,0.110006418,43.449999816,1.000000000
POINT1.MATRIX3=-0.511060437,-0.859544780,0.000000000,0.000000000,0.859544780,-0.511060437,-0.000000000,0.000000000,0.000000000,-0.000000000,1.000000000,0.000000000,-0.225054490,0.110006418,43.000002868,1.000000000
