OBJECTMODELPOINTER=33777c94-e4b9-4947-906f-f84480f3cb99.dev
BASEFAMILY=8dbcfc0d-b254-45c4-aa2f-1d53264e0af3.fam
BLHA=28.42674606,113.37865854,204.106778,254.006183
TRANSFORMMATRIX=-0.001559667,-0.999998784,0.000015696,0.000000000,0.999998784,-0.001559667,-0.000001758,0.000000000,0.000001782,0.000015693,1.000000000,0.000000000,11.509721835,99.707753333,14.002672724,1.000000000
ENTITYNAME=Wire_Device
