OBJECTMODELPOINTER=33777c94-e4b9-4947-906f-f84480f3cb99.dev
BASEFAMILY=8dea6327-6e2e-4f7b-ad03-751515ea739a.fam
BLHA=28.72596649,113.45194319,126.516960,450.796525
TRANSFORMMATRIX=0.000001475,1.000000000,-0.000000081,0.000000000,-1.000000000,0.000001475,0.000001175,0.000000000,0.000001175,0.000000081,1.000000000,0.000000000,7.497621268,0.515189666,37.434650133,1.000000000
ENTITYNAME=Wire_Device
