OBJECTMODELPOINTER=715a8f06-474c-418a-8bde-b8ce7c2989d2.dev
BASEFAMILY=8df029e6-7884-44d4-87b4-827c74d13c64.fam
TRANSFORMMATRIX=1.000000000,-0.000000000,-0.000000000,0.000000000,0.000000000,1.000000000,-0.000000000,0.000000000,-0.000000000,-0.000000000,1.000000000,0.000000000,-0.000000000,-0.000000000,-0.000000000,1.000000000
ENTITYNAME=Tower_Device
