OBJECTMODELPOINTER=33777c94-e4b9-4947-906f-f84480f3cb99.dev
BASEFAMILY=8dfdd98d-c15f-4160-8804-d5d60b2e48bb.fam
BLHA=28.28149698,113.45977476,95.758412,340.232800
TRANSFORMMATRIX=0.004822444,-0.999988371,0.000053079,0.000000000,0.999988372,0.004822444,0.000001431,0.000000000,-0.000001687,0.000053072,0.999999999,0.000000000,-11.278984103,338.577200503,20.967131600,1.000000000
ENTITYNAME=Wire_Device
