OBJECTMODELPOINTER=33777c94-e4b9-4947-906f-f84480f3cb99.dev
BASEFAMILY=8e18d0dd-91fe-4e3d-9fc9-a301d7345c61.fam
BLHA=28.64054809,113.46428400,121.846877,277.610658
TRANSFORMMATRIX=0.000005057,-0.999999997,0.000075907,0.000000000,1.000000000,0.000005057,0.000000287,0.000000000,-0.000000287,0.000075907,0.999999997,0.000000000,-2.160081817,482.071893876,55.787764344,1.000000000
ENTITYNAME=Wire_Device
