OBJECTMODELPOINTER=33777c94-e4b9-4947-906f-f84480f3cb99.dev
BASEFAMILY=8e2cca4e-6b35-471c-a9fb-6d77c6612cee.fam
BLHA=28.31775016,113.38284517,61.633463,329.270898
TRANSFORMMATRIX=0.001013630,-0.999999486,0.000004325,0.000000000,0.999999486,0.001013630,-0.000001077,0.000000000,0.000001073,0.000004326,1.000000000,0.000000000,6.756134439,27.563630180,72.811512574,1.000000000
ENTITYNAME=Wire_Device
