OBJECTMODELPOINTER=33777c94-e4b9-4947-906f-f84480f3cb99.dev
BASEFAMILY=8e2dfa7f-c3e1-4b06-9819-2ae3f40a459d.fam
BLHA=28.48305469,113.41645050,246.976349,229.813402
TRANSFORMMATRIX=0.001651112,-0.999998634,0.000074350,0.000000000,0.999998637,0.001651112,0.000002416,0.000000000,-0.000002539,0.000074346,0.999999997,0.000000000,-14.959528869,473.095811945,74.022507062,1.000000000
ENTITYNAME=Wire_Device
