OBJECTMODELPOINTER=6a59205c-fa75-496c-bca2-6fad1a5f55f6.dev
BASEFAMILY=8e39eaa3-5b8d-4ee7-8b26-ed5799aa9fe6.fam
TRANSFORMMATRIX=-0.000364938,0.009405659,-0.999955654,0.000000000,-0.999244816,-0.038857269,0.000000792,0.000000000,-0.038854295,0.999200548,0.009413182,0.000000000,-11.000000000,-0.846000000,46.999999999,1.000000000
ENTITYNAME=Tower_Device
