OBJECTMODELPOINTER=33777c94-e4b9-4947-906f-f84480f3cb99.dev
BASEFAMILY=8e393805-dbb6-4286-9932-1e9e9bd0a1b2.fam
BLHA=28.31470596,113.39701913,83.588909,4.996372
TRANSFORMMATRIX=-0.001639680,-0.999998655,0.000025200,0.000000000,0.999998656,-0.001639680,-0.000000953,0.000000000,0.000000994,0.000025198,1.000000000,0.000000000,6.387511937,160.840342309,57.392000673,1.000000000
ENTITYNAME=Wire_Device
