OBJECTMODELPOINTER=11ca1983-78dd-47c0-8b0e-4b1a0d4205c3.dev
BASEFAMILY=8e462da2-cc57-4c5e-bebd-e91f5982a684.fam
TRANSFORMMATRIX=0.000000052,0.999999581,-0.000001131,0.000000000,-1.000000419,0.000000121,-0.000001189,0.000000000,-0.000000000,0.000000000,1.000000000,0.000000000,-11.870000000,-0.000000000,48.000000000,1.000000000
ENTITYNAME=Tower_Device
