OBJECTMODELPOINTER=33777c94-e4b9-4947-906f-f84480f3cb99.dev
BASEFAMILY=8e49b43a-1323-472b-9535-4756e8fc0fd9.fam
BLHA=28.50118026,113.44100017,250.748283,200.251669
TRANSFORMMATRIX=0.003141278,-0.999995065,0.000057514,0.000000000,0.999995066,0.003141278,0.000002236,0.000000000,-0.000002416,0.000057506,0.999999998,0.000000000,-14.738158691,366.825253492,19.916097216,1.000000000
ENTITYNAME=Wire_Device
