OBJECTMODELPOINTER=33777c94-e4b9-4947-906f-f84480f3cb99.dev
BASEFAMILY=8e4face5-13f7-4e91-b1e7-f95a1d643cc3.fam
BLHA=28.28033977,113.46346380,83.899072,326.450928
TRANSFORMMATRIX=-0.242385115,-0.970180115,0.000006245,0.000000000,0.970180115,-0.242385115,0.000001887,0.000000000,-0.000000317,0.000006516,1.000000000,0.000000000,-2.114156009,41.529982497,43.800566603,1.000000000
ENTITYNAME=Wire_Device
