OBJECTMODELPOINTER=27e0c7cb-de66-454d-a4ac-0c5122d2c741.dev
BASEFAMILY=8e5fcc27-fc7d-4519-9d9e-4ce45cc3c585.fam
TRANSFORMMATRIX=-0.032852388,0.115331187,-0.992783868,0.000000000,-0.961744742,-0.273946494,-0.000001044,0.000000000,-0.271969809,0.954804733,0.119918076,0.000000000,11.100000000,-0.847500000,47.000000000,1.000000000
ENTITYNAME=Tower_Device
