ENTITYNAME=WIRE
BASEFAMILY=8e746cd3-f52b-4239-a89a-9a94586a2a29.fam
OBJECTMODELPOINTER=31970f28-780e-4bf1-8adb-439f78c329a3.dev
KVALUE=0.000231
SPLIT=1
POINT0.BLHA=28.50118026,113.44100017,250.748,200.251669
POINT0.MATRIX0=-0.346144382,-0.938181255,0.000000000,0.000000000,0.938181255,-0.346144382,-0.000000000,0.000000000,0.000000000,-0.000000000,1.000000000,0.000000000,9.868845799,0.620062548,51.557999926,1.000000000
POINT1.BLHA=28.49972812,113.43660808,222.066,200.251669
POINT1.MATRIX0=-0.346144382,-0.938181255,0.000000000,0.000000000,0.938181255,-0.346144382,0.000000000,0.000000000,0.000000000,-0.000000000,1.000000000,0.000000000,11.321035768,-0.630011247,69.558000799,1.000000000
