OBJECTMODELPOINTER=33777c94-e4b9-4947-906f-f84480f3cb99.dev
BASEFAMILY=8e8b0a82-7823-4246-a820-a1e0a52031af.fam
BLHA=28.78112316,113.48165670,163.744709,236.227775
TRANSFORMMATRIX=-0.000006610,-1.000000000,0.000015347,0.000000000,1.000000000,-0.000006611,-0.000001759,0.000000000,0.000001759,0.000015347,1.000000000,0.000000000,11.444393276,97.641307500,45.654086712,1.000000000
ENTITYNAME=Wire_Device
