OBJECTMODELPOINTER=33777c94-e4b9-4947-906f-f84480f3cb99.dev
BASEFAMILY=8e8df189-5406-467a-81f5-ca804e72b39b.fam
BLHA=28.45391595,113.39400228,204.515406,242.026912
TRANSFORMMATRIX=0.002604713,-0.999996607,0.000043359,0.000000000,0.999996608,0.002604713,0.000000093,0.000000000,-0.000000206,0.000043359,0.999999999,0.000000000,-0.720558520,275.647821946,27.433098385,1.000000000
ENTITYNAME=Wire_Device
