OBJECTMODELPOINTER=4be0539d-276f-4624-b539-55695970715d.dev
BASEFAMILY=8ea4625a-79e0-419a-95b0-faccecc8ab88.fam
TRANSFORMMATRIX=0.006333160,0.100314499,-0.994935561,0.000000000,0.998012498,-0.063017258,0.000000730,0.000000000,-0.062696894,-0.992958154,-0.100514697,0.000000000,5.500000000,0.900000000,44.000000001,1.000000000
ENTITYNAME=Tower_Device
