OBJECTMODELPOINTER=0e312739-8609-4a3d-966c-75d05d59356d.dev
BASEFAMILY=8ea74af8-0475-419d-99d3-f91ba86dfbdf.fam
TRANSFORMMATRIX=-1.000000000,0.000000000,0.000000000,0.000000000,-0.000000000,-1.000000000,-0.000000000,0.000000000,0.000000000,-0.000000000,1.000000000,0.000000000,5.397251012,5.397275311,-0.000005867,1.000000000
ENTITYNAME=Tower_Device
