OBJECTMODELPOINTER=33777c94-e4b9-4947-906f-f84480f3cb99.dev
BASEFAMILY=8eb332e3-372d-485c-bce0-c40ea2e1775f.fam
BLHA=28.76146332,113.46687719,133.774448,236.227775
TRANSFORMMATRIX=-0.000005071,-1.000000000,0.000029382,0.000000000,1.000000000,-0.000005071,0.000000205,0.000000000,-0.000000205,0.000029381,1.000000000,0.000000000,-0.861960414,186.880268462,26.701008685,1.000000000
ENTITYNAME=Wire_Device
