OBJECTMODELPOINTER=46a75205-38c1-450b-9449-63c2978cf1a6.dev
BASEFAMILY=8eb8a9b1-36b6-4d38-94c2-5b086adb0a58.fam
TRANSFORMMATRIX=0.000000348,0.999999634,-0.000000747,0.000000000,-1.000000366,-0.000000050,-0.000001463,0.000000000,-0.000000000,-0.000000000,1.000000000,0.000000000,-11.870000000,-0.000000001,42.000000000,1.000000000
ENTITYNAME=Tower_Device
