OBJECTMODELPOINTER=0e312739-8609-4a3d-966c-75d05d59356d.dev
BASEFAMILY=8ec0e2d5-f366-49a1-a341-4128a0aff838.fam
TRANSFORMMATRIX=0.000000000,1.000000000,-0.000000000,0.000000000,-1.000000000,0.000000000,-0.000000000,0.000000000,-0.000000000,-0.000000000,1.000000000,0.000000000,5.067080465,-5.067055789,-0.000002414,1.000000000
ENTITYNAME=Tower_Device
