OBJECTMODELPOINTER=33777c94-e4b9-4947-906f-f84480f3cb99.dev
BASEFAMILY=8ec410f0-fab4-4360-b33b-31cac7fd2381.fam
BLHA=28.30572385,113.43813150,65.831158,307.005893
TRANSFORMMATRIX=-0.006300634,-0.999980151,0.000023032,0.000000000,0.999980151,-0.006300634,-0.000001396,0.000000000,0.000001541,0.000023023,1.000000000,0.000000000,9.452216862,146.447042141,40.239796648,1.000000000
ENTITYNAME=Wire_Device
