OBJECTMODELPOINTER=33777c94-e4b9-4947-906f-f84480f3cb99.dev
BASEFAMILY=8edbe7fb-23e3-4374-8362-a2c3fc7d167f.fam
BLHA=28.52615363,113.49352553,361.372655,210.734491
TRANSFORMMATRIX=-0.001684683,-0.999998581,0.000027688,0.000000000,0.999998581,-0.001684683,0.000002275,0.000000000,-0.000002229,0.000027692,1.000000000,0.000000000,-13.770537314,176.499245517,47.399007152,1.000000000
ENTITYNAME=Wire_Device
