ENTITYNAME=WIRE
BASEFAMILY=8edec39d-1b53-4c59-866a-71a16ba0dead.fam
OBJECTMODELPOINTER=81b82497-164d-48c0-b1cb-18fa700dacdf.dev
KVALUE=0.100162
SPLIT=4
POINT0.BLHA=28.61307891,113.46689101,233.449,464.034761
POINT0.MATRIX0=0.970148776,-0.242510520,-0.000000000,0.000000000,0.242510520,0.970148776,-0.000000000,0.000000000,0.000000000,0.000000000,1.000000000,0.000000000,7.275048604,4.000271698,38.790000558,1.000000000
POINT0.MATRIX1=0.970148776,-0.242510520,-0.000000000,0.000000000,0.242510520,0.970148776,-0.000000000,0.000000000,0.000000000,0.000000000,1.000000000,0.000000000,7.275048604,4.000271697,39.240000606,1.000000000
POINT0.MATRIX2=0.970148776,-0.242510520,-0.000000000,0.000000000,0.242510520,0.970148776,-0.000000000,0.000000000,0.000000000,0.000000000,1.000000000,0.000000000,7.725048588,4.000271632,39.240000606,1.000000000
POINT0.MATRIX3=0.970148776,-0.242510520,-0.000000000,0.000000000,0.242510520,0.970148776,-0.000000000,0.000000000,0.000000000,0.000000000,1.000000000,0.000000000,7.725048588,4.000271632,38.790000559,1.000000000
POINT1.BLHA=28.61307891,113.46689101,233.449,464.034761
POINT1.MATRIX0=0.970148776,-0.242510520,-0.000000000,0.000000000,0.242510520,0.970148776,-0.000000000,0.000000000,0.000000000,0.000000000,1.000000000,0.000000000,7.275137230,-3.998791735,38.790000559,1.000000000
POINT1.MATRIX1=0.970148776,-0.242510520,-0.000000000,0.000000000,0.242510520,0.970148776,-0.000000000,0.000000000,0.000000000,0.000000000,1.000000000,0.000000000,7.275137230,-3.998791735,39.240000606,1.000000000
POINT1.MATRIX2=0.970148776,-0.242510520,-0.000000000,0.000000000,0.242510520,0.970148776,-0.000000000,0.000000000,0.000000000,0.000000000,1.000000000,0.000000000,7.725137214,-3.998792046,39.240000605,1.000000000
POINT1.MATRIX3=0.970148776,-0.242510520,-0.000000000,0.000000000,0.242510520,0.970148776,-0.000000000,0.000000000,0.000000000,0.000000000,1.000000000,0.000000000,7.725137214,-3.998792045,38.790000557,1.000000000
