OBJECTMODELPOINTER=9b346582-7291-4ccf-8420-e150a6f1252d.dev
BASEFAMILY=8ef3d2bc-2305-487a-b7bc-764757f5a1e2.fam
TRANSFORMMATRIX=1.000000000,-0.000000000,0.000000000,0.000000000,0.000000000,1.000000000,-0.000000000,0.000000000,-0.000000000,0.000000000,1.000000000,0.000000000,-6.533860143,-6.533860809,0.000005278,1.000000000
ENTITYNAME=Tower_Device
