OBJECTMODELPOINTER=33777c94-e4b9-4947-906f-f84480f3cb99.dev
BASEFAMILY=8efcbcad-927e-4027-8cc0-6d3ae16637ee.fam
BLHA=28.36788990,113.36378392,64.428624,219.706007
TRANSFORMMATRIX=0.009755515,-0.999952414,0.000014807,0.000000000,0.999952414,0.009755515,-0.000001750,0.000000000,0.000001606,0.000014823,1.000000000,0.000000000,10.458078380,94.442172441,24.908237781,1.000000000
ENTITYNAME=Wire_Device
