OBJECTMODELPOINTER=33777c94-e4b9-4947-906f-f84480f3cb99.dev
BASEFAMILY=8f0a4e00-9fb2-4cb0-a184-19fbc3690b6c.fam
BLHA=28.33182616,113.36613124,59.967362,296.260490
TRANSFORMMATRIX=-0.011179253,-0.999937510,0.000014994,0.000000000,0.999937510,-0.011179253,0.000001911,0.000000000,-0.000001743,0.000015015,1.000000000,0.000000000,-11.311771822,95.459249868,31.671138413,1.000000000
ENTITYNAME=Wire_Device
