OBJECTMODELPOINTER=33777c94-e4b9-4947-906f-f84480f3cb99.dev
BASEFAMILY=8f17f02a-261e-4ee1-9b9f-2ff10c97e8d0.fam
BLHA=28.72596649,113.45194319,126.516960,450.796525
TRANSFORMMATRIX=-0.233184854,0.972432426,0.000016911,0.000000000,-0.972432426,-0.233184854,0.000001165,0.000000000,0.000005077,-0.000016174,1.000000000,0.000000000,32.410015853,-102.709572773,27.194957574,1.000000000
ENTITYNAME=Wire_Device
