OBJECTMODELPOINTER=33777c94-e4b9-4947-906f-f84480f3cb99.dev
BASEFAMILY=8f35d096-5a5e-45d8-b247-ea3cb513cbd6.fam
BLHA=28.28149698,113.45977476,95.758412,340.232800
TRANSFORMMATRIX=-0.001557023,-0.999998787,0.000041967,0.000000000,0.999998788,-0.001557023,-0.000001120,0.000000000,0.000001185,0.000041965,0.999999999,0.000000000,7.086531562,267.691867253,19.549513275,1.000000000
ENTITYNAME=Wire_Device
