OBJECTMODELPOINTER=0e312739-8609-4a3d-966c-75d05d59356d.dev
BASEFAMILY=8f38e032-bba2-4dbd-89c2-4f2eae7dc65f.fam
TRANSFORMMATRIX=-1.000000000,0.000000000,-0.000000000,0.000000000,-0.000000000,-1.000000000,0.000000000,0.000000000,-0.000000000,-0.000000000,1.000000000,0.000000000,3.747089846,3.747060367,0.000005931,1.000000000
ENTITYNAME=Tower_Device
