OBJECTMODELPOINTER=33777c94-e4b9-4947-906f-f84480f3cb99.dev
BASEFAMILY=8f3a72a7-aff9-4f07-be29-e06bbcc02498.fam
BLHA=28.54296028,113.51100370,560.594660,255.750198
TRANSFORMMATRIX=0.000000046,-1.000000000,0.000005850,0.000000000,1.000000000,0.000000046,0.000000031,0.000000000,-0.000000032,0.000005850,1.000000000,0.000000000,-0.151547120,37.160032118,18.443191554,1.000000000
ENTITYNAME=Wire_Device
