OBJECTMODELPOINTER=3407ef4e-c38c-47ed-9cfd-b292ad565d77.dev
BASEFAMILY=8f479f5c-a3cc-46e3-ba6c-065d1e3b44d6.fam
TRANSFORMMATRIX=0.000000054,0.999999581,-0.000001131,0.000000000,-1.000000419,0.000000123,-0.000001189,0.000000000,-0.000000000,0.000000000,1.000000000,0.000000000,-0.000000000,0.000000001,48.000000000,1.000000000
ENTITYNAME=Tower_Device
