OBJECTMODELPOINTER=33777c94-e4b9-4947-906f-f84480f3cb99.dev
BASEFAMILY=8f4dbfae-5045-4e66-81fe-b9c53d6aae57.fam
BLHA=28.38255325,113.36304670,117.224132,441.473487
TRANSFORMMATRIX=0.000037375,0.999999999,-0.000000081,0.000000000,-0.999999999,0.000037375,0.000001175,0.000000000,0.000001175,0.000000081,1.000000000,0.000000000,7.497408025,0.519720838,31.434683374,1.000000000
ENTITYNAME=Wire_Device
