OBJECTMODELPOINTER=33777c94-e4b9-4947-906f-f84480f3cb99.dev
BASEFAMILY=8f504bc2-086b-4a16-9e0f-949aa9083927.fam
BLHA=28.47144509,113.40546217,294.357908,229.813402
TRANSFORMMATRIX=0.002785107,-0.999996120,0.000050229,0.000000000,0.999996122,0.002785107,0.000000382,0.000000000,-0.000000521,0.000050228,0.999999999,0.000000000,-2.502421191,319.641319061,-6.513235297,1.000000000
ENTITYNAME=Wire_Device
