OBJECTMODELPOINTER=33777c94-e4b9-4947-906f-f84480f3cb99.dev
BASEFAMILY=8f605a49-8965-4f2e-a4ee-4663df1a85bd.fam
BLHA=28.35569166,113.36081333,82.535643,278.143009
TRANSFORMMATRIX=-0.000001306,-1.000000000,0.000016026,0.000000000,1.000000000,-0.000001306,0.000000077,0.000000000,-0.000000077,0.000016025,1.000000000,0.000000000,-0.565074690,101.774334191,50.135832387,1.000000000
ENTITYNAME=Wire_Device
