OBJECTMODELPOINTER=33777c94-e4b9-4947-906f-f84480f3cb99.dev
BASEFAMILY=8f69dbb8-ff44-4f62-8616-2496928e6dcc.fam
BLHA=28.30786495,113.43629033,62.969533,307.005893
TRANSFORMMATRIX=0.000003561,-1.000000000,0.000005632,0.000000000,1.000000000,0.000003561,0.000001185,0.000000000,-0.000001185,0.000005632,1.000000000,0.000000000,-7.640763609,35.847088792,33.921549426,1.000000000
ENTITYNAME=Wire_Device
