OBJECTMODELPOINTER=33777c94-e4b9-4947-906f-f84480f3cb99.dev
BASEFAMILY=8f703b1b-8131-4190-91bf-51024e125b23.fam
BLHA=28.75811652,113.46436186,140.284510,236.227775
TRANSFORMMATRIX=0.000968511,-0.999999531,0.000017171,0.000000000,0.999999531,0.000968511,0.000002115,0.000000000,-0.000002132,0.000017169,1.000000000,0.000000000,-13.327349869,109.168906278,16.998227015,1.000000000
ENTITYNAME=Wire_Device
