ENTITYNAME=WIRE
BASEFAMILY=8f90e4b7-5787-4dc8-92a6-241383d9f271.fam
OBJECTMODELPOINTER=31970f28-780e-4bf1-8adb-439f78c329a3.dev
KVALUE=0.000287
SPLIT=1
POINT0.BLHA=28.49379582,113.42815973,297.068,224.957371
POINT0.MATRIX0=-0.706580481,-0.707632690,-0.000000000,0.000000000,0.707632690,-0.706580481,-0.000000000,0.000000000,0.000000000,0.000000000,1.000000000,0.000000000,-11.318644046,-0.009912918,69.557999217,1.000000000
POINT1.BLHA=28.49379582,113.42815973,297.068,224.957371
POINT1.MATRIX0=-0.706580481,-0.707632690,-0.000000000,0.000000000,0.707632690,-0.706580481,-0.000000000,0.000000000,0.000000000,0.000000000,1.000000000,0.000000000,-11.319311216,0.010135394,69.557999217,1.000000000
