OBJECTMODELPOINTER=33777c94-e4b9-4947-906f-f84480f3cb99.dev
BASEFAMILY=8f98e575-d40f-44e3-849b-35a10541f10d.fam
BLHA=28.55326393,113.50869198,332.868298,304.990571
TRANSFORMMATRIX=-0.006783218,-0.999976993,0.000040772,0.000000000,0.999976994,-0.006783218,0.000002257,0.000000000,-0.000001981,0.000040786,0.999999999,0.000000000,-13.251206178,259.481044470,51.455280376,1.000000000
ENTITYNAME=Wire_Device
