OBJECTMODELPOINTER=33777c94-e4b9-4947-906f-f84480f3cb99.dev
BASEFAMILY=8f9c9747-8f9f-400a-b301-8f9e1d746046.fam
BLHA=28.41408598,113.37463405,174.728080,254.006183
TRANSFORMMATRIX=-0.000006518,-0.999999999,0.000046122,0.000000000,1.000000000,-0.000006518,-0.000001785,0.000000000,0.000001785,0.000046123,0.999999999,0.000000000,11.797671297,293.009764766,36.672647153,1.000000000
ENTITYNAME=Wire_Device
