OBJECTMODELPOINTER=33777c94-e4b9-4947-906f-f84480f3cb99.dev
BASEFAMILY=8f9c6a91-7576-4d59-b73e-28a8bbe09e3a.fam
BLHA=28.31498130,113.40038482,72.539572,2.946268
TRANSFORMMATRIX=-0.264731806,-0.964322078,0.000000283,0.000000000,0.964322078,-0.264731806,0.000001671,0.000000000,-0.000001537,0.000000715,1.000000000,0.000000000,-9.756603522,4.560780209,31.354189668,1.000000000
ENTITYNAME=Wire_Device
