OBJECTMODELPOINTER=33777c94-e4b9-4947-906f-f84480f3cb99.dev
BASEFAMILY=8fad5113-72e0-486e-8266-16bbbe7a4196.fam
BLHA=28.40337100,113.37122865,129.378598,254.006183
TRANSFORMMATRIX=-0.011888602,-0.999929326,0.000069306,0.000000000,0.999929328,-0.011888602,0.000002547,0.000000000,-0.000001724,0.000069331,0.999999998,0.000000000,-10.387991673,440.414137841,63.907164882,1.000000000
ENTITYNAME=Wire_Device
