OBJECTMODELPOINTER=33777c94-e4b9-4947-906f-f84480f3cb99.dev
BASEFAMILY=8fbd8876-34a4-41df-b22d-87daa7039dbe.fam
BLHA=28.48305469,113.41645050,246.976349,229.813402
TRANSFORMMATRIX=-0.001693976,-0.999998564,0.000051763,0.000000000,0.999998565,-0.001693977,-0.000001479,0.000000000,0.000001566,0.000051761,0.999999999,0.000000000,10.820586342,329.430991012,46.408238792,1.000000000
ENTITYNAME=Wire_Device
