OBJECTMODELPOINTER=33777c94-e4b9-4947-906f-f84480f3cb99.dev
BASEFAMILY=8fbdcfb1-afc6-491b-92e2-3968de4fbb7f.fam
BLHA=28.54843684,113.51255198,454.586266,280.370385
TRANSFORMMATRIX=-0.406703045,-0.913560415,0.000018430,0.000000000,0.913560416,-0.406703045,0.000001586,0.000000000,0.000006046,0.000017482,1.000000000,0.000000000,38.488048765,111.004783538,37.305139090,1.000000000
ENTITYNAME=Wire_Device
