OBJECTMODELPOINTER=33777c94-e4b9-4947-906f-f84480f3cb99.dev
BASEFAMILY=8fc15e53-520f-4839-8132-1ef5b93f3837.fam
BLHA=28.52451102,113.49042735,376.991440,210.734491
TRANSFORMMATRIX=0.021511715,-0.999768596,0.000014041,0.000000000,0.999768596,0.021511715,-0.000001911,0.000000000,0.000001609,0.000014079,1.000000000,0.000000000,10.435879452,89.775373188,16.399106163,1.000000000
ENTITYNAME=Wire_Device
