OBJECTMODELPOINTER=33777c94-e4b9-4947-906f-f84480f3cb99.dev
BASEFAMILY=8fd32836-9b87-4bcb-88b9-12de48830e08.fam
BLHA=28.31135450,113.43043530,49.303319,335.449580
TRANSFORMMATRIX=-0.004733950,-0.999988795,0.000017159,0.000000000,0.999988795,-0.004733950,-0.000001087,0.000000000,0.000001169,0.000017153,1.000000000,0.000000000,7.211888013,109.380493541,26.024759095,1.000000000
ENTITYNAME=Wire_Device
