OBJECTMODELPOINTER=33777c94-e4b9-4947-906f-f84480f3cb99.dev
BASEFAMILY=8fea665d-61a7-4edb-ab0d-9e27af22013c.fam
BLHA=28.43802035,113.38456732,303.277751,242.026912
TRANSFORMMATRIX=0.001502072,-0.999998871,0.000050165,0.000000000,0.999998872,0.001502072,0.000002226,0.000000000,-0.000002300,0.000050161,0.999999999,0.000000000,-13.982741489,318.867727002,-2.288038427,1.000000000
ENTITYNAME=Wire_Device
