OBJECTMODELPOINTER=33777c94-e4b9-4947-906f-f84480f3cb99.dev
BASEFAMILY=8ff4bbcb-4931-4a04-9eca-341ad0629ea8.fam
BLHA=28.50118026,113.44100017,250.748283,200.251669
TRANSFORMMATRIX=0.003168228,-0.999994981,0.000004418,0.000000000,0.999994981,0.003168228,0.000001896,0.000000000,-0.000001909,0.000004412,1.000000000,0.000000000,-12.087697341,28.126793814,35.908150694,1.000000000
ENTITYNAME=Wire_Device
