OBJECTMODELPOINTER=33777c94-e4b9-4947-906f-f84480f3cb99.dev
BASEFAMILY=8ffa41bb-cc3f-4b21-84d8-496f1e1050a5.fam
BLHA=28.56112925,113.50240150,222.763342,308.993779
TRANSFORMMATRIX=-0.000024469,-1.000000000,-0.000000065,0.000000000,1.000000000,-0.000024469,-0.000001617,0.000000000,0.000001616,-0.000000065,1.000000000,0.000000000,10.301941488,-0.436680457,39.234789562,1.000000000
ENTITYNAME=Wire_Device
