OBJECTMODELPOINTER=33777c94-e4b9-4947-906f-f84480f3cb99.dev
BASEFAMILY=90006bd6-de2f-4f0d-b6bf-a58694d71c96.fam
BLHA=28.31502906,113.40300484,68.016258,0.896163
TRANSFORMMATRIX=-0.001188900,-0.999999293,0.000034789,0.000000000,0.999999293,-0.001188900,-0.000000843,0.000000000,0.000000884,0.000034788,0.999999999,0.000000000,5.632835821,222.053529675,61.057605140,1.000000000
ENTITYNAME=Wire_Device
