OBJECTMODELPOINTER=33777c94-e4b9-4947-906f-f84480f3cb99.dev
BASEFAMILY=9005ca3c-6e31-4d67-9733-cf097abf2a06.fam
BLHA=28.49878841,113.43376617,260.859889,392.604520
TRANSFORMMATRIX=-0.232130816,0.972684576,0.000016470,0.000000000,-0.972684576,-0.232130816,0.000001232,0.000000000,0.000005022,-0.000015734,1.000000000,0.000000000,31.697173411,-100.207596863,42.238701195,1.000000000
ENTITYNAME=Wire_Device
