OBJECTMODELPOINTER=33777c94-e4b9-4947-906f-f84480f3cb99.dev
BASEFAMILY=900bcacb-8e1c-4e65-9adb-d521602e0754.fam
BLHA=28.31775016,113.38284517,61.633463,329.270898
TRANSFORMMATRIX=0.001038239,-0.999999459,0.000057336,0.000000000,0.999999461,0.001038239,-0.000000928,0.000000000,0.000000868,0.000057336,0.999999998,0.000000000,4.687698574,365.476735128,62.584597726,1.000000000
ENTITYNAME=Wire_Device
