OBJECTMODELPOINTER=13a78437-ad2c-452a-8fd1-0733d19ccb25.dev
BASEFAMILY=903056e5-761b-4666-a3f0-a321f5489096.fam
TRANSFORMMATRIX=1.000000000,-0.000000000,0.000000000,0.000000000,-0.000000000,1.000000000,0.000000000,0.000000000,0.000000000,0.000000000,1.000000000,0.000000000,-5.397095461,-5.396964354,-0.000000730,1.000000000
ENTITYNAME=Tower_Device
