OBJECTMODELPOINTER=33777c94-e4b9-4947-906f-f84480f3cb99.dev
BASEFAMILY=9033b0f0-516c-44c4-a916-2ed54521deff.fam
BLHA=28.31775016,113.38284517,61.633463,329.270898
TRANSFORMMATRIX=-0.001439475,-0.999998962,0.000057318,0.000000000,0.999998964,-0.001439475,0.000001441,0.000000000,-0.000001358,0.000057320,0.999999998,0.000000000,-9.475384224,365.402922036,38.064507104,1.000000000
ENTITYNAME=Wire_Device
