OBJECTMODELPOINTER=33777c94-e4b9-4947-906f-f84480f3cb99.dev
BASEFAMILY=903d34f0-bb2c-4924-a67b-6165e3e4dda1.fam
BLHA=28.31566161,113.38686189,71.437616,329.270898
TRANSFORMMATRIX=0.002180576,-0.999997622,0.000016317,0.000000000,0.999997623,0.002180576,0.000001221,0.000000000,-0.000001257,0.000016314,1.000000000,0.000000000,-8.228238629,104.009661902,26.626262785,1.000000000
ENTITYNAME=Wire_Device
