OBJECTMODELPOINTER=33777c94-e4b9-4947-906f-f84480f3cb99.dev
BASEFAMILY=904ce413-c4cf-42d4-9a19-abfcaa58d4ad.fam
BLHA=28.68327588,113.45799727,190.105481,276.549179
TRANSFORMMATRIX=-0.033024473,-0.999454543,0.000040444,0.000000000,0.999454543,-0.033024473,-0.000001004,0.000000000,0.000002339,0.000040389,0.999999999,0.000000000,14.776807725,256.490025461,16.139760019,1.000000000
ENTITYNAME=Wire_Device
