ENTITYNAME=WIRE
BASEFAMILY=9055211f-133a-4c4b-a1ab-708003d38373.fam
OBJECTMODELPOINTER=31970f28-780e-4bf1-8adb-439f78c329a3.dev
KVALUE=0.000287
SPLIT=1
POINT0.BLHA=28.36557656,113.36066804,62.497,414.735470
POINT0.MATRIX0=0.816495163,0.577352274,0.000000000,0.000000000,-0.577352274,0.816495163,-0.000000000,0.000000000,-0.000000000,-0.000000000,1.000000000,0.000000000,-5.883733815,1.348793054,43.960791570,1.000000000
POINT1.BLHA=28.36557656,113.36066804,62.497,414.735470
POINT1.MATRIX0=0.816495163,0.577352274,0.000000000,0.000000000,-0.577352274,0.816495163,-0.000000000,0.000000000,-0.000000000,-0.000000000,1.000000000,0.000000000,-5.879261290,-1.347721392,43.965481442,1.000000000
