OBJECTMODELPOINTER=0e312739-8609-4a3d-966c-75d05d59356d.dev
BASEFAMILY=905f0312-a9b7-48a0-964a-917bc99113c5.fam
TRANSFORMMATRIX=-1.000000000,0.000000000,0.000000000,0.000000000,-0.000000000,-1.000000000,-0.000000000,0.000000000,-0.000000000,0.000000000,1.000000000,0.000000000,4.077010184,4.076653868,-0.000004726,1.000000000
ENTITYNAME=Tower_Device
