OBJECTMODELPOINTER=33777c94-e4b9-4947-906f-f84480f3cb99.dev
BASEFAMILY=908454d6-6466-45ee-ac7f-5936d6fc78a5.fam
BLHA=28.56335436,113.50003182,213.977894,312.996987
TRANSFORMMATRIX=0.000319880,-0.999999949,0.000016503,0.000000000,0.999999949,0.000319880,0.000000026,0.000000000,-0.000000031,0.000016502,1.000000000,0.000000000,-0.471306782,105.052928845,35.508968411,1.000000000
ENTITYNAME=Wire_Device
