OBJECTMODELPOINTER=33777c94-e4b9-4947-906f-f84480f3cb99.dev
BASEFAMILY=908728d7-0052-409e-b01d-1f1fee111e7e.fam
BLHA=28.46166988,113.39860583,270.672858,242.026912
TRANSFORMMATRIX=0.001508384,-0.999998861,0.000055047,0.000000000,0.999998862,0.001508385,0.000002390,0.000000000,-0.000002473,0.000055043,0.999999998,0.000000000,-15.011855129,349.904339184,21.113867165,1.000000000
ENTITYNAME=Wire_Device
