OBJECTMODELPOINTER=33777c94-e4b9-4947-906f-f84480f3cb99.dev
BASEFAMILY=908d463f-2e93-4b1e-84e7-fd7b2b07387e.fam
BLHA=28.52451102,113.49042735,376.991440,210.734491
TRANSFORMMATRIX=-0.005804961,-0.999983151,0.000005166,0.000000000,0.999983151,-0.005804961,0.000000038,0.000000000,-0.000000008,0.000005166,1.000000000,0.000000000,0.024744928,32.933312446,34.713890918,1.000000000
ENTITYNAME=Wire_Device
