OBJECTMODELPOINTER=33777c94-e4b9-4947-906f-f84480f3cb99.dev
BASEFAMILY=909a620c-bf17-4350-b97a-60ef71e8ac0a.fam
BLHA=28.44721846,113.39002654,265.559825,242.026912
TRANSFORMMATRIX=-0.000005299,-1.000000000,0.000017777,0.000000000,1.000000000,-0.000005299,0.000000132,0.000000000,-0.000000132,0.000017777,1.000000000,0.000000000,-0.598797776,113.015998507,34.164455581,1.000000000
ENTITYNAME=Wire_Device
