OBJECTMODELPOINTER=33777c94-e4b9-4947-906f-f84480f3cb99.dev
BASEFAMILY=909a335e-0c0a-4c67-97b4-a4ee50a48748.fam
BLHA=28.34583559,113.36246769,78.593273,278.143009
TRANSFORMMATRIX=0.003872332,-0.999992502,0.000018999,0.000000000,0.999992502,0.003872332,-0.000002002,0.000000000,0.000001928,0.000019007,1.000000000,0.000000000,12.218088831,120.692428859,44.216944982,1.000000000
ENTITYNAME=Wire_Device
