ENTITYNAME=WIRE
BASEFAMILY=90a31ea8-2bc6-4dbf-8a62-0e7ddc9fb71b.fam
OBJECTMODELPOINTER=31970f28-780e-4bf1-8adb-439f78c329a3.dev
KVALUE=0.000287
SPLIT=1
POINT0.BLHA=28.31411764,113.38983103,66.772,527.133635
POINT0.MATRIX0=0.222677850,-0.974892084,0.000000000,0.000000000,0.974892084,0.222677850,-0.000000000,0.000000000,-0.000000000,-0.000000000,1.000000000,0.000000000,12.641967925,0.842946586,61.281958348,1.000000000
POINT1.BLHA=28.31411764,113.38983103,66.772,527.133635
POINT1.MATRIX0=0.222677850,-0.974892084,0.000000000,0.000000000,0.974892084,0.222677850,-0.000000000,0.000000000,-0.000000000,-0.000000000,1.000000000,0.000000000,12.640268698,-0.837460363,61.369853444,1.000000000
