OBJECTMODELPOINTER=03cb70cb-d237-447b-a6f9-7aa6fe918a55.dev
BASEFAMILY=90a98299-f5c5-4efa-be94-c755b683d83c.fam
TRANSFORMMATRIX=0.000000336,1.000000364,-0.000000929,0.000000000,-0.999999636,-0.000000060,0.000001358,0.000000000,-0.000000000,-0.000000000,1.000000000,0.000000000,-6.595060976,0.000000000,69.500000000,1.000000000
ENTITYNAME=Tower_Device
