ENTITYNAME=WIRE
BASEFAMILY=90b0516a-d37b-4690-be92-c77b863deb94.fam
OBJECTMODELPOINTER=81b82497-164d-48c0-b1cb-18fa700dacdf.dev
KVALUE=0.000000
SPLIT=4
POINT0.BLHA=28.26851271,113.48351910,83.112,355.334735
POINT0.MATRIX0=-0.081334298,0.996686878,-0.000000000,0.000000000,-0.996686878,-0.081334298,-0.000000000,0.000000000,0.000000000,0.000000000,1.000000000,0.000000000,-10.002909973,-0.130050666,58.066961594,1.000000000
POINT0.MATRIX1=-0.081334298,0.996686878,-0.000000000,0.000000000,-0.996686878,-0.081334298,-0.000000000,0.000000000,0.000000000,0.000000000,1.000000000,0.000000000,-9.818713214,-0.129961435,58.532064743,1.000000000
POINT0.MATRIX2=-0.081334298,0.996686878,-0.000000000,0.000000000,-0.996686878,-0.081334298,-0.000000000,0.000000000,0.000000000,0.000000000,1.000000000,0.000000000,-10.283148062,-0.129893897,58.715597458,1.000000000
POINT0.MATRIX3=-0.081334298,0.996686878,-0.000000000,0.000000000,-0.996686878,-0.081334298,-0.000000000,0.000000000,0.000000000,0.000000000,1.000000000,0.000000000,-10.467344821,-0.129983128,58.250494308,1.000000000
POINT1.BLHA=28.26851271,113.48351910,83.112,355.334735
POINT1.MATRIX0=-0.081334298,0.996686878,-0.000000000,0.000000000,-0.996686878,-0.081334298,-0.000000000,0.000000000,0.000000000,0.000000000,1.000000000,0.000000000,-10.002911673,-0.000042435,58.066961594,1.000000000
POINT1.MATRIX1=-0.081334298,0.996686878,-0.000000000,0.000000000,-0.996686878,-0.081334298,-0.000000000,0.000000000,0.000000000,0.000000000,1.000000000,0.000000000,-9.818714915,0.000046797,58.532064743,1.000000000
POINT1.MATRIX2=-0.081334298,0.996686878,-0.000000000,0.000000000,-0.996686878,-0.081334298,-0.000000000,0.000000000,0.000000000,0.000000000,1.000000000,0.000000000,-10.283149763,0.000114335,58.715597458,1.000000000
POINT1.MATRIX3=-0.081334298,0.996686878,-0.000000000,0.000000000,-0.996686878,-0.081334298,-0.000000000,0.000000000,0.000000000,0.000000000,1.000000000,0.000000000,-10.467346521,0.000025103,58.250494309,1.000000000
