OBJECTMODELPOINTER=33777c94-e4b9-4947-906f-f84480f3cb99.dev
BASEFAMILY=90bc16f3-1fa7-4edc-9939-57b27bdbd484.fam
BLHA=28.26885822,113.47846971,85.176990,355.334735
TRANSFORMMATRIX=0.000024623,-0.999999998,0.000049826,0.000000000,1.000000000,0.000024623,-0.000001359,0.000000000,0.000001358,0.000049826,0.999999999,0.000000000,8.489420761,318.030413453,38.032875779,1.000000000
ENTITYNAME=Wire_Device
