OBJECTMODELPOINTER=55271a20-86f7-493d-a18b-f0447eb03013.dev
BASEFAMILY=90be42f6-f75d-42c9-ace3-8f976b8822b0.fam
TRANSFORMMATRIX=-0.002447136,0.118029842,-0.993007174,0.000000000,-0.999784878,-0.020734418,0.000000953,0.000000000,-0.020590587,0.992793564,0.118054932,0.000000000,-5.500000000,-0.899999999,44.000000000,1.000000000
ENTITYNAME=Tower_Device
