OBJECTMODELPOINTER=33777c94-e4b9-4947-906f-f84480f3cb99.dev
BASEFAMILY=90c7ea58-95bb-41ce-a792-3d86506ba2df.fam
BLHA=28.31775016,113.38284517,61.633463,329.270898
TRANSFORMMATRIX=0.001431607,-0.999998975,0.000015789,0.000000000,0.999998975,0.001431607,-0.000001506,0.000000000,0.000001484,0.000015792,1.000000000,0.000000000,9.202633987,100.640891270,50.375535876,1.000000000
ENTITYNAME=Wire_Device
