OBJECTMODELPOINTER=33777c94-e4b9-4947-906f-f84480f3cb99.dev
BASEFAMILY=90eabe47-e8ff-4033-b355-e97899e033e7.fam
BLHA=28.42194077,113.37713088,216.761088,254.006183
TRANSFORMMATRIX=-0.000003228,-1.000000000,0.000017161,0.000000000,1.000000000,-0.000003228,0.000000112,0.000000000,-0.000000112,0.000017162,1.000000000,0.000000000,-0.564122540,109.018322102,19.692182185,1.000000000
ENTITYNAME=Wire_Device
