OBJECTMODELPOINTER=808c4256-e1ba-4f27-973b-8f42c20597eb.dev
BASEFAMILY=90eefebe-f2ad-4565-85a6-3f04d7719ab5.fam
TRANSFORMMATRIX=-0.008425732,-0.033764437,-0.999394503,0.000000000,0.970238157,-0.242151843,-0.000001160,0.000000000,-0.242005292,-0.969650660,0.034799959,0.000000000,-13.500000000,0.400000000,67.300000000,1.000000000
ENTITYNAME=Tower_Device
