OBJECTMODELPOINTER=52a67700-7d05-4ae1-8cb0-b4d9b88eac6c.dev
BASEFAMILY=90f5df3b-e506-4353-aec9-fc2448f15ba8.fam
TRANSFORMMATRIX=-0.000237185,0.006402599,-0.999979433,0.000000000,-0.999309877,-0.037146390,0.000000796,0.000000000,-0.037144376,0.999289368,0.006407432,0.000000000,-7.500000001,-0.737500000,58.999999999,1.000000000
ENTITYNAME=Tower_Device
