OBJECTMODELPOINTER=33777c94-e4b9-4947-906f-f84480f3cb99.dev
BASEFAMILY=90f9b22f-7087-4502-977d-829259435958.fam
BLHA=28.75811652,113.46436186,140.284510,236.227775
TRANSFORMMATRIX=-0.000986091,-0.999999513,0.000041959,0.000000000,0.999999514,-0.000986091,-0.000001708,0.000000000,0.000001750,0.000041958,0.999999999,0.000000000,11.789274437,266.896411107,3.440368063,1.000000000
ENTITYNAME=Wire_Device
