OBJECTMODELPOINTER=33777c94-e4b9-4947-906f-f84480f3cb99.dev
BASEFAMILY=9108b309-75dc-490c-8fd6-ebb3587edcf6.fam
BLHA=28.71568525,113.45475484,179.580025,274.089521
TRANSFORMMATRIX=-0.156429708,-0.987689094,0.000017602,0.000000000,0.987689094,-0.156429708,-0.000000093,0.000000000,0.000002845,0.000017371,1.000000000,0.000000000,18.118187170,110.305574232,33.866892085,1.000000000
ENTITYNAME=Wire_Device
