OBJECTMODELPOINTER=33777c94-e4b9-4947-906f-f84480f3cb99.dev
BASEFAMILY=910f8904-2cf9-4bfb-8928-085bd97cd051.fam
BLHA=28.31470596,113.39701913,83.588909,4.996372
TRANSFORMMATRIX=-0.001650485,-0.999998638,0.000005062,0.000000000,0.999998638,-0.001650485,-0.000001063,0.000000000,0.000001071,0.000005060,1.000000000,0.000000000,6.816628294,32.299760110,79.015681577,1.000000000
ENTITYNAME=Wire_Device
