OBJECTMODELPOINTER=33777c94-e4b9-4947-906f-f84480f3cb99.dev
BASEFAMILY=91169b81-9267-4f2a-8456-8e080c1311ca.fam
BLHA=28.28708442,113.44692142,57.763329,308.127846
TRANSFORMMATRIX=0.000585038,-0.999999829,0.000016601,0.000000000,0.999999829,0.000585038,0.000001312,0.000000000,-0.000001322,0.000016601,1.000000000,0.000000000,-8.687638120,105.643351508,35.772430289,1.000000000
ENTITYNAME=Wire_Device
