OBJECTMODELPOINTER=33777c94-e4b9-4947-906f-f84480f3cb99.dev
BASEFAMILY=913fa99d-f372-4c9c-b3cd-877102aa7788.fam
BLHA=28.51174980,113.46636581,279.463297,210.734491
TRANSFORMMATRIX=0.007012877,-0.999975409,0.000039988,0.000000000,0.999975409,0.007012877,0.000001449,0.000000000,-0.000001730,0.000039977,0.999999999,0.000000000,-10.417839488,254.810856342,-13.078145521,1.000000000
ENTITYNAME=Wire_Device
