OBJECTMODELPOINTER=33777c94-e4b9-4947-906f-f84480f3cb99.dev
BASEFAMILY=914bce51-c94d-4fe8-b11c-d69c0c5c2e75.fam
BLHA=28.61307891,113.46689101,233.448700,464.034761
TRANSFORMMATRIX=-0.196535762,0.980496656,0.000028258,0.000000000,-0.980496657,-0.196535763,0.000001193,0.000000000,0.000006723,-0.000027472,1.000000000,0.000000000,43.116242288,-174.562036201,3.940478924,1.000000000
ENTITYNAME=Wire_Device
