OBJECTMODELPOINTER=33777c94-e4b9-4947-906f-f84480f3cb99.dev
BASEFAMILY=9154e684-6917-4fed-9743-f14da901390b.fam
BLHA=28.59525170,113.47626182,222.708449,294.633001
TRANSFORMMATRIX=-0.002322748,-0.999997302,0.000005218,0.000000000,0.999997302,-0.002322749,0.000000012,0.000000000,-0.000000001,0.000005218,1.000000000,0.000000000,-0.068373659,33.163859011,33.582705194,1.000000000
ENTITYNAME=Wire_Device
