OBJECTMODELPOINTER=33777c94-e4b9-4947-906f-f84480f3cb99.dev
BASEFAMILY=915c199c-c4fb-4db6-a272-fa13ba4ddda7.fam
BLHA=28.80679371,113.51083278,186.898436,227.348291
TRANSFORMMATRIX=-0.000022059,-0.999999998,0.000055392,0.000000000,1.000000000,-0.000022059,0.000000375,0.000000000,-0.000000374,0.000055392,0.999999998,0.000000000,-1.474932374,352.596832943,50.577823051,1.000000000
ENTITYNAME=Wire_Device
