OBJECTMODELPOINTER=1830333b-2bed-4ef0-bd4e-a3000e25b697.dev
BASEFAMILY=9160f21d-43fa-4ce2-a9d9-c72872c833d8.fam
TRANSFORMMATRIX=-0.001734184,0.999998607,-0.000001637,0.000000000,-0.999998387,-0.001733376,0.000000112,0.000000000,-0.000000000,0.000000000,1.000000000,0.000000000,0.000000000,0.000000000,63.000000001,1.000000000
ENTITYNAME=Tower_Device
