OBJECTMODELPOINTER=29b19f8b-7f2a-443e-94c9-70bc079adc17.dev
BASEFAMILY=917341a5-c4e0-4a5c-a8a4-6c4ea8f45c48.fam
TRANSFORMMATRIX=-0.999999120,-0.001327106,-0.000000001,0.000000000,0.001327105,-0.999999119,-0.000000001,0.000000000,0.000000000,-0.000000000,1.000000000,0.000000000,-10.800000000,-0.000000000,73.000000000,1.000000000
ENTITYNAME=Tower_Device
