OBJECTMODELPOINTER=1f1260f9-4243-4d35-a08a-dd363d8aa368.dev
BASEFAMILY=91814a13-74b3-4a68-bf96-ae1e5e083698.fam
TRANSFORMMATRIX=0.000000337,1.000000364,-0.000000929,0.000000000,-0.999999636,-0.000000059,0.000001358,0.000000000,0.000000000,-0.000000000,1.000000000,0.000000000,-7.342036586,0.000000000,44.999999999,1.000000000
ENTITYNAME=Tower_Device
