OBJECTMODELPOINTER=33777c94-e4b9-4947-906f-f84480f3cb99.dev
BASEFAMILY=9184e1f1-5e55-459d-bc25-0fe2790704cd.fam
BLHA=28.47949059,113.41307678,290.814083,229.813402
TRANSFORMMATRIX=0.000922624,-0.999999574,0.000018093,0.000000000,0.999999574,0.000922624,0.000002133,0.000000000,-0.000002150,0.000018091,1.000000000,0.000000000,-13.398675760,115.093761697,31.926388428,1.000000000
ENTITYNAME=Wire_Device
