OBJECTMODELPOINTER=33777c94-e4b9-4947-906f-f84480f3cb99.dev
BASEFAMILY=9191b12d-5ede-4613-9882-f394a62db83e.fam
BLHA=28.31534552,113.42043692,48.733934,348.172871
TRANSFORMMATRIX=-0.409298156,-0.912400690,-0.000000014,0.000000000,0.912400690,-0.409298156,0.000001721,0.000000000,-0.000001576,0.000000691,1.000000000,0.000000000,-10.015741054,4.423675519,31.260636208,1.000000000
ENTITYNAME=Wire_Device
