OBJECTMODELPOINTER=33777c94-e4b9-4947-906f-f84480f3cb99.dev
BASEFAMILY=91a33db8-f513-43e6-b8a5-84588b48cf89.fam
BLHA=28.26907527,113.47529619,67.190721,514.001895
TRANSFORMMATRIX=-0.371982030,0.928239930,0.000024846,0.000000000,-0.928239931,-0.371982030,-0.000001887,0.000000000,0.000007491,-0.000023764,1.000000000,0.000000000,47.923396209,-151.635814363,55.835088283,1.000000000
ENTITYNAME=Wire_Device
