OBJECTMODELPOINTER=33777c94-e4b9-4947-906f-f84480f3cb99.dev
BASEFAMILY=91a60d0c-f155-4131-9d3e-8bd90534b728.fam
BLHA=28.39175425,113.36683981,143.500019,249.667673
TRANSFORMMATRIX=0.002627968,-0.999996547,0.000015730,0.000000000,0.999996547,0.002627968,-0.000001980,0.000000000,0.000001939,0.000015736,1.000000000,0.000000000,12.533447860,100.005413679,32.292308777,1.000000000
ENTITYNAME=Wire_Device
