OBJECTMODELPOINTER=33777c94-e4b9-4947-906f-f84480f3cb99.dev
BASEFAMILY=91b6fdaa-d5ac-42dd-8263-22fdd69bfb55.fam
BLHA=28.53971514,113.51008635,497.099735,255.750198
TRANSFORMMATRIX=-0.001217402,-0.999999255,0.000093513,0.000000000,0.999999259,-0.001217402,0.000000497,0.000000000,-0.000000383,0.000093512,0.999999996,0.000000000,-1.711022424,594.037993177,-9.179329655,1.000000000
ENTITYNAME=Wire_Device
