OBJECTMODELPOINTER=4d2effb9-42db-4c5c-9369-bb017f7876c0.dev
BASEFAMILY=91ba677c-54f7-480e-a715-66d1dcd6f4b0.fam
TRANSFORMMATRIX=-0.999996559,0.002623546,-0.000000003,0.000000000,-0.002623547,-0.999996558,0.000000001,0.000000000,0.000000000,0.000000000,1.000000000,0.000000000,11.320000000,0.320000001,64.000000000,1.000000000
ENTITYNAME=Tower_Device
