OBJECTMODELPOINTER=33777c94-e4b9-4947-906f-f84480f3cb99.dev
BASEFAMILY=91cdc80b-75dd-40a6-837e-b2484c2db37b.fam
BLHA=28.49573132,113.43033310,334.786047,224.957371
TRANSFORMMATRIX=-0.000010966,-0.999999999,0.000030369,0.000000000,1.000000000,-0.000010966,0.000000227,0.000000000,-0.000000227,0.000030369,1.000000000,0.000000000,-0.942658061,193.349754260,18.874715221,1.000000000
ENTITYNAME=Wire_Device
