OBJECTMODELPOINTER=51b7efde-ab43-42d1-ba46-3f8421bbe766.dev
BASEFAMILY=91ecf4d8-ede5-469e-a3c1-655ae097f0df.fam
TRANSFORMMATRIX=-0.999988412,0.004814167,-0.000000006,0.000000000,-0.004814171,-0.999988412,-0.000000001,0.000000000,-0.000000000,0.000000000,1.000000000,0.000000000,-10.610000000,0.000000000,55.000000000,1.000000000
ENTITYNAME=Tower_Device
