OBJECTMODELPOINTER=33777c94-e4b9-4947-906f-f84480f3cb99.dev
BASEFAMILY=91ec4efb-6949-46ce-a005-ff3d3aaf5b3f.fam
BLHA=28.59065738,113.47867622,222.763908,291.241310
TRANSFORMMATRIX=0.000005025,-1.000000000,-0.000000068,0.000000000,1.000000000,0.000005025,-0.000001176,0.000000000,0.000001175,-0.000000068,1.000000000,0.000000000,7.502025556,-0.446783540,37.434769653,1.000000000
ENTITYNAME=Wire_Device
