OBJECTMODELPOINTER=33777c94-e4b9-4947-906f-f84480f3cb99.dev
BASEFAMILY=91ee6048-6ac9-4208-8c00-b99ad5626eaa.fam
BLHA=28.65134658,113.46259240,159.100648,277.610658
TRANSFORMMATRIX=0.000003706,-0.999999999,0.000040553,0.000000000,1.000000000,0.000003707,0.000002014,0.000000000,-0.000002014,0.000040554,0.999999999,0.000000000,-13.028339652,257.557447364,19.045699852,1.000000000
ENTITYNAME=Wire_Device
