OBJECTMODELPOINTER=33777c94-e4b9-4947-906f-f84480f3cb99.dev
BASEFAMILY=91f3243e-803a-4560-829b-888f9304119a.fam
BLHA=28.29509828,113.44289412,61.743516,287.794387
TRANSFORMMATRIX=0.000011159,-0.999999998,0.000060637,0.000000000,1.000000000,0.000011159,0.000001240,0.000000000,-0.000001241,0.000060637,0.999999998,0.000000000,-8.502398459,385.239222222,41.223221201,1.000000000
ENTITYNAME=Wire_Device
