OBJECTMODELPOINTER=33777c94-e4b9-4947-906f-f84480f3cb99.dev
BASEFAMILY=91f360c8-4d99-4422-8723-ac885a69efe4.fam
BLHA=28.35569166,113.36081333,82.535643,278.143009
TRANSFORMMATRIX=-0.003431817,-0.999994111,0.000028027,0.000000000,0.999994111,-0.003431816,0.000002215,0.000000000,-0.000002119,0.000028034,1.000000000,0.000000000,-13.654353699,178.044428691,52.119353174,1.000000000
ENTITYNAME=Wire_Device
