OBJECTMODELPOINTER=33777c94-e4b9-4947-906f-f84480f3cb99.dev
BASEFAMILY=91f5f79b-0dcb-4f0c-a565-aa3c6122410c.fam
BLHA=28.52615363,113.49352553,361.372655,210.734491
TRANSFORMMATRIX=0.001648224,-0.999998640,0.000049840,0.000000000,0.999998642,0.001648224,-0.000001769,0.000000000,0.000001687,0.000049843,0.999999999,0.000000000,11.448021430,317.764154179,55.295147829,1.000000000
ENTITYNAME=Wire_Device
