OBJECTMODELPOINTER=33777c94-e4b9-4947-906f-f84480f3cb99.dev
BASEFAMILY=920dc3ee-76be-4099-98a6-75c9019b43aa.fam
BLHA=28.27407839,113.47004129,94.944746,312.669055
TRANSFORMMATRIX=-0.001229132,-0.999999244,0.000018844,0.000000000,0.999999245,-0.001229132,-0.000000981,0.000000000,0.000001005,0.000018843,1.000000000,0.000000000,6.084983389,119.918351806,43.864184269,1.000000000
ENTITYNAME=Wire_Device
