OBJECTMODELPOINTER=9103c4f6-d62e-4659-96a5-e28fd0e5c5c1.dev
BASEFAMILY=922233c7-67bd-4866-b40a-e24fa03a12bb.fam
TRANSFORMMATRIX=0.007576416,-0.347109053,-0.937793559,0.000000000,-0.999762436,-0.021822369,-0.000000670,0.000000000,-0.020465548,0.937570403,-0.347192886,0.000000000,5.500000000,-0.900000000,44.000000000,1.000000000
ENTITYNAME=Tower_Device
