OBJECTMODELPOINTER=715a8f06-474c-418a-8bde-b8ce7c2989d2.dev
BASEFAMILY=923d6e31-ae51-4cad-ba03-b5d4cc770130.fam
TRANSFORMMATRIX=1.000000000,-0.000000000,-0.000000000,0.000000000,-0.000000000,1.000000000,-0.000000000,0.000000000,0.000000000,0.000000000,1.000000000,0.000000000,0.000000000,0.000000000,0.000000000,1.000000000
ENTITYNAME=Tower_Device
