OBJECTMODELPOINTER=33777c94-e4b9-4947-906f-f84480f3cb99.dev
BASEFAMILY=92486988-4867-4530-b044-5ac686ec9668.fam
BLHA=28.33513056,113.36426418,74.466119,467.201749
TRANSFORMMATRIX=-0.000036236,0.999999999,-0.000000083,0.000000000,-0.999999999,-0.000036236,0.000001175,0.000000000,0.000001174,0.000000084,1.000000000,0.000000000,7.496859994,0.519733035,37.435101916,1.000000000
ENTITYNAME=Wire_Device
