OBJECTMODELPOINTER=33777c94-e4b9-4947-906f-f84480f3cb99.dev
BASEFAMILY=924f4cd9-7aba-4fa5-ab0e-7b4b8584e2b9.fam
BLHA=28.44311633,113.38759173,262.560023,242.026912
TRANSFORMMATRIX=-0.000006005,-1.000000000,0.000026288,0.000000000,1.000000000,-0.000006005,0.000002052,0.000000000,-0.000002051,0.000026289,1.000000000,0.000000000,-12.720942357,167.098500475,49.157922246,1.000000000
ENTITYNAME=Wire_Device
