OBJECTMODELPOINTER=33777c94-e4b9-4947-906f-f84480f3cb99.dev
BASEFAMILY=9254bb95-3b4b-4924-b304-e81a92fa357d.fam
BLHA=28.29509828,113.44289412,61.743516,287.794387
TRANSFORMMATRIX=0.000007574,-0.999999999,0.000037901,0.000000000,1.000000000,0.000007574,0.000001601,0.000000000,-0.000001602,0.000037901,0.999999999,0.000000000,-10.583685870,240.798257128,22.934031882,1.000000000
ENTITYNAME=Wire_Device
