OBJECTMODELPOINTER=33777c94-e4b9-4947-906f-f84480f3cb99.dev
BASEFAMILY=925b4820-9444-49c6-8881-1042f4b32659.fam
BLHA=28.60189794,113.47276867,201.465001,294.633001
TRANSFORMMATRIX=0.000005937,-1.000000000,0.000023991,0.000000000,1.000000000,0.000005937,0.000000058,0.000000000,-0.000000059,0.000023990,1.000000000,0.000000000,-0.671770246,152.486694089,33.508186276,1.000000000
ENTITYNAME=Wire_Device
