OBJECTMODELPOINTER=33777c94-e4b9-4947-906f-f84480f3cb99.dev
BASEFAMILY=9266e1b7-8a5a-4ca9-953b-477cea68e711.fam
BLHA=28.31510010,113.40690744,78.265120,0.896163
TRANSFORMMATRIX=0.002055879,-0.999997887,0.000015971,0.000000000,0.999997887,0.002055879,-0.000001473,0.000000000,0.000001439,0.000015975,1.000000000,0.000000000,9.151121996,101.966103019,44.556769747,1.000000000
ENTITYNAME=Wire_Device
