OBJECTMODELPOINTER=33777c94-e4b9-4947-906f-f84480f3cb99.dev
BASEFAMILY=926bddbd-c484-4c36-b1df-5e80fb888b4c.fam
BLHA=28.81044857,113.51462416,146.504318,227.348291
TRANSFORMMATRIX=-0.000000330,-1.000000000,0.000004820,0.000000000,1.000000000,-0.000000330,0.000000036,0.000000000,-0.000000036,0.000004820,1.000000000,0.000000000,-0.150341422,30.679216916,43.320029097,1.000000000
ENTITYNAME=Wire_Device
