OBJECTMODELPOINTER=33777c94-e4b9-4947-906f-f84480f3cb99.dev
BASEFAMILY=926ed2e8-cbcb-42a3-a8f7-8c26b8ac7d68.fam
BLHA=28.33182616,113.36613124,59.967362,296.260490
TRANSFORMMATRIX=-0.011171670,-0.999937594,0.000047310,0.000000000,0.999937595,-0.011171670,0.000002014,0.000000000,-0.000001485,0.000047329,0.999999999,0.000000000,-10.092931534,300.861803123,28.030816192,1.000000000
ENTITYNAME=Wire_Device
