ENTITYNAME=WIRE
BASEFAMILY=92746a33-a06d-4fa4-a84a-734b91032dfe.fam
OBJECTMODELPOINTER=81b82497-164d-48c0-b1cb-18fa700dacdf.dev
KVALUE=0.093785
SPLIT=4
POINT0.BLHA=28.63338498,113.46540590,167.944,275.523589
POINT0.MATRIX0=-0.995356654,0.096255554,-0.000000000,0.000000000,-0.096255554,-0.995356654,0.000000000,0.000000000,-0.000000000,0.000000000,1.000000000,0.000000000,8.014995978,0.000885205,25.789999594,1.000000000
POINT0.MATRIX1=-0.995356654,0.096255554,-0.000000000,0.000000000,-0.096255554,-0.995356654,0.000000000,0.000000000,-0.000000000,0.000000000,1.000000000,0.000000000,8.014995978,0.000885206,26.239999598,1.000000000
POINT0.MATRIX2=-0.995356654,0.096255554,-0.000000000,0.000000000,-0.096255554,-0.995356654,0.000000000,0.000000000,-0.000000000,0.000000000,1.000000000,0.000000000,7.564996035,0.000885265,26.239999597,1.000000000
POINT0.MATRIX3=-0.995356654,0.096255554,-0.000000000,0.000000000,-0.096255554,-0.995356654,0.000000000,0.000000000,-0.000000000,0.000000000,1.000000000,0.000000000,7.564996035,0.000885265,25.789999594,1.000000000
POINT1.BLHA=28.63338498,113.46540590,167.944,275.523589
POINT1.MATRIX0=-0.995356654,0.096255554,-0.000000000,0.000000000,-0.096255554,-0.995356654,0.000000000,0.000000000,-0.000000000,0.000000000,1.000000000,0.000000000,8.450925111,8.974157625,29.004861659,1.000000000
POINT1.MATRIX1=-0.995356654,0.096255554,-0.000000000,0.000000000,-0.096255554,-0.995356654,0.000000000,0.000000000,-0.000000000,0.000000000,1.000000000,0.000000000,8.528339035,9.748239755,29.464908427,1.000000000
POINT1.MATRIX2=-0.995356654,0.096255554,-0.000000000,0.000000000,-0.096255554,-0.995356654,0.000000000,0.000000000,-0.000000000,0.000000000,1.000000000,0.000000000,8.029172746,9.775907943,29.464885538,1.000000000
POINT1.MATRIX3=-0.995356654,0.096255554,-0.000000000,0.000000000,-0.096255554,-0.995356654,0.000000000,0.000000000,-0.000000000,0.000000000,1.000000000,0.000000000,7.951664823,9.000853785,29.004861658,1.000000000
