OBJECTMODELPOINTER=33777c94-e4b9-4947-906f-f84480f3cb99.dev
BASEFAMILY=92788c2a-130a-47b6-97bd-211a938c6596.fam
BLHA=28.45855791,113.39675815,237.532667,242.026912
TRANSFORMMATRIX=0.004352313,-0.999990528,0.000026291,0.000000000,0.999990529,0.004352313,-0.000001902,0.000000000,0.000001787,0.000026299,1.000000000,0.000000000,11.756018771,167.221671935,47.424384043,1.000000000
ENTITYNAME=Wire_Device
