OBJECTMODELPOINTER=33777c94-e4b9-4947-906f-f84480f3cb99.dev
BASEFAMILY=927ed807-a2d8-4bdc-86c7-ea9f8d3a5881.fam
BLHA=28.46688419,113.40170203,216.340862,242.026912
TRANSFORMMATRIX=-0.000016275,-0.999999997,0.000073905,0.000000000,1.000000000,-0.000016275,0.000000531,0.000000000,-0.000000530,0.000073904,0.999999997,0.000000000,-2.364084763,469.841277760,42.069821651,1.000000000
ENTITYNAME=Wire_Device
