OBJECTMODELPOINTER=33777c94-e4b9-4947-906f-f84480f3cb99.dev
BASEFAMILY=927ee37d-1b22-4c23-9ff6-23cbcc4718dd.fam
BLHA=28.47949059,113.41307678,290.814083,229.813402
TRANSFORMMATRIX=0.000926779,-0.999999571,0.000006104,0.000000000,0.999999571,0.000926779,0.000002044,0.000000000,-0.000002050,0.000006102,1.000000000,0.000000000,-12.955222414,38.803061865,36.875371696,1.000000000
ENTITYNAME=Wire_Device
