OBJECTMODELPOINTER=33777c94-e4b9-4947-906f-f84480f3cb99.dev
BASEFAMILY=92a492da-09da-4e42-bf0f-86a8b4e2ed11.fam
BLHA=28.62772353,113.46582002,199.212660,273.436520
TRANSFORMMATRIX=0.000002024,-0.999999999,0.000050456,0.000000000,1.000000000,0.000002025,0.000000209,0.000000000,-0.000000209,0.000050455,0.999999999,0.000000000,-1.431265856,320.415787298,14.491887196,1.000000000
ENTITYNAME=Wire_Device
