OBJECTMODELPOINTER=33777c94-e4b9-4947-906f-f84480f3cb99.dev
BASEFAMILY=92a97224-2323-4fb2-80a9-f87e30308160.fam
BLHA=28.28912608,113.44509395,57.000023,477.961117
TRANSFORMMATRIX=-0.169941907,0.985454082,0.000000388,0.000000000,-0.985454082,-0.169941907,-0.000001920,0.000000000,-0.000001826,-0.000000708,1.000000000,0.000000000,-11.631459806,-4.479625957,36.611649715,1.000000000
ENTITYNAME=Wire_Device
