OBJECTMODELPOINTER=33777c94-e4b9-4947-906f-f84480f3cb99.dev
BASEFAMILY=92b400c1-8f84-41b8-b8e9-6cec50f9911b.fam
BLHA=28.68698006,113.45743042,187.111712,277.425083
TRANSFORMMATRIX=0.010619860,-0.999943607,0.000036923,0.000000000,0.999943608,0.010619860,-0.000001719,0.000000000,0.000001327,0.000036938,0.999999999,0.000000000,8.315305093,234.589243567,14.077038499,1.000000000
ENTITYNAME=Wire_Device
