OBJECTMODELPOINTER=33777c94-e4b9-4947-906f-f84480f3cb99.dev
BASEFAMILY=92b6a265-4e3f-4d11-979c-dd0137ef5dd2.fam
BLHA=28.34583559,113.36246769,78.593273,278.143009
TRANSFORMMATRIX=-0.003868758,-0.999992516,0.000029595,0.000000000,0.999992516,-0.003868758,0.000002222,0.000000000,-0.000002108,0.000029603,1.000000000,0.000000000,-13.587980988,188.005387030,43.990306983,1.000000000
ENTITYNAME=Wire_Device
