OBJECTMODELPOINTER=02fc315e-6eb0-43cc-a99d-d07e7956cba0.dev
BASEFAMILY=92c71525-ba91-4364-8016-ab2616ab74bc.fam
TRANSFORMMATRIX=0.000000458,1.000000392,0.000001045,0.000000000,-0.999999608,0.000000198,-0.000001269,0.000000000,-0.000000000,-0.000000000,1.000000000,0.000000000,7.815000000,-0.000000000,59.299999999,1.000000000
ENTITYNAME=Tower_Device
