OBJECTMODELPOINTER=04238bf3-1a40-46dc-95d0-d3979b56c738.dev
BASEFAMILY=92cd96bc-bc50-4e87-8bee-69e64e80a58a.fam
TRANSFORMMATRIX=-0.015972740,0.067175703,-0.997613503,0.000000000,-0.972879912,-0.231309904,-0.000001162,0.000000000,-0.230757833,0.970558149,0.069048553,0.000000000,5.499999999,-0.900000000,44.000000000,1.000000000
ENTITYNAME=Tower_Device
