OBJECTMODELPOINTER=33777c94-e4b9-4947-906f-f84480f3cb99.dev
BASEFAMILY=92d6acde-ff1f-4c5e-9873-509d7f9e5547.fam
BLHA=28.51511181,113.47270360,348.782405,210.734491
TRANSFORMMATRIX=0.001176034,-0.999999306,0.000070523,0.000000000,0.999999308,0.001176034,-0.000001621,0.000000000,0.000001537,0.000070525,0.999999997,0.000000000,10.801674643,449.604716140,57.480070924,1.000000000
ENTITYNAME=Wire_Device
