ENTITYNAME=WIRE
BASEFAMILY=92d96743-cb3c-496a-bb38-79948c47597c.fam
OBJECTMODELPOINTER=81b82497-164d-48c0-b1cb-18fa700dacdf.dev
KVALUE=0.000385
SPLIT=4
POINT0.BLHA=28.30786495,113.43629033,62.970,307.005893
POINT0.MATRIX0=-0.798573609,0.601897160,-0.000000000,0.000000000,-0.601897160,-0.798573609,-0.000000000,0.000000000,0.000000000,-0.000000000,1.000000000,0.000000000,-6.588473724,0.129959002,61.366815464,1.000000000
POINT0.MATRIX1=-0.798573609,0.601897160,-0.000000000,0.000000000,-0.601897160,-0.798573609,-0.000000000,0.000000000,0.000000000,-0.000000000,1.000000000,0.000000000,-6.401264380,0.130710940,61.830667393,1.000000000
POINT0.MATRIX2=-0.798573609,0.601897160,-0.000000000,0.000000000,-0.601897160,-0.798573609,-0.000000000,0.000000000,0.000000000,-0.000000000,1.000000000,0.000000000,-6.865181900,0.130627995,62.017328159,1.000000000
POINT0.MATRIX3=-0.798573609,0.601897160,-0.000000000,0.000000000,-0.601897160,-0.798573609,-0.000000000,0.000000000,0.000000000,-0.000000000,1.000000000,0.000000000,-7.052391242,0.129876057,61.553476231,1.000000000
POINT1.BLHA=28.30572385,113.43813150,65.831,307.005893
POINT1.MATRIX0=-0.798573609,0.601897160,0.000000000,0.000000000,-0.601897160,-0.798573609,0.000000000,0.000000000,-0.000000000,0.000000000,1.000000000,0.000000000,-6.588838808,-0.130472816,61.366732210,1.000000000
POINT1.MATRIX1=-0.798573609,0.601897160,0.000000000,0.000000000,-0.601897160,-0.798573609,0.000000000,0.000000000,-0.000000000,0.000000000,1.000000000,0.000000000,-6.401629465,-0.129720877,61.830584139,1.000000000
POINT1.MATRIX2=-0.798573609,0.601897160,0.000000000,0.000000000,-0.601897160,-0.798573609,0.000000000,0.000000000,-0.000000000,0.000000000,1.000000000,0.000000000,-6.865546984,-0.129803823,62.017244906,1.000000000
POINT1.MATRIX3=-0.798573609,0.601897160,0.000000000,0.000000000,-0.601897160,-0.798573609,0.000000000,0.000000000,-0.000000000,0.000000000,1.000000000,0.000000000,-7.052756328,-0.130555761,61.553392977,1.000000000
