OBJECTMODELPOINTER=33777c94-e4b9-4947-906f-f84480f3cb99.dev
BASEFAMILY=92daa942-271f-443d-8f83-969c3d670e1a.fam
BLHA=28.77096466,113.47401910,153.559218,236.227775
TRANSFORMMATRIX=0.001719480,-0.999998521,0.000028885,0.000000000,0.999998522,0.001719480,0.000002194,0.000000000,-0.000002244,0.000028881,1.000000000,0.000000000,-13.858921745,183.665502626,10.579573582,1.000000000
ENTITYNAME=Wire_Device
