OBJECTMODELPOINTER=33777c94-e4b9-4947-906f-f84480f3cb99.dev
BASEFAMILY=92e2337f-34e6-4c42-a14e-72c3f9297515.fam
BLHA=28.79022096,113.49139881,176.212376,221.400685
TRANSFORMMATRIX=0.001013702,-0.999999486,0.000028922,0.000000000,0.999999486,0.001013702,0.000002198,0.000000000,-0.000002227,0.000028919,1.000000000,0.000000000,-13.705261906,184.150309045,1.331184689,1.000000000
ENTITYNAME=Wire_Device
