ENTITYNAME=WIRE
BASEFAMILY=92e45a20-f18d-426e-96fd-d074a38c6605.fam
OBJECTMODELPOINTER=81b82497-164d-48c0-b1cb-18fa700dacdf.dev
KVALUE=0.000000
SPLIT=4
POINT0.BLHA=28.49972812,113.43660808,222.066,200.251669
POINT0.MATRIX0=-0.346144382,-0.938181255,0.000000000,0.000000000,0.938181255,-0.346144382,0.000000000,0.000000000,0.000000000,-0.000000000,1.000000000,0.000000000,0.182267959,-0.000097291,59.478134867,1.000000000
POINT0.MATRIX1=-0.346144382,-0.938181255,0.000000000,0.000000000,0.938181255,-0.346144382,0.000000000,0.000000000,0.000000000,-0.000000000,1.000000000,0.000000000,0.215568558,-0.000120409,59.926907297,1.000000000
POINT0.MATRIX2=-0.346144382,-0.938181255,0.000000000,0.000000000,0.938181255,-0.346144382,0.000000000,0.000000000,0.000000000,-0.000000000,1.000000000,0.000000000,-0.233536717,0.000008347,59.960167643,1.000000000
POINT0.MATRIX3=-0.346144382,-0.938181255,0.000000000,0.000000000,0.938181255,-0.346144382,0.000000000,0.000000000,0.000000000,-0.000000000,1.000000000,0.000000000,-0.266837316,0.000031464,59.511399027,1.000000000
POINT1.BLHA=28.49972812,113.43660808,222.066,200.251669
POINT1.MATRIX0=-0.346144382,-0.938181255,0.000000000,0.000000000,0.938181255,-0.346144382,0.000000000,0.000000000,0.000000000,-0.000000000,1.000000000,0.000000000,0.182266271,0.119900769,59.478134867,1.000000000
POINT1.MATRIX1=-0.346144382,-0.938181255,0.000000000,0.000000000,0.938181255,-0.346144382,0.000000000,0.000000000,0.000000000,-0.000000000,1.000000000,0.000000000,0.215566870,0.119877651,59.926907297,1.000000000
POINT1.MATRIX2=-0.346144382,-0.938181255,0.000000000,0.000000000,0.938181255,-0.346144382,0.000000000,0.000000000,0.000000000,-0.000000000,1.000000000,0.000000000,-0.233538405,0.120006407,59.960167643,1.000000000
POINT1.MATRIX3=-0.346144382,-0.938181255,0.000000000,0.000000000,0.938181255,-0.346144382,0.000000000,0.000000000,0.000000000,-0.000000000,1.000000000,0.000000000,-0.266839005,0.120029524,59.511399027,1.000000000
