OBJECTMODELPOINTER=33777c94-e4b9-4947-906f-f84480f3cb99.dev
BASEFAMILY=92e95344-a32d-4428-9873-f0060f7ad4bf.fam
BLHA=28.30572385,113.43813150,65.831158,307.005893
TRANSFORMMATRIX=-0.006197597,-0.999980795,0.000004347,0.000000000,0.999980795,-0.006197597,-0.000001122,0.000000000,0.000001149,0.000004340,1.000000000,0.000000000,7.251491819,27.590031009,34.403553139,1.000000000
ENTITYNAME=Wire_Device
