OBJECTMODELPOINTER=33777c94-e4b9-4947-906f-f84480f3cb99.dev
BASEFAMILY=92eb61cb-ba11-4462-9f53-852cb1c5bc57.fam
BLHA=28.51174980,113.46636581,279.463297,210.734491
TRANSFORMMATRIX=-0.007043950,-0.999975191,0.000028451,0.000000000,0.999975191,-0.007043951,-0.000000987,0.000000000,0.000001187,0.000028444,1.000000000,0.000000000,7.962024476,181.335937656,-5.550744051,1.000000000
ENTITYNAME=Wire_Device
