OBJECTMODELPOINTER=33777c94-e4b9-4947-906f-f84480f3cb99.dev
BASEFAMILY=92f1a281-e9df-4582-a307-4bdba47e61d0.fam
BLHA=28.31411764,113.38983103,66.771612,527.133635
TRANSFORMMATRIX=-0.307779080,0.951457848,0.000017805,0.000000000,-0.951457849,-0.307779080,0.000001186,0.000000000,0.000006608,-0.000016576,1.000000000,0.000000000,42.094013835,-105.827010233,71.394351790,1.000000000
ENTITYNAME=Wire_Device
