OBJECTMODELPOINTER=59fd1698-4d5a-43df-8b28-bede790e7aab.dev
BASEFAMILY=92fcd306-2dd7-4a3c-ad9d-63cb3cabac9d.fam
TRANSFORMMATRIX=-0.007983772,-0.999967856,0.000000672,0.000000000,0.999968397,-0.007984402,-0.000001493,0.000000000,-0.000000000,0.000000000,1.000000000,0.000000000,11.870000000,0.600000001,39.000000000,1.000000000
ENTITYNAME=Tower_Device
