OBJECTMODELPOINTER=33777c94-e4b9-4947-906f-f84480f3cb99.dev
BASEFAMILY=9302cfca-1c0e-4d98-ac45-eb1276c51b5b.fam
BLHA=28.79669223,113.49966037,193.055862,221.400685
TRANSFORMMATRIX=-0.000022047,-0.999999998,0.000060854,0.000000000,1.000000000,-0.000022047,0.000002413,0.000000000,-0.000002412,0.000060854,0.999999998,0.000000000,-14.360022481,387.538345478,21.990396596,1.000000000
ENTITYNAME=Wire_Device
