ENTITYNAME=WIRE
BASEFAMILY=9302414c-b192-40c0-ad9b-a9101c583969.fam
OBJECTMODELPOINTER=31970f28-780e-4bf1-8adb-439f78c329a3.dev
KVALUE=0.000235
SPLIT=1
POINT0.BLHA=28.27757020,113.46637333,93.774,312.669055
POINT0.MATRIX0=-0.735280751,0.677762655,0.000000000,0.000000000,-0.677762655,-0.735280751,0.000000000,0.000000000,-0.000000000,-0.000000000,1.000000000,0.000000000,-11.500389153,0.310540189,84.658009531,1.000000000
POINT1.BLHA=28.27407839,113.47004129,94.945,312.669055
POINT1.MATRIX0=-0.735280751,0.677762655,0.000000000,0.000000000,-0.677762655,-0.735280751,0.000000000,0.000000000,0.000000000,0.000000000,1.000000000,0.000000000,-10.799705695,-0.309423092,69.558000511,1.000000000
