OBJECTMODELPOINTER=01d67f9c-3901-4808-83d0-5be3217a550f.dev
BASEFAMILY=9303e9dd-4ed1-4378-b8b1-1c7b66dd388c.fam
TRANSFORMMATRIX=0.000000412,0.999999958,-0.000000020,0.000000000,-1.000000042,-0.000000412,0.000001645,0.000000000,0.000000000,0.000000000,1.000000000,0.000000000,9.500000000,0.000000000,58.999999999,1.000000000
ENTITYNAME=Tower_Device
