OBJECTMODELPOINTER=33777c94-e4b9-4947-906f-f84480f3cb99.dev
BASEFAMILY=93042202-5dbc-4d4f-8a8f-7ed7e1202cfc.fam
BLHA=28.42674606,113.37865854,204.106778,254.006183
TRANSFORMMATRIX=-0.000010359,-0.999999997,0.000071396,0.000000000,1.000000000,-0.000010359,0.000000466,0.000000000,-0.000000465,0.000071396,0.999999997,0.000000000,-2.341439163,453.551697462,33.525464754,1.000000000
ENTITYNAME=Wire_Device
