OBJECTMODELPOINTER=33777c94-e4b9-4947-906f-f84480f3cb99.dev
BASEFAMILY=930e25b9-9977-4e7d-ac0c-9aa87ef21a03.fam
BLHA=28.32292443,113.37625760,67.775568,311.415680
TRANSFORMMATRIX=-0.001732534,-0.999998498,0.000047248,0.000000000,0.999998499,-0.001732534,-0.000000911,0.000000000,0.000000993,0.000047246,0.999999999,0.000000000,5.543135307,300.675539777,33.212320426,1.000000000
ENTITYNAME=Wire_Device
