OBJECTMODELPOINTER=0e312739-8609-4a3d-966c-75d05d59356d.dev
BASEFAMILY=9315265e-5147-4136-a884-bac270a52fa5.fam
TRANSFORMMATRIX=-1.000000000,0.000000000,-0.000000000,0.000000000,-0.000000000,-1.000000000,0.000000000,0.000000000,0.000000000,-0.000000000,1.000000000,0.000000000,5.396982326,5.397131424,-0.000005389,1.000000000
ENTITYNAME=Tower_Device
