OBJECTMODELPOINTER=10668fd1-68a0-477c-9ce5-109f407cfd08.dev
BASEFAMILY=9325dfae-42e4-46a7-9adb-915ba4e38ce6.fam
TRANSFORMMATRIX=0.000000071,1.000000411,-0.000001299,0.000000000,-0.999999589,0.000000175,0.000001008,0.000000000,-0.000000000,0.000000000,1.000000000,0.000000000,9.342000000,-0.000000000,56.550000001,1.000000000
ENTITYNAME=Tower_Device
