OBJECTMODELPOINTER=33777c94-e4b9-4947-906f-f84480f3cb99.dev
BASEFAMILY=9332a8d2-7cdb-4489-9542-1069f12f2f67.fam
BLHA=28.31925198,113.37995663,64.126344,500.343289
TRANSFORMMATRIX=-0.153512944,0.988146636,0.000037592,0.000000000,-0.988146637,-0.153512944,0.000001476,0.000000000,0.000007229,-0.000036920,0.999999999,0.000000000,46.603042266,-235.279230564,38.525220755,1.000000000
ENTITYNAME=Wire_Device
