OBJECTMODELPOINTER=8544905e-a26f-4817-9198-18ac9d7eb999.dev
BASEFAMILY=9337f394-6bb9-46d1-8072-58766cfef64f.fam
TRANSFORMMATRIX=0.000000175,0.999999622,0.000000795,0.000000000,-1.000000378,-0.000000175,0.000001438,0.000000000,0.000000000,-0.000000000,1.000000000,0.000000000,7.500000000,4.000000000,43.000000000,1.000000000
ENTITYNAME=Tower_Device
