OBJECTMODELPOINTER=33777c94-e4b9-4947-906f-f84480f3cb99.dev
BASEFAMILY=933e6bad-4053-41dd-90d9-eb56f4aa50e2.fam
BLHA=28.50118026,113.44100017,250.748283,200.251669
TRANSFORMMATRIX=-0.003198614,-0.999994883,0.000057524,0.000000000,0.999994884,-0.003198614,-0.000001501,0.000000000,0.000001685,0.000057518,0.999999998,0.000000000,11.322167282,366.946563975,19.916113951,1.000000000
ENTITYNAME=Wire_Device
