OBJECTMODELPOINTER=33777c94-e4b9-4947-906f-f84480f3cb99.dev
BASEFAMILY=93505486-b7b6-46a8-8bd7-6bb8feabd500.fam
BLHA=28.28033977,113.46346380,83.899072,326.450928
TRANSFORMMATRIX=-0.237775244,-0.971320200,0.000038947,0.000000000,0.971320201,-0.237775245,-0.000001046,0.000000000,0.000010277,0.000037582,0.999999999,0.000000000,64.786725952,239.347203356,60.136971528,1.000000000
ENTITYNAME=Wire_Device
