OBJECTMODELPOINTER=33777c94-e4b9-4947-906f-f84480f3cb99.dev
BASEFAMILY=9351d100-cea0-4eff-8bd4-9250946e5801.fam
BLHA=28.81479133,113.52057006,101.431429,372.952022
TRANSFORMMATRIX=-0.338614103,0.940925337,0.000000220,0.000000000,-0.940925337,-0.338614103,-0.000001700,0.000000000,-0.000001525,-0.000000783,1.000000000,0.000000000,-9.692625935,-5.006849671,25.463663674,1.000000000
ENTITYNAME=Wire_Device
