ENTITYNAME=WIRE
BASEFAMILY=9354a4cf-2c07-4901-af89-5c2d55415d45.fam
OBJECTMODELPOINTER=81b82497-164d-48c0-b1cb-18fa700dacdf.dev
KVALUE=0.000000
SPLIT=4
POINT0.BLHA=28.70605444,113.45451077,165.913,277.425083
POINT0.MATRIX0=-0.991614682,0.129229724,-0.000000000,0.000000000,-0.129229724,-0.991614682,0.000000000,0.000000000,-0.000000000,-0.000000000,1.000000000,0.000000000,13.545601614,-0.109233064,51.999998648,1.000000000
POINT0.MATRIX1=-0.991614682,0.129229724,-0.000000000,0.000000000,-0.129229724,-0.991614682,0.000000000,0.000000000,-0.000000000,-0.000000000,1.000000000,0.000000000,13.545601614,-0.109233064,52.449995597,1.000000000
POINT0.MATRIX2=-0.991614682,0.129229724,-0.000000000,0.000000000,-0.129229724,-0.991614682,0.000000000,0.000000000,-0.000000000,-0.000000000,1.000000000,0.000000000,13.095724866,-0.109693225,52.449995597,1.000000000
POINT0.MATRIX3=-0.991614682,0.129229724,-0.000000000,0.000000000,-0.129229724,-0.991614682,0.000000000,0.000000000,-0.000000000,-0.000000000,1.000000000,0.000000000,13.095724866,-0.109693225,51.999998648,1.000000000
POINT1.BLHA=28.70605444,113.45451077,165.913,277.425083
POINT1.MATRIX0=-0.991614682,0.129229724,-0.000000000,0.000000000,-0.129229724,-0.991614682,0.000000000,0.000000000,-0.000000000,-0.000000000,1.000000000,0.000000000,13.545055376,0.000768715,51.999998648,1.000000000
POINT1.MATRIX1=-0.991614682,0.129229724,-0.000000000,0.000000000,-0.129229724,-0.991614682,0.000000000,0.000000000,-0.000000000,-0.000000000,1.000000000,0.000000000,13.545055377,0.000768715,52.449995597,1.000000000
POINT1.MATRIX2=-0.991614682,0.129229724,-0.000000000,0.000000000,-0.129229724,-0.991614682,0.000000000,0.000000000,-0.000000000,-0.000000000,1.000000000,0.000000000,13.095178629,0.000308554,52.449995597,1.000000000
POINT1.MATRIX3=-0.991614682,0.129229724,-0.000000000,0.000000000,-0.129229724,-0.991614682,0.000000000,0.000000000,-0.000000000,-0.000000000,1.000000000,0.000000000,13.095178628,0.000308554,51.999998648,1.000000000
