OBJECTMODELPOINTER=33777c94-e4b9-4947-906f-f84480f3cb99.dev
BASEFAMILY=93593f00-c322-4fd7-b77c-49877b5981a4.fam
BLHA=28.41010958,113.37337020,176.661664,254.006183
TRANSFORMMATRIX=-0.008346086,-0.999965170,0.000050484,0.000000000,0.999965171,-0.008346086,0.000002421,0.000000000,-0.000002000,0.000050503,0.999999999,0.000000000,-12.314419909,320.805424765,13.626599626,1.000000000
ENTITYNAME=Wire_Device
