OBJECTMODELPOINTER=33777c94-e4b9-4947-906f-f84480f3cb99.dev
BASEFAMILY=935b9a5a-7dd3-447d-b131-b845e64ef284.fam
BLHA=28.55326393,113.50869198,332.868298,304.990571
TRANSFORMMATRIX=0.012297947,-0.999924376,0.000050425,0.000000000,0.999924377,0.012297947,-0.000002108,0.000000000,0.000001487,0.000050447,0.999999999,0.000000000,8.696388776,320.885008013,60.564153796,1.000000000
ENTITYNAME=Wire_Device
