ENTITYNAME=WIRE
BASEFAMILY=935b08a3-0362-41f3-89ec-ea43d86454f9.fam
OBJECTMODELPOINTER=31970f28-780e-4bf1-8adb-439f78c329a3.dev
KVALUE=0.000239
SPLIT=1
POINT0.BLHA=28.78468964,113.48433856,117.864,408.814230
POINT0.MATRIX0=0.752578474,0.658502575,-0.000000000,0.000000000,-0.658502575,0.752578474,-0.000000000,0.000000000,0.000000000,-0.000000000,1.000000000,0.000000000,5.592691105,-1.559369980,44.003922107,1.000000000
POINT1.BLHA=28.78112316,113.48165670,163.745,236.227775
POINT1.MATRIX0=-0.831254041,-0.555892723,-0.000000000,0.000000000,0.555892723,-0.831254041,-0.000000000,0.000000000,-0.000000000,-0.000000000,1.000000000,0.000000000,-9.871276466,-0.311246552,54.558001464,1.000000000
