ENTITYNAME=WIRE
BASEFAMILY=93734aad-dc29-48b9-8ee8-126e9f54a03f.fam
OBJECTMODELPOINTER=31970f28-780e-4bf1-8adb-439f78c329a3.dev
KVALUE=0.000229
SPLIT=1
POINT0.BLHA=28.71274605,113.45447194,199.235,264.887951
POINT0.MATRIX0=-0.996022350,-0.089103753,-0.000000000,0.000000000,0.089103753,-0.996022350,-0.000000000,0.000000000,-0.000000000,-0.000000000,1.000000000,0.000000000,-9.869984867,0.309517521,45.558006892,1.000000000
POINT1.BLHA=28.70879307,113.45409149,169.217,451.156517
POINT1.MATRIX0=0.999796289,-0.020183663,0.000000000,0.000000000,0.020183663,0.999796289,0.000000000,0.000000000,-0.000000000,-0.000000000,1.000000000,0.000000000,5.579346764,1.560945779,43.981250964,1.000000000
