OBJECTMODELPOINTER=36c83be2-23e0-4205-840f-f563bdfe60d2.dev
BASEFAMILY=937d1f8a-dc69-4acc-88b8-88c74dafde23.fam
TRANSFORMMATRIX=-0.040990196,-0.104288482,-0.993702249,0.000000000,0.930695042,-0.365795427,0.000001175,0.000000000,-0.363491554,-0.924833830,0.112054799,0.000000000,7.000000000,0.749000000,59.299999999,1.000000000
ENTITYNAME=Tower_Device
