OBJECTMODELPOINTER=33777c94-e4b9-4947-906f-f84480f3cb99.dev
BASEFAMILY=93843a30-b4b3-4658-af28-46f72877150c.fam
BLHA=28.31135450,113.43043530,49.303319,335.449580
TRANSFORMMATRIX=-0.004966476,-0.999987665,0.000054246,0.000000000,0.999987667,-0.004966476,-0.000001302,0.000000000,0.000001571,0.000054238,0.999999999,0.000000000,9.306119195,345.875419934,37.020168972,1.000000000
ENTITYNAME=Wire_Device
