ENTITYNAME=WIRE
BASEFAMILY=93866797-3d15-4b20-a625-9d51d0ac9c74.fam
OBJECTMODELPOINTER=81b82497-164d-48c0-b1cb-18fa700dacdf.dev
KVALUE=0.000000
SPLIT=4
POINT0.BLHA=28.73821142,113.45475326,97.655,258.301958
POINT0.MATRIX0=-0.979229741,-0.202753828,-0.000000000,0.000000000,0.202753828,-0.979229741,-0.000000000,0.000000000,-0.000000000,0.000000000,1.000000000,0.000000000,0.181957770,-0.119767059,59.478138272,1.000000000
POINT0.MATRIX1=-0.979229741,-0.202753828,-0.000000000,0.000000000,0.202753828,-0.979229741,-0.000000000,0.000000000,-0.000000000,0.000000000,1.000000000,0.000000000,0.215061594,-0.118896424,59.926914517,1.000000000
POINT0.MATRIX2=-0.979229741,-0.202753828,-0.000000000,0.000000000,0.202753828,-0.979229741,-0.000000000,0.000000000,-0.000000000,0.000000000,1.000000000,0.000000000,-0.233480141,-0.120019556,59.960178677,1.000000000
POINT0.MATRIX3=-0.979229741,-0.202753828,-0.000000000,0.000000000,0.202753828,-0.979229741,-0.000000000,0.000000000,-0.000000000,0.000000000,1.000000000,0.000000000,-0.266979968,-0.118977633,59.511402431,1.000000000
POINT1.BLHA=28.73821142,113.45475326,97.655,258.301958
POINT1.MATRIX0=-0.979229741,-0.202753828,-0.000000000,0.000000000,0.202753828,-0.979229741,-0.000000000,0.000000000,-0.000000000,0.000000000,1.000000000,0.000000000,0.181957381,0.000233233,59.478138272,1.000000000
POINT1.MATRIX1=-0.979229741,-0.202753828,-0.000000000,0.000000000,0.202753828,-0.979229741,-0.000000000,0.000000000,-0.000000000,0.000000000,1.000000000,0.000000000,0.215061206,0.001103869,59.926914517,1.000000000
POINT1.MATRIX2=-0.979229741,-0.202753828,-0.000000000,0.000000000,0.202753828,-0.979229741,-0.000000000,0.000000000,-0.000000000,0.000000000,1.000000000,0.000000000,-0.233480528,-0.000019263,59.960178677,1.000000000
POINT1.MATRIX3=-0.979229741,-0.202753828,-0.000000000,0.000000000,0.202753828,-0.979229741,-0.000000000,0.000000000,-0.000000000,0.000000000,1.000000000,0.000000000,-0.266980356,0.001022660,59.511402431,1.000000000
