OBJECTMODELPOINTER=33777c94-e4b9-4947-906f-f84480f3cb99.dev
BASEFAMILY=938ebcc1-7829-40e1-a581-38da75f2429f.fam
BLHA=28.81363020,113.51792493,127.559863,396.804576
TRANSFORMMATRIX=-0.175094598,0.984551615,0.000005759,0.000000000,-0.984551615,-0.175094598,-0.000001225,0.000000000,-0.000000198,-0.000005884,1.000000000,0.000000000,-1.348760215,-37.492708515,26.353487015,1.000000000
ENTITYNAME=Wire_Device
