OBJECTMODELPOINTER=33777c94-e4b9-4947-906f-f84480f3cb99.dev
BASEFAMILY=9395e71a-02d9-41cc-a892-dfd5f9ee8b73.fam
BLHA=28.60573334,113.47075261,228.044876,294.633001
TRANSFORMMATRIX=0.001836517,-0.999998314,0.000004448,0.000000000,0.999998314,0.001836516,-0.000001985,0.000000000,0.000001978,0.000004452,1.000000000,0.000000000,12.553824325,28.268888649,36.849324737,1.000000000
ENTITYNAME=Wire_Device
