OBJECTMODELPOINTER=33777c94-e4b9-4947-906f-f84480f3cb99.dev
BASEFAMILY=939675b5-e632-4d66-b31d-6b8c474044d6.fam
BLHA=28.35190910,113.36144828,128.122186,278.143009
TRANSFORMMATRIX=0.000000926,-1.000000000,0.000025505,0.000000000,1.000000000,0.000000925,-0.000001744,0.000000000,0.000001744,0.000025506,1.000000000,0.000000000,11.012560551,161.966304935,20.358058362,1.000000000
ENTITYNAME=Wire_Device
