OBJECTMODELPOINTER=33777c94-e4b9-4947-906f-f84480f3cb99.dev
BASEFAMILY=939ca0fe-4343-4433-b946-e3ba38c9db6b.fam
BLHA=28.26907527,113.47529619,67.190721,514.001895
TRANSFORMMATRIX=-0.467657229,0.883909903,-0.000000159,0.000000000,-0.883909903,-0.467657229,-0.000001810,0.000000000,-0.000001675,-0.000000707,1.000000000,0.000000000,-10.632377206,-4.482533887,31.538615517,1.000000000
ENTITYNAME=Wire_Device
