OBJECTMODELPOINTER=33777c94-e4b9-4947-906f-f84480f3cb99.dev
BASEFAMILY=93a57c34-aa22-499d-bb78-e439ff61f39a.fam
BLHA=28.30070252,113.44082959,73.741833,287.794387
TRANSFORMMATRIX=0.001374079,-0.999999056,0.000005542,0.000000000,0.999999056,0.001374080,0.000001072,0.000000000,-0.000001079,0.000005540,1.000000000,0.000000000,-6.938264378,35.209747762,59.054485333,1.000000000
ENTITYNAME=Wire_Device
