OBJECTMODELPOINTER=33777c94-e4b9-4947-906f-f84480f3cb99.dev
BASEFAMILY=93be2ed5-c216-4cd0-9f2d-f49c16541e04.fam
BLHA=28.61307891,113.46689101,233.448700,464.034761
TRANSFORMMATRIX=-0.181608460,0.983370920,0.000006063,0.000000000,-0.983370920,-0.181608460,0.000000192,0.000000000,0.000001290,-0.000005927,1.000000000,0.000000000,8.276505893,-37.662567605,29.078853532,1.000000000
ENTITYNAME=Wire_Device
