OBJECTMODELPOINTER=33777c94-e4b9-4947-906f-f84480f3cb99.dev
BASEFAMILY=93d20b23-dd80-4fca-aff7-0fadafca5e5a.fam
BLHA=28.52337409,113.48828309,330.016596,210.734491
TRANSFORMMATRIX=0.006853263,-0.999976515,0.000040904,0.000000000,0.999976516,0.006853263,0.000001448,0.000000000,-0.000001728,0.000040893,0.999999999,0.000000000,-10.396740420,260.656317597,11.361276525,1.000000000
ENTITYNAME=Wire_Device
