OBJECTMODELPOINTER=33777c94-e4b9-4947-906f-f84480f3cb99.dev
BASEFAMILY=93d616e3-a78b-4a07-97e2-8849e6d300bd.fam
BLHA=28.33182616,113.36613124,59.967362,296.260490
TRANSFORMMATRIX=-0.011169629,-0.999937616,0.000056010,0.000000000,0.999937618,-0.011169628,0.000002042,0.000000000,-0.000001416,0.000056029,0.999999998,0.000000000,-9.764777685,356.162757165,32.416136408,1.000000000
ENTITYNAME=Wire_Device
