OBJECTMODELPOINTER=33777c94-e4b9-4947-906f-f84480f3cb99.dev
BASEFAMILY=93de1ff7-a685-4724-af4a-566d226845fa.fam
BLHA=28.79022096,113.49139881,176.212376,221.400685
TRANSFORMMATRIX=-0.000000374,-1.000000000,0.000005438,0.000000000,1.000000000,-0.000000374,0.000000041,0.000000000,-0.000000041,0.000005438,1.000000000,0.000000000,-0.172952559,34.636169876,34.911306350,1.000000000
ENTITYNAME=Wire_Device
