OBJECTMODELPOINTER=33777c94-e4b9-4947-906f-f84480f3cb99.dev
BASEFAMILY=93f190e5-f6b0-4b61-8280-e9fb78c95d2d.fam
BLHA=28.66573943,113.46033717,166.408962,277.610658
TRANSFORMMATRIX=0.000001152,-1.000000000,0.000017527,0.000000000,1.000000000,0.000001152,0.000000067,0.000000000,-0.000000068,0.000017527,1.000000000,0.000000000,-0.503005460,111.314001962,22.514826414,1.000000000
ENTITYNAME=Wire_Device
