OBJECTMODELPOINTER=7cebf71a-cb40-4fb8-8628-2b8c420a67fb.dev
BASEFAMILY=940288d4-d4d9-4d6d-affc-5eecf729128d.fam
TRANSFORMMATRIX=-0.005567685,-0.134370719,-0.990915121,0.000000000,0.999143123,-0.041397499,-0.000000020,0.000000000,-0.041022590,-0.990065826,0.134487199,0.000000000,-5.500000000,0.900000000,37.999999999,1.000000000
ENTITYNAME=Tower_Device
