OBJECTMODELPOINTER=33777c94-e4b9-4947-906f-f84480f3cb99.dev
BASEFAMILY=940580a0-be4b-4287-8b88-04a83a5a441a.fam
BLHA=28.30399811,113.43961542,62.139238,477.400140
TRANSFORMMATRIX=0.168886577,0.985635492,0.000007231,0.000000000,-0.985635492,0.168886577,0.000001200,0.000000000,-0.000000038,-0.000007330,1.000000000,0.000000000,-0.144131135,-46.595496302,54.833071577,1.000000000
ENTITYNAME=Wire_Device
