OBJECTMODELPOINTER=33777c94-e4b9-4947-906f-f84480f3cb99.dev
BASEFAMILY=94215933-63a2-424e-af3b-ba82f2652725.fam
BLHA=28.30070252,113.44082959,73.741833,287.794387
TRANSFORMMATRIX=-0.001306964,-0.999999145,0.000049769,0.000000000,0.999999146,-0.001306964,-0.000000859,0.000000000,0.000000924,0.000049768,0.999999999,0.000000000,5.415515917,316.165865016,71.143804225,1.000000000
ENTITYNAME=Wire_Device
