OBJECTMODELPOINTER=33777c94-e4b9-4947-906f-f84480f3cb99.dev
BASEFAMILY=942e74c4-8a8a-44dd-a90a-3e3bd22d5019.fam
BLHA=28.49878841,113.43376617,260.859889,392.604520
TRANSFORMMATRIX=-0.199290008,0.979940556,0.000005996,0.000000000,-0.979940556,-0.199290008,-0.000001217,0.000000000,0.000000002,-0.000006118,1.000000000,0.000000000,-0.079236043,-38.993399834,33.558815023,1.000000000
ENTITYNAME=Wire_Device
