ENTITYNAME=WIRE
BASEFAMILY=9463507e-0528-4f99-bda0-c852ef52785c.fam
OBJECTMODELPOINTER=81b82497-164d-48c0-b1cb-18fa700dacdf.dev
KVALUE=0.000000
SPLIT=4
POINT0.BLHA=28.33832123,113.36372877,73.392,278.143009
POINT0.MATRIX0=-0.989917611,0.141644356,-0.000000000,0.000000000,-0.141644356,-0.989917611,0.000000000,0.000000000,-0.000000000,-0.000000000,1.000000000,0.000000000,-13.094999275,-0.600067571,58.741103959,1.000000000
POINT0.MATRIX1=-0.989917611,0.141644356,-0.000000000,0.000000000,-0.141644356,-0.989917611,0.000000000,0.000000000,-0.000000000,-0.000000000,1.000000000,0.000000000,-13.094999275,-0.600067571,59.191100907,1.000000000
POINT0.MATRIX2=-0.989917611,0.141644356,-0.000000000,0.000000000,-0.141644356,-0.989917611,0.000000000,0.000000000,-0.000000000,-0.000000000,1.000000000,0.000000000,-13.544674733,-0.598861420,59.191100907,1.000000000
POINT0.MATRIX3=-0.989917611,0.141644356,-0.000000000,0.000000000,-0.141644356,-0.989917611,0.000000000,0.000000000,-0.000000000,-0.000000000,1.000000000,0.000000000,-13.544674733,-0.598861420,58.741103959,1.000000000
POINT1.BLHA=28.33832123,113.36372877,73.392,278.143009
POINT1.MATRIX0=-0.989917611,0.141644356,-0.000000000,0.000000000,-0.141644356,-0.989917611,0.000000000,0.000000000,-0.000000000,-0.000000000,1.000000000,0.000000000,-13.094625695,-0.480068123,58.741103959,1.000000000
POINT1.MATRIX1=-0.989917611,0.141644356,-0.000000000,0.000000000,-0.141644356,-0.989917611,0.000000000,0.000000000,-0.000000000,-0.000000000,1.000000000,0.000000000,-13.094625695,-0.480068123,59.191100907,1.000000000
POINT1.MATRIX2=-0.989917611,0.141644356,-0.000000000,0.000000000,-0.141644356,-0.989917611,0.000000000,0.000000000,-0.000000000,-0.000000000,1.000000000,0.000000000,-13.544301146,-0.478861973,59.191100907,1.000000000
POINT1.MATRIX3=-0.989917611,0.141644356,-0.000000000,0.000000000,-0.141644356,-0.989917611,0.000000000,0.000000000,-0.000000000,-0.000000000,1.000000000,0.000000000,-13.544301146,-0.478861973,58.741103959,1.000000000
