OBJECTMODELPOINTER=33777c94-e4b9-4947-906f-f84480f3cb99.dev
BASEFAMILY=947c5987-770d-4558-a9cc-bc93066bc997.fam
BLHA=28.28912608,113.44509395,57.000023,477.961117
TRANSFORMMATRIX=-0.174358035,0.984682322,0.000017498,0.000000000,-0.984682322,-0.174358035,0.000001728,0.000000000,0.000004752,-0.000016929,1.000000000,0.000000000,30.531382791,-107.684098048,40.550525153,1.000000000
ENTITYNAME=Wire_Device
