OBJECTMODELPOINTER=24958b15-85d6-4616-b63e-dc6dba6caf50.dev
BASEFAMILY=948505b8-91c8-470a-b400-e2375fd9aef2.fam
TRANSFORMMATRIX=-0.000000301,1.000000096,0.000001640,0.000000000,-0.999999904,0.000000514,-0.000000083,0.000000000,0.000000000,-0.000000000,1.000000000,0.000000000,7.500000000,-4.000000000,43.000000000,1.000000000
ENTITYNAME=Tower_Device
