OBJECTMODELPOINTER=093dd6ed-e4e6-4623-a4f4-ae36862238ca.dev
BASEFAMILY=9494160d-0b1b-4d13-a94a-00038e355a69.fam
TRANSFORMMATRIX=-0.006178608,0.117875902,-0.993009263,0.000000000,-0.998628635,-0.052350252,0.000000974,0.000000000,-0.051985415,0.991647454,0.118037463,0.000000000,5.500000000,-0.900000000,44.000000000,1.000000000
ENTITYNAME=Tower_Device
