OBJECTMODELPOINTER=33777c94-e4b9-4947-906f-f84480f3cb99.dev
BASEFAMILY=94a5a028-9c65-4a4f-b236-2b694d276c7b.fam
BLHA=28.67734470,113.45869625,172.236825,275.673275
TRANSFORMMATRIX=-0.003797568,-0.999992789,0.000034981,0.000000000,0.999992789,-0.003797568,-0.000001719,0.000000000,0.000001852,0.000034974,0.999999999,0.000000000,11.703420057,222.103275965,44.615684129,1.000000000
ENTITYNAME=Wire_Device
