OBJECTMODELPOINTER=33777c94-e4b9-4947-906f-f84480f3cb99.dev
BASEFAMILY=94ac5845-b44e-4387-bc29-02515675ba78.fam
BLHA=28.30961923,113.43478171,54.752520,501.227736
TRANSFORMMATRIX=0.291322854,0.956624793,0.000000333,0.000000000,-0.956624793,0.291322854,0.000001174,0.000000000,0.000001026,-0.000000661,1.000000000,0.000000000,6.538692147,-4.226518328,54.915853172,1.000000000
ENTITYNAME=Wire_Device
