OBJECTMODELPOINTER=33777c94-e4b9-4947-906f-f84480f3cb99.dev
BASEFAMILY=94b9b46f-1cb8-4a6b-aca1-0f6d2806e043.fam
BLHA=28.31135450,113.43043530,49.303319,335.449580
TRANSFORMMATRIX=-0.004990216,-0.999987549,0.000005743,0.000000000,0.999987549,-0.004990216,-0.000001433,0.000000000,0.000001462,0.000005736,1.000000000,0.000000000,9.219974436,36.563464372,45.986107832,1.000000000
ENTITYNAME=Wire_Device
