OBJECTMODELPOINTER=33777c94-e4b9-4947-906f-f84480f3cb99.dev
BASEFAMILY=94c1f1b5-e41e-4099-afc3-27f05ccc103d.fam
BLHA=28.80183094,113.50568524,205.477677,227.348291
TRANSFORMMATRIX=-0.003997655,-0.999992009,0.000005131,0.000000000,0.999992009,-0.003997655,0.000000038,0.000000000,-0.000000018,0.000005132,1.000000000,0.000000000,-0.030120930,32.662296481,40.288138216,1.000000000
ENTITYNAME=Wire_Device
