OBJECTMODELPOINTER=33777c94-e4b9-4947-906f-f84480f3cb99.dev
BASEFAMILY=94c97adb-5dcb-4eaa-8b30-cc196c00a47e.fam
BLHA=28.26851271,113.48351910,83.112496,355.334735
TRANSFORMMATRIX=0.006332229,-0.999979951,0.000005026,0.000000000,0.999979951,0.006332229,-0.000001533,0.000000000,0.000001502,0.000005035,1.000000000,0.000000000,9.521220250,32.135693160,55.136488892,1.000000000
ENTITYNAME=Wire_Device
