OBJECTMODELPOINTER=33777c94-e4b9-4947-906f-f84480f3cb99.dev
BASEFAMILY=94d1570b-f1c1-4c59-bd09-8285ed453b29.fam
BLHA=28.47144509,113.40546217,294.357908,229.813402
TRANSFORMMATRIX=0.002796981,-0.999996088,0.000015875,0.000000000,0.999996088,0.002796981,0.000000123,0.000000000,-0.000000168,0.000015875,1.000000000,0.000000000,-0.808288586,101.021909155,20.269304081,1.000000000
ENTITYNAME=Wire_Device
