OBJECTMODELPOINTER=33777c94-e4b9-4947-906f-f84480f3cb99.dev
BASEFAMILY=94da4946-07e8-4535-949a-8621ed4f8ef9.fam
BLHA=28.72353047,113.45260943,123.369332,283.291091
TRANSFORMMATRIX=-0.000052090,-0.999999997,0.000051765,0.000000000,0.999999999,-0.000052090,0.000000180,0.000000000,-0.000000178,0.000051766,0.999999999,0.000000000,-1.515612216,328.814913071,56.206157474,1.000000000
ENTITYNAME=Wire_Device
