OBJECTMODELPOINTER=33777c94-e4b9-4947-906f-f84480f3cb99.dev
BASEFAMILY=94e748b7-e8d6-4144-9739-29710e4c7431.fam
BLHA=28.50118026,113.44100017,250.748283,200.251669
TRANSFORMMATRIX=-0.000028120,-0.999999998,0.000057569,0.000000000,1.000000000,-0.000028120,0.000000372,0.000000000,-0.000000370,0.000057568,0.999999998,0.000000000,-1.735164663,367.245779941,20.460540201,1.000000000
ENTITYNAME=Wire_Device
