OBJECTMODELPOINTER=33777c94-e4b9-4947-906f-f84480f3cb99.dev
BASEFAMILY=950d9a8f-f256-4c69-8d9e-47fceb33a196.fam
BLHA=28.32474464,113.37442409,71.722945,330.514691
TRANSFORMMATRIX=-0.508176632,-0.861252873,-0.000000094,0.000000000,0.861252873,-0.508176632,0.000001418,0.000000000,-0.000001270,0.000000640,1.000000000,0.000000000,-8.080548457,4.095637277,48.942249717,1.000000000
ENTITYNAME=Wire_Device
