OBJECTMODELPOINTER=33777c94-e4b9-4947-906f-f84480f3cb99.dev
BASEFAMILY=9528e014-f6c6-4054-934d-de8a4278ad48.fam
BLHA=28.53408910,113.50849608,458.182485,233.242345
TRANSFORMMATRIX=-0.390576827,-0.920570334,0.000055053,0.000000000,0.920570335,-0.390576828,-0.000000604,0.000000000,0.000022059,0.000050444,0.999999998,0.000000000,141.348688060,321.286091541,-14.622174278,1.000000000
ENTITYNAME=Wire_Device
