ENTITYNAME=WIRE
BASEFAMILY=952a66b5-80bb-40f6-89ab-4cccfda33d41.fam
OBJECTMODELPOINTER=81b82497-164d-48c0-b1cb-18fa700dacdf.dev
KVALUE=0.000000
SPLIT=4
POINT0.BLHA=28.28912608,113.44509395,57.000,477.961117
POINT0.MATRIX0=0.883265993,-0.468872248,0.000000000,0.000000000,0.468872248,0.883265993,-0.000000000,0.000000000,-0.000000000,-0.000000000,1.000000000,0.000000000,-12.224999504,0.000984757,25.790008183,1.000000000
POINT0.MATRIX1=0.883265993,-0.468872248,0.000000000,0.000000000,0.468872248,0.883265993,-0.000000000,0.000000000,-0.000000000,-0.000000000,1.000000000,0.000000000,-12.224999504,0.000984757,26.240008172,1.000000000
POINT0.MATRIX2=0.883265993,-0.468872248,0.000000000,0.000000000,0.468872248,0.883265993,-0.000000000,0.000000000,-0.000000000,-0.000000000,1.000000000,0.000000000,-11.774999585,0.000984601,26.240008172,1.000000000
POINT0.MATRIX3=0.883265993,-0.468872248,0.000000000,0.000000000,0.468872248,0.883265993,-0.000000000,0.000000000,-0.000000000,-0.000000000,1.000000000,0.000000000,-11.774999585,0.000984601,25.790008184,1.000000000
POINT1.BLHA=28.28912608,113.44509395,57.000,477.961117
POINT1.MATRIX0=0.883265993,-0.468872248,0.000000000,0.000000000,0.468872248,0.883265993,-0.000000000,0.000000000,-0.000000000,-0.000000000,1.000000000,0.000000000,-12.224999587,-0.001015368,25.790008183,1.000000000
POINT1.MATRIX1=0.883265993,-0.468872248,0.000000000,0.000000000,0.468872248,0.883265993,-0.000000000,0.000000000,-0.000000000,-0.000000000,1.000000000,0.000000000,-12.224999588,-0.001015368,26.240008172,1.000000000
POINT1.MATRIX2=0.883265993,-0.468872248,0.000000000,0.000000000,0.468872248,0.883265993,-0.000000000,0.000000000,-0.000000000,-0.000000000,1.000000000,0.000000000,-11.774999470,-0.001015089,26.240008172,1.000000000
POINT1.MATRIX3=0.883265993,-0.468872248,0.000000000,0.000000000,0.468872248,0.883265993,-0.000000000,0.000000000,-0.000000000,-0.000000000,1.000000000,0.000000000,-11.774999470,-0.001015089,25.790008183,1.000000000
