OBJECTMODELPOINTER=33777c94-e4b9-4947-906f-f84480f3cb99.dev
BASEFAMILY=952f07cd-4f1a-482c-bdfb-5cd559c1a33f.fam
BLHA=28.32854622,113.36798434,68.151851,482.460958
TRANSFORMMATRIX=-0.105581392,0.994410664,0.000018306,0.000000000,-0.994410664,-0.105581392,0.000001204,0.000000000,0.000003131,-0.000018076,1.000000000,0.000000000,20.222965946,-115.000701224,16.129560738,1.000000000
ENTITYNAME=Wire_Device
