OBJECTMODELPOINTER=33777c94-e4b9-4947-906f-f84480f3cb99.dev
BASEFAMILY=95355e6c-e8fb-43f5-a1da-a5be6da7b747.fam
BLHA=28.81363020,113.51792493,127.559863,396.804576
TRANSFORMMATRIX=-0.180701582,0.983537969,0.000038342,0.000000000,-0.983537970,-0.180701582,0.000000432,0.000000000,0.000007353,-0.000037633,0.999999999,0.000000000,46.188351219,-239.661985079,28.961456378,1.000000000
ENTITYNAME=Wire_Device
