OBJECTMODELPOINTER=33777c94-e4b9-4947-906f-f84480f3cb99.dev
BASEFAMILY=95366be6-423a-4ded-89cc-72d002278915.fam
BLHA=28.27407839,113.47004129,94.944746,312.669055
TRANSFORMMATRIX=0.001792787,-0.999998393,0.000005892,0.000000000,0.999998393,0.001792787,0.000001498,0.000000000,-0.000001509,0.000005890,1.000000000,0.000000000,-9.705314576,37.513134349,42.011338187,1.000000000
ENTITYNAME=Wire_Device
