OBJECTMODELPOINTER=33777c94-e4b9-4947-906f-f84480f3cb99.dev
BASEFAMILY=95459dfe-2fee-4863-b3ac-7bf5f6e3eae0.fam
BLHA=28.28033977,113.46346380,83.899072,326.450928
TRANSFORMMATRIX=0.371753080,-0.928331647,-0.000000139,0.000000000,0.928331647,0.371753080,0.000001754,0.000000000,-0.000001576,-0.000000780,1.000000000,0.000000000,-10.012725506,-4.951343019,31.473460432,1.000000000
ENTITYNAME=Wire_Device
