OBJECTMODELPOINTER=695b57ca-c8e0-42c8-940f-d625f33b4f03.dev
BASEFAMILY=954d6747-d679-4581-8fa5-b23ab49efdba.fam
TRANSFORMMATRIX=-0.999959202,-0.009032915,0.000000001,0.000000000,0.009032908,-0.999959203,-0.000000010,0.000000000,0.000000000,-0.000000000,1.000000000,0.000000000,-10.609999999,0.000000000,55.000000001,1.000000000
ENTITYNAME=Tower_Device
