OBJECTMODELPOINTER=33777c94-e4b9-4947-906f-f84480f3cb99.dev
BASEFAMILY=955d69e0-2dd8-40f2-89a0-a033a09fa0e5.fam
BLHA=28.32292443,113.37625760,67.775568,311.415680
TRANSFORMMATRIX=0.002483721,-0.999996915,0.000026844,0.000000000,0.999996916,0.002483721,0.000001225,0.000000000,-0.000001292,0.000026841,1.000000000,0.000000000,-8.670504801,170.845986285,15.628033307,1.000000000
ENTITYNAME=Wire_Device
