ENTITYNAME=WIRE
BASEFAMILY=95767b78-9f54-41a2-9983-c46ac5cc2da9.fam
OBJECTMODELPOINTER=81b82497-164d-48c0-b1cb-18fa700dacdf.dev
KVALUE=0.000368
SPLIT=4
POINT0.BLHA=28.79022096,113.49139881,176.212,221.400685
POINT0.MATRIX0=-0.661320829,-0.750103167,0.000000000,0.000000000,0.750103167,-0.661320829,-0.000000000,0.000000000,-0.000000000,0.000000000,1.000000000,0.000000000,12.955348082,0.110181716,43.000002432,1.000000000
POINT0.MATRIX1=-0.661320829,-0.750103167,0.000000000,0.000000000,0.750103167,-0.661320829,-0.000000000,0.000000000,-0.000000000,0.000000000,1.000000000,0.000000000,12.955348082,0.110181716,43.449999380,1.000000000
POINT0.MATRIX2=-0.661320829,-0.750103167,0.000000000,0.000000000,0.750103167,-0.661320829,-0.000000000,0.000000000,-0.000000000,0.000000000,1.000000000,0.000000000,12.506384858,0.108924782,43.449999379,1.000000000
POINT0.MATRIX3=-0.661320829,-0.750103167,0.000000000,0.000000000,0.750103167,-0.661320829,-0.000000000,0.000000000,-0.000000000,0.000000000,1.000000000,0.000000000,12.506384858,0.108924782,43.000002432,1.000000000
POINT1.BLHA=28.78677028,113.48699418,119.838,221.400685
POINT1.MATRIX0=-0.661320829,-0.750103167,-0.000000000,0.000000000,0.750103167,-0.661320829,-0.000000000,0.000000000,-0.000000000,0.000000000,1.000000000,0.000000000,13.544996576,-0.111505969,51.999989182,1.000000000
POINT1.MATRIX1=-0.661320829,-0.750103167,-0.000000000,0.000000000,0.750103167,-0.661320829,-0.000000000,0.000000000,-0.000000000,0.000000000,1.000000000,0.000000000,13.544996576,-0.111505969,52.450001388,1.000000000
POINT1.MATRIX2=-0.661320829,-0.750103167,-0.000000000,0.000000000,0.750103167,-0.661320829,-0.000000000,0.000000000,-0.000000000,0.000000000,1.000000000,0.000000000,13.094394903,-0.108714574,52.450001388,1.000000000
POINT1.MATRIX3=-0.661320829,-0.750103167,-0.000000000,0.000000000,0.750103167,-0.661320829,-0.000000000,0.000000000,-0.000000000,0.000000000,1.000000000,0.000000000,13.094394903,-0.108714574,51.999989182,1.000000000
