ENTITYNAME=WIRE
BASEFAMILY=95774890-fd96-4f19-9b18-753726abb0de.fam
OBJECTMODELPOINTER=31970f28-780e-4bf1-8adb-439f78c329a3.dev
KVALUE=0.000287
SPLIT=1
POINT0.BLHA=28.72596649,113.45194319,126.517,450.796525
POINT0.MATRIX0=0.999903369,-0.013901533,0.000000000,0.000000000,0.013901533,0.999903369,0.000000000,0.000000000,-0.000000000,-0.000000000,1.000000000,0.000000000,-5.904747620,1.353498262,43.951939894,1.000000000
POINT1.BLHA=28.72596649,113.45194319,126.517,450.796525
POINT1.MATRIX0=0.999903369,-0.013901533,0.000000000,0.000000000,0.013901533,0.999903369,0.000000000,0.000000000,-0.000000000,-0.000000000,1.000000000,0.000000000,-5.905687164,-1.355058031,43.977487280,1.000000000
