OBJECTMODELPOINTER=33777c94-e4b9-4947-906f-f84480f3cb99.dev
BASEFAMILY=957f1363-7a50-4870-a021-f1543a483103.fam
BLHA=28.50469488,113.45163258,174.515783,200.251669
TRANSFORMMATRIX=0.011295877,-0.999936199,0.000040791,0.000000000,0.999936200,0.011295878,0.000001437,0.000000000,-0.000001898,0.000040773,0.999999999,0.000000000,-11.620939906,260.075001823,16.545440833,1.000000000
ENTITYNAME=Wire_Device
