OBJECTMODELPOINTER=13a78437-ad2c-452a-8fd1-0733d19ccb25.dev
BASEFAMILY=958469be-3c94-44ca-84a1-d63acdc47bc9.fam
TRANSFORMMATRIX=1.000000000,0.000000000,-0.000000000,0.000000000,0.000000000,1.000000000,0.000000000,0.000000000,0.000000000,-0.000000000,1.000000000,0.000000000,-5.396945688,-5.396835323,-0.000004620,1.000000000
ENTITYNAME=Tower_Device
