OBJECTMODELPOINTER=1c617770-6a1c-422a-ba14-d538e94a44ef.dev
BASEFAMILY=95843c33-6541-4139-9b63-35154a396308.fam
TRANSFORMMATRIX=-0.001526050,-0.051529903,-0.998670318,0.000000000,0.999561248,-0.029618394,-0.000000816,0.000000000,-0.029578646,-0.998232223,0.051551256,0.000000000,12.400000000,0.400000000,66.999999999,1.000000000
ENTITYNAME=Tower_Device
