OBJECTMODELPOINTER=4cf64ee6-789c-48a1-95d3-9682d3493465.dev
BASEFAMILY=958d5eed-9b6f-4f5a-b4cf-18c35c3e0264.fam
TRANSFORMMATRIX=-0.004337028,-0.999990250,0.000000863,0.000000000,0.999990939,-0.004337493,-0.000001394,0.000000000,0.000000000,0.000000000,1.000000000,0.000000000,13.319999999,0.600000000,63.000000000,1.000000000
ENTITYNAME=Tower_Device
