OBJECTMODELPOINTER=33777c94-e4b9-4947-906f-f84480f3cb99.dev
BASEFAMILY=95920162-f7d4-429a-9805-6f581bbd24c4.fam
BLHA=28.68327588,113.45799727,190.105481,276.549179
TRANSFORMMATRIX=-0.235647195,-0.971838670,0.000000368,0.000000000,0.971838670,-0.235647195,0.000001448,0.000000000,-0.000001321,0.000000699,1.000000000,0.000000000,-8.434076943,4.441975481,25.242745113,1.000000000
ENTITYNAME=Wire_Device
