OBJECTMODELPOINTER=33777c94-e4b9-4947-906f-f84480f3cb99.dev
BASEFAMILY=959511c0-25a6-4f24-993e-6c285b44ec15.fam
BLHA=28.42194077,113.37713088,216.761088,254.006183
TRANSFORMMATRIX=-0.000001411,-1.000000000,0.000004693,0.000000000,1.000000000,-0.000001411,0.000000031,0.000000000,-0.000000031,0.000004693,1.000000000,0.000000000,-0.154338084,29.812163944,35.916776857,1.000000000
ENTITYNAME=Wire_Device
