OBJECTMODELPOINTER=1ce4d7bf-26e8-450b-8c6b-d723690d8690.dev
BASEFAMILY=95986ba2-66e7-42bd-b518-5da8faa5c1e9.fam
TRANSFORMMATRIX=-0.999997861,0.002067952,0.000000002,0.000000000,-0.002067953,-0.999997863,0.000000002,0.000000000,0.000000000,-0.000000000,1.000000000,0.000000000,11.500000000,-0.000000000,73.100000000,1.000000000
ENTITYNAME=Tower_Device
