OBJECTMODELPOINTER=33777c94-e4b9-4947-906f-f84480f3cb99.dev
BASEFAMILY=9599c435-3e9a-47e7-87bd-9c1f9914e1a4.fam
BLHA=28.31435017,113.39267151,117.559440,4.996372
TRANSFORMMATRIX=0.000030034,-0.999999998,0.000050984,0.000000000,1.000000000,0.000030034,-0.000001273,0.000000000,0.000001272,0.000050984,0.999999999,0.000000000,8.223896221,325.426580026,29.984368578,1.000000000
ENTITYNAME=Wire_Device
