OBJECTMODELPOINTER=33777c94-e4b9-4947-906f-f84480f3cb99.dev
BASEFAMILY=95adad26-44ca-495e-a9fc-9891104de5d7.fam
BLHA=28.33182616,113.36613124,59.967362,296.260490
TRANSFORMMATRIX=0.002974341,-0.999995576,0.000026173,0.000000000,0.999995577,0.002974341,0.000000086,0.000000000,-0.000000165,0.000026172,1.000000000,0.000000000,-1.392301651,166.365922847,29.712536079,1.000000000
ENTITYNAME=Wire_Device
