OBJECTMODELPOINTER=33777c94-e4b9-4947-906f-f84480f3cb99.dev
BASEFAMILY=95b0b586-17bb-4cd0-8bb0-aa3f9ef1f105.fam
BLHA=28.69273331,113.45654991,185.538391,277.425083
TRANSFORMMATRIX=-0.004095367,-0.999991614,0.000017876,0.000000000,0.999991614,-0.004095367,-0.000001790,0.000000000,0.000001864,0.000017868,1.000000000,0.000000000,11.817315192,113.470314768,22.800551152,1.000000000
ENTITYNAME=Wire_Device
