OBJECTMODELPOINTER=16adf48c-132f-49df-ba18-f2d4864a961b.dev
BASEFAMILY=95b097e0-ae56-4d37-9bff-8ce5c219dc41.fam
TRANSFORMMATRIX=0.005038513,-0.999987035,0.000001578,0.000000000,0.999987575,0.005039146,-0.000000473,0.000000000,0.000000000,0.000000000,1.000000000,0.000000000,-13.320000000,0.600000000,56.999999999,1.000000000
ENTITYNAME=Tower_Device
