OBJECTMODELPOINTER=33777c94-e4b9-4947-906f-f84480f3cb99.dev
BASEFAMILY=95b4e92e-2b1d-40d1-9796-b8c42d072bc8.fam
BLHA=28.37691435,113.36420413,70.521818,286.379084
TRANSFORMMATRIX=0.000001149,-1.000000000,0.000005088,0.000000000,1.000000000,0.000001149,0.000001880,0.000000000,-0.000001880,0.000005088,1.000000000,0.000000000,-12.040140768,32.339788616,36.757752244,1.000000000
ENTITYNAME=Wire_Device
