OBJECTMODELPOINTER=33777c94-e4b9-4947-906f-f84480f3cb99.dev
BASEFAMILY=95b66ecf-3278-450b-bed5-72d49b9dd11c.fam
BLHA=28.31534552,113.42043692,48.733934,348.172871
TRANSFORMMATRIX=0.136792142,-0.990599773,-0.000000902,0.000000000,0.990599773,0.136792142,-0.000001223,0.000000000,0.000001335,-0.000000727,1.000000000,0.000000000,8.484376266,-4.646380998,54.839262144,1.000000000
ENTITYNAME=Wire_Device
