OBJECTMODELPOINTER=33777c94-e4b9-4947-906f-f84480f3cb99.dev
BASEFAMILY=95b80aaa-4f4c-4069-a1a5-d38dc3927f7a.fam
BLHA=28.41763874,113.37576334,172.022371,254.006183
TRANSFORMMATRIX=-0.000008010,-0.999999998,0.000057931,0.000000000,1.000000000,-0.000008010,0.000000379,0.000000000,-0.000000378,0.000057931,0.999999998,0.000000000,-1.907970124,368.011526530,51.772755632,1.000000000
ENTITYNAME=Wire_Device
