OBJECTMODELPOINTER=90b0eac0-30c3-42a2-8cb2-c4de890edc84.dev
BASEFAMILY=95c50f35-296f-47be-83af-4794a307ea34.fam
TRANSFORMMATRIX=-0.019082622,-0.090684234,-0.995696866,0.000000000,0.978569835,-0.205915160,0.000000674,0.000000000,-0.205027769,-0.974359244,0.092669729,0.000000000,-6.000000000,0.900000000,44.000000000,1.000000000
ENTITYNAME=Tower_Device
