OBJECTMODELPOINTER=33777c94-e4b9-4947-906f-f84480f3cb99.dev
BASEFAMILY=95d68bf3-e632-4087-83f8-4d3592b4b3f5.fam
BLHA=28.31435017,113.39267151,117.559440,4.996372
TRANSFORMMATRIX=0.000023537,-0.999999999,0.000038913,0.000000000,1.000000000,0.000023537,-0.000000877,0.000000000,0.000000876,0.000038913,0.999999999,0.000000000,5.676476315,248.379804576,41.113589526,1.000000000
ENTITYNAME=Wire_Device
