OBJECTMODELPOINTER=33777c94-e4b9-4947-906f-f84480f3cb99.dev
BASEFAMILY=95e31481-480f-4f3a-8fa8-7aafac83bc3c.fam
BLHA=28.30070252,113.44082959,73.741833,287.794387
TRANSFORMMATRIX=0.001916270,-0.999998163,0.000039808,0.000000000,0.999998164,0.001916270,0.000001294,0.000000000,-0.000001370,0.000039805,0.999999999,0.000000000,-9.126916507,252.894690089,38.699480373,1.000000000
ENTITYNAME=Wire_Device
