OBJECTMODELPOINTER=8cdeff99-2915-4340-b6a8-d7c42ca7e91a.dev
BASEFAMILY=95f4e140-a67a-4f58-8321-388df86aa301.fam
TRANSFORMMATRIX=-0.999999385,0.001109614,-0.000000001,0.000000000,-0.001109614,-0.999999384,0.000000001,0.000000000,-0.000000000,-0.000000000,1.000000000,0.000000000,11.950000000,0.325000000,58.000000000,1.000000000
ENTITYNAME=Tower_Device
