ENTITYNAME=WIRE
BASEFAMILY=96009489-0692-480d-b215-853f97888ead.fam
OBJECTMODELPOINTER=81b82497-164d-48c0-b1cb-18fa700dacdf.dev
KVALUE=0.000000
SPLIT=4
POINT0.BLHA=28.48504373,113.41833342,235.006,407.385386
POINT0.MATRIX0=0.735924420,0.677063695,-0.000000000,0.000000000,-0.677063695,0.735924420,0.000000000,0.000000000,-0.000000000,0.000000000,1.000000000,0.000000000,7.564910085,0.001126100,25.790000937,1.000000000
POINT0.MATRIX1=0.735924420,0.677063695,-0.000000000,0.000000000,-0.677063695,0.735924420,0.000000000,0.000000000,-0.000000000,0.000000000,1.000000000,0.000000000,7.564910085,0.001126100,26.240000939,1.000000000
POINT0.MATRIX2=0.735924420,0.677063695,-0.000000000,0.000000000,-0.677063695,0.735924420,0.000000000,0.000000000,-0.000000000,0.000000000,1.000000000,0.000000000,8.014910126,0.001126116,26.240000939,1.000000000
POINT0.MATRIX3=0.735924420,0.677063695,-0.000000000,0.000000000,-0.677063695,0.735924420,0.000000000,0.000000000,-0.000000000,0.000000000,1.000000000,0.000000000,8.014910126,0.001126116,25.790000937,1.000000000
POINT1.BLHA=28.48504373,113.41833342,235.006,407.385386
POINT1.MATRIX0=0.735924420,0.677063695,-0.000000000,0.000000000,-0.677063695,0.735924420,0.000000000,0.000000000,-0.000000000,0.000000000,1.000000000,0.000000000,7.564910133,-0.000873732,25.790000937,1.000000000
POINT1.MATRIX1=0.735924420,0.677063695,-0.000000000,0.000000000,-0.677063695,0.735924420,0.000000000,0.000000000,-0.000000000,0.000000000,1.000000000,0.000000000,7.564910133,-0.000873732,26.240000939,1.000000000
POINT1.MATRIX2=0.735924420,0.677063695,-0.000000000,0.000000000,-0.677063695,0.735924420,0.000000000,0.000000000,-0.000000000,0.000000000,1.000000000,0.000000000,8.014910159,-0.000874054,26.240000939,1.000000000
POINT1.MATRIX3=0.735924420,0.677063695,-0.000000000,0.000000000,-0.677063695,0.735924420,0.000000000,0.000000000,-0.000000000,0.000000000,1.000000000,0.000000000,8.014910159,-0.000874054,25.790000937,1.000000000
