OBJECTMODELPOINTER=33777c94-e4b9-4947-906f-f84480f3cb99.dev
BASEFAMILY=96093751-e59e-40a1-ac32-2628577e2f2a.fam
BLHA=28.59994740,113.47379389,183.494205,294.633001
TRANSFORMMATRIX=-0.001027027,-0.999999473,0.000005415,0.000000000,0.999999473,-0.001027027,0.000002102,0.000000000,-0.000002097,0.000005417,1.000000000,0.000000000,-13.436060271,34.460194982,49.812625974,1.000000000
ENTITYNAME=Wire_Device
