OBJECTMODELPOINTER=33777c94-e4b9-4947-906f-f84480f3cb99.dev
BASEFAMILY=9609471e-9161-4da5-9b4a-a9bec7e5407b.fam
BLHA=28.56112925,113.50240150,222.763342,308.993779
TRANSFORMMATRIX=-0.078916585,-0.996881223,0.000029041,0.000000000,0.996881223,-0.078916585,-0.000001458,0.000000000,0.000003745,0.000028835,1.000000000,0.000000000,23.395223846,183.430642569,52.025356388,1.000000000
ENTITYNAME=Wire_Device
