OBJECTMODELPOINTER=33777c94-e4b9-4947-906f-f84480f3cb99.dev
BASEFAMILY=961a1bff-b486-4927-932f-83208d595c7a.fam
BLHA=28.59525170,113.47626182,222.708449,294.633001
TRANSFORMMATRIX=0.009475595,-0.999955105,0.000038150,0.000000000,0.999955106,0.009475595,-0.000001906,0.000000000,0.000001545,0.000038168,0.999999999,0.000000000,9.374235050,242.567956089,7.362525297,1.000000000
ENTITYNAME=Wire_Device
