OBJECTMODELPOINTER=33777c94-e4b9-4947-906f-f84480f3cb99.dev
BASEFAMILY=961f6d8b-d25e-4c7c-b6b6-448e5af59cda.fam
BLHA=28.31534552,113.42043692,48.733934,348.172871
TRANSFORMMATRIX=-0.223595147,-0.974682106,0.000040581,0.000000000,0.974682107,-0.223595147,0.000001442,0.000000000,0.000007668,0.000039876,0.999999999,0.000000000,48.435692091,254.425398863,55.944917759,1.000000000
ENTITYNAME=Wire_Device
