ENTITYNAME=WIRE
BASEFAMILY=962bef41-22ab-4acc-bf17-245b2c0c0bae.fam
OBJECTMODELPOINTER=81b82497-164d-48c0-b1cb-18fa700dacdf.dev
KVALUE=0.000000
SPLIT=4
POINT0.BLHA=28.52807252,113.49714509,416.576,210.734491
POINT0.MATRIX0=-0.511060437,-0.859544780,0.000000000,0.000000000,0.859544780,-0.511060437,0.000000000,0.000000000,-0.000000000,-0.000000000,1.000000000,0.000000000,0.224843287,-0.000107797,37.000002011,1.000000000
POINT0.MATRIX1=-0.511060437,-0.859544780,0.000000000,0.000000000,0.859544780,-0.511060437,0.000000000,0.000000000,-0.000000000,-0.000000000,1.000000000,0.000000000,0.224843287,-0.000107797,37.450014218,1.000000000
POINT0.MATRIX2=-0.511060437,-0.859544780,0.000000000,0.000000000,0.859544780,-0.511060437,0.000000000,0.000000000,-0.000000000,-0.000000000,1.000000000,0.000000000,-0.224843174,0.000270044,37.450014217,1.000000000
POINT0.MATRIX3=-0.511060437,-0.859544780,0.000000000,0.000000000,0.859544780,-0.511060437,0.000000000,0.000000000,-0.000000000,-0.000000000,1.000000000,0.000000000,-0.224843174,0.000270044,37.000002010,1.000000000
POINT1.BLHA=28.52807252,113.49714509,416.576,210.734491
POINT1.MATRIX0=-0.511060437,-0.859544780,0.000000000,0.000000000,0.859544780,-0.511060437,0.000000000,0.000000000,-0.000000000,-0.000000000,1.000000000,0.000000000,0.224842790,0.109884972,37.000002011,1.000000000
POINT1.MATRIX1=-0.511060437,-0.859544780,0.000000000,0.000000000,0.859544780,-0.511060437,0.000000000,0.000000000,-0.000000000,-0.000000000,1.000000000,0.000000000,0.224842790,0.109884972,37.450014218,1.000000000
POINT1.MATRIX2=-0.511060437,-0.859544780,0.000000000,0.000000000,0.859544780,-0.511060437,0.000000000,0.000000000,-0.000000000,-0.000000000,1.000000000,0.000000000,-0.224843671,0.110262814,37.450014218,1.000000000
POINT1.MATRIX3=-0.511060437,-0.859544780,0.000000000,0.000000000,0.859544780,-0.511060437,0.000000000,0.000000000,-0.000000000,-0.000000000,1.000000000,0.000000000,-0.224843671,0.110262813,37.000002011,1.000000000
