OBJECTMODELPOINTER=33777c94-e4b9-4947-906f-f84480f3cb99.dev
BASEFAMILY=962d6a57-e92b-45f9-95ff-3bf31747c1f0.fam
BLHA=28.30961923,113.43478171,54.752520,501.227736
TRANSFORMMATRIX=0.290438402,0.956893690,0.000000174,0.000000000,-0.956893690,0.290438402,0.000001715,0.000000000,0.000001590,-0.000000665,1.000000000,0.000000000,10.127716698,-4.260364474,42.587968656,1.000000000
ENTITYNAME=Wire_Device
