OBJECTMODELPOINTER=33777c94-e4b9-4947-906f-f84480f3cb99.dev
BASEFAMILY=9630e6fd-15f1-4ee2-bc6b-ad361289c71d.fam
BLHA=28.64054809,113.46428400,121.846877,277.610658
TRANSFORMMATRIX=0.002771241,-0.999996159,0.000041266,0.000000000,0.999996160,0.002771241,-0.000001932,0.000000000,0.000001817,0.000041272,0.999999999,0.000000000,11.420041922,262.101588917,34.165918900,1.000000000
ENTITYNAME=Wire_Device
