OBJECTMODELPOINTER=33777c94-e4b9-4947-906f-f84480f3cb99.dev
BASEFAMILY=963524a1-dfca-4dad-9de8-1b3a6871613e.fam
BLHA=28.28368001,113.45281448,67.001736,340.232800
TRANSFORMMATRIX=0.000020767,-0.999999999,0.000038380,0.000000000,1.000000000,0.000020767,0.000001601,0.000000000,-0.000001602,0.000038380,0.999999999,0.000000000,-10.581872435,244.852067134,45.289373478,1.000000000
ENTITYNAME=Wire_Device
