OBJECTMODELPOINTER=33777c94-e4b9-4947-906f-f84480f3cb99.dev
BASEFAMILY=9649af2c-6dc6-4746-9e69-5b5ffab28b58.fam
BLHA=28.31529425,113.41760444,47.126172,0.896163
TRANSFORMMATRIX=-0.005221066,-0.999986370,0.000015009,0.000000000,0.999986370,-0.005221066,-0.000001377,0.000000000,0.000001455,0.000015002,1.000000000,0.000000000,9.248516042,95.757950441,38.337637505,1.000000000
ENTITYNAME=Wire_Device
