ENTITYNAME=WIRE
BASEFAMILY=9651e009-c1ea-4865-8cd6-7af69d312505.fam
OBJECTMODELPOINTER=31970f28-780e-4bf1-8adb-439f78c329a3.dev
KVALUE=0.000240
SPLIT=1
POINT0.BLHA=28.48504373,113.41833342,235.006,407.385386
POINT0.MATRIX0=0.735924420,0.677063695,-0.000000000,0.000000000,-0.677063695,0.735924420,0.000000000,0.000000000,-0.000000000,0.000000000,1.000000000,0.000000000,5.538190061,-1.563638288,43.999885297,1.000000000
POINT1.BLHA=28.48305469,113.41645050,246.976,229.813402
POINT1.MATRIX0=-0.763946986,-0.645279012,0.000000000,0.000000000,0.645279012,-0.763946986,-0.000000000,0.000000000,0.000000000,-0.000000000,1.000000000,0.000000000,-9.874736434,-0.619840934,51.558000371,1.000000000
