ENTITYNAME=WIRE
BASEFAMILY=9658d774-318a-48de-81de-aa9d8cb5df1f.fam
OBJECTMODELPOINTER=81b82497-164d-48c0-b1cb-18fa700dacdf.dev
KVALUE=0.000336
SPLIT=4
POINT0.BLHA=28.81479053,113.52098652,97.065,179.643183
POINT0.MATRIX0=0.006227584,-0.999980608,-0.000000000,0.000000000,0.999980608,0.006227584,0.000000000,0.000000000,0.000000000,-0.000000000,1.000000000,0.000000000,0.082227921,9.282843142,29.351638730,1.000000000
POINT0.MATRIX1=0.006227584,-0.999980608,-0.000000000,0.000000000,0.999980608,0.006227584,0.000000000,0.000000000,0.000000000,-0.000000000,1.000000000,0.000000000,-0.221523212,9.131534510,29.718292411,1.000000000
POINT0.MATRIX2=0.006227584,-0.999980608,-0.000000000,0.000000000,0.999980608,0.006227584,0.000000000,0.000000000,0.000000000,-0.000000000,1.000000000,0.000000000,-0.253777845,8.665504292,28.817291196,1.000000000
POINT0.MATRIX3=0.006227584,-0.999980608,-0.000000000,0.000000000,0.999980608,0.006227584,0.000000000,0.000000000,0.000000000,-0.000000000,1.000000000,0.000000000,-0.557528948,8.514195660,29.183959897,1.000000000
POINT1.BLHA=28.81479133,113.52057006,101.431,372.952022
POINT1.MATRIX0=0.224135070,0.974558090,0.000000000,0.000000000,-0.974558090,0.224135070,-0.000000000,0.000000000,-0.000000000,0.000000000,1.000000000,0.000000000,3.067946069,10.119224767,33.684140997,1.000000000
POINT1.MATRIX1=0.224135070,0.974558090,0.000000000,0.000000000,-0.974558090,0.224135070,-0.000000000,0.000000000,-0.000000000,0.000000000,1.000000000,0.000000000,3.356387705,9.316876451,33.913465338,1.000000000
POINT1.MATRIX2=0.224135070,0.974558090,0.000000000,0.000000000,-0.974558090,0.224135070,-0.000000000,0.000000000,-0.000000000,0.000000000,1.000000000,0.000000000,3.247194964,9.147089256,33.455869514,1.000000000
POINT1.MATRIX3=0.224135070,0.974558090,0.000000000,0.000000000,-0.974558090,0.224135070,-0.000000000,0.000000000,-0.000000000,0.000000000,1.000000000,0.000000000,2.958862797,9.949913425,33.226560431,1.000000000
