ENTITYNAME=WIRE
BASEFAMILY=965e350d-7cbb-4449-92b9-3385f2a3ce08.fam
OBJECTMODELPOINTER=81b82497-164d-48c0-b1cb-18fa700dacdf.dev
KVALUE=0.029927
SPLIT=4
POINT0.BLHA=28.73433869,113.45386444,142.659,258.301958
POINT0.MATRIX0=-0.979229741,-0.202753828,0.000000000,0.000000000,0.202753828,-0.979229741,0.000000000,0.000000000,-0.000000000,-0.000000000,1.000000000,0.000000000,-5.718010626,-12.579610227,25.790012447,1.000000000
POINT0.MATRIX1=-0.979229741,-0.202753828,0.000000000,0.000000000,0.202753828,-0.979229741,0.000000000,0.000000000,-0.000000000,-0.000000000,1.000000000,0.000000000,-5.718010626,-12.579610227,26.240012495,1.000000000
POINT0.MATRIX2=-0.979229741,-0.202753828,0.000000000,0.000000000,0.202753828,-0.979229741,0.000000000,0.000000000,-0.000000000,-0.000000000,1.000000000,0.000000000,-6.168010985,-12.579610553,26.240012495,1.000000000
POINT0.MATRIX3=-0.979229741,-0.202753828,0.000000000,0.000000000,0.202753828,-0.979229741,0.000000000,0.000000000,-0.000000000,-0.000000000,1.000000000,0.000000000,-6.168010985,-12.579610553,25.790012448,1.000000000
POINT1.BLHA=28.73433869,113.45386444,142.659,258.301958
POINT1.MATRIX0=-0.979229741,-0.202753828,0.000000000,0.000000000,0.202753828,-0.979229741,0.000000000,0.000000000,-0.000000000,-0.000000000,1.000000000,0.000000000,10.304559045,8.997526594,28.366509764,1.000000000
POINT1.MATRIX1=-0.979229741,-0.202753828,0.000000000,0.000000000,0.202753828,-0.979229741,0.000000000,0.000000000,-0.000000000,-0.000000000,1.000000000,0.000000000,10.344775764,9.811803755,28.763040869,1.000000000
POINT1.MATRIX2=-0.979229741,-0.202753828,0.000000000,0.000000000,0.202753828,-0.979229741,0.000000000,0.000000000,-0.000000000,-0.000000000,1.000000000,0.000000000,9.845252049,9.816080999,28.763040870,1.000000000
POINT1.MATRIX3=-0.979229741,-0.202753828,0.000000000,0.000000000,0.202753828,-0.979229741,0.000000000,0.000000000,-0.000000000,-0.000000000,1.000000000,0.000000000,9.804079052,9.001605836,28.366265623,1.000000000
