OBJECTMODELPOINTER=33777c94-e4b9-4947-906f-f84480f3cb99.dev
BASEFAMILY=9668fb82-5d5f-48d7-9510-7c929e09f7c6.fam
BLHA=28.28708442,113.44692142,57.763329,308.127846
TRANSFORMMATRIX=-0.006500700,-0.999978870,0.000016981,0.000000000,0.999978870,-0.006500700,-0.000001513,0.000000000,0.000001623,0.000016971,1.000000000,0.000000000,10.067391701,107.947826648,46.831222920,1.000000000
ENTITYNAME=Wire_Device
