OBJECTMODELPOINTER=98ca0f08-c551-4c37-b1b1-f3cff6ee949f.dev
BASEFAMILY=966aabdc-a773-40ea-923f-c53cec3f98a7.fam
TRANSFORMMATRIX=-0.007805053,-0.044195038,-0.998992347,0.000000000,0.984758451,-0.173928042,-0.000000714,0.000000000,-0.173753299,-0.983766004,0.044880280,0.000000000,7.500000000,0.953000000,30.000000000,1.000000000
ENTITYNAME=Tower_Device
