OBJECTMODELPOINTER=33777c94-e4b9-4947-906f-f84480f3cb99.dev
BASEFAMILY=966cc2c2-cbf3-4440-b26d-7fe703a3fa04.fam
BLHA=28.31402241,113.42375188,48.067305,335.449580
TRANSFORMMATRIX=0.002231924,-0.999997509,0.000005508,0.000000000,0.999997509,0.002231924,-0.000001221,0.000000000,0.000001209,0.000005510,1.000000000,0.000000000,7.614147716,35.127577185,40.535463054,1.000000000
ENTITYNAME=Wire_Device
