OBJECTMODELPOINTER=33777c94-e4b9-4947-906f-f84480f3cb99.dev
BASEFAMILY=966e6cb8-34b6-4306-8737-48197546f1be.fam
BLHA=28.57953661,113.48279374,260.580940,480.423303
TRANSFORMMATRIX=-0.215345117,0.976538007,0.000040968,0.000000000,-0.976538008,-0.215345117,0.000000238,0.000000000,0.000009055,-0.000039955,0.999999999,0.000000000,58.300296102,-254.197284618,26.714282125,1.000000000
ENTITYNAME=Wire_Device
