OBJECTMODELPOINTER=747c121c-95db-400f-b9d9-59220753aa47.dev
BASEFAMILY=966eeae2-ca50-4ff2-be51-0ebf97aed2fa.fam
TRANSFORMMATRIX=-0.999477266,-0.032329230,0.000000036,0.000000000,0.032329252,-0.999477281,-0.000000009,0.000000000,0.000000000,-0.000000000,1.000000000,0.000000000,11.950000000,-0.325000000,57.999999999,1.000000000
ENTITYNAME=Tower_Device
