OBJECTMODELPOINTER=36b4e143-288e-4bfd-83b0-36645b45948d.dev
BASEFAMILY=967784c3-e56d-4a79-be89-ccf8d6e5cef8.fam
TRANSFORMMATRIX=-0.738963818,-0.102248122,0.665940803,0.000000000,-0.671236043,0.196939579,-0.714603121,0.000000000,-0.058083895,-0.975069614,-0.214162342,0.000000000,-9.000000001,0.500000000,26.000000001,1.000000000
ENTITYNAME=Tower_Device
