OBJECTMODELPOINTER=33777c94-e4b9-4947-906f-f84480f3cb99.dev
BASEFAMILY=96836091-4876-4559-9220-afed5f1ed10f.fam
BLHA=28.39632770,113.36872548,122.542167,249.667673
TRANSFORMMATRIX=-0.000011147,-0.999999998,0.000057731,0.000000000,1.000000000,-0.000011147,0.000000404,0.000000000,-0.000000403,0.000057730,0.999999998,0.000000000,-1.948010613,366.817650715,46.368415178,1.000000000
ENTITYNAME=Wire_Device
