OBJECTMODELPOINTER=33777c94-e4b9-4947-906f-f84480f3cb99.dev
BASEFAMILY=96859e8e-6ea2-4da0-a67d-57141a95439e.fam
BLHA=28.49379582,113.42815973,297.068153,224.957371
TRANSFORMMATRIX=-0.002745703,-0.999996228,0.000068776,0.000000000,0.999996231,-0.002745702,0.000002600,0.000000000,-0.000002412,0.000068783,0.999999998,0.000000000,-14.215883412,437.884141345,-7.864218287,1.000000000
ENTITYNAME=Wire_Device
