OBJECTMODELPOINTER=085d1e5f-e6c1-4053-aa75-2a76b27f3626.dev
BASEFAMILY=968eccab-bb40-40d9-8ed9-dc58ee307057.fam
TRANSFORMMATRIX=0.000000177,1.000000241,-0.000001595,0.000000000,-0.999999759,0.000000850,0.000000402,0.000000000,-0.000000000,0.000000000,1.000000000,0.000000000,-7.342000000,0.000000000,42.000000000,1.000000000
ENTITYNAME=Tower_Device
