OBJECTMODELPOINTER=33777c94-e4b9-4947-906f-f84480f3cb99.dev
BASEFAMILY=96a056a4-b9a9-4490-ba48-39494be797bd.fam
BLHA=28.65134658,113.46259240,159.100648,277.610658
TRANSFORMMATRIX=0.000004698,-0.999999997,0.000074631,0.000000000,1.000000000,0.000004698,-0.000001577,0.000000000,0.000001576,0.000074632,0.999999997,0.000000000,9.738642139,473.966686866,36.723491570,1.000000000
ENTITYNAME=Wire_Device
