OBJECTMODELPOINTER=33777c94-e4b9-4947-906f-f84480f3cb99.dev
BASEFAMILY=96a3e9b0-5b62-42d5-b8e9-c2099ae40b24.fam
BLHA=28.31502906,113.40300484,68.016258,0.896163
TRANSFORMMATRIX=0.001762128,-0.999998447,0.000025188,0.000000000,0.999998447,0.001762128,0.000001619,0.000000000,-0.000001664,0.000025186,1.000000000,0.000000000,-10.550516550,160.760485636,45.385871279,1.000000000
ENTITYNAME=Wire_Device
