OBJECTMODELPOINTER=33777c94-e4b9-4947-906f-f84480f3cb99.dev
BASEFAMILY=96b1435b-1751-4b9e-9616-78dbba96ddca.fam
BLHA=28.81363020,113.51792493,127.559863,396.804576
TRANSFORMMATRIX=-0.180705329,0.983537281,0.000028072,0.000000000,-0.983537281,-0.180705329,0.000000363,0.000000000,0.000005430,-0.000027544,1.000000000,0.000000000,34.113339408,-175.411211994,26.796665807,1.000000000
ENTITYNAME=Wire_Device
