OBJECTMODELPOINTER=33777c94-e4b9-4947-906f-f84480f3cb99.dev
BASEFAMILY=96cd9e19-4227-40d5-b92d-06c7c6818f03.fam
BLHA=28.31435017,113.39267151,117.559440,4.996372
TRANSFORMMATRIX=0.000018998,-0.999999999,0.000038914,0.000000000,1.000000000,0.000018998,-0.000001024,0.000000000,0.000001023,0.000038915,0.999999999,0.000000000,6.610806433,248.383710554,16.513601351,1.000000000
ENTITYNAME=Wire_Device
