OBJECTMODELPOINTER=33777c94-e4b9-4947-906f-f84480f3cb99.dev
BASEFAMILY=96e4f0eb-a24e-48c3-b8ad-2550301f20f2.fam
BLHA=28.46166988,113.39860583,270.672858,242.026912
TRANSFORMMATRIX=-0.000011725,-0.999999999,0.000046553,0.000000000,1.000000000,-0.000011725,0.000000337,0.000000000,-0.000000337,0.000046552,0.999999999,0.000000000,-1.506424135,295.954711594,17.101845228,1.000000000
ENTITYNAME=Wire_Device
