OBJECTMODELPOINTER=33777c94-e4b9-4947-906f-f84480f3cb99.dev
BASEFAMILY=970ea6e2-35c0-4b18-b4ef-45253bc2f10b.fam
BLHA=28.31515909,113.41015274,70.673124,0.896163
TRANSFORMMATRIX=0.000005923,-1.000000000,0.000015021,0.000000000,1.000000000,0.000005923,0.000001567,0.000000000,-0.000001567,0.000015021,1.000000000,0.000000000,-9.942744240,95.876862568,31.575879676,1.000000000
ENTITYNAME=Wire_Device
