OBJECTMODELPOINTER=13a78437-ad2c-452a-8fd1-0733d19ccb25.dev
BASEFAMILY=9716b98d-bc7d-4fc1-8617-2a9d5317ef07.fam
TRANSFORMMATRIX=1.000000000,0.000000000,0.000000000,0.000000000,0.000000000,1.000000000,-0.000000000,0.000000000,-0.000000000,-0.000000000,1.000000000,0.000000000,-4.737049090,-4.737027945,-0.000001805,1.000000000
ENTITYNAME=Tower_Device
