OBJECTMODELPOINTER=33777c94-e4b9-4947-906f-f84480f3cb99.dev
BASEFAMILY=9726626f-8e01-457a-92aa-0a124d8837b5.fam
BLHA=28.41010958,113.37337020,176.661664,254.006183
TRANSFORMMATRIX=0.008335992,-0.999965255,0.000005326,0.000000000,0.999965255,0.008335992,-0.000002053,0.000000000,0.000002008,0.000005343,1.000000000,0.000000000,12.861796506,33.957213847,44.532569092,1.000000000
ENTITYNAME=Wire_Device
