OBJECTMODELPOINTER=33777c94-e4b9-4947-906f-f84480f3cb99.dev
BASEFAMILY=97298b6c-51f0-4b41-9a3b-d20ec825e504.fam
BLHA=28.65418328,113.46214797,157.582490,277.610658
TRANSFORMMATRIX=0.000003903,-0.999999999,0.000035965,0.000000000,1.000000000,0.000003903,0.000001996,0.000000000,-0.000001996,0.000035965,0.999999999,0.000000000,-12.898319374,228.415849659,35.961655490,1.000000000
ENTITYNAME=Wire_Device
