OBJECTMODELPOINTER=4a0841ac-d599-407e-9325-c529850debc6.dev
BASEFAMILY=972cadd7-4975-4207-9d38-246a9be56074.fam
TRANSFORMMATRIX=0.000000242,1.000000412,-0.000001278,0.000000000,-0.999999588,0.000000310,0.000001036,0.000000000,-0.000000000,-0.000000000,1.000000000,0.000000000,8.001999999,0.000000000,57.000000000,1.000000000
ENTITYNAME=Tower_Device
