OBJECTMODELPOINTER=80a9cd04-5ba4-438e-ac98-0324ade02d32.dev
BASEFAMILY=973268bc-ebf2-4dc3-9e3c-5a187af1a0b1.fam
TRANSFORMMATRIX=-0.999999825,0.000592615,-0.000000000,0.000000000,-0.000592614,-0.999999824,0.000000000,0.000000000,0.000000000,-0.000000000,1.000000000,0.000000000,-10.609999999,-0.000000000,55.000000000,1.000000000
ENTITYNAME=Tower_Device
