OBJECTMODELPOINTER=33777c94-e4b9-4947-906f-f84480f3cb99.dev
BASEFAMILY=9734cbfe-b458-4672-964e-2e4c97cc9df9.fam
BLHA=28.57953661,113.48279374,260.580940,480.423303
TRANSFORMMATRIX=-0.215349538,0.976537031,0.000053165,0.000000000,-0.976537033,-0.215349538,0.000000259,0.000000000,0.000011703,-0.000051862,0.999999999,0.000000000,75.346495276,-329.946396447,33.277048728,1.000000000
ENTITYNAME=Wire_Device
