OBJECTMODELPOINTER=33777c94-e4b9-4947-906f-f84480f3cb99.dev
BASEFAMILY=973c0b8b-cac5-4e0e-b71d-94476a40a757.fam
BLHA=28.78468964,113.48433856,117.864116,408.814230
TRANSFORMMATRIX=-0.126555790,0.991959489,0.000068698,0.000000000,-0.991959491,-0.126555790,0.000000651,0.000000000,0.000009340,-0.000068064,0.999999998,0.000000000,58.374093946,-433.047729051,79.666434066,1.000000000
ENTITYNAME=Wire_Device
