OBJECTMODELPOINTER=92b82245-6749-4c08-88f3-ac149537909a.dev
BASEFAMILY=9753389b-56fb-4a9a-a0b6-e8690ae312f0.fam
TRANSFORMMATRIX=0.000000429,0.999999987,-0.000000079,0.000000000,-1.000000013,-0.000000399,0.000001643,0.000000000,0.000000000,-0.000000000,1.000000000,0.000000000,-9.342000000,0.000000000,53.549999999,1.000000000
ENTITYNAME=Tower_Device
