OBJECTMODELPOINTER=601cd63c-cd7c-4a2a-83fe-9e1862af5df3.dev
BASEFAMILY=975532ba-eaf6-4325-bc00-20bd2594cb03.fam
TRANSFORMMATRIX=-1.000000000,-0.000000071,0.000000000,0.000000000,0.000000071,-1.000000000,-0.000000000,0.000000000,-0.000000000,0.000000000,1.000000000,0.000000000,9.870000000,0.310000000,55.000000000,1.000000000
ENTITYNAME=Tower_Device
