OBJECTMODELPOINTER=33777c94-e4b9-4947-906f-f84480f3cb99.dev
BASEFAMILY=9758d02a-7895-4104-a4d7-217007a1b034.fam
BLHA=28.49379582,113.42815973,297.068153,224.957371
TRANSFORMMATRIX=-0.002725211,-0.999996287,0.000015177,0.000000000,0.999996287,-0.002725211,0.000002204,0.000000000,-0.000002163,0.000015183,1.000000000,0.000000000,-13.519522643,96.633873779,31.915174669,1.000000000
ENTITYNAME=Wire_Device
