OBJECTMODELPOINTER=33777c94-e4b9-4947-906f-f84480f3cb99.dev
BASEFAMILY=9760b876-826f-4c00-8cc4-7e9b2b4ea5ce.fam
BLHA=28.36075913,113.35996262,84.531423,278.143009
TRANSFORMMATRIX=0.001112405,-0.999999381,0.000005475,0.000000000,0.999999381,0.001112405,-0.000002161,0.000000000,0.000002155,0.000005476,1.000000000,0.000000000,13.727783812,34.774221938,40.451599026,1.000000000
ENTITYNAME=Wire_Device
