OBJECTMODELPOINTER=33777c94-e4b9-4947-906f-f84480f3cb99.dev
BASEFAMILY=9763057e-767f-4132-9168-1b238f669e9f.fam
BLHA=28.67734470,113.45869625,172.236825,275.673275
TRANSFORMMATRIX=0.000003288,-0.999999999,0.000034925,0.000000000,1.000000000,0.000003288,0.000000144,0.000000000,-0.000000144,0.000034924,0.999999999,0.000000000,-1.031001599,221.793587485,45.024876889,1.000000000
ENTITYNAME=Wire_Device
