OBJECTMODELPOINTER=33777c94-e4b9-4947-906f-f84480f3cb99.dev
BASEFAMILY=9767a60c-ace0-45d8-83b8-0b65974c4a25.fam
BLHA=28.31411764,113.38983103,66.771612,527.133635
TRANSFORMMATRIX=-0.313222773,0.949679679,0.000037808,0.000000000,-0.949679680,-0.313222773,-0.000001642,0.000000000,0.000010283,-0.000036420,0.999999999,0.000000000,65.570531598,-232.484400820,91.130720565,1.000000000
ENTITYNAME=Wire_Device
