OBJECTMODELPOINTER=33777c94-e4b9-4947-906f-f84480f3cb99.dev
BASEFAMILY=9769eed6-8a4a-4280-8048-8689caee6a9b.fam
BLHA=28.31502906,113.40300484,68.016258,0.896163
TRANSFORMMATRIX=0.001777624,-0.999998419,0.000053957,0.000000000,0.999998420,0.001777625,0.000001763,0.000000000,-0.000001859,0.000053954,0.999999999,0.000000000,-11.779151783,344.392638311,61.956211689,1.000000000
ENTITYNAME=Wire_Device
