OBJECTMODELPOINTER=33777c94-e4b9-4947-906f-f84480f3cb99.dev
BASEFAMILY=9769b35b-759d-4a8f-8a63-77c950a9d73d.fam
BLHA=28.52807252,113.49714509,416.575795,210.734491
TRANSFORMMATRIX=-0.000012947,-1.000000000,0.000027229,0.000000000,1.000000000,-0.000012947,0.000000177,0.000000000,-0.000000177,0.000027229,1.000000000,0.000000000,-0.727483275,173.574867655,7.432617055,1.000000000
ENTITYNAME=Wire_Device
