ENTITYNAME=WIRE
BASEFAMILY=976f0f8a-bf9c-438d-b956-9ca6de73eefe.fam
OBJECTMODELPOINTER=81b82497-164d-48c0-b1cb-18fa700dacdf.dev
KVALUE=0.000000
SPLIT=4
POINT0.BLHA=28.57262295,113.49015944,261.229,312.996987
POINT0.MATRIX0=-0.731389569,0.681959895,0.000000000,0.000000000,-0.681959895,-0.731389569,0.000000000,0.000000000,0.000000000,-0.000000000,1.000000000,0.000000000,0.224856587,-0.000104880,58.000001438,1.000000000
POINT0.MATRIX1=-0.731389569,0.681959895,0.000000000,0.000000000,-0.681959895,-0.731389569,0.000000000,0.000000000,0.000000000,-0.000000000,1.000000000,0.000000000,0.224856587,-0.000104880,58.449998387,1.000000000
POINT0.MATRIX2=-0.731389569,0.681959895,0.000000000,0.000000000,-0.681959895,-0.731389569,0.000000000,0.000000000,0.000000000,-0.000000000,1.000000000,0.000000000,-0.224961471,0.000055433,58.449998386,1.000000000
POINT0.MATRIX3=-0.731389569,0.681959895,0.000000000,0.000000000,-0.681959895,-0.731389569,0.000000000,0.000000000,0.000000000,-0.000000000,1.000000000,0.000000000,-0.224961471,0.000055433,58.000001438,1.000000000
POINT1.BLHA=28.57262295,113.49015944,261.229,312.996987
POINT1.MATRIX0=-0.731389569,0.681959895,0.000000000,0.000000000,-0.681959895,-0.731389569,0.000000000,0.000000000,0.000000000,-0.000000000,1.000000000,0.000000000,0.224863658,0.109897745,58.000001438,1.000000000
POINT1.MATRIX1=-0.731389569,0.681959895,0.000000000,0.000000000,-0.681959895,-0.731389569,0.000000000,0.000000000,0.000000000,-0.000000000,1.000000000,0.000000000,0.224863658,0.109897745,58.449998387,1.000000000
POINT1.MATRIX2=-0.731389569,0.681959895,0.000000000,0.000000000,-0.681959895,-0.731389569,0.000000000,0.000000000,0.000000000,-0.000000000,1.000000000,0.000000000,-0.224954400,0.110058058,58.449998386,1.000000000
POINT1.MATRIX3=-0.731389569,0.681959895,0.000000000,0.000000000,-0.681959895,-0.731389569,0.000000000,0.000000000,0.000000000,-0.000000000,1.000000000,0.000000000,-0.224954400,0.110058058,58.000001438,1.000000000
