OBJECTMODELPOINTER=33777c94-e4b9-4947-906f-f84480f3cb99.dev
BASEFAMILY=977e1588-d999-437e-9dd1-e3e864cc6f2f.fam
BLHA=28.68327588,113.45799727,190.105481,276.549179
TRANSFORMMATRIX=-0.000003591,-1.000000000,-0.000000069,0.000000000,1.000000000,-0.000003591,-0.000001175,0.000000000,0.000001175,-0.000000069,1.000000000,0.000000000,7.502020153,-0.445664722,37.434689584,1.000000000
ENTITYNAME=Wire_Device
