OBJECTMODELPOINTER=33777c94-e4b9-4947-906f-f84480f3cb99.dev
BASEFAMILY=978096c1-0c0f-4273-86c2-0f90bcf5055a.fam
BLHA=28.65774704,113.46158959,182.997853,277.610658
TRANSFORMMATRIX=0.000003033,-0.999999999,0.000036412,0.000000000,1.000000000,0.000003033,0.000000138,0.000000000,-0.000000139,0.000036412,0.999999999,0.000000000,-1.042118300,231.248653178,6.102678467,1.000000000
ENTITYNAME=Wire_Device
