OBJECTMODELPOINTER=33777c94-e4b9-4947-906f-f84480f3cb99.dev
BASEFAMILY=978b754b-12a6-4589-83ed-3c931c4adfec.fam
BLHA=28.52337409,113.48828309,330.016596,210.734491
TRANSFORMMATRIX=-0.006885405,-0.999976295,0.000029101,0.000000000,0.999976295,-0.006885405,-0.000000988,0.000000000,0.000001189,0.000029093,1.000000000,0.000000000,7.977129725,185.479048894,11.645725569,1.000000000
ENTITYNAME=Wire_Device
