OBJECTMODELPOINTER=33777c94-e4b9-4947-906f-f84480f3cb99.dev
BASEFAMILY=97938bb3-163f-4bf5-9000-ff67e0aceba0.fam
BLHA=28.29509828,113.44289412,61.743516,287.794387
TRANSFORMMATRIX=-0.000000467,-1.000000000,0.000004573,0.000000000,1.000000000,-0.000000467,-0.000000999,0.000000000,0.000000999,0.000004573,1.000000000,0.000000000,6.328865769,29.044738947,56.289278180,1.000000000
ENTITYNAME=Wire_Device
