OBJECTMODELPOINTER=33777c94-e4b9-4947-906f-f84480f3cb99.dev
BASEFAMILY=97996a17-ac8e-4699-a41a-e5da792f7583.fam
BLHA=28.30961923,113.43478171,54.752520,501.227736
TRANSFORMMATRIX=0.236315074,0.971676482,0.000025285,0.000000000,-0.971676482,0.236315074,-0.000001761,0.000000000,-0.000007686,-0.000024152,1.000000000,0.000000000,-48.513938784,-153.727454666,48.451320815,1.000000000
ENTITYNAME=Wire_Device
