OBJECTMODELPOINTER=33777c94-e4b9-4947-906f-f84480f3cb99.dev
BASEFAMILY=97a0825c-8ce8-4b41-a084-d942a7c07704.fam
BLHA=28.30961923,113.43478171,54.752520,501.227736
TRANSFORMMATRIX=0.248505768,0.968630416,0.000005684,0.000000000,-0.968630416,0.248505768,0.000001180,0.000000000,-0.000000270,-0.000005798,1.000000000,0.000000000,-1.619587847,-36.933318638,57.907110645,1.000000000
ENTITYNAME=Wire_Device
