OBJECTMODELPOINTER=33777c94-e4b9-4947-906f-f84480f3cb99.dev
BASEFAMILY=97b68423-f1d9-4459-b9ab-d084923a2486.fam
BLHA=28.45588678,113.39517230,249.934153,242.026912
TRANSFORMMATRIX=-0.005764724,-0.999983383,0.000031973,0.000000000,0.999983384,-0.005764724,0.000000234,0.000000000,-0.000000049,0.000031973,0.999999999,0.000000000,0.121665599,203.269731507,-2.661249616,1.000000000
ENTITYNAME=Wire_Device
