OBJECTMODELPOINTER=33777c94-e4b9-4947-906f-f84480f3cb99.dev
BASEFAMILY=97c262f5-1954-4f5e-a1ba-11fc06bd120a.fam
BLHA=28.29509828,113.44289412,61.743516,287.794387
TRANSFORMMATRIX=0.000012859,-0.999999998,0.000069728,0.000000000,1.000000000,0.000012859,0.000001699,0.000000000,-0.000001700,0.000069728,0.999999998,0.000000000,-11.515667577,442.996698807,34.783280481,1.000000000
ENTITYNAME=Wire_Device
