OBJECTMODELPOINTER=33777c94-e4b9-4947-906f-f84480f3cb99.dev
BASEFAMILY=97ce86bb-f1c9-41b5-8145-2daad54c3f32.fam
BLHA=28.44959265,113.39143584,231.811382,242.026912
TRANSFORMMATRIX=-0.000003411,-1.000000000,0.000016832,0.000000000,1.000000000,-0.000003411,0.000000125,0.000000000,-0.000000125,0.000016832,1.000000000,0.000000000,-0.567051428,107.006300481,52.081196614,1.000000000
ENTITYNAME=Wire_Device
