OBJECTMODELPOINTER=33777c94-e4b9-4947-906f-f84480f3cb99.dev
BASEFAMILY=97e2fc14-fd78-4bff-bb52-3a397bfbfb28.fam
BLHA=28.80679371,113.51083278,186.898436,227.348291
TRANSFORMMATRIX=-0.000003399,-1.000000000,0.000004941,0.000000000,1.000000000,-0.000003399,0.000000037,0.000000000,-0.000000037,0.000004941,1.000000000,0.000000000,-0.154332358,31.450918468,40.821961659,1.000000000
ENTITYNAME=Wire_Device
