OBJECTMODELPOINTER=33777c94-e4b9-4947-906f-f84480f3cb99.dev
BASEFAMILY=980098d7-eeb4-46ac-8742-9b8d5bb0f300.fam
BLHA=28.27160371,113.47264060,64.950919,312.669055
TRANSFORMMATRIX=-0.002525017,-0.999996811,0.000052370,0.000000000,0.999996812,-0.002525017,0.000001223,0.000000000,-0.000001091,0.000052373,0.999999999,0.000000000,-7.814668633,333.374851689,57.028040310,1.000000000
ENTITYNAME=Wire_Device
