OBJECTMODELPOINTER=33777c94-e4b9-4947-906f-f84480f3cb99.dev
BASEFAMILY=9804521d-cc9d-4491-bda8-1cee87dcf55f.fam
BLHA=28.31534552,113.42043692,48.733934,348.172871
TRANSFORMMATRIX=-0.218066531,-0.975933905,0.000019201,0.000000000,0.975933905,-0.218066531,-0.000001621,0.000000000,0.000005770,0.000018385,1.000000000,0.000000000,36.520860085,117.291593384,39.201922891,1.000000000
ENTITYNAME=Wire_Device
