OBJECTMODELPOINTER=33777c94-e4b9-4947-906f-f84480f3cb99.dev
BASEFAMILY=9810e157-96e2-407a-99f4-ed064055626c.fam
BLHA=28.74269478,113.45578230,73.560853,258.301958
TRANSFORMMATRIX=-0.000005749,-0.999999999,0.000051078,0.000000000,1.000000000,-0.000005749,0.000000289,0.000000000,-0.000000288,0.000051078,0.999999999,0.000000000,-1.507714932,324.426044263,53.329534758,1.000000000
ENTITYNAME=Wire_Device
