OBJECTMODELPOINTER=0560b79e-6ba7-4d10-a9f5-a32a30caec13.dev
BASEFAMILY=9814d010-f4ae-45b8-9cc2-e6201cedaf7a.fam
TRANSFORMMATRIX=-0.001109226,-0.999999501,-0.000000127,0.000000000,0.999999268,-0.001110022,-0.000001638,0.000000000,0.000000000,-0.000000000,1.000000000,0.000000000,13.320000000,-0.600000000,57.000000001,1.000000000
ENTITYNAME=Tower_Device
