ENTITYNAME=WIRE
BASEFAMILY=9815e9d9-acce-4aab-bf2e-3daeccef6ca0.fam
OBJECTMODELPOINTER=81b82497-164d-48c0-b1cb-18fa700dacdf.dev
KVALUE=0.000000
SPLIT=4
POINT0.BLHA=28.50118026,113.44100017,250.748,200.251669
POINT0.MATRIX0=-0.346144382,-0.938181255,0.000000000,0.000000000,0.938181255,-0.346144382,-0.000000000,0.000000000,0.000000000,-0.000000000,1.000000000,0.000000000,12.095273360,0.600605217,40.741099673,1.000000000
POINT0.MATRIX1=-0.346144382,-0.938181255,0.000000000,0.000000000,0.938181255,-0.346144382,-0.000000000,0.000000000,0.000000000,-0.000000000,1.000000000,0.000000000,12.095273360,0.600605217,41.191100436,1.000000000
POINT0.MATRIX2=-0.346144382,-0.938181255,0.000000000,0.000000000,0.938181255,-0.346144382,-0.000000000,0.000000000,0.000000000,-0.000000000,1.000000000,0.000000000,11.645102587,0.599256704,41.191100436,1.000000000
POINT0.MATRIX3=-0.346144382,-0.938181255,0.000000000,0.000000000,0.938181255,-0.346144382,-0.000000000,0.000000000,0.000000000,-0.000000000,1.000000000,0.000000000,11.645102587,0.599256704,40.741099674,1.000000000
POINT1.BLHA=28.50118026,113.44100017,250.748,200.251669
POINT1.MATRIX0=-0.346144382,-0.938181255,0.000000000,0.000000000,0.938181255,-0.346144382,-0.000000000,0.000000000,0.000000000,-0.000000000,1.000000000,0.000000000,12.094896582,0.720611552,40.741099674,1.000000000
POINT1.MATRIX1=-0.346144382,-0.938181255,0.000000000,0.000000000,0.938181255,-0.346144382,-0.000000000,0.000000000,0.000000000,-0.000000000,1.000000000,0.000000000,12.094896582,0.720611552,41.191100436,1.000000000
POINT1.MATRIX2=-0.346144382,-0.938181255,0.000000000,0.000000000,0.938181255,-0.346144382,-0.000000000,0.000000000,0.000000000,-0.000000000,1.000000000,0.000000000,11.644720527,0.719248724,41.191100436,1.000000000
POINT1.MATRIX3=-0.346144382,-0.938181255,0.000000000,0.000000000,0.938181255,-0.346144382,-0.000000000,0.000000000,0.000000000,-0.000000000,1.000000000,0.000000000,11.644720527,0.719248724,40.741099674,1.000000000
