OBJECTMODELPOINTER=33777c94-e4b9-4947-906f-f84480f3cb99.dev
BASEFAMILY=981dd2f5-5253-4d09-9150-03ec42055896.fam
BLHA=28.50118026,113.44100017,250.748283,200.251669
TRANSFORMMATRIX=-0.000032507,-0.999999997,0.000066201,0.000000000,0.999999999,-0.000032507,0.000000427,0.000000000,-0.000000425,0.000066201,0.999999998,0.000000000,-1.991585821,422.315017644,26.039774806,1.000000000
ENTITYNAME=Wire_Device
