OBJECTMODELPOINTER=33777c94-e4b9-4947-906f-f84480f3cb99.dev
BASEFAMILY=9826069b-52b6-4d43-9c69-7f4470e49390.fam
BLHA=28.31510010,113.40690744,78.265120,0.896163
TRANSFORMMATRIX=0.002071448,-0.999997853,0.000044875,0.000000000,0.999997855,0.002071448,-0.000001328,0.000000000,0.000001235,0.000044877,0.999999999,0.000000000,7.867621808,286.455991304,39.434708933,1.000000000
ENTITYNAME=Wire_Device
