OBJECTMODELPOINTER=33777c94-e4b9-4947-906f-f84480f3cb99.dev
BASEFAMILY=98294cf6-d8f8-4c22-9095-a3e48fa8717b.fam
BLHA=28.30070252,113.44082959,73.741833,287.794387
TRANSFORMMATRIX=-0.001848757,-0.999998291,0.000017715,0.000000000,0.999998291,-0.001848757,-0.000001075,0.000000000,0.000001108,0.000017713,1.000000000,0.000000000,6.897275191,112.521044690,31.965365297,1.000000000
ENTITYNAME=Wire_Device
