OBJECTMODELPOINTER=33777c94-e4b9-4947-906f-f84480f3cb99.dev
BASEFAMILY=982d853d-0b1b-45a7-9940-3b5ce9ae3d7c.fam
BLHA=28.28492071,113.44885804,59.682173,504.180323
TRANSFORMMATRIX=-0.275901406,0.961185940,0.000049476,0.000000000,-0.961185942,-0.275901406,0.000001245,0.000000000,0.000014847,-0.000047211,0.999999999,0.000000000,95.188179071,-301.052352621,57.776286782,1.000000000
ENTITYNAME=Wire_Device
