OBJECTMODELPOINTER=13a78437-ad2c-452a-8fd1-0733d19ccb25.dev
BASEFAMILY=98329f9d-aa46-4e95-b1e0-a7c74f1b93af.fam
TRANSFORMMATRIX=0.000000000,-1.000000000,-0.000000000,0.000000000,1.000000000,0.000000000,-0.000000000,0.000000000,0.000000000,-0.000000000,1.000000000,0.000000000,-5.397092885,5.397133780,0.000000960,1.000000000
ENTITYNAME=Tower_Device
