OBJECTMODELPOINTER=33777c94-e4b9-4947-906f-f84480f3cb99.dev
BASEFAMILY=984415cf-9b5b-4e49-ba9f-d2b995b02d39.fam
BLHA=28.79327466,113.49529712,200.216421,221.400685
TRANSFORMMATRIX=-0.000023790,-0.999999998,0.000051181,0.000000000,1.000000000,-0.000023791,-0.000001651,0.000000000,0.000001652,0.000051180,0.999999999,0.000000000,11.347442404,325.996359204,5.824788387,1.000000000
ENTITYNAME=Wire_Device
