OBJECTMODELPOINTER=33777c94-e4b9-4947-906f-f84480f3cb99.dev
BASEFAMILY=985b218c-ac2a-4cf4-8a40-2c9888cbdfc8.fam
BLHA=28.44044510,113.38600635,302.501930,242.026912
TRANSFORMMATRIX=-0.000002162,-1.000000000,0.000005742,0.000000000,1.000000000,-0.000002162,0.000000046,0.000000000,-0.000000045,0.000005741,1.000000000,0.000000000,-0.211725285,36.507282916,31.510717906,1.000000000
ENTITYNAME=Wire_Device
