OBJECTMODELPOINTER=33777c94-e4b9-4947-906f-f84480f3cb99.dev
BASEFAMILY=98879fe9-6c7b-4394-96cc-e33a77c3a5a6.fam
BLHA=28.29509828,113.44289412,61.743516,287.794387
TRANSFORMMATRIX=0.000008657,-0.999999998,0.000060653,0.000000000,1.000000000,0.000008656,-0.000001258,0.000000000,0.000001257,0.000060653,0.999999998,0.000000000,7.434185191,385.312194489,28.273083677,1.000000000
ENTITYNAME=Wire_Device
