ENTITYNAME=WIRE
BASEFAMILY=988b8775-0da1-422c-8c9d-be8c8c4b9ff7.fam
OBJECTMODELPOINTER=31970f28-780e-4bf1-8adb-439f78c329a3.dev
KVALUE=0.000233
SPLIT=1
POINT0.BLHA=28.36075913,113.35996262,84.531,278.143009
POINT0.MATRIX0=-0.989917611,0.141644356,0.000000000,0.000000000,-0.141644356,-0.989917611,0.000000000,0.000000000,-0.000000000,-0.000000000,1.000000000,0.000000000,11.950047176,0.634138340,57.558009645,1.000000000
POINT1.BLHA=28.35569166,113.36081333,82.536,278.143009
POINT1.MATRIX0=-0.989917611,0.141644356,0.000000000,0.000000000,-0.141644356,-0.989917611,0.000000000,0.000000000,0.000000000,-0.000000000,1.000000000,0.000000000,11.320024989,-0.629155015,63.558001072,1.000000000
