OBJECTMODELPOINTER=33777c94-e4b9-4947-906f-f84480f3cb99.dev
BASEFAMILY=9899712a-6d03-49cb-8821-96e29815e8af.fam
BLHA=28.31402241,113.42375188,48.067305,335.449580
TRANSFORMMATRIX=0.001595602,-0.999998727,0.000016472,0.000000000,0.999998727,0.001595602,-0.000001043,0.000000000,0.000001017,0.000016473,1.000000000,0.000000000,6.257905108,105.044097163,61.323231147,1.000000000
ENTITYNAME=Wire_Device
