OBJECTMODELPOINTER=33777c94-e4b9-4947-906f-f84480f3cb99.dev
BASEFAMILY=989d695d-d4da-44f3-8d3c-ddcd90001c3d.fam
BLHA=28.31402241,113.42375188,48.067305,335.449580
TRANSFORMMATRIX=0.002243591,-0.999997483,0.000029263,0.000000000,0.999997483,0.002243591,-0.000001155,0.000000000,0.000001088,0.000029265,1.000000000,0.000000000,6.553752756,186.621101342,36.953532385,1.000000000
ENTITYNAME=Wire_Device
