OBJECTMODELPOINTER=47ebba99-d1e4-4d36-bcd4-ec136c06c817.dev
BASEFAMILY=98a8b35c-609a-4fc9-9b5c-17cf97f96f68.fam
TRANSFORMMATRIX=-0.043276897,-0.108618015,-0.993141321,0.000000000,0.928981172,-0.370126378,0.000001265,0.000000000,-0.367587615,-0.922609662,0.116922014,0.000000000,-13.200000001,0.939000000,47.000000000,1.000000000
ENTITYNAME=Tower_Device
