OBJECTMODELPOINTER=28d14331-1f06-4bed-8eb9-990e50404bc9.dev
BASEFAMILY=98aa9241-b8fc-478e-bb45-18902ae4bb10.fam
TRANSFORMMATRIX=1.000000000,0.000000000,0.000000000,0.000000000,-0.000000000,1.000000000,-0.000000000,0.000000000,0.000000000,0.000000000,1.000000000,0.000000000,0.000000000,0.000000000,-0.000000000,1.000000000
ENTITYNAME=Tower_Device
