OBJECTMODELPOINTER=33777c94-e4b9-4947-906f-f84480f3cb99.dev
BASEFAMILY=98b46623-8295-49c1-a536-1d334a4a6352.fam
BLHA=28.57262295,113.49015944,261.228990,312.996987
TRANSFORMMATRIX=0.000018032,-0.999999999,0.000050998,0.000000000,1.000000000,0.000018032,-0.000002008,0.000000000,0.000002007,0.000050998,0.999999999,0.000000000,11.939018075,324.603451637,20.530707982,1.000000000
ENTITYNAME=Wire_Device
