OBJECTMODELPOINTER=33777c94-e4b9-4947-906f-f84480f3cb99.dev
BASEFAMILY=98c16253-f1e8-429a-a23a-0aeccade6910.fam
BLHA=28.58865070,113.47941927,287.208654,287.849619
TRANSFORMMATRIX=-0.002219912,-0.999997531,0.000096150,0.000000000,0.999997536,-0.002219912,-0.000001590,0.000000000,0.000001802,0.000096146,0.999999995,0.000000000,10.577986036,610.843811926,38.423712842,1.000000000
ENTITYNAME=Wire_Device
