OBJECTMODELPOINTER=7120ab87-b41c-45b5-b1f1-20ed99b49d86.dev
BASEFAMILY=98cbfb7a-498d-4dc7-adf4-94a2fe765d81.fam
TRANSFORMMATRIX=-0.000000411,1.000000039,-0.000001644,0.000000000,-0.999999961,0.000000411,-0.000000028,0.000000000,-0.000000000,-0.000000000,1.000000000,0.000000000,27.000000000,-0.001000000,34.000000000,1.000000000
ENTITYNAME=Tower_Device
