OBJECTMODELPOINTER=33777c94-e4b9-4947-906f-f84480f3cb99.dev
BASEFAMILY=98cc8d1a-a5ee-4473-97dd-92b761ecc128.fam
BLHA=28.50118026,113.44100017,250.748283,200.251669
TRANSFORMMATRIX=-0.003202994,-0.999994868,0.000066133,0.000000000,0.999994870,-0.003202994,-0.000001445,0.000000000,0.000001658,0.000066128,0.999999998,0.000000000,11.240548477,421.872621403,25.374312355,1.000000000
ENTITYNAME=Wire_Device
