ENTITYNAME=WIRE
BASEFAMILY=98d2ee38-6d26-4e9d-b2a6-e2e6b49d0082.fam
OBJECTMODELPOINTER=81b82497-164d-48c0-b1cb-18fa700dacdf.dev
KVALUE=0.000000
SPLIT=4
POINT0.BLHA=28.80841146,113.51251091,171.151,227.348291
POINT0.MATRIX0=-0.735485915,-0.677540012,-0.000000000,0.000000000,0.677540012,-0.735485915,-0.000000000,0.000000000,0.000000000,0.000000000,1.000000000,0.000000000,-11.644510770,-0.110298923,43.000000352,1.000000000
POINT0.MATRIX1=-0.735485915,-0.677540012,-0.000000000,0.000000000,0.677540012,-0.735485915,-0.000000000,0.000000000,0.000000000,0.000000000,1.000000000,0.000000000,-11.644510770,-0.110298923,43.449997300,1.000000000
POINT0.MATRIX2=-0.735485915,-0.677540012,-0.000000000,0.000000000,0.677540012,-0.735485915,-0.000000000,0.000000000,0.000000000,0.000000000,1.000000000,0.000000000,-12.094434802,-0.110508355,43.449997301,1.000000000
POINT0.MATRIX3=-0.735485915,-0.677540012,-0.000000000,0.000000000,0.677540012,-0.735485915,-0.000000000,0.000000000,0.000000000,0.000000000,1.000000000,0.000000000,-12.094434802,-0.110508355,43.000000352,1.000000000
POINT1.BLHA=28.80841146,113.51251091,171.151,227.348291
POINT1.MATRIX0=-0.735485915,-0.677540012,-0.000000000,0.000000000,0.677540012,-0.735485915,-0.000000000,0.000000000,0.000000000,0.000000000,1.000000000,0.000000000,-11.644508270,-0.000298457,43.000000352,1.000000000
POINT1.MATRIX1=-0.735485915,-0.677540012,-0.000000000,0.000000000,0.677540012,-0.735485915,-0.000000000,0.000000000,0.000000000,0.000000000,1.000000000,0.000000000,-11.644508270,-0.000298457,43.449997300,1.000000000
POINT1.MATRIX2=-0.735485915,-0.677540012,-0.000000000,0.000000000,0.677540012,-0.735485915,-0.000000000,0.000000000,0.000000000,0.000000000,1.000000000,0.000000000,-12.094432303,-0.000507889,43.449997300,1.000000000
POINT1.MATRIX3=-0.735485915,-0.677540012,-0.000000000,0.000000000,0.677540012,-0.735485915,-0.000000000,0.000000000,0.000000000,0.000000000,1.000000000,0.000000000,-12.094432302,-0.000507889,43.000000351,1.000000000
