OBJECTMODELPOINTER=33777c94-e4b9-4947-906f-f84480f3cb99.dev
BASEFAMILY=98df0898-b3a7-4189-a57b-1416572131a9.fam
BLHA=28.33182616,113.36613124,59.967362,296.260490
TRANSFORMMATRIX=0.002979454,-0.999995560,0.000047346,0.000000000,0.999995561,0.002979454,0.000000153,0.000000000,-0.000000294,0.000047345,0.999999999,0.000000000,-2.498315783,300.946483541,33.216202766,1.000000000
ENTITYNAME=Wire_Device
