OBJECTMODELPOINTER=33777c94-e4b9-4947-906f-f84480f3cb99.dev
BASEFAMILY=98df94c8-6a7c-4e19-a63b-2fe9cb952142.fam
BLHA=28.31502906,113.40300484,68.016258,0.896163
TRANSFORMMATRIX=-0.001679047,-0.999998590,0.000034790,0.000000000,0.999998590,-0.001679047,-0.000000961,0.000000000,0.000001019,0.000034788,0.999999999,0.000000000,6.489683652,222.056925312,36.499761828,1.000000000
ENTITYNAME=Wire_Device
