OBJECTMODELPOINTER=33777c94-e4b9-4947-906f-f84480f3cb99.dev
BASEFAMILY=98e3884c-42fc-4227-9a5e-f84af0971654.fam
BLHA=28.31534552,113.42043692,48.733934,348.172871
TRANSFORMMATRIX=-0.218417569,-0.975855402,0.000007304,0.000000000,0.975855402,-0.218417569,-0.000001321,0.000000000,0.000002884,0.000006839,1.000000000,0.000000000,18.272381069,43.627560380,31.848587321,1.000000000
ENTITYNAME=Wire_Device
