OBJECTMODELPOINTER=33777c94-e4b9-4947-906f-f84480f3cb99.dev
BASEFAMILY=98e83e8a-60c6-44d7-8893-39ef7dda3327.fam
BLHA=28.31502906,113.40300484,68.016258,0.896163
TRANSFORMMATRIX=-0.001183088,-0.999999299,0.000045577,0.000000000,0.999999300,-0.001183088,-0.000000789,0.000000000,0.000000843,0.000045576,0.999999999,0.000000000,5.375688019,290.916740539,67.475355359,1.000000000
ENTITYNAME=Wire_Device
