ENTITYNAME=WIRE
BASEFAMILY=98e9ecc6-4767-4daa-8db7-8873e6ce524e.fam
OBJECTMODELPOINTER=81b82497-164d-48c0-b1cb-18fa700dacdf.dev
KVALUE=0.000368
SPLIT=4
POINT0.BLHA=28.51174980,113.46636581,279.463,210.734491
POINT0.MATRIX0=-0.511060437,-0.859544780,-0.000000000,0.000000000,0.859544780,-0.511060437,0.000000000,0.000000000,-0.000000000,0.000000000,1.000000000,0.000000000,1.517771508,9.633966458,34.427872478,1.000000000
POINT0.MATRIX1=-0.511060437,-0.859544780,-0.000000000,0.000000000,0.859544780,-0.511060437,0.000000000,0.000000000,-0.000000000,0.000000000,1.000000000,0.000000000,1.649360765,9.761652522,34.892987071,1.000000000
POINT0.MATRIX2=-0.511060437,-0.859544780,-0.000000000,0.000000000,0.859544780,-0.511060437,0.000000000,0.000000000,-0.000000000,0.000000000,1.000000000,0.000000000,1.213579032,10.524917482,34.806675731,1.000000000
POINT0.MATRIX3=-0.511060437,-0.859544780,-0.000000000,0.000000000,0.859544780,-0.511060437,0.000000000,0.000000000,-0.000000000,0.000000000,1.000000000,0.000000000,1.081989776,10.397231417,34.341557323,1.000000000
POINT1.BLHA=28.50885387,113.46090739,244.702,210.734491
POINT1.MATRIX0=-0.511060437,-0.859544780,0.000000000,0.000000000,0.859544780,-0.511060437,0.000000000,0.000000000,0.000000000,-0.000000000,1.000000000,0.000000000,0.180324053,-0.119911003,43.762687735,1.000000000
POINT1.MATRIX1=-0.511060437,-0.859544780,0.000000000,0.000000000,0.859544780,-0.511060437,0.000000000,0.000000000,0.000000000,-0.000000000,1.000000000,0.000000000,0.217546485,-0.119887669,44.211141638,1.000000000
POINT1.MATRIX2=-0.511060437,-0.859544780,0.000000000,0.000000000,0.859544780,-0.511060437,0.000000000,0.000000000,0.000000000,-0.000000000,1.000000000,0.000000000,-0.230693721,-0.119943677,44.248409323,1.000000000
POINT1.MATRIX3=-0.511060437,-0.859544780,0.000000000,0.000000000,0.859544780,-0.511060437,0.000000000,0.000000000,0.000000000,-0.000000000,1.000000000,0.000000000,-0.268126003,-0.119842240,43.799955420,1.000000000
