OBJECTMODELPOINTER=33777c94-e4b9-4947-906f-f84480f3cb99.dev
BASEFAMILY=98eea8b6-4da0-4f38-bed0-a6e6577a1e10.fam
BLHA=28.66021577,113.46120276,152.793290,277.610658
TRANSFORMMATRIX=0.000002523,-0.999999999,0.000037391,0.000000000,1.000000000,0.000002523,0.000000142,0.000000000,-0.000000142,0.000037391,0.999999999,0.000000000,-1.070930573,237.467546647,55.000272728,1.000000000
ENTITYNAME=Wire_Device
