OBJECTMODELPOINTER=33777c94-e4b9-4947-906f-f84480f3cb99.dev
BASEFAMILY=98ee3456-1c67-41f3-b1a3-a7072bb55457.fam
BLHA=28.31775016,113.38284517,61.633463,329.270898
TRANSFORMMATRIX=-0.001054435,-0.999999444,0.000004309,0.000000000,0.999999444,-0.001054435,0.000001146,0.000000000,-0.000001141,0.000004310,1.000000000,0.000000000,-7.321429671,27.491274843,72.811505582,1.000000000
ENTITYNAME=Wire_Device
