ENTITYNAME=WIRE
BASEFAMILY=99050c22-c75d-4066-9b17-833cd92ad98f.fam
OBJECTMODELPOINTER=81b82497-164d-48c0-b1cb-18fa700dacdf.dev
KVALUE=0.000000
SPLIT=4
POINT0.BLHA=28.35190910,113.36144828,128.122,278.143009
POINT0.MATRIX0=-0.989917611,0.141644356,0.000000000,0.000000000,-0.141644356,-0.989917611,0.000000000,0.000000000,-0.000000000,-0.000000000,1.000000000,0.000000000,12.094736006,0.599203563,43.741103763,1.000000000
POINT0.MATRIX1=-0.989917611,0.141644356,0.000000000,0.000000000,-0.141644356,-0.989917611,0.000000000,0.000000000,-0.000000000,-0.000000000,1.000000000,0.000000000,12.094736007,0.599203563,44.191100711,1.000000000
POINT0.MATRIX2=-0.989917611,0.141644356,0.000000000,0.000000000,-0.141644356,-0.989917611,0.000000000,0.000000000,-0.000000000,-0.000000000,1.000000000,0.000000000,11.645060548,0.600409714,44.191100711,1.000000000
POINT0.MATRIX3=-0.989917611,0.141644356,0.000000000,0.000000000,-0.141644356,-0.989917611,0.000000000,0.000000000,-0.000000000,-0.000000000,1.000000000,0.000000000,11.645060548,0.600409714,43.741103763,1.000000000
POINT1.BLHA=28.35190910,113.36144828,128.122,278.143009
POINT1.MATRIX0=-0.989917611,0.141644356,0.000000000,0.000000000,-0.141644356,-0.989917611,0.000000000,0.000000000,-0.000000000,-0.000000000,1.000000000,0.000000000,12.094736874,0.719202994,43.741103763,1.000000000
POINT1.MATRIX1=-0.989917611,0.141644356,0.000000000,0.000000000,-0.141644356,-0.989917611,0.000000000,0.000000000,-0.000000000,-0.000000000,1.000000000,0.000000000,12.094736874,0.719202994,44.191100711,1.000000000
POINT1.MATRIX2=-0.989917611,0.141644356,0.000000000,0.000000000,-0.141644356,-0.989917611,0.000000000,0.000000000,-0.000000000,-0.000000000,1.000000000,0.000000000,11.645061416,0.720409145,44.191100711,1.000000000
POINT1.MATRIX3=-0.989917611,0.141644356,0.000000000,0.000000000,-0.141644356,-0.989917611,0.000000000,0.000000000,-0.000000000,-0.000000000,1.000000000,0.000000000,11.645061416,0.720409145,43.741103763,1.000000000
