OBJECTMODELPOINTER=33777c94-e4b9-4947-906f-f84480f3cb99.dev
BASEFAMILY=99167cf2-8cb1-4832-9b35-cff45127b9b2.fam
BLHA=28.31523299,113.41422428,48.000024,0.896163
TRANSFORMMATRIX=0.000023264,-0.999999999,0.000046729,0.000000000,1.000000000,0.000023264,0.000001722,0.000000000,-0.000001724,0.000046729,0.999999999,0.000000000,-10.919696403,298.269030806,38.523703003,1.000000000
ENTITYNAME=Wire_Device
