OBJECTMODELPOINTER=33777c94-e4b9-4947-906f-f84480f3cb99.dev
BASEFAMILY=991773e0-1125-4889-ab19-5dfaacb52abc.fam
BLHA=28.31534552,113.42043692,48.733934,348.172871
TRANSFORMMATRIX=-0.218396862,-0.975860035,0.000050510,0.000000000,0.975860036,-0.218396863,-0.000001199,0.000000000,0.000012202,0.000049029,0.999999999,0.000000000,77.166041215,312.803304038,38.320116191,1.000000000
ENTITYNAME=Wire_Device
