OBJECTMODELPOINTER=33777c94-e4b9-4947-906f-f84480f3cb99.dev
BASEFAMILY=9930c103-4a3e-4d65-a59c-d70f2f8347fc.fam
BLHA=28.31775016,113.38284517,61.633463,329.270898
TRANSFORMMATRIX=0.001440921,-0.999998961,0.000035848,0.000000000,0.999998962,0.001440921,-0.000001450,0.000000000,0.000001399,0.000035849,0.999999999,0.000000000,8.367197943,228.499111404,43.477090191,1.000000000
ENTITYNAME=Wire_Device
