OBJECTMODELPOINTER=3bff7569-72e3-4a9f-b6b9-3832af9046db.dev
BASEFAMILY=99385f04-c88c-41f6-9d9e-957bb8aabfa8.fam
TRANSFORMMATRIX=0.002296844,-0.999996952,0.000001138,0.000000000,0.999997773,0.002296705,-0.000001187,0.000000000,-0.000000000,-0.000000000,1.000000000,0.000000000,-13.320000000,0.599999999,57.000000000,1.000000000
ENTITYNAME=Tower_Device
