OBJECTMODELPOINTER=7e37e4a2-0e68-4149-ab50-ff963c04852d.dev
BASEFAMILY=99385939-fdf6-4e83-b826-03dd5f353020.fam
TRANSFORMMATRIX=1.000000000,0.000000000,-0.000000000,0.000000000,-0.000000000,1.000000000,0.000000000,0.000000000,0.000000000,0.000000000,1.000000000,0.000000000,0.000000000,0.000000000,0.000000000,1.000000000
ENTITYNAME=Tower_Device
