OBJECTMODELPOINTER=33777c94-e4b9-4947-906f-f84480f3cb99.dev
BASEFAMILY=99664bbc-8b65-4889-9969-097c3bb76b9e.fam
BLHA=28.44721846,113.39002654,265.559825,242.026912
TRANSFORMMATRIX=-0.002845336,-0.999995951,0.000051640,0.000000000,0.999995952,-0.002845336,0.000002463,0.000000000,-0.000002315,0.000051647,0.999999999,0.000000000,-14.057314037,328.314383626,22.929241008,1.000000000
ENTITYNAME=Wire_Device
