ENTITYNAME=WIRE
BASEFAMILY=9971aecc-b874-443d-b244-aaf8a189fe2b.fam
OBJECTMODELPOINTER=81b82497-164d-48c0-b1cb-18fa700dacdf.dev
KVALUE=0.000370
SPLIT=4
POINT0.BLHA=28.63586389,113.46501767,148.650,277.610658
POINT0.MATRIX0=-0.991190922,0.132440763,-0.000000000,0.000000000,-0.132440763,-0.991190922,0.000000000,0.000000000,0.000000000,0.000000000,1.000000000,0.000000000,-11.645827866,0.111215026,36.999996658,1.000000000
POINT0.MATRIX1=-0.991190922,0.132440763,-0.000000000,0.000000000,-0.132440763,-0.991190922,0.000000000,0.000000000,0.000000000,0.000000000,1.000000000,0.000000000,-11.645827866,0.111215026,37.450008865,1.000000000
POINT0.MATRIX2=-0.991190922,0.132440763,-0.000000000,0.000000000,-0.132440763,-0.991190922,0.000000000,0.000000000,0.000000000,0.000000000,1.000000000,0.000000000,-12.095979101,0.108307789,37.450008865,1.000000000
POINT0.MATRIX3=-0.991190922,0.132440763,-0.000000000,0.000000000,-0.132440763,-0.991190922,0.000000000,0.000000000,0.000000000,0.000000000,1.000000000,0.000000000,-12.095979101,0.108307789,36.999996658,1.000000000
POINT1.BLHA=28.63338498,113.46540590,167.944,275.523589
POINT1.MATRIX0=-0.995356654,0.096255554,-0.000000000,0.000000000,-0.096255554,-0.995356654,0.000000000,0.000000000,-0.000000000,0.000000000,1.000000000,0.000000000,-7.073184316,-9.459422591,28.549610918,1.000000000
POINT1.MATRIX1=-0.995356654,0.096255554,-0.000000000,0.000000000,-0.096255554,-0.995356654,0.000000000,0.000000000,-0.000000000,0.000000000,1.000000000,0.000000000,-7.056619225,-10.277314830,28.887097185,1.000000000
POINT1.MATRIX2=-0.995356654,0.096255554,-0.000000000,0.000000000,-0.096255554,-0.995356654,0.000000000,0.000000000,-0.000000000,0.000000000,1.000000000,0.000000000,-7.556535428,-10.287837730,28.887219255,1.000000000
POINT1.MATRIX3=-0.995356654,0.096255554,-0.000000000,0.000000000,-0.096255554,-0.995356654,0.000000000,0.000000000,-0.000000000,0.000000000,1.000000000,0.000000000,-7.573100518,-9.469945491,28.549732989,1.000000000
