ENTITYNAME=WIRE
BASEFAMILY=9977b314-b6e5-419c-be20-632ac6b5bf8e.fam
OBJECTMODELPOINTER=81b82497-164d-48c0-b1cb-18fa700dacdf.dev
KVALUE=0.100059
SPLIT=4
POINT0.BLHA=28.79959310,113.50336431,218.110,224.374488
POINT0.MATRIX0=-0.699345139,-0.714784147,-0.000000000,0.000000000,0.714784147,-0.699345139,0.000000000,0.000000000,-0.000000000,0.000000000,1.000000000,0.000000000,1.941278137,-10.130952576,29.743645378,1.000000000
POINT0.MATRIX1=-0.699345139,-0.714784147,-0.000000000,0.000000000,0.714784147,-0.699345139,0.000000000,0.000000000,-0.000000000,0.000000000,1.000000000,0.000000000,2.399142720,-10.132168934,29.943024348,1.000000000
POINT0.MATRIX2=-0.699345139,-0.714784147,-0.000000000,0.000000000,0.714784147,-0.699345139,0.000000000,0.000000000,-0.000000000,0.000000000,1.000000000,0.000000000,2.124818651,-9.471743996,30.495315205,1.000000000
POINT0.MATRIX3=-0.699345139,-0.714784147,-0.000000000,0.000000000,0.714784147,-0.699345139,0.000000000,0.000000000,-0.000000000,0.000000000,1.000000000,0.000000000,1.665899315,-9.468812884,30.295928609,1.000000000
POINT1.BLHA=28.79959310,113.50336431,218.110,224.374488
POINT1.MATRIX0=-0.699345139,-0.714784147,-0.000000000,0.000000000,0.714784147,-0.699345139,0.000000000,0.000000000,-0.000000000,0.000000000,1.000000000,0.000000000,7.725207146,-4.000200702,32.789996993,1.000000000
POINT1.MATRIX1=-0.699345139,-0.714784147,-0.000000000,0.000000000,0.714784147,-0.699345139,0.000000000,0.000000000,-0.000000000,0.000000000,1.000000000,0.000000000,7.725207146,-4.000200702,33.239997041,1.000000000
POINT1.MATRIX2=-0.699345139,-0.714784147,-0.000000000,0.000000000,0.714784147,-0.699345139,0.000000000,0.000000000,-0.000000000,0.000000000,1.000000000,0.000000000,7.275207048,-4.000200690,33.239997041,1.000000000
POINT1.MATRIX3=-0.699345139,-0.714784147,-0.000000000,0.000000000,0.714784147,-0.699345139,0.000000000,0.000000000,-0.000000000,0.000000000,1.000000000,0.000000000,7.275207048,-4.000200690,32.789996993,1.000000000
