OBJECTMODELPOINTER=33777c94-e4b9-4947-906f-f84480f3cb99.dev
BASEFAMILY=9983f599-6966-443f-8c85-449bf40308a4.fam
BLHA=28.72353047,113.45260943,123.369332,283.291091
TRANSFORMMATRIX=-0.000050872,-0.999999997,0.000061297,0.000000000,0.999999999,-0.000050872,0.000000213,0.000000000,-0.000000210,0.000061298,0.999999998,0.000000000,-1.790040918,389.364735069,67.262615976,1.000000000
ENTITYNAME=Wire_Device
