OBJECTMODELPOINTER=33777c94-e4b9-4947-906f-f84480f3cb99.dev
BASEFAMILY=998ba964-7519-4175-9364-43a830360b35.fam
BLHA=28.30961923,113.43478171,54.752520,501.227736
TRANSFORMMATRIX=0.248502971,0.968631134,0.000014599,0.000000000,-0.968631134,0.248502971,0.000001199,0.000000000,-0.000002466,-0.000014439,1.000000000,0.000000000,-15.456980102,-91.936132583,57.872214721,1.000000000
ENTITYNAME=Wire_Device
