OBJECTMODELPOINTER=33777c94-e4b9-4947-906f-f84480f3cb99.dev
BASEFAMILY=999ad6a8-ab1c-425b-b082-caad7b4cdfd3.fam
BLHA=28.50306305,113.44669559,173.869453,200.251669
TRANSFORMMATRIX=-0.000020544,-0.999999999,0.000043303,0.000000000,1.000000000,-0.000020544,0.000002371,0.000000000,-0.000002370,0.000043303,0.999999999,0.000000000,-14.593209510,276.218319629,72.435989197,1.000000000
ENTITYNAME=Wire_Device
