OBJECTMODELPOINTER=33777c94-e4b9-4947-906f-f84480f3cb99.dev
BASEFAMILY=99a0c5f7-9e49-4326-8708-ee143aab1526.fam
BLHA=28.62772353,113.46582002,199.212660,273.436520
TRANSFORMMATRIX=0.000001269,-1.000000000,0.000028839,0.000000000,1.000000000,0.000001269,0.000000119,0.000000000,-0.000000119,0.000028840,1.000000000,0.000000000,-0.818070046,183.141972056,13.694196454,1.000000000
ENTITYNAME=Wire_Device
