OBJECTMODELPOINTER=33777c94-e4b9-4947-906f-f84480f3cb99.dev
BASEFAMILY=99a681b2-bc55-4239-9cb8-c047533d924d.fam
BLHA=28.31470596,113.39701913,83.588909,4.996372
TRANSFORMMATRIX=-0.003319542,-0.999994489,0.000045311,0.000000000,0.999994490,-0.003319542,-0.000001307,0.000000000,0.000001457,0.000045306,0.999999999,0.000000000,9.382609577,289.186763204,36.123194354,1.000000000
ENTITYNAME=Wire_Device
