OBJECTMODELPOINTER=33777c94-e4b9-4947-906f-f84480f3cb99.dev
BASEFAMILY=99b8acd8-8768-45b7-bd52-eb0811ac77ae.fam
BLHA=28.42674606,113.37865854,204.106778,254.006183
TRANSFORMMATRIX=0.001546170,-0.999998801,0.000081838,0.000000000,0.999998805,0.001546170,0.000002394,0.000000000,-0.000002520,0.000081835,0.999999997,0.000000000,-15.362352189,519.844950087,47.577391961,1.000000000
ENTITYNAME=Wire_Device
