OBJECTMODELPOINTER=33777c94-e4b9-4947-906f-f84480f3cb99.dev
BASEFAMILY=99c650f7-03e1-49dd-8db2-e6353aeea55d.fam
BLHA=28.35569166,113.36081333,82.535643,278.143009
TRANSFORMMATRIX=0.003438915,-0.999994085,0.000059975,0.000000000,0.999994087,0.003438915,-0.000001816,0.000000000,0.000001610,0.000059981,0.999999998,0.000000000,9.996285113,380.911769561,79.859791331,1.000000000
ENTITYNAME=Wire_Device
