OBJECTMODELPOINTER=938ece34-c13f-45b8-8d2d-5a4df1f57dc7.dev
BASEFAMILY=99d1a355-d5c4-4f80-b789-473ad70df4a9.fam
TRANSFORMMATRIX=0.019903621,0.253782617,-0.967056760,0.000000000,0.996938662,-0.078184111,-0.000000835,0.000000000,-0.075608713,-0.964096555,-0.254560710,0.000000000,5.500000000,0.900000000,44.000000000,1.000000000
ENTITYNAME=Tower_Device
