ENTITYNAME=WIRE
BASEFAMILY=99d7a64a-cfb6-407b-a7a3-07da1e11be57.fam
OBJECTMODELPOINTER=81b82497-164d-48c0-b1cb-18fa700dacdf.dev
KVALUE=0.000000
SPLIT=4
POINT0.BLHA=28.28033977,113.46346380,83.899,326.450928
POINT0.MATRIX0=-0.552650983,0.833412797,-0.000000000,0.000000000,-0.833412797,-0.552650983,-0.000000000,0.000000000,-0.000000000,0.000000000,1.000000000,0.000000000,8.039819529,-0.001056125,55.090010073,1.000000000
POINT0.MATRIX1=-0.552650983,0.833412797,-0.000000000,0.000000000,-0.833412797,-0.552650983,-0.000000000,0.000000000,-0.000000000,0.000000000,1.000000000,0.000000000,8.039819528,-0.001056126,55.540010076,1.000000000
POINT0.MATRIX2=-0.552650983,0.833412797,-0.000000000,0.000000000,-0.833412797,-0.552650983,-0.000000000,0.000000000,-0.000000000,0.000000000,1.000000000,0.000000000,7.589819499,-0.001056089,55.540010076,1.000000000
POINT0.MATRIX3=-0.552650983,0.833412797,-0.000000000,0.000000000,-0.833412797,-0.552650983,-0.000000000,0.000000000,-0.000000000,0.000000000,1.000000000,0.000000000,7.589819499,-0.001056088,55.090010073,1.000000000
POINT1.BLHA=28.28033977,113.46346380,83.899,326.450928
POINT1.MATRIX0=-0.552650983,0.833412797,-0.000000000,0.000000000,-0.833412797,-0.552650983,-0.000000000,0.000000000,-0.000000000,0.000000000,1.000000000,0.000000000,8.039819425,0.000944042,55.090010073,1.000000000
POINT1.MATRIX1=-0.552650983,0.833412797,-0.000000000,0.000000000,-0.833412797,-0.552650983,-0.000000000,0.000000000,-0.000000000,0.000000000,1.000000000,0.000000000,8.039819424,0.000944042,55.540010075,1.000000000
POINT1.MATRIX2=-0.552650983,0.833412797,-0.000000000,0.000000000,-0.833412797,-0.552650983,-0.000000000,0.000000000,-0.000000000,0.000000000,1.000000000,0.000000000,7.589819527,0.000943880,55.540010075,1.000000000
POINT1.MATRIX3=-0.552650983,0.833412797,-0.000000000,0.000000000,-0.833412797,-0.552650983,-0.000000000,0.000000000,-0.000000000,0.000000000,1.000000000,0.000000000,7.589819527,0.000943880,55.090010073,1.000000000
