OBJECTMODELPOINTER=33777c94-e4b9-4947-906f-f84480f3cb99.dev
BASEFAMILY=99dd9fdf-eca7-4be1-a7bb-dc81cefd53ef.fam
BLHA=28.46166988,113.39860583,270.672858,242.026912
TRANSFORMMATRIX=-0.000013875,-0.999999998,0.000055125,0.000000000,1.000000000,-0.000013875,0.000000398,0.000000000,-0.000000398,0.000055124,0.999999998,0.000000000,-1.779014360,350.450840756,21.835753541,1.000000000
ENTITYNAME=Wire_Device
