OBJECTMODELPOINTER=33777c94-e4b9-4947-906f-f84480f3cb99.dev
BASEFAMILY=99ea6b11-7e77-43c6-aacd-c55c2124f732.fam
BLHA=28.73821142,113.45475326,97.655295,258.301958
TRANSFORMMATRIX=-0.000064320,-0.999999997,0.000039054,0.000000000,0.999999998,-0.000064320,0.000000222,0.000000000,-0.000000219,0.000039054,0.999999999,0.000000000,-1.145934010,248.053323057,56.033193750,1.000000000
ENTITYNAME=Wire_Device
