ENTITYNAME=WIRE
BASEFAMILY=99fcd7a4-911a-4bc5-b4ff-df36bee1e464.fam
OBJECTMODELPOINTER=81b82497-164d-48c0-b1cb-18fa700dacdf.dev
KVALUE=0.000000
SPLIT=4
POINT0.BLHA=28.31402241,113.42375188,48.067,335.449580
POINT0.MATRIX0=-0.415493846,0.909595989,0.000000000,0.000000000,-0.909595989,-0.415493846,0.000000000,0.000000000,0.000000000,-0.000000000,1.000000000,0.000000000,7.067124180,0.000703150,68.066971796,1.000000000
POINT0.MATRIX1=-0.415493846,0.909595989,0.000000000,0.000000000,-0.909595989,-0.415493846,0.000000000,0.000000000,0.000000000,-0.000000000,1.000000000,0.000000000,7.249830992,0.000284954,68.532075423,1.000000000
POINT0.MATRIX2=-0.415493846,0.909595989,0.000000000,0.000000000,-0.909595989,-0.415493846,0.000000000,0.000000000,0.000000000,-0.000000000,1.000000000,0.000000000,6.784029718,-0.000045146,68.715608137,1.000000000
POINT0.MATRIX3=-0.415493846,0.909595989,0.000000000,0.000000000,-0.909595989,-0.415493846,0.000000000,0.000000000,0.000000000,-0.000000000,1.000000000,0.000000000,6.601322908,0.000373050,68.250504511,1.000000000
POINT1.BLHA=28.31402241,113.42375188,48.067,335.449580
POINT1.MATRIX0=-0.415493846,0.909595989,0.000000000,0.000000000,-0.909595989,-0.415493846,0.000000000,0.000000000,0.000000000,-0.000000000,1.000000000,0.000000000,7.067119070,0.130709761,68.066971796,1.000000000
POINT1.MATRIX1=-0.415493846,0.909595989,0.000000000,0.000000000,-0.909595989,-0.415493846,0.000000000,0.000000000,0.000000000,-0.000000000,1.000000000,0.000000000,7.249825882,0.130291565,68.532075422,1.000000000
POINT1.MATRIX2=-0.415493846,0.909595989,0.000000000,0.000000000,-0.909595989,-0.415493846,0.000000000,0.000000000,0.000000000,-0.000000000,1.000000000,0.000000000,6.784024608,0.129961464,68.715608137,1.000000000
POINT1.MATRIX3=-0.415493846,0.909595989,0.000000000,0.000000000,-0.909595989,-0.415493846,0.000000000,0.000000000,0.000000000,-0.000000000,1.000000000,0.000000000,6.601317797,0.130379661,68.250504511,1.000000000
