OBJECTMODELPOINTER=33777c94-e4b9-4947-906f-f84480f3cb99.dev
BASEFAMILY=9a01f7de-8712-44d6-860c-9212a0c0f5ea.fam
BLHA=28.52451102,113.49042735,376.991440,210.734491
TRANSFORMMATRIX=-0.021527915,-0.999768247,0.000023586,0.000000000,0.999768248,-0.021527915,0.000002158,0.000000000,-0.000001650,0.000023627,1.000000000,0.000000000,-10.146012772,150.590643322,1.039623750,1.000000000
ENTITYNAME=Wire_Device
