OBJECTMODELPOINTER=33777c94-e4b9-4947-906f-f84480f3cb99.dev
BASEFAMILY=9a0c55e2-2326-4d6d-a0d8-9fda36e30dd1.fam
BLHA=28.75811652,113.46436186,140.284510,236.227775
TRANSFORMMATRIX=-0.000982633,-0.999999517,0.000030522,0.000000000,0.999999517,-0.000982633,-0.000001787,0.000000000,0.000001817,0.000030521,0.999999999,0.000000000,12.045708860,194.152049115,7.411276541,1.000000000
ENTITYNAME=Wire_Device
