OBJECTMODELPOINTER=33777c94-e4b9-4947-906f-f84480f3cb99.dev
BASEFAMILY=9a0e8959-3e5d-4202-b364-648712335f2c.fam
BLHA=28.31435017,113.39267151,117.559440,4.996372
TRANSFORMMATRIX=0.000029994,-0.999999998,0.000050971,0.000000000,1.000000000,0.000029994,0.000001562,0.000000000,-0.000001564,0.000050971,0.999999999,0.000000000,-9.779474792,325.335239422,18.384390815,1.000000000
ENTITYNAME=Wire_Device
