OBJECTMODELPOINTER=7e37e4a2-0e68-4149-ab50-ff963c04852d.dev
BASEFAMILY=9a1588a5-2002-414b-b3ef-0e242884987c.fam
TRANSFORMMATRIX=1.000000000,-0.000000000,0.000000000,0.000000000,-0.000000000,1.000000000,0.000000000,0.000000000,-0.000000000,0.000000000,1.000000000,0.000000000,-0.000000000,0.000000000,-0.000000000,1.000000000
ENTITYNAME=Tower_Device
