OBJECTMODELPOINTER=33777c94-e4b9-4947-906f-f84480f3cb99.dev
BASEFAMILY=9a22b347-173b-4e7d-8f26-e03c9fabfe12.fam
BLHA=28.79022096,113.49139881,176.212376,221.400685
TRANSFORMMATRIX=-0.000019618,-0.999999998,0.000052409,0.000000000,1.000000000,-0.000019618,0.000000363,0.000000000,-0.000000362,0.000052409,0.999999999,0.000000000,-1.452316686,333.781357269,-12.589694428,1.000000000
ENTITYNAME=Wire_Device
