OBJECTMODELPOINTER=33777c94-e4b9-4947-906f-f84480f3cb99.dev
BASEFAMILY=9a236a37-f710-4277-8e47-a9b552fe4bbe.fam
BLHA=28.33513056,113.36426418,74.466119,467.201749
TRANSFORMMATRIX=-0.154731591,0.987956545,0.000027999,0.000000000,-0.987956545,-0.154731591,0.000000270,0.000000000,0.000004599,-0.000027620,1.000000000,0.000000000,29.602500016,-175.507309803,18.544058915,1.000000000
ENTITYNAME=Wire_Device
