OBJECTMODELPOINTER=33777c94-e4b9-4947-906f-f84480f3cb99.dev
BASEFAMILY=9a418e29-eb29-4656-948f-2ba4defcd6b9.fam
BLHA=28.63338498,113.46540590,167.944131,275.523589
TRANSFORMMATRIX=-0.054207145,-0.998529712,0.000007232,0.000000000,0.998529712,-0.054207145,-0.000001135,0.000000000,0.000001525,0.000007160,1.000000000,0.000000000,9.710812164,45.466767756,26.770196878,1.000000000
ENTITYNAME=Wire_Device
