ENTITYNAME=WIRE
BASEFAMILY=9a52919f-a47c-4a7b-81af-c10c488143e1.fam
OBJECTMODELPOINTER=31970f28-780e-4bf1-8adb-439f78c329a3.dev
KVALUE=0.000287
SPLIT=1
POINT0.BLHA=28.50209029,113.44375287,199.021,200.251669
POINT0.MATRIX0=-0.346144382,-0.938181255,0.000000000,0.000000000,0.938181255,-0.346144382,0.000000000,0.000000000,-0.000000000,-0.000000000,1.000000000,0.000000000,-11.319994680,-0.010023849,63.557998977,1.000000000
POINT1.BLHA=28.50209029,113.44375287,199.021,200.251669
POINT1.MATRIX0=-0.346144382,-0.938181255,0.000000000,0.000000000,0.938181255,-0.346144382,0.000000000,0.000000000,-0.000000000,-0.000000000,1.000000000,0.000000000,-11.318336431,0.009955477,63.557998970,1.000000000
