OBJECTMODELPOINTER=555ca288-5a0a-45d2-b8a6-c35d2fb59646.dev
BASEFAMILY=9a5fd9cd-2375-4e2e-aef5-61bd03afcb8a.fam
TRANSFORMMATRIX=-0.999995154,-0.003112858,0.000000002,0.000000000,0.003112858,-0.999995156,-0.000000003,0.000000000,-0.000000000,-0.000000000,1.000000000,0.000000000,11.320000000,-0.320000000,69.999999999,1.000000000
ENTITYNAME=Tower_Device
