OBJECTMODELPOINTER=33777c94-e4b9-4947-906f-f84480f3cb99.dev
BASEFAMILY=9a610896-ebe7-4283-b1fe-57ef085d4f1f.fam
BLHA=28.32474464,113.37442409,71.722945,330.514691
TRANSFORMMATRIX=0.314189430,-0.949360312,-0.000000156,0.000000000,0.949360312,0.314189430,0.000001855,0.000000000,-0.000001712,-0.000000731,1.000000000,0.000000000,-10.875007998,-4.635958784,36.386310552,1.000000000
ENTITYNAME=Wire_Device
