OBJECTMODELPOINTER=33777c94-e4b9-4947-906f-f84480f3cb99.dev
BASEFAMILY=9a6edded-4a72-42e6-80cc-93cfc9362c5f.fam
BLHA=28.39913011,113.36988101,173.073049,251.836928
TRANSFORMMATRIX=-0.055678478,-0.998448750,0.000026779,0.000000000,0.998448750,-0.055678478,-0.000000979,0.000000000,0.000002468,0.000026683,1.000000000,0.000000000,16.008961491,169.549427896,8.889922908,1.000000000
ENTITYNAME=Wire_Device
