OBJECTMODELPOINTER=33777c94-e4b9-4947-906f-f84480f3cb99.dev
BASEFAMILY=9a7707ce-ed0c-49b1-905c-b0478912c5d2.fam
BLHA=28.55813742,113.50479443,276.608256,304.990571
TRANSFORMMATRIX=0.000009078,-1.000000000,0.000029113,0.000000000,1.000000000,0.000009078,0.000000049,0.000000000,-0.000000049,0.000029113,1.000000000,0.000000000,-0.765214186,185.192378499,39.067351458,1.000000000
ENTITYNAME=Wire_Device
