OBJECTMODELPOINTER=33777c94-e4b9-4947-906f-f84480f3cb99.dev
BASEFAMILY=9a7e87af-5ab2-4c26-92ce-5f5090faacd7.fam
BLHA=28.77401473,113.47631208,189.623101,236.227775
TRANSFORMMATRIX=-0.000010000,-0.999999999,0.000036972,0.000000000,1.000000000,-0.000010000,0.000000255,0.000000000,-0.000000254,0.000036973,0.999999999,0.000000000,-1.059690915,235.161848032,8.661424257,1.000000000
ENTITYNAME=Wire_Device
