OBJECTMODELPOINTER=33777c94-e4b9-4947-906f-f84480f3cb99.dev
BASEFAMILY=9a8322cb-642a-4f47-909c-6d5aaa8694d2.fam
BLHA=28.31402241,113.42375188,48.067305,335.449580
TRANSFORMMATRIX=-0.002283135,-0.999997393,0.000039294,0.000000000,0.999997394,-0.002283135,0.000001706,0.000000000,-0.000001616,0.000039297,0.999999999,0.000000000,-10.763217911,250.634626932,52.138730705,1.000000000
ENTITYNAME=Wire_Device
