OBJECTMODELPOINTER=6d40a9f1-f856-4850-8fa3-a19e0bc28277.dev
BASEFAMILY=9a865141-8f2b-4aaa-a05a-6abb7907fa00.fam
TRANSFORMMATRIX=0.000000386,-0.999999730,0.000000669,0.000000000,1.000000270,-0.000000243,-0.000001501,0.000000000,0.000000000,0.000000000,1.000000000,0.000000000,11.870000000,-0.600000000,39.000000000,1.000000000
ENTITYNAME=Tower_Device
