OBJECTMODELPOINTER=33777c94-e4b9-4947-906f-f84480f3cb99.dev
BASEFAMILY=9a90ec26-1d13-4b8c-b4a3-0aae0906c154.fam
BLHA=28.51174980,113.46636581,279.463297,210.734491
TRANSFORMMATRIX=0.002245332,-0.999997478,0.000049676,0.000000000,0.999997479,0.002245332,0.000000118,0.000000000,-0.000000229,0.000049676,0.999999999,0.000000000,-0.737501185,316.657095156,-12.851228448,1.000000000
ENTITYNAME=Wire_Device
