OBJECTMODELPOINTER=33777c94-e4b9-4947-906f-f84480f3cb99.dev
BASEFAMILY=9a93ea10-449e-4824-8394-40a1ea5fae55.fam
BLHA=28.29509828,113.44289412,61.743516,287.794387
TRANSFORMMATRIX=0.000007384,-0.999999999,0.000037904,0.000000000,1.000000000,0.000007384,0.000001171,0.000000000,-0.000001171,0.000037904,0.999999999,0.000000000,-7.836691872,240.811746691,35.884036604,1.000000000
ENTITYNAME=Wire_Device
