OBJECTMODELPOINTER=33777c94-e4b9-4947-906f-f84480f3cb99.dev
BASEFAMILY=9a99ee7d-17c8-4ab0-8c6a-e01c1501042a.fam
BLHA=28.71274605,113.45447194,199.234978,264.887951
TRANSFORMMATRIX=0.002795434,-0.999996091,0.000060828,0.000000000,0.999996093,0.002795434,0.000000304,0.000000000,-0.000000474,0.000060827,0.999999998,0.000000000,-2.847224981,386.284337949,2.704235194,1.000000000
ENTITYNAME=Wire_Device
