OBJECTMODELPOINTER=6726d627-5f26-4a92-8be2-f6f6cdf3d11e.dev
BASEFAMILY=9a9dfd54-98a1-4c89-8588-9e0b5539b862.fam
TRANSFORMMATRIX=-0.000000160,0.999999612,-0.000001301,0.000000000,-1.000000388,0.000000160,-0.000001000,0.000000000,0.000000000,-0.000000000,1.000000000,0.000000000,13.320000000,-0.000000000,57.000000000,1.000000000
ENTITYNAME=Tower_Device
