ENTITYNAME=WIRE
BASEFAMILY=9a9f4c55-c37b-42d1-ba54-9f617a6482c7.fam
OBJECTMODELPOINTER=31970f28-780e-4bf1-8adb-439f78c329a3.dev
KVALUE=0.000287
SPLIT=1
POINT0.BLHA=28.28912608,113.44509395,57.000,477.961117
POINT0.MATRIX0=0.883265993,-0.468872248,0.000000000,0.000000000,0.468872248,0.883265993,-0.000000000,0.000000000,-0.000000000,-0.000000000,1.000000000,0.000000000,-13.412758123,0.856011515,61.282651719,1.000000000
POINT1.BLHA=28.28912608,113.44509395,57.000,477.961117
POINT1.MATRIX0=0.883265993,-0.468872248,0.000000000,0.000000000,0.468872248,0.883265993,-0.000000000,0.000000000,-0.000000000,-0.000000000,1.000000000,0.000000000,-13.414761113,-0.856708343,61.295988914,1.000000000
