OBJECTMODELPOINTER=0e312739-8609-4a3d-966c-75d05d59356d.dev
BASEFAMILY=9aadebc7-79b6-4ab1-aeef-f8ddfa472f0b.fam
TRANSFORMMATRIX=0.000000000,-1.000000000,0.000000000,0.000000000,1.000000000,0.000000000,-0.000000000,0.000000000,0.000000000,0.000000000,1.000000000,0.000000000,-4.736943755,4.737407396,0.000002142,1.000000000
ENTITYNAME=Tower_Device
