OBJECTMODELPOINTER=33777c94-e4b9-4947-906f-f84480f3cb99.dev
BASEFAMILY=9ab64e05-0a60-410b-8767-8b38bc9c5dbc.fam
BLHA=28.54536406,113.51168326,478.790289,255.750198
TRANSFORMMATRIX=-0.002150350,-0.999997688,0.000027650,0.000000000,0.999997688,-0.002150350,0.000002234,0.000000000,-0.000002174,0.000027655,1.000000000,0.000000000,-13.658582380,175.663255714,84.853259598,1.000000000
ENTITYNAME=Wire_Device
