OBJECTMODELPOINTER=33777c94-e4b9-4947-906f-f84480f3cb99.dev
BASEFAMILY=9ac32b86-8c3e-4b4a-b03f-56fb42462fce.fam
BLHA=28.46846127,113.40263855,250.773411,415.920157
TRANSFORMMATRIX=-0.073980064,0.997259721,0.000006188,0.000000000,-0.997259721,-0.073980064,-0.000001140,0.000000000,-0.000000679,-0.000006256,1.000000000,0.000000000,-4.421420807,-39.798941575,24.202238991,1.000000000
ENTITYNAME=Wire_Device
