OBJECTMODELPOINTER=0e312739-8609-4a3d-966c-75d05d59356d.dev
BASEFAMILY=9acb1f71-0882-404b-98b5-01aa71577419.fam
TRANSFORMMATRIX=1.000000000,0.000000000,-0.000000000,0.000000000,-0.000000000,1.000000000,0.000000000,0.000000000,0.000000000,0.000000000,1.000000000,0.000000000,-7.369835424,-7.369776036,-0.000006065,1.000000000
ENTITYNAME=Tower_Device
