OBJECTMODELPOINTER=33777c94-e4b9-4947-906f-f84480f3cb99.dev
BASEFAMILY=9ad0bc53-0c02-4435-92c2-408d731a57ed.fam
BLHA=28.80679371,113.51083278,186.898436,227.348291
TRANSFORMMATRIX=-0.000005396,-1.000000000,0.000014781,0.000000000,1.000000000,-0.000005396,0.000001963,0.000000000,-0.000001963,0.000014782,1.000000000,0.000000000,-12.257362384,94.060254824,35.882090674,1.000000000
ENTITYNAME=Wire_Device
