OBJECTMODELPOINTER=33777c94-e4b9-4947-906f-f84480f3cb99.dev
BASEFAMILY=9adc8ad6-1233-4079-a3a8-2c00616fea6d.fam
BLHA=28.70605444,113.45451077,165.912680,277.425083
TRANSFORMMATRIX=0.002586622,-0.999996652,0.000072515,0.000000000,0.999996655,0.002586622,-0.000001806,0.000000000,0.000001618,0.000072519,0.999999997,0.000000000,10.024707213,460.553367577,3.590471472,1.000000000
ENTITYNAME=Wire_Device
