OBJECTMODELPOINTER=33777c94-e4b9-4947-906f-f84480f3cb99.dev
BASEFAMILY=9ae6baf2-91f5-4694-87ca-b7fd04541097.fam
BLHA=28.43346852,113.38186613,283.381825,242.026912
TRANSFORMMATRIX=0.002480330,-0.999996923,0.000038925,0.000000000,0.999996924,0.002480330,0.000000287,0.000000000,-0.000000384,0.000038924,0.999999999,0.000000000,-1.912758064,247.449109656,-23.989605735,1.000000000
ENTITYNAME=Wire_Device
