OBJECTMODELPOINTER=33777c94-e4b9-4947-906f-f84480f3cb99.dev
BASEFAMILY=9afc0f38-3ed6-407d-8231-004f4eaf0db1.fam
BLHA=28.77401473,113.47631208,189.623101,236.227775
TRANSFORMMATRIX=-0.000006920,-1.000000000,0.000026778,0.000000000,1.000000000,-0.000006920,0.000000186,0.000000000,-0.000000185,0.000026778,1.000000000,0.000000000,-0.774355554,170.322764513,14.299123310,1.000000000
ENTITYNAME=Wire_Device
