OBJECTMODELPOINTER=33777c94-e4b9-4947-906f-f84480f3cb99.dev
BASEFAMILY=9b038a52-d4d2-48f1-abd3-e025b42059a9.fam
BLHA=28.50306305,113.44669559,173.869453,200.251669
TRANSFORMMATRIX=-0.000021993,-0.999999999,0.000043385,0.000000000,1.000000000,-0.000021993,0.000000279,0.000000000,-0.000000278,0.000043385,0.999999999,0.000000000,-1.301103701,276.759551698,73.164267106,1.000000000
ENTITYNAME=Wire_Device
