OBJECTMODELPOINTER=33777c94-e4b9-4947-906f-f84480f3cb99.dev
BASEFAMILY=9b0980a7-1120-4355-9cdf-8d814c304343.fam
BLHA=28.67391263,113.45910068,183.694474,275.673275
TRANSFORMMATRIX=0.010599813,-0.999943820,0.000004066,0.000000000,0.999943820,0.010599814,0.000000020,0.000000000,-0.000000063,0.000004066,1.000000000,0.000000000,-0.415110648,25.821533770,55.996912725,1.000000000
ENTITYNAME=Wire_Device
