OBJECTMODELPOINTER=5074b6ff-55a2-42e1-8804-90b07e3971e1.dev
BASEFAMILY=9b127008-1b29-4e48-9436-ba23e513ec5b.fam
TRANSFORMMATRIX=0.000000054,0.999999581,-0.000001131,0.000000000,-1.000000419,0.000000123,-0.000001189,0.000000000,-0.000000000,0.000000000,1.000000000,0.000000000,0.000000000,-0.000000000,48.000000000,1.000000000
ENTITYNAME=Tower_Device
