OBJECTMODELPOINTER=33777c94-e4b9-4947-906f-f84480f3cb99.dev
BASEFAMILY=9b26cd66-3dad-40e3-83da-c943d8b3afce.fam
BLHA=28.64674167,113.46331381,165.940967,277.610658
TRANSFORMMATRIX=0.000004657,-0.999999998,0.000062519,0.000000000,1.000000000,0.000004657,0.000000237,0.000000000,-0.000000237,0.000062518,0.999999998,0.000000000,-1.782872155,397.048905477,12.572681028,1.000000000
ENTITYNAME=Wire_Device
