OBJECTMODELPOINTER=33777c94-e4b9-4947-906f-f84480f3cb99.dev
BASEFAMILY=9b33bf4f-5350-4074-bbaf-cf1f1f7e2d5f.fam
BLHA=28.37348418,113.36536629,69.677902,286.379084
TRANSFORMMATRIX=-0.006823366,-0.999976720,0.000026638,0.000000000,0.999976721,-0.006823365,0.000001963,0.000000000,-0.000001782,0.000026651,1.000000000,0.000000000,-11.605493029,169.317720506,21.364428806,1.000000000
ENTITYNAME=Wire_Device
