OBJECTMODELPOINTER=33777c94-e4b9-4947-906f-f84480f3cb99.dev
BASEFAMILY=9b58ca5c-05a1-44f2-9c8a-f6a3d3bee72c.fam
BLHA=28.55813742,113.50479443,276.608256,304.990571
TRANSFORMMATRIX=0.000027281,-0.999999996,0.000087304,0.000000000,1.000000000,0.000027281,0.000000145,0.000000000,-0.000000147,0.000087304,0.999999996,0.000000000,-2.294465405,555.360177802,76.141327670,1.000000000
ENTITYNAME=Wire_Device
