OBJECTMODELPOINTER=33777c94-e4b9-4947-906f-f84480f3cb99.dev
BASEFAMILY=9b60e3e5-9493-4275-ab64-889fb945987a.fam
BLHA=28.30572385,113.43813150,65.831158,307.005893
TRANSFORMMATRIX=-0.003410448,-0.999994184,0.000013003,0.000000000,0.999994184,-0.003410448,-0.000000987,0.000000000,0.000001030,0.000013000,1.000000000,0.000000000,6.360336440,82.684896350,54.520505143,1.000000000
ENTITYNAME=Wire_Device
