OBJECTMODELPOINTER=33777c94-e4b9-4947-906f-f84480f3cb99.dev
BASEFAMILY=9b73df48-5c64-487d-81c9-05e457379e8f.fam
BLHA=28.63338498,113.46540590,167.944131,275.523589
TRANSFORMMATRIX=-0.047954159,-0.998849538,0.000000774,0.000000000,0.998849538,-0.047954159,-0.000001216,0.000000000,0.000001252,0.000000715,1.000000000,0.000000000,7.985780425,4.536093695,25.487865684,1.000000000
ENTITYNAME=Wire_Device
