OBJECTMODELPOINTER=33777c94-e4b9-4947-906f-f84480f3cb99.dev
BASEFAMILY=9b771281-bb98-40eb-b48a-0ffec870ff0b.fam
BLHA=28.31510010,113.40690744,78.265120,0.896163
TRANSFORMMATRIX=-0.002090440,-0.999997815,0.000024926,0.000000000,0.999997815,-0.002090440,0.000001722,0.000000000,-0.000001670,0.000024930,1.000000000,0.000000000,-10.590698172,159.126502424,40.222796544,1.000000000
ENTITYNAME=Wire_Device
