OBJECTMODELPOINTER=33777c94-e4b9-4947-906f-f84480f3cb99.dev
BASEFAMILY=9b8bda43-6ad1-4120-a2f0-81eb6b12e93b.fam
BLHA=28.31510010,113.40690744,78.265120,0.896163
TRANSFORMMATRIX=0.001475799,-0.999998910,0.000044874,0.000000000,0.999998911,0.001475799,-0.000000866,0.000000000,0.000000799,0.000044876,0.999999999,0.000000000,5.102351075,286.442983977,52.389707914,1.000000000
ENTITYNAME=Wire_Device
