OBJECTMODELPOINTER=33777c94-e4b9-4947-906f-f84480f3cb99.dev
BASEFAMILY=9b907cdd-4bb5-4c03-8052-0843f4de42ec.fam
BLHA=28.37348418,113.36536629,69.677902,286.379084
TRANSFORMMATRIX=-0.001028422,-0.999999471,0.000026296,0.000000000,0.999999471,-0.001028422,0.000000101,0.000000000,-0.000000074,0.000026296,1.000000000,0.000000000,-0.706817066,167.050597637,24.664113031,1.000000000
ENTITYNAME=Wire_Device
