OBJECTMODELPOINTER=33777c94-e4b9-4947-906f-f84480f3cb99.dev
BASEFAMILY=9b91a1d7-eeef-4c2c-8cc8-9db09ae6f36f.fam
BLHA=28.36995278,113.36656265,67.148041,253.042546
TRANSFORMMATRIX=-0.542990093,-0.839739101,0.000028295,0.000000000,0.839739102,-0.542990093,0.000001649,0.000000000,0.000013979,0.000024656,1.000000000,0.000000000,89.416633280,156.762202970,20.658241031,1.000000000
ENTITYNAME=Wire_Device
