ENTITYNAME=WIRE
BASEFAMILY=9b9297d2-7037-4735-9c91-73052016e11e.fam
OBJECTMODELPOINTER=31970f28-780e-4bf1-8adb-439f78c329a3.dev
KVALUE=0.000242
SPLIT=1
POINT0.BLHA=28.56585701,113.49736639,238.962,312.996987
POINT0.MATRIX0=-0.731389569,0.681959895,-0.000000000,0.000000000,-0.681959895,-0.731389569,-0.000000000,0.000000000,-0.000000000,0.000000000,1.000000000,0.000000000,-11.320382792,0.310382519,63.558000261,1.000000000
POINT1.BLHA=28.56335436,113.50003182,213.978,312.996987
POINT1.MATRIX0=-0.731389569,0.681959895,-0.000000000,0.000000000,-0.681959895,-0.731389569,0.000000000,0.000000000,0.000000000,-0.000000000,1.000000000,0.000000000,-10.607108436,-0.310028329,54.557998416,1.000000000
