ENTITYNAME=WIRE
BASEFAMILY=9b94002d-1749-4e7a-8ed0-4942637eb526.fam
OBJECTMODELPOINTER=81b82497-164d-48c0-b1cb-18fa700dacdf.dev
KVALUE=0.000369
SPLIT=4
POINT0.BLHA=28.77621013,113.47796265,180.198,236.227775
POINT0.MATRIX0=-0.831254041,-0.555892723,-0.000000000,0.000000000,0.555892723,-0.831254041,-0.000000000,0.000000000,0.000000000,0.000000000,1.000000000,0.000000000,0.182555621,0.119279141,53.478134805,1.000000000
POINT0.MATRIX1=-0.831254041,-0.555892723,-0.000000000,0.000000000,0.555892723,-0.831254041,-0.000000000,0.000000000,0.000000000,0.000000000,1.000000000,0.000000000,0.215259719,0.120003161,53.926903420,1.000000000
POINT0.MATRIX2=-0.831254041,-0.555892723,-0.000000000,0.000000000,0.555892723,-0.831254041,-0.000000000,0.000000000,0.000000000,0.000000000,1.000000000,0.000000000,-0.233810185,0.120442628,53.960167581,1.000000000
POINT0.MATRIX3=-0.831254041,-0.555892723,-0.000000000,0.000000000,0.555892723,-0.831254041,-0.000000000,0.000000000,0.000000000,0.000000000,1.000000000,0.000000000,-0.266514282,0.119718608,53.511398965,1.000000000
POINT1.BLHA=28.77401473,113.47631208,189.623,236.227775
POINT1.MATRIX0=-0.831254041,-0.555892723,0.000000000,0.000000000,0.555892723,-0.831254041,-0.000000000,0.000000000,-0.000000000,-0.000000000,1.000000000,0.000000000,0.181044934,-0.120664357,43.762688324,1.000000000
POINT1.MATRIX1=-0.831254041,-0.555892723,0.000000000,0.000000000,0.555892723,-0.831254041,-0.000000000,0.000000000,-0.000000000,-0.000000000,1.000000000,0.000000000,0.217675960,-0.119663856,44.211144611,1.000000000
POINT1.MATRIX2=-0.831254041,-0.555892723,0.000000000,0.000000000,0.555892723,-0.831254041,-0.000000000,0.000000000,-0.000000000,-0.000000000,1.000000000,0.000000000,-0.230105272,-0.120712216,44.248414204,1.000000000
POINT1.MATRIX3=-0.831254041,-0.555892723,0.000000000,0.000000000,0.555892723,-0.831254041,-0.000000000,0.000000000,-0.000000000,-0.000000000,1.000000000,0.000000000,-0.267822026,-0.120089174,43.799957916,1.000000000
