OBJECTMODELPOINTER=33777c94-e4b9-4947-906f-f84480f3cb99.dev
BASEFAMILY=9b974087-d248-40d0-907c-6a00eeeb8ad5.fam
BLHA=28.50469488,113.45163258,174.515783,200.251669
TRANSFORMMATRIX=0.002709157,-0.999996328,0.000064872,0.000000000,0.999996330,0.002709157,0.000000191,0.000000000,-0.000000367,0.000064872,0.999999998,0.000000000,-1.635724183,413.827533035,34.120871927,1.000000000
ENTITYNAME=Wire_Device
