OBJECTMODELPOINTER=33777c94-e4b9-4947-906f-f84480f3cb99.dev
BASEFAMILY=9b973bbd-ee83-47b9-bd51-4c16944115e1.fam
BLHA=28.48504373,113.41833342,235.006355,407.385386
TRANSFORMMATRIX=-0.037809106,0.999284979,0.000039049,0.000000000,-0.999284980,-0.037809106,0.000000498,0.000000000,0.000001974,-0.000039002,0.999999999,0.000000000,11.931226375,-248.230861664,47.253832163,1.000000000
ENTITYNAME=Wire_Device
