OBJECTMODELPOINTER=33777c94-e4b9-4947-906f-f84480f3cb99.dev
BASEFAMILY=9baa72fe-8c64-454d-a615-d2bc3e5d6543.fam
BLHA=28.44044510,113.38600635,302.501930,242.026912
TRANSFORMMATRIX=-0.000009985,-1.000000000,0.000030524,0.000000000,1.000000000,-0.000009985,-0.000001640,0.000000000,0.000001641,0.000030524,0.999999999,0.000000000,10.879863389,194.078481714,27.696696307,1.000000000
ENTITYNAME=Wire_Device
