OBJECTMODELPOINTER=33777c94-e4b9-4947-906f-f84480f3cb99.dev
BASEFAMILY=9baa5936-a347-4843-a77c-2dddf1d35cc0.fam
BLHA=28.47949059,113.41307678,290.814083,229.813402
TRANSFORMMATRIX=-0.000029180,-0.999999996,0.000084094,0.000000000,1.000000000,-0.000029180,0.000000632,0.000000000,-0.000000630,0.000084094,0.999999996,0.000000000,-2.639915718,535.169587395,82.479615186,1.000000000
ENTITYNAME=Wire_Device
