OBJECTMODELPOINTER=33777c94-e4b9-4947-906f-f84480f3cb99.dev
BASEFAMILY=9baab295-0167-4228-933b-f77f735ee40c.fam
BLHA=28.78468964,113.48433856,117.864116,408.814230
TRANSFORMMATRIX=-0.000066708,0.999999998,-0.000000077,0.000000000,-0.999999998,-0.000066708,0.000001177,0.000000000,0.000001177,0.000000077,1.000000000,0.000000000,7.498222156,0.512774921,37.434660537,1.000000000
ENTITYNAME=Wire_Device
