ENTITYNAME=WIRE
BASEFAMILY=9baf3035-60d5-47f0-962b-ec0605eea41f.fam
OBJECTMODELPOINTER=31970f28-780e-4bf1-8adb-439f78c329a3.dev
KVALUE=0.000218
SPLIT=1
POINT0.BLHA=28.31502906,113.40300484,68.016,0.896163
POINT0.MATRIX0=0.015640353,0.999877682,-0.000000000,0.000000000,-0.999877682,0.015640353,-0.000000000,0.000000000,-0.000000000,-0.000000000,1.000000000,0.000000000,10.801625855,0.309850987,72.558006709,1.000000000
POINT1.BLHA=28.31510010,113.40690744,78.265,0.896163
POINT1.MATRIX0=0.015640353,0.999877682,-0.000000000,0.000000000,-0.999877682,0.015640353,-0.000000000,0.000000000,0.000000000,-0.000000000,1.000000000,0.000000000,11.499894376,-0.309949971,78.658007104,1.000000000
