OBJECTMODELPOINTER=6d897ac0-75fe-4c5b-b0f1-056934722eee.dev
BASEFAMILY=9bc2e98f-51fd-43a3-a600-2c2c7bd2bbbb.fam
TRANSFORMMATRIX=0.003113322,-0.999995271,-0.000000132,0.000000000,0.999995039,0.003112527,-0.000001641,0.000000000,-0.000000000,-0.000000000,1.000000000,0.000000000,13.320000000,-0.600000000,63.000000000,1.000000000
ENTITYNAME=Tower_Device
