OBJECTMODELPOINTER=33777c94-e4b9-4947-906f-f84480f3cb99.dev
BASEFAMILY=9bd413c1-698b-43af-beae-23ef4049e377.fam
BLHA=28.70879307,113.45409149,169.216562,451.156517
TRANSFORMMATRIX=-0.090459071,0.995900174,0.000018308,0.000000000,-0.995900174,-0.090459071,-0.000001111,0.000000000,0.000000550,-0.000018333,1.000000000,0.000000000,3.522835500,-116.420683106,28.976441733,1.000000000
ENTITYNAME=Wire_Device
