OBJECTMODELPOINTER=33777c94-e4b9-4947-906f-f84480f3cb99.dev
BASEFAMILY=9be49349-c38d-4e9d-a95b-2e360483765c.fam
BLHA=28.34247838,113.36303113,107.750676,278.143009
TRANSFORMMATRIX=0.003129823,-0.999995100,0.000058601,0.000000000,0.999995102,0.003129823,0.000002123,0.000000000,-0.000002306,0.000058593,0.999999998,0.000000000,-14.993786233,372.114756845,13.227373989,1.000000000
ENTITYNAME=Wire_Device
