OBJECTMODELPOINTER=33777c94-e4b9-4947-906f-f84480f3cb99.dev
BASEFAMILY=9be7e49f-e084-473d-804f-7635f7663188.fam
BLHA=28.76146332,113.46687719,133.774448,236.227775
TRANSFORMMATRIX=0.001930607,-0.999998136,0.000016797,0.000000000,0.999998136,0.001930607,0.000001978,0.000000000,-0.000002010,0.000016793,1.000000000,0.000000000,-12.554668925,106.781394626,29.998373612,1.000000000
ENTITYNAME=Wire_Device
