OBJECTMODELPOINTER=33777c94-e4b9-4947-906f-f84480f3cb99.dev
BASEFAMILY=9bfcf2aa-f29f-4a14-8600-0b98e895e87b.fam
BLHA=28.31402241,113.42375188,48.067305,335.449580
TRANSFORMMATRIX=-0.002294225,-0.999997368,0.000016455,0.000000000,0.999997368,-0.002294225,0.000001327,0.000000000,-0.000001290,0.000016458,1.000000000,0.000000000,-8.402843710,104.973884594,36.759192493,1.000000000
ENTITYNAME=Wire_Device
