OBJECTMODELPOINTER=89862d72-3789-42be-990d-74bb7b4fdd57.dev
BASEFAMILY=9c00e019-13c3-4d25-971d-38284372d65a.fam
TRANSFORMMATRIX=0.000000338,0.999999583,0.000001161,0.000000000,-1.000000417,0.000000450,0.000001159,0.000000000,0.000000000,-0.000000000,1.000000000,0.000000000,7.790000000,-0.000000000,30.000000001,1.000000000
ENTITYNAME=Tower_Device
