OBJECTMODELPOINTER=33777c94-e4b9-4947-906f-f84480f3cb99.dev
BASEFAMILY=9c063a56-d3ac-4c8d-90c2-6e6c75523197.fam
BLHA=28.47949059,113.41307678,290.814083,229.813402
TRANSFORMMATRIX=0.000919161,-0.999999577,0.000028083,0.000000000,0.999999578,0.000919161,0.000002208,0.000000000,-0.000002233,0.000028081,1.000000000,0.000000000,-13.768220008,178.669344091,31.085899268,1.000000000
ENTITYNAME=Wire_Device
