OBJECTMODELPOINTER=33777c94-e4b9-4947-906f-f84480f3cb99.dev
BASEFAMILY=9c07d635-2e27-4573-a990-2afd7a2749e0.fam
BLHA=28.30070252,113.44082959,73.741833,287.794387
TRANSFORMMATRIX=0.001912736,-0.999998171,0.000017700,0.000000000,0.999998171,0.001912736,0.000001539,0.000000000,-0.000001573,0.000017697,1.000000000,0.000000000,-10.208978796,112.440931136,43.531392346,1.000000000
ENTITYNAME=Wire_Device
