OBJECTMODELPOINTER=33777c94-e4b9-4947-906f-f84480f3cb99.dev
BASEFAMILY=9c180396-3fd1-4b29-a149-44ff7658add9.fam
BLHA=28.68956538,113.45703476,163.838478,277.425083
TRANSFORMMATRIX=-0.005020131,-0.999987399,0.000005455,0.000000000,0.999987399,-0.005020131,0.000002108,0.000000000,-0.000002081,0.000005465,1.000000000,0.000000000,-13.304001902,34.719781694,53.783040430,1.000000000
ENTITYNAME=Wire_Device
