OBJECTMODELPOINTER=33777c94-e4b9-4947-906f-f84480f3cb99.dev
BASEFAMILY=9c46ca22-3dfe-41a0-8b76-65da3d3dadcd.fam
BLHA=28.31925198,113.37995663,64.126344,500.343289
TRANSFORMMATRIX=0.102468050,0.994736296,0.000000536,0.000000000,-0.994736296,0.102468050,0.000001720,0.000000000,0.000001656,-0.000000709,1.000000000,0.000000000,10.549607589,-4.543817639,31.474403650,1.000000000
ENTITYNAME=Wire_Device
