OBJECTMODELPOINTER=33777c94-e4b9-4947-906f-f84480f3cb99.dev
BASEFAMILY=9c4b690d-3ee5-4257-b7ab-1ff9c6537b24.fam
BLHA=28.77883021,113.47993260,194.739259,236.227775
TRANSFORMMATRIX=0.004161848,-0.999991339,0.000017535,0.000000000,0.999991339,0.004161848,0.000001980,0.000000000,-0.000002053,0.000017527,1.000000000,0.000000000,-12.820563862,111.451095176,31.701213041,1.000000000
ENTITYNAME=Wire_Device
