OBJECTMODELPOINTER=569a8242-60c1-4c62-9d4e-89d898c1285e.dev
BASEFAMILY=9c51a9e7-fd37-4a2c-99ed-e9463f30a9ed.fam
TRANSFORMMATRIX=0.017761738,-0.999841983,0.000000661,0.000000000,0.999842524,0.017761109,-0.000001520,0.000000000,-0.000000000,-0.000000000,1.000000000,0.000000000,13.320000000,-0.600000000,63.000000000,1.000000000
ENTITYNAME=Tower_Device
