OBJECTMODELPOINTER=33777c94-e4b9-4947-906f-f84480f3cb99.dev
BASEFAMILY=9c7cfacf-b5fe-4be3-b4e2-f52c9fbf4a02.fam
BLHA=28.57262295,113.49015944,261.228990,312.996987
TRANSFORMMATRIX=0.000009737,-1.000000000,0.000028700,0.000000000,1.000000000,0.000009737,-0.000002044,0.000000000,0.000002044,0.000028700,1.000000000,0.000000000,12.543035755,182.662532590,27.413510709,1.000000000
ENTITYNAME=Wire_Device
