OBJECTMODELPOINTER=33777c94-e4b9-4947-906f-f84480f3cb99.dev
BASEFAMILY=9c83983e-819f-4a27-9d6f-f328fd1e5b1f.fam
BLHA=28.39632770,113.36872548,122.542167,249.667673
TRANSFORMMATRIX=-0.000003234,-1.000000000,0.000015363,0.000000000,1.000000000,-0.000003234,-0.000001982,0.000000000,0.000001982,0.000015364,1.000000000,0.000000000,12.808309354,97.640628259,45.795285368,1.000000000
ENTITYNAME=Wire_Device
