OBJECTMODELPOINTER=33777c94-e4b9-4947-906f-f84480f3cb99.dev
BASEFAMILY=9c847bd2-3c26-4749-a17e-b52f46f54301.fam
BLHA=28.31515909,113.41015274,70.673124,0.896163
TRANSFORMMATRIX=0.000005950,-1.000000000,0.000015033,0.000000000,1.000000000,0.000005950,-0.000000943,0.000000000,0.000000942,0.000015033,1.000000000,0.000000000,5.994175254,95.954879968,44.525866776,1.000000000
ENTITYNAME=Wire_Device
