OBJECTMODELPOINTER=489e3719-9626-4653-aee9-83050ab0d7b7.dev
BASEFAMILY=9c8ce926-2ea0-46d4-a59e-00d761f4a660.fam
TRANSFORMMATRIX=-0.033329609,-0.118293108,-0.992419138,0.000000000,0.962523604,-0.271198163,-0.000000028,0.000000000,-0.269141366,-0.955227243,0.122897675,0.000000000,7.500000000,0.946500000,30.000000000,1.000000000
ENTITYNAME=Tower_Device
