OBJECTMODELPOINTER=28d14331-1f06-4bed-8eb9-990e50404bc9.dev
BASEFAMILY=9c8d65fe-c498-4a90-bf95-7a876e83ef2e.fam
TRANSFORMMATRIX=1.000000000,-0.000000000,-0.000000000,0.000000000,0.000000000,1.000000000,0.000000000,0.000000000,0.000000000,-0.000000000,1.000000000,0.000000000,0.000000000,-0.000000000,0.000000001,1.000000000
ENTITYNAME=Tower_Device
