ENTITYNAME=WIRE
BASEFAMILY=9c9e63b1-b3a6-4446-a6f8-249c63d937d0.fam
OBJECTMODELPOINTER=81b82497-164d-48c0-b1cb-18fa700dacdf.dev
KVALUE=0.000000
SPLIT=4
POINT0.BLHA=28.31470596,113.39701913,83.589,4.996372
POINT0.MATRIX0=0.087092668,0.996200214,-0.000000000,0.000000000,-0.996200214,0.087092668,0.000000000,0.000000000,-0.000000000,0.000000000,1.000000000,0.000000000,-10.003784230,0.000390813,73.066973766,1.000000000
POINT0.MATRIX1=0.087092668,0.996200214,-0.000000000,0.000000000,-0.996200214,0.087092668,0.000000000,0.000000000,-0.000000000,0.000000000,1.000000000,0.000000000,-9.819527274,-0.000033229,73.532076915,1.000000000
POINT0.MATRIX2=0.087092668,0.996200214,-0.000000000,0.000000000,-0.996200214,0.087092668,0.000000000,0.000000000,-0.000000000,0.000000000,1.000000000,0.000000000,-10.284188648,-0.000092198,73.715609630,1.000000000
POINT0.MATRIX3=0.087092668,0.996200214,-0.000000000,0.000000000,-0.996200214,0.087092668,0.000000000,0.000000000,-0.000000000,0.000000000,1.000000000,0.000000000,-10.468445604,0.000331844,73.250506480,1.000000000
POINT1.BLHA=28.31470596,113.39701913,83.589,4.996372
POINT1.MATRIX0=0.087092668,0.996200214,-0.000000000,0.000000000,-0.996200214,0.087092668,0.000000000,0.000000000,-0.000000000,0.000000000,1.000000000,0.000000000,-10.003783284,0.130401344,73.066973766,1.000000000
POINT1.MATRIX1=0.087092668,0.996200214,-0.000000000,0.000000000,-0.996200214,0.087092668,0.000000000,0.000000000,-0.000000000,0.000000000,1.000000000,0.000000000,-9.819526328,0.129977303,73.532076915,1.000000000
POINT1.MATRIX2=0.087092668,0.996200214,-0.000000000,0.000000000,-0.996200214,0.087092668,0.000000000,0.000000000,-0.000000000,0.000000000,1.000000000,0.000000000,-10.284187702,0.129918333,73.715609630,1.000000000
POINT1.MATRIX3=0.087092668,0.996200214,-0.000000000,0.000000000,-0.996200214,0.087092668,0.000000000,0.000000000,-0.000000000,0.000000000,1.000000000,0.000000000,-10.468444659,0.130342375,73.250506480,1.000000000
