OBJECTMODELPOINTER=33777c94-e4b9-4947-906f-f84480f3cb99.dev
BASEFAMILY=9ca5a844-ff5a-49aa-9763-51cb7664456f.fam
BLHA=28.53971514,113.51008635,497.099735,255.750198
TRANSFORMMATRIX=0.010353432,-0.999946401,0.000039685,0.000000000,0.999946402,0.010353431,-0.000001786,0.000000000,0.000001375,0.000039700,0.999999999,0.000000000,9.089595280,252.209275543,-15.450127964,1.000000000
ENTITYNAME=Wire_Device
