ENTITYNAME=WIRE
BASEFAMILY=9cb49070-f259-4a76-8a4d-9a120c3278bb.fam
OBJECTMODELPOINTER=81b82497-164d-48c0-b1cb-18fa700dacdf.dev
KVALUE=0.000370
SPLIT=4
POINT0.BLHA=28.67276970,113.45923535,192.994,456.641966
POINT0.MATRIX0=0.993288314,-0.115664713,-0.000000000,0.000000000,0.115664713,0.993288314,-0.000000000,0.000000000,0.000000000,-0.000000000,1.000000000,0.000000000,1.342281907,-10.472126175,34.587846562,1.000000000
POINT0.MATRIX1=0.993288314,-0.115664713,-0.000000000,0.000000000,0.115664713,0.993288314,-0.000000000,0.000000000,0.000000000,-0.000000000,1.000000000,0.000000000,1.197808727,-9.830012309,35.178056522,1.000000000
POINT0.MATRIX2=0.993288314,-0.115664713,-0.000000000,0.000000000,0.115664713,0.993288314,-0.000000000,0.000000000,0.000000000,-0.000000000,1.000000000,0.000000000,1.674941650,-9.858044142,35.324746891,1.000000000
POINT0.MATRIX3=0.993288314,-0.115664713,-0.000000000,0.000000000,0.115664713,0.993288314,-0.000000000,0.000000000,0.000000000,-0.000000000,1.000000000,0.000000000,1.819527784,-10.499188000,34.734529301,1.000000000
POINT1.BLHA=28.66842498,113.45991630,145.503,277.610658
POINT1.MATRIX0=-0.991190922,0.132440763,0.000000000,0.000000000,-0.132440763,-0.991190922,-0.000000000,0.000000000,-0.000000000,0.000000000,1.000000000,0.000000000,0.225283796,-0.109703935,58.000002191,1.000000000
POINT1.MATRIX1=-0.991190922,0.132440763,0.000000000,0.000000000,-0.132440763,-0.991190922,-0.000000000,0.000000000,-0.000000000,0.000000000,1.000000000,0.000000000,0.225283796,-0.109703935,58.449999139,1.000000000
POINT1.MATRIX2=-0.991190922,0.132440763,0.000000000,0.000000000,-0.132440763,-0.991190922,-0.000000000,0.000000000,-0.000000000,0.000000000,1.000000000,0.000000000,-0.224850755,-0.110642918,58.449999139,1.000000000
POINT1.MATRIX3=-0.991190922,0.132440763,0.000000000,0.000000000,-0.132440763,-0.991190922,-0.000000000,0.000000000,-0.000000000,0.000000000,1.000000000,0.000000000,-0.224850755,-0.110642919,58.000002191,1.000000000
