OBJECTMODELPOINTER=33777c94-e4b9-4947-906f-f84480f3cb99.dev
BASEFAMILY=9cb6e28c-9a84-4f40-a0dd-3aa3920019fb.fam
BLHA=28.31502906,113.40300484,68.016258,0.896163
TRANSFORMMATRIX=0.001756309,-0.999998458,0.000014401,0.000000000,0.999998458,0.001756309,0.000001250,0.000000000,-0.000001275,0.000014399,1.000000000,0.000000000,-8.089603981,91.908523458,34.166364233,1.000000000
ENTITYNAME=Wire_Device
