OBJECTMODELPOINTER=33777c94-e4b9-4947-906f-f84480f3cb99.dev
BASEFAMILY=9cc1c603-88f0-4652-a782-89352e991dd6.fam
BLHA=28.46688419,113.40170203,216.340862,242.026912
TRANSFORMMATRIX=-0.001891731,-0.999998208,0.000073853,0.000000000,0.999998211,-0.001891731,0.000002715,0.000000000,-0.000002575,0.000073857,0.999999997,0.000000000,-15.408540032,469.512442248,41.255047658,1.000000000
ENTITYNAME=Wire_Device
