OBJECTMODELPOINTER=33777c94-e4b9-4947-906f-f84480f3cb99.dev
BASEFAMILY=9cc3fb39-db41-4462-9af0-11c609d19643.fam
BLHA=28.75094621,113.45897359,113.766966,236.227775
TRANSFORMMATRIX=0.011588497,-0.999932851,0.000016198,0.000000000,0.999932851,0.011588497,-0.000001751,0.000000000,0.000001563,0.000016218,1.000000000,0.000000000,10.207543252,103.174479745,26.982109605,1.000000000
ENTITYNAME=Wire_Device
