OBJECTMODELPOINTER=33777c94-e4b9-4947-906f-f84480f3cb99.dev
BASEFAMILY=9cc70ce0-35c3-434d-93e0-7b0fa443e72c.fam
BLHA=28.33832123,113.36372877,73.392099,278.143009
TRANSFORMMATRIX=0.003158617,-0.999995011,0.000017493,0.000000000,0.999995012,0.003158617,0.000000083,0.000000000,-0.000000138,0.000017493,1.000000000,0.000000000,-0.961759163,111.089337812,42.835413211,1.000000000
ENTITYNAME=Wire_Device
