OBJECTMODELPOINTER=58ee9a83-5bd2-4f56-8999-0ba52cb27bfa.dev
BASEFAMILY=9ccf63c6-c4f6-45f3-a745-fa208ce39ca1.fam
TRANSFORMMATRIX=-0.000207199,0.006015368,-0.999981846,0.000000000,-0.999402676,-0.034559677,0.000000799,0.000000000,-0.034557801,0.999384573,0.006019373,0.000000000,7.500000000,-0.737500000,58.999999999,1.000000000
ENTITYNAME=Tower_Device
