OBJECTMODELPOINTER=33777c94-e4b9-4947-906f-f84480f3cb99.dev
BASEFAMILY=9ce3db11-3c5d-46af-9a41-7443abb892cb.fam
BLHA=28.42194077,113.37713088,216.761088,254.006183
TRANSFORMMATRIX=0.001184229,-0.999999297,0.000062354,0.000000000,0.999999299,0.001184229,0.000002402,0.000000000,-0.000002476,0.000062352,0.999999998,0.000000000,-15.251617982,396.071936781,0.082987458,1.000000000
ENTITYNAME=Wire_Device
