OBJECTMODELPOINTER=48ad95e1-b9dc-47c5-bbbd-f4d7f96f50d4.dev
BASEFAMILY=9cf3101b-83ac-4070-be27-5c3b5c2ad73d.fam
TRANSFORMMATRIX=-0.012166490,0.163900942,-0.986401399,0.000000000,-0.997256650,-0.074026422,-0.000000418,0.000000000,-0.073018856,0.983695208,0.164353233,0.000000000,-7.500000000,-0.953000000,30.000000000,1.000000000
ENTITYNAME=Tower_Device
