OBJECTMODELPOINTER=33777c94-e4b9-4947-906f-f84480f3cb99.dev
BASEFAMILY=9cfac173-2a55-4d16-b408-014430ef2d28.fam
BLHA=28.64279778,113.46393161,145.776199,277.610658
TRANSFORMMATRIX=0.000002163,-1.000000000,0.000025360,0.000000000,1.000000000,0.000002163,0.000000096,0.000000000,-0.000000095,0.000025360,1.000000000,0.000000000,-0.722329315,161.060826894,28.034983614,1.000000000
ENTITYNAME=Wire_Device
