ENTITYNAME=WIRE
BASEFAMILY=9d0071da-c1ae-4b0c-a56b-35affdff3504.fam
OBJECTMODELPOINTER=81b82497-164d-48c0-b1cb-18fa700dacdf.dev
KVALUE=0.000000
SPLIT=4
POINT0.BLHA=28.74846038,113.45710577,102.804,427.264866
POINT0.MATRIX0=0.922301280,0.386471667,0.000000000,0.000000000,-0.386471667,0.922301280,0.000000000,0.000000000,0.000000000,-0.000000000,1.000000000,0.000000000,7.275230130,-3.999603306,38.790011956,1.000000000
POINT0.MATRIX1=0.922301280,0.386471667,0.000000000,0.000000000,-0.386471667,0.922301280,0.000000000,0.000000000,0.000000000,-0.000000000,1.000000000,0.000000000,7.275230129,-3.999603305,39.240012003,1.000000000
POINT0.MATRIX2=0.922301280,0.386471667,0.000000000,0.000000000,-0.386471667,0.922301280,0.000000000,0.000000000,0.000000000,-0.000000000,1.000000000,0.000000000,7.725230153,-3.999603594,39.240012004,1.000000000
POINT0.MATRIX3=0.922301280,0.386471667,0.000000000,0.000000000,-0.386471667,0.922301280,0.000000000,0.000000000,0.000000000,-0.000000000,1.000000000,0.000000000,7.725230153,-3.999603594,38.790011956,1.000000000
POINT1.BLHA=28.74846038,113.45710577,102.804,427.264866
POINT1.MATRIX0=0.922301280,0.386471667,0.000000000,0.000000000,-0.386471667,0.922301280,0.000000000,0.000000000,0.000000000,-0.000000000,1.000000000,0.000000000,7.275230137,-4.001603348,38.790011956,1.000000000
POINT1.MATRIX1=0.922301280,0.386471667,0.000000000,0.000000000,-0.386471667,0.922301280,0.000000000,0.000000000,0.000000000,-0.000000000,1.000000000,0.000000000,7.275230137,-4.001603348,39.240012003,1.000000000
POINT1.MATRIX2=0.922301280,0.386471667,0.000000000,0.000000000,-0.386471667,0.922301280,0.000000000,0.000000000,0.000000000,-0.000000000,1.000000000,0.000000000,7.725230068,-4.001603416,39.240012003,1.000000000
POINT1.MATRIX3=0.922301280,0.386471667,0.000000000,0.000000000,-0.386471667,0.922301280,0.000000000,0.000000000,0.000000000,-0.000000000,1.000000000,0.000000000,7.725230068,-4.001603416,38.790011955,1.000000000
