OBJECTMODELPOINTER=33777c94-e4b9-4947-906f-f84480f3cb99.dev
BASEFAMILY=9d0ce53e-bb7d-4643-a6f2-070e51acae92.fam
BLHA=28.74846038,113.45710577,102.803547,427.264866
TRANSFORMMATRIX=-0.189804086,0.981821984,0.000029913,0.000000000,-0.981821984,-0.189804086,0.000000341,0.000000000,0.000006013,-0.000029304,1.000000000,0.000000000,38.005413712,-186.165297361,3.015738152,1.000000000
ENTITYNAME=Wire_Device
