OBJECTMODELPOINTER=33777c94-e4b9-4947-906f-f84480f3cb99.dev
BASEFAMILY=9d13d628-0eb3-4909-98b2-a3f80d8b843f.fam
BLHA=28.74846038,113.45710577,102.803547,427.264866
TRANSFORMMATRIX=-0.189800407,0.981822694,0.000064249,0.000000000,-0.981822695,-0.189800407,0.000000532,0.000000000,0.000012718,-0.000062979,0.999999998,0.000000000,80.376346197,-400.102608068,-3.597742430,1.000000000
ENTITYNAME=Wire_Device
