OBJECTMODELPOINTER=6c9daa33-e643-4bf5-b32c-f67b1229cf2f.dev
BASEFAMILY=9d32e722-2cbf-44f8-8fbe-fbae5c85657a.fam
TRANSFORMMATRIX=-0.999999534,-0.000965444,0.000000001,0.000000000,0.000965444,-0.999999534,0.000000000,0.000000000,-0.000000000,-0.000000000,1.000000000,0.000000000,11.319999999,0.000000000,70.000000000,1.000000000
ENTITYNAME=Tower_Device
