OBJECTMODELPOINTER=33777c94-e4b9-4947-906f-f84480f3cb99.dev
BASEFAMILY=9d392176-0f11-465e-8765-aabe530f465e.fam
BLHA=28.79669223,113.49966037,193.055862,221.400685
TRANSFORMMATRIX=-0.000005379,-1.000000000,0.000016123,0.000000000,1.000000000,-0.000005379,0.000000113,0.000000000,-0.000000114,0.000016123,1.000000000,0.000000000,-0.456995699,102.684580069,28.307549829,1.000000000
ENTITYNAME=Wire_Device
