OBJECTMODELPOINTER=33777c94-e4b9-4947-906f-f84480f3cb99.dev
BASEFAMILY=9d3b1c8e-377e-4fb4-93a4-aa0496a1d8e5.fam
BLHA=28.77621013,113.47796265,180.198107,236.227775
TRANSFORMMATRIX=-0.004978873,-0.999987605,0.000039436,0.000000000,0.999987605,-0.004978873,0.000002358,0.000000000,-0.000002161,0.000039448,0.999999999,0.000000000,-13.174061059,250.875982144,48.800292101,1.000000000
ENTITYNAME=Wire_Device
