OBJECTMODELPOINTER=63285de4-ca96-4596-ab14-192b2920d2ea.dev
BASEFAMILY=9d3ebcac-3d77-4b49-9551-90703a07e550.fam
TRANSFORMMATRIX=0.000000584,1.000000067,-0.000000238,0.000000000,-0.999999933,-0.000000232,0.000001627,0.000000000,-0.000000000,-0.000000000,1.000000000,0.000000000,7.067000000,0.000000000,81.600000000,1.000000000
ENTITYNAME=Tower_Device
