OBJECTMODELPOINTER=6299b329-e7a4-4ea8-b484-19e4ddf067f8.dev
BASEFAMILY=9d3e3b97-6e0c-4c17-a5fd-f9a1040b2038.fam
TRANSFORMMATRIX=0.014608573,-0.999892873,0.000001236,0.000000000,0.999893705,0.014608574,-0.000001100,0.000000000,-0.000000000,-0.000000000,1.000000000,0.000000000,-11.870000000,0.600000000,45.000000000,1.000000000
ENTITYNAME=Tower_Device
