OBJECTMODELPOINTER=33777c94-e4b9-4947-906f-f84480f3cb99.dev
BASEFAMILY=9d3fc0ff-e391-4ecc-bbfb-9b39289b87eb.fam
BLHA=28.74846038,113.45710577,102.803547,427.264866
TRANSFORMMATRIX=-0.338798884,0.940858818,0.000000182,0.000000000,-0.940858818,-0.338798884,-0.000001479,0.000000000,-0.000001330,-0.000000671,1.000000000,0.000000000,-8.493104186,-4.289142425,24.922770638,1.000000000
ENTITYNAME=Wire_Device
