ENTITYNAME=WIRE
BASEFAMILY=9d43d093-ec0a-4b5e-b4b4-f42050a39a65.fam
OBJECTMODELPOINTER=81b82497-164d-48c0-b1cb-18fa700dacdf.dev
KVALUE=0.000369
SPLIT=4
POINT0.BLHA=28.42958283,113.37956045,205.552,428.016547
POINT0.MATRIX0=0.927292005,0.374338801,0.000000000,0.000000000,-0.374338801,0.927292005,0.000000000,0.000000000,-0.000000000,0.000000000,1.000000000,0.000000000,8.260189030,-9.461921197,25.684791724,1.000000000
POINT0.MATRIX1=0.927292005,0.374338801,0.000000000,0.000000000,-0.374338801,0.927292005,0.000000000,0.000000000,-0.000000000,0.000000000,1.000000000,0.000000000,8.356135002,-10.265695732,26.035301367,1.000000000
POINT0.MATRIX2=0.927292005,0.374338801,0.000000000,0.000000000,-0.374338801,0.927292005,0.000000000,0.000000000,-0.000000000,0.000000000,1.000000000,0.000000000,8.852919471,-10.206268574,26.035301367,1.000000000
POINT0.MATRIX3=0.927292005,0.374338801,0.000000000,0.000000000,-0.374338801,0.927292005,0.000000000,0.000000000,-0.000000000,0.000000000,1.000000000,0.000000000,8.756607933,-9.401588481,25.684913794,1.000000000
POINT1.BLHA=28.42674606,113.37865854,204.107,254.006183
POINT1.MATRIX0=-0.961291434,-0.275533624,-0.000000000,0.000000000,0.275533624,-0.961291434,-0.000000000,0.000000000,-0.000000000,-0.000000000,1.000000000,0.000000000,-11.645731111,-0.111710690,25.000000074,1.000000000
POINT1.MATRIX1=-0.961291434,-0.275533624,-0.000000000,0.000000000,0.275533624,-0.961291434,-0.000000000,0.000000000,-0.000000000,-0.000000000,1.000000000,0.000000000,-11.645731111,-0.111710690,25.449997022,1.000000000
POINT1.MATRIX2=-0.961291434,-0.275533624,-0.000000000,0.000000000,0.275533624,-0.961291434,-0.000000000,0.000000000,-0.000000000,-0.000000000,1.000000000,0.000000000,-12.095643401,-0.108603244,25.449997023,1.000000000
POINT1.MATRIX3=-0.961291434,-0.275533624,-0.000000000,0.000000000,0.275533624,-0.961291434,-0.000000000,0.000000000,-0.000000000,-0.000000000,1.000000000,0.000000000,-12.095643401,-0.108603244,25.000000075,1.000000000
