OBJECTMODELPOINTER=33777c94-e4b9-4947-906f-f84480f3cb99.dev
BASEFAMILY=9d4c112a-5317-4015-acd4-148b53b9a59b.fam
BLHA=28.46846127,113.40263855,250.773411,415.920157
TRANSFORMMATRIX=-0.657723538,0.753259416,-0.000000360,0.000000000,-0.753259416,-0.657723538,0.000001296,0.000000000,0.000000739,0.000001123,1.000000000,0.000000000,4.726896762,7.159878067,36.246660008,1.000000000
ENTITYNAME=Wire_Device
