OBJECTMODELPOINTER=33777c94-e4b9-4947-906f-f84480f3cb99.dev
BASEFAMILY=9d592f41-6674-4fe9-a2bd-55f4a091398c.fam
BLHA=28.72353047,113.45260943,123.369332,283.291091
TRANSFORMMATRIX=-0.000053656,-0.999999998,0.000039509,0.000000000,0.999999999,-0.000053656,0.000000139,0.000000000,-0.000000137,0.000039510,0.999999999,0.000000000,-1.162768549,250.965612264,46.041326002,1.000000000
ENTITYNAME=Wire_Device
