OBJECTMODELPOINTER=33777c94-e4b9-4947-906f-f84480f3cb99.dev
BASEFAMILY=9d6b672f-9ecb-4373-ac9a-cacbbc963f64.fam
BLHA=28.60573334,113.47075261,228.044876,294.633001
TRANSFORMMATRIX=-0.001824701,-0.999998334,0.000047163,0.000000000,0.999998335,-0.001824701,0.000002111,0.000000000,-0.000002025,0.000047168,0.999999999,0.000000000,-13.505717082,299.817590691,5.602483430,1.000000000
ENTITYNAME=Wire_Device
