OBJECTMODELPOINTER=33777c94-e4b9-4947-906f-f84480f3cb99.dev
BASEFAMILY=9d842780-15f0-4549-8cae-2f9abf4ea0fa.fam
BLHA=28.62772353,113.46582002,199.212660,273.436520
TRANSFORMMATRIX=0.000000450,-1.000000000,0.000005422,0.000000000,1.000000000,0.000000450,0.000000022,0.000000000,-0.000000022,0.000005421,1.000000000,0.000000000,-0.153747720,34.428798278,28.485033734,1.000000000
ENTITYNAME=Wire_Device
