OBJECTMODELPOINTER=33777c94-e4b9-4947-906f-f84480f3cb99.dev
BASEFAMILY=9d85effd-3b99-448e-965b-52f5dae8041e.fam
BLHA=28.32292443,113.37625760,67.775568,311.415680
TRANSFORMMATRIX=0.002551835,-0.999996741,0.000078830,0.000000000,0.999996744,0.002551835,0.000001671,0.000000000,-0.000001873,0.000078826,0.999999997,0.000000000,-13.223397047,501.710490470,36.507588221,1.000000000
ENTITYNAME=Wire_Device
