OBJECTMODELPOINTER=33777c94-e4b9-4947-906f-f84480f3cb99.dev
BASEFAMILY=9d8722fa-2daf-4395-8671-fd73449b2e34.fam
BLHA=28.31566161,113.38686189,71.437616,329.270898
TRANSFORMMATRIX=0.002496382,-0.999996883,0.000036656,0.000000000,0.999996884,0.002496383,0.000001592,0.000000000,-0.000001684,0.000036653,0.999999999,0.000000000,-11.239175968,233.661229933,32.222639646,1.000000000
ENTITYNAME=Wire_Device
