OBJECTMODELPOINTER=0e312739-8609-4a3d-966c-75d05d59356d.dev
BASEFAMILY=9d89a622-c4e3-40fc-a8e0-fb3d15627e84.fam
TRANSFORMMATRIX=-1.000000000,0.000000000,0.000000000,0.000000000,-0.000000000,-1.000000000,-0.000000000,0.000000000,0.000000000,0.000000000,1.000000000,0.000000000,5.396481238,5.397546198,0.000000486,1.000000000
ENTITYNAME=Tower_Device
