OBJECTMODELPOINTER=33777c94-e4b9-4947-906f-f84480f3cb99.dev
BASEFAMILY=9d96fff8-d8d7-4f0c-a3f3-3fdc56fc3141.fam
BLHA=28.56928949,113.49371034,236.536103,312.996987
TRANSFORMMATRIX=0.000011512,-1.000000000,0.000029523,0.000000000,1.000000000,0.000011512,0.000002140,0.000000000,-0.000002140,0.000029523,1.000000000,0.000000000,-14.114539758,187.967177410,33.734187820,1.000000000
ENTITYNAME=Wire_Device
