ENTITYNAME=WIRE
BASEFAMILY=9dc4ecde-fccf-4725-88c1-b0ff11d339b2.fam
OBJECTMODELPOINTER=81b82497-164d-48c0-b1cb-18fa700dacdf.dev
KVALUE=0.000371
SPLIT=4
POINT0.BLHA=28.49037109,113.42431436,249.697,224.957371
POINT0.MATRIX0=-0.706580481,-0.707632690,0.000000000,0.000000000,0.707632690,-0.706580481,0.000000000,0.000000000,0.000000000,-0.000000000,1.000000000,0.000000000,12.095056714,0.719813377,43.741101564,1.000000000
POINT0.MATRIX1=-0.706580481,-0.707632690,0.000000000,0.000000000,0.707632690,-0.706580481,0.000000000,0.000000000,0.000000000,-0.000000000,1.000000000,0.000000000,12.095056715,0.719813378,44.191102327,1.000000000
POINT0.MATRIX2=-0.706580481,-0.707632690,0.000000000,0.000000000,0.707632690,-0.706580481,0.000000000,0.000000000,0.000000000,-0.000000000,1.000000000,0.000000000,11.645173703,0.719823920,44.191102327,1.000000000
POINT0.MATRIX3=-0.706580481,-0.707632690,0.000000000,0.000000000,0.707632690,-0.706580481,0.000000000,0.000000000,0.000000000,-0.000000000,1.000000000,0.000000000,11.645173703,0.719823920,43.741101564,1.000000000
POINT1.BLHA=28.48698475,113.42051247,234.671,224.957371
POINT1.MATRIX0=-0.706580481,-0.707632690,0.000000000,0.000000000,0.707632690,-0.706580481,0.000000000,0.000000000,-0.000000000,-0.000000000,1.000000000,0.000000000,12.095037591,-0.720028564,40.741099805,1.000000000
POINT1.MATRIX1=-0.706580481,-0.707632690,0.000000000,0.000000000,0.707632690,-0.706580481,0.000000000,0.000000000,-0.000000000,-0.000000000,1.000000000,0.000000000,12.095037591,-0.720028563,41.191100568,1.000000000
POINT1.MATRIX2=-0.706580481,-0.707632690,0.000000000,0.000000000,0.707632690,-0.706580481,0.000000000,0.000000000,-0.000000000,-0.000000000,1.000000000,0.000000000,11.645154580,-0.720018021,41.191100568,1.000000000
POINT1.MATRIX3=-0.706580481,-0.707632690,0.000000000,0.000000000,0.707632690,-0.706580481,0.000000000,0.000000000,-0.000000000,-0.000000000,1.000000000,0.000000000,11.645154580,-0.720018021,40.741099805,1.000000000
