OBJECTMODELPOINTER=33777c94-e4b9-4947-906f-f84480f3cb99.dev
BASEFAMILY=9dc6c55a-bb59-4989-b341-40d809e6cdf2.fam
BLHA=28.50306305,113.44669559,173.869453,200.251669
TRANSFORMMATRIX=-0.000016947,-0.999999999,0.000034676,0.000000000,1.000000000,-0.000016947,-0.000001877,0.000000000,0.000001878,0.000034676,0.999999999,0.000000000,12.300601017,221.228860797,64.004001545,1.000000000
ENTITYNAME=Wire_Device
