OBJECTMODELPOINTER=33777c94-e4b9-4947-906f-f84480f3cb99.dev
BASEFAMILY=9dc9697d-06c9-458a-ad44-66426d427cc2.fam
BLHA=28.69702652,113.45589279,149.051008,277.425083
TRANSFORMMATRIX=0.000006465,-0.999999998,0.000069530,0.000000000,1.000000000,0.000006465,0.000002129,0.000000000,-0.000002129,0.000069529,0.999999998,0.000000000,-13.883888217,441.586524575,59.406703956,1.000000000
ENTITYNAME=Wire_Device
