OBJECTMODELPOINTER=6c5b9660-5248-4efa-92f1-dc52e2e4d266.dev
BASEFAMILY=9dd4faae-bdab-4719-9670-d2dd1fb13f3d.fam
TRANSFORMMATRIX=0.000000349,0.999999634,-0.000000747,0.000000000,-1.000000366,-0.000000049,-0.000001463,0.000000000,0.000000000,0.000000000,1.000000000,0.000000000,-0.000000000,0.000000000,48.000000000,1.000000000
ENTITYNAME=Tower_Device
