OBJECTMODELPOINTER=33777c94-e4b9-4947-906f-f84480f3cb99.dev
BASEFAMILY=9df33f82-63f5-49f1-8b22-4f67df346ee0.fam
BLHA=28.41408598,113.37463405,174.728080,254.006183
TRANSFORMMATRIX=-0.000006403,-0.999999999,0.000046114,0.000000000,1.000000000,-0.000006402,0.000000302,0.000000000,-0.000000302,0.000046114,0.999999999,0.000000000,-1.521442162,292.940473684,36.672666987,1.000000000
ENTITYNAME=Wire_Device
