OBJECTMODELPOINTER=54fd9959-b235-46ad-bb15-6c41579a1fa8.dev
BASEFAMILY=9df97140-0fff-4a22-8aff-48e688d1a488.fam
TRANSFORMMATRIX=-0.020815234,-0.085270614,-0.996140574,0.000000000,0.971470826,-0.237158259,-0.000001076,0.000000000,-0.236243019,-0.967721492,0.087774431,0.000000000,9.000000000,1.182500000,36.000000000,1.000000000
ENTITYNAME=Tower_Device
