ENTITYNAME=WIRE
BASEFAMILY=9e00cacb-69cc-4e7d-bfe1-aed2e079b5e2.fam
OBJECTMODELPOINTER=81b82497-164d-48c0-b1cb-18fa700dacdf.dev
KVALUE=0.000000
SPLIT=4
POINT0.BLHA=28.31510010,113.40690744,78.265,0.896163
POINT0.MATRIX0=0.015640353,0.999877682,-0.000000000,0.000000000,-0.999877682,0.015640353,-0.000000000,0.000000000,0.000000000,-0.000000000,1.000000000,0.000000000,7.064970725,0.000082829,71.066971261,1.000000000
POINT0.MATRIX1=0.015640353,0.999877682,-0.000000000,0.000000000,-0.999877682,0.015640353,-0.000000000,0.000000000,0.000000000,-0.000000000,1.000000000,0.000000000,7.248587840,0.000140686,71.532074411,1.000000000
POINT0.MATRIX2=0.015640353,0.999877682,-0.000000000,0.000000000,-0.999877682,0.015640353,-0.000000000,0.000000000,0.000000000,-0.000000000,1.000000000,0.000000000,6.783686394,0.000087684,71.715607126,1.000000000
POINT0.MATRIX3=0.015640353,0.999877682,-0.000000000,0.000000000,-0.999877682,0.015640353,-0.000000000,0.000000000,0.000000000,-0.000000000,1.000000000,0.000000000,6.600069279,0.000029826,71.250503976,1.000000000
POINT1.BLHA=28.31510010,113.40690744,78.265,0.896163
POINT1.MATRIX0=0.015640353,0.999877682,-0.000000000,0.000000000,-0.999877682,0.015640353,-0.000000000,0.000000000,0.000000000,-0.000000000,1.000000000,0.000000000,7.064970823,0.130088353,71.066971261,1.000000000
POINT1.MATRIX1=0.015640353,0.999877682,-0.000000000,0.000000000,-0.999877682,0.015640353,-0.000000000,0.000000000,0.000000000,-0.000000000,1.000000000,0.000000000,7.248587938,0.130146211,71.532074411,1.000000000
POINT1.MATRIX2=0.015640353,0.999877682,-0.000000000,0.000000000,-0.999877682,0.015640353,-0.000000000,0.000000000,0.000000000,-0.000000000,1.000000000,0.000000000,6.783686494,0.130093208,71.715607126,1.000000000
POINT1.MATRIX3=0.015640353,0.999877682,-0.000000000,0.000000000,-0.999877682,0.015640353,-0.000000000,0.000000000,0.000000000,-0.000000000,1.000000000,0.000000000,6.600069379,0.130035351,71.250503976,1.000000000
