OBJECTMODELPOINTER=6660c4c6-733c-413e-aa54-6288316f9e1f.dev
BASEFAMILY=9e1e12ea-0302-491e-8c27-21cc4ef3623e.fam
TRANSFORMMATRIX=-0.008291270,0.120986833,-0.992619705,0.000000000,-0.997659290,-0.068377654,0.000001124,0.000000000,-0.067873752,0.990296230,0.121270481,0.000000000,5.500000000,-0.900000000,44.000000000,1.000000000
ENTITYNAME=Tower_Device
