OBJECTMODELPOINTER=33777c94-e4b9-4947-906f-f84480f3cb99.dev
BASEFAMILY=9e3a4f9f-8f61-4fcc-be06-b2ed9490fef5.fam
BLHA=28.29768818,113.44194006,79.179744,287.794387
TRANSFORMMATRIX=-0.001597710,-0.999998724,0.000005709,0.000000000,0.999998724,-0.001597710,0.000001148,0.000000000,-0.000001139,0.000005711,1.000000000,0.000000000,-7.318819496,36.293845195,64.516906135,1.000000000
ENTITYNAME=Wire_Device
