ENTITYNAME=WIRE
BASEFAMILY=9e581eca-202f-48b5-84b0-d25d6ed8d5f5.fam
OBJECTMODELPOINTER=81b82497-164d-48c0-b1cb-18fa700dacdf.dev
KVALUE=0.100148
SPLIT=4
POINT0.BLHA=28.36557656,113.36066804,62.497,414.735470
POINT0.MATRIX0=0.816495163,0.577352274,0.000000000,0.000000000,-0.577352274,0.816495163,-0.000000000,0.000000000,-0.000000000,-0.000000000,1.000000000,0.000000000,7.275183497,3.999891848,38.790011507,1.000000000
POINT0.MATRIX1=0.816495163,0.577352274,0.000000000,0.000000000,-0.577352274,0.816495163,-0.000000000,0.000000000,-0.000000000,-0.000000000,1.000000000,0.000000000,7.275183497,3.999891848,39.240011554,1.000000000
POINT0.MATRIX2=0.816495163,0.577352274,0.000000000,0.000000000,-0.577352274,0.816495163,-0.000000000,0.000000000,-0.000000000,-0.000000000,1.000000000,0.000000000,7.725183504,3.999891832,39.240011555,1.000000000
POINT0.MATRIX3=0.816495163,0.577352274,0.000000000,0.000000000,-0.577352274,0.816495163,-0.000000000,0.000000000,-0.000000000,-0.000000000,1.000000000,0.000000000,7.725183504,3.999891832,38.790011507,1.000000000
POINT1.BLHA=28.36557656,113.36066804,62.497,414.735470
POINT1.MATRIX0=0.816495163,0.577352274,0.000000000,0.000000000,-0.577352274,0.816495163,-0.000000000,0.000000000,-0.000000000,-0.000000000,1.000000000,0.000000000,7.275637231,-4.000308119,38.790011507,1.000000000
POINT1.MATRIX1=0.816495163,0.577352274,0.000000000,0.000000000,-0.577352274,0.816495163,-0.000000000,0.000000000,-0.000000000,-0.000000000,1.000000000,0.000000000,7.275637231,-4.000308119,39.240011555,1.000000000
POINT1.MATRIX2=0.816495163,0.577352274,0.000000000,0.000000000,-0.577352274,0.816495163,-0.000000000,0.000000000,-0.000000000,-0.000000000,1.000000000,0.000000000,7.725637237,-4.000308136,39.240011555,1.000000000
POINT1.MATRIX3=0.816495163,0.577352274,0.000000000,0.000000000,-0.577352274,0.816495163,-0.000000000,0.000000000,-0.000000000,-0.000000000,1.000000000,0.000000000,7.725637237,-4.000308136,38.790011508,1.000000000
