OBJECTMODELPOINTER=13a78437-ad2c-452a-8fd1-0733d19ccb25.dev
BASEFAMILY=9e652d8c-0249-4587-b5db-c66514779bc8.fam
TRANSFORMMATRIX=0.000000000,-1.000000000,-0.000000000,0.000000000,1.000000000,0.000000000,0.000000000,0.000000000,-0.000000000,0.000000000,1.000000000,0.000000000,-5.066920218,5.067700495,-0.000005825,1.000000000
ENTITYNAME=Tower_Device
