OBJECTMODELPOINTER=33777c94-e4b9-4947-906f-f84480f3cb99.dev
BASEFAMILY=9e692e0d-4297-415d-9c0e-34334ef7c284.fam
BLHA=28.26851271,113.48351910,83.112496,355.334735
TRANSFORMMATRIX=-0.001008684,-0.999999491,0.000016692,0.000000000,0.999999491,-0.001008684,0.000001200,0.000000000,-0.000001183,0.000016694,1.000000000,0.000000000,-7.556008887,106.556016414,62.800315667,1.000000000
ENTITYNAME=Wire_Device
