OBJECTMODELPOINTER=33777c94-e4b9-4947-906f-f84480f3cb99.dev
BASEFAMILY=9e6b7ea9-77d6-4f22-9410-873441229850.fam
BLHA=28.37348418,113.36536629,69.677902,286.379084
TRANSFORMMATRIX=0.018756202,-0.999824085,0.000055852,0.000000000,0.999824087,0.018756202,-0.000001651,0.000000000,0.000000604,0.000055874,0.999999998,0.000000000,3.349637508,354.932781861,22.921943220,1.000000000
ENTITYNAME=Wire_Device
