OBJECTMODELPOINTER=33777c94-e4b9-4947-906f-f84480f3cb99.dev
BASEFAMILY=9e6f0e2e-2cab-492b-be97-71d7891655c0.fam
BLHA=28.47949059,113.41307678,290.814083,229.813402
TRANSFORMMATRIX=-0.000938750,-0.999999559,0.000028092,0.000000000,0.999999559,-0.000938750,-0.000001789,0.000000000,0.000001816,0.000028091,1.000000000,0.000000000,12.022181154,178.795365612,31.085926846,1.000000000
ENTITYNAME=Wire_Device
