OBJECTMODELPOINTER=33777c94-e4b9-4947-906f-f84480f3cb99.dev
BASEFAMILY=9e778ea6-1504-41d4-a4d0-9dddd9574df4.fam
BLHA=28.31435017,113.39267151,117.559440,4.996372
TRANSFORMMATRIX=0.000030368,-0.999999998,0.000060356,0.000000000,1.000000000,0.000030368,0.000001928,0.000000000,-0.000001930,0.000060357,0.999999998,0.000000000,-12.080770687,385.240236606,34.516281400,1.000000000
ENTITYNAME=Wire_Device
