OBJECTMODELPOINTER=33777c94-e4b9-4947-906f-f84480f3cb99.dev
BASEFAMILY=9e7dea07-3ca0-4fca-b4fd-121b3e079ff3.fam
BLHA=28.31498130,113.40038482,72.539572,2.946268
TRANSFORMMATRIX=-0.031806432,-0.999494047,0.000026321,0.000000000,0.999494047,-0.031806432,-0.000001044,0.000000000,0.000001880,0.000026275,1.000000000,0.000000000,11.987038421,167.711872894,54.163302238,1.000000000
ENTITYNAME=Wire_Device
