OBJECTMODELPOINTER=897697f1-c8d9-4332-bfc4-78ba03606829.dev
BASEFAMILY=9e80dc73-7362-40e9-aeb1-52f1e028e8b9.fam
TRANSFORMMATRIX=0.000000458,1.000000392,0.000001045,0.000000000,-0.999999608,0.000000198,-0.000001269,0.000000000,-0.000000000,-0.000000000,1.000000000,0.000000000,9.315000000,-0.000000000,36.000000000,1.000000000
ENTITYNAME=Tower_Device
