OBJECTMODELPOINTER=33777c94-e4b9-4947-906f-f84480f3cb99.dev
BASEFAMILY=9e815575-9110-43b5-9353-65cc14c7132c.fam
BLHA=28.28492071,113.44885804,59.682173,504.180323
TRANSFORMMATRIX=-0.282872967,0.959157382,0.000037907,0.000000000,-0.959157382,-0.282872968,-0.000001452,0.000000000,0.000009330,-0.000036769,0.999999999,0.000000000,59.931396284,-234.428435843,27.312368948,1.000000000
ENTITYNAME=Wire_Device
