OBJECTMODELPOINTER=33777c94-e4b9-4947-906f-f84480f3cb99.dev
BASEFAMILY=9e816003-5d61-43a7-9aa8-d991028eb1d2.fam
BLHA=28.59065738,113.47867622,222.763908,291.241310
TRANSFORMMATRIX=-0.053456752,-0.998570165,0.000030474,0.000000000,0.998570166,-0.053456752,-0.000000120,0.000000000,0.000001749,0.000030425,1.000000000,0.000000000,10.817384899,193.316451269,93.080394777,1.000000000
ENTITYNAME=Wire_Device
