ENTITYNAME=WIRE
BASEFAMILY=9e9e7787-cb61-4d3a-98c8-2f07caed7688.fam
OBJECTMODELPOINTER=31970f28-780e-4bf1-8adb-439f78c329a3.dev
KVALUE=0.000287
SPLIT=1
POINT0.BLHA=28.58865070,113.47941927,287.209,287.849619
POINT0.MATRIX0=-0.951864299,0.306519749,0.000000000,0.000000000,-0.306519749,-0.951864299,-0.000000000,0.000000000,0.000000000,0.000000000,1.000000000,0.000000000,-9.864349963,-0.000093134,54.557999233,1.000000000
POINT1.BLHA=28.58865070,113.47941927,287.209,287.849619
POINT1.MATRIX0=-0.951864299,0.306519749,0.000000000,0.000000000,-0.306519749,-0.951864299,-0.000000000,0.000000000,0.000000000,0.000000000,1.000000000,0.000000000,-9.870580471,0.000237504,54.557999239,1.000000000
