OBJECTMODELPOINTER=33777c94-e4b9-4947-906f-f84480f3cb99.dev
BASEFAMILY=9eae4e1b-abf9-475b-87a7-9d47f34c066b.fam
BLHA=28.32474464,113.37442409,71.722945,330.514691
TRANSFORMMATRIX=-0.335288398,-0.942115540,0.000005870,0.000000000,0.942115540,-0.335288398,0.000001849,0.000000000,0.000000226,0.000006150,1.000000000,0.000000000,1.347048186,39.204139342,38.817020819,1.000000000
ENTITYNAME=Wire_Device
