OBJECTMODELPOINTER=8acaa5fe-123c-4398-84e0-401bd1cf6ebf.dev
BASEFAMILY=9ee6a557-79dd-4b82-82fa-64939ca1340a.fam
TRANSFORMMATRIX=-0.999852808,0.017157421,-0.000000014,0.000000000,-0.017157418,-0.999852794,0.000000014,0.000000000,0.000000000,0.000000000,1.000000000,0.000000000,-10.610000000,-0.325000000,54.999999999,1.000000000
ENTITYNAME=Tower_Device
