OBJECTMODELPOINTER=33777c94-e4b9-4947-906f-f84480f3cb99.dev
BASEFAMILY=9eede17b-1197-400b-86f0-66cd266123be.fam
BLHA=28.32474464,113.37442409,71.722945,330.514691
TRANSFORMMATRIX=-0.335285073,-0.942116723,0.000015836,0.000000000,0.942116723,-0.335285073,0.000001875,0.000000000,0.000003543,0.000015548,1.000000000,0.000000000,22.304524654,99.071306959,37.873658513,1.000000000
ENTITYNAME=Wire_Device
