ENTITYNAME=WIRE
BASEFAMILY=9f0292a8-5f04-4afa-a0ad-b88bd9e25a68.fam
OBJECTMODELPOINTER=31970f28-780e-4bf1-8adb-439f78c329a3.dev
KVALUE=0.000287
SPLIT=1
POINT0.BLHA=28.38483527,113.36398740,139.075,249.667673
POINT0.MATRIX0=-0.937693038,-0.347464771,-0.000000000,0.000000000,0.347464771,-0.937693038,-0.000000000,0.000000000,0.000000000,0.000000000,1.000000000,0.000000000,-9.870155851,0.000385245,45.558005512,1.000000000
POINT1.BLHA=28.38483527,113.36398740,139.075,249.667673
POINT1.MATRIX0=-0.937693038,-0.347464771,-0.000000000,0.000000000,0.347464771,-0.937693038,-0.000000000,0.000000000,0.000000000,0.000000000,1.000000000,0.000000000,-9.864183494,-0.001474399,45.558005518,1.000000000
