OBJECTMODELPOINTER=33777c94-e4b9-4947-906f-f84480f3cb99.dev
BASEFAMILY=9f08278f-7fb8-4e0f-853e-8eb05cef6c7b.fam
BLHA=28.64279778,113.46393161,145.776199,277.610658
TRANSFORMMATRIX=0.005769484,-0.999983356,0.000025362,0.000000000,0.999983356,0.005769484,0.000001955,0.000000000,-0.000002101,0.000025350,1.000000000,0.000000000,-13.519968944,161.003642869,28.034775729,1.000000000
ENTITYNAME=Wire_Device
