ENTITYNAME=WIRE
BASEFAMILY=9f0a2e16-94b1-4af8-b2ee-5ca114378489.fam
OBJECTMODELPOINTER=81b82497-164d-48c0-b1cb-18fa700dacdf.dev
KVALUE=0.045429
SPLIT=4
POINT0.BLHA=28.72596649,113.45194319,126.517,450.796525
POINT0.MATRIX0=0.999903369,-0.013901533,0.000000000,0.000000000,0.013901533,0.999903369,0.000000000,0.000000000,-0.000000000,-0.000000000,1.000000000,0.000000000,9.339844351,8.715859251,28.514720036,1.000000000
POINT0.MATRIX1=0.999903369,-0.013901533,0.000000000,0.000000000,0.013901533,0.999903369,0.000000000,0.000000000,-0.000000000,-0.000000000,1.000000000,0.000000000,9.557709753,9.486869974,28.926724507,1.000000000
POINT0.MATRIX2=0.999903369,-0.013901533,0.000000000,0.000000000,0.013901533,0.999903369,0.000000000,0.000000000,-0.000000000,-0.000000000,1.000000000,0.000000000,10.044843848,9.374618466,28.926434591,1.000000000
POINT0.MATRIX3=0.999903369,-0.013901533,0.000000000,0.000000000,0.013901533,0.999903369,0.000000000,0.000000000,-0.000000000,-0.000000000,1.000000000,0.000000000,9.826191770,8.599712053,28.515009953,1.000000000
POINT1.BLHA=28.72596649,113.45194319,126.517,450.796525
POINT1.MATRIX0=0.999903369,-0.013901533,0.000000000,0.000000000,0.013901533,0.999903369,0.000000000,0.000000000,-0.000000000,-0.000000000,1.000000000,0.000000000,8.883585227,-8.925640953,29.190242125,1.000000000
POINT1.MATRIX1=0.999903369,-0.013901533,0.000000000,0.000000000,0.013901533,0.999903369,0.000000000,0.000000000,-0.000000000,-0.000000000,1.000000000,0.000000000,9.028464429,-9.676515435,29.668230606,1.000000000
POINT1.MATRIX2=0.999903369,-0.013901533,0.000000000,0.000000000,0.013901533,0.999903369,0.000000000,0.000000000,-0.000000000,-0.000000000,1.000000000,0.000000000,9.515059152,-9.564128362,29.668108536,1.000000000
POINT1.MATRIX3=0.999903369,-0.013901533,0.000000000,0.000000000,0.013901533,0.999903369,0.000000000,0.000000000,-0.000000000,-0.000000000,1.000000000,0.000000000,9.369868093,-8.809342918,29.190486266,1.000000000
