OBJECTMODELPOINTER=33777c94-e4b9-4947-906f-f84480f3cb99.dev
BASEFAMILY=9f0cf0d5-5d4b-493e-873c-95e1c21d3d59.fam
BLHA=28.31534552,113.42043692,48.733934,348.172871
TRANSFORMMATRIX=-0.225314876,-0.974285998,0.000018713,0.000000000,0.974285998,-0.225314876,0.000001626,0.000000000,0.000002632,0.000018599,1.000000000,0.000000000,16.591963348,118.672559917,27.744694691,1.000000000
ENTITYNAME=Wire_Device
