OBJECTMODELPOINTER=55e34583-4009-4390-ac73-6cc5de061f74.dev
BASEFAMILY=9f1a97f6-510d-4e30-9cc4-1c9d778b56b8.fam
TRANSFORMMATRIX=-0.000477958,0.031500896,-0.999503537,0.000000000,-0.999884764,-0.015185605,0.000000546,0.000000000,-0.015179458,0.999388358,0.031503864,0.000000000,4.768181818,-1.040000000,44.800000000,1.000000000
ENTITYNAME=Tower_Device
