OBJECTMODELPOINTER=33777c94-e4b9-4947-906f-f84480f3cb99.dev
BASEFAMILY=9f26737b-3886-4d70-a362-662eea81f630.fam
BLHA=28.65774704,113.46158959,182.997853,277.610658
TRANSFORMMATRIX=0.000001858,-1.000000000,0.000015068,0.000000000,1.000000000,0.000001858,0.000001917,0.000000000,-0.000001918,0.000015068,1.000000000,0.000000000,-12.301458444,95.700214764,14.252634530,1.000000000
ENTITYNAME=Wire_Device
