ENTITYNAME=WIRE
BASEFAMILY=9f65c8c3-fd31-4711-b1e1-1cb38413d75c.fam
OBJECTMODELPOINTER=81b82497-164d-48c0-b1cb-18fa700dacdf.dev
KVALUE=0.000320
SPLIT=4
POINT0.BLHA=28.38255325,113.36304670,117.224,441.473487
POINT0.MATRIX0=0.988947360,0.148267054,-0.000000000,0.000000000,-0.148267054,0.988947360,0.000000000,0.000000000,0.000000000,0.000000000,1.000000000,0.000000000,3.221901031,-10.550845842,29.315822114,1.000000000
POINT0.MATRIX1=0.988947360,0.148267054,-0.000000000,0.000000000,-0.148267054,0.988947360,0.000000000,0.000000000,0.000000000,0.000000000,1.000000000,0.000000000,2.914451222,-9.909656181,29.840205659,1.000000000
POINT0.MATRIX2=0.988947360,0.148267054,-0.000000000,0.000000000,-0.148267054,0.988947360,0.000000000,0.000000000,0.000000000,0.000000000,1.000000000,0.000000000,3.373191453,-9.840879960,30.026362886,1.000000000
POINT0.MATRIX3=0.988947360,0.148267054,-0.000000000,0.000000000,-0.148267054,0.988947360,0.000000000,0.000000000,0.000000000,0.000000000,1.000000000,0.000000000,3.681124146,-10.481997224,29.501979342,1.000000000
POINT1.BLHA=28.37974338,113.36324559,104.025,459.829193
POINT1.MATRIX0=0.985321048,-0.170711550,-0.000000000,0.000000000,0.170711550,0.985321048,-0.000000000,0.000000000,-0.000000000,0.000000000,1.000000000,0.000000000,2.527210986,10.016314076,27.296479591,1.000000000
POINT1.MATRIX1=0.985321048,-0.170711550,-0.000000000,0.000000000,0.170711550,0.985321048,-0.000000000,0.000000000,-0.000000000,0.000000000,1.000000000,0.000000000,2.220613166,10.826642386,27.475282081,1.000000000
POINT1.MATRIX2=0.985321048,-0.170711550,-0.000000000,0.000000000,0.170711550,0.985321048,-0.000000000,0.000000000,-0.000000000,0.000000000,1.000000000,0.000000000,2.457215943,10.819347605,27.915772804,1.000000000
POINT1.MATRIX3=0.985321048,-0.170711550,-0.000000000,0.000000000,0.170711550,0.985321048,-0.000000000,0.000000000,-0.000000000,0.000000000,1.000000000,0.000000000,2.763813764,10.009019295,27.736985573,1.000000000
