OBJECTMODELPOINTER=33777c94-e4b9-4947-906f-f84480f3cb99.dev
BASEFAMILY=9f668ab0-a5c7-4d72-b654-6ee1e45fbb4f.fam
BLHA=28.38483527,113.36398740,139.075387,249.667673
TRANSFORMMATRIX=-0.018674277,-0.999825620,0.000014574,0.000000000,0.999825621,-0.018674277,0.000001965,0.000000000,-0.000001692,0.000014609,1.000000000,0.000000000,-10.641010767,92.801386389,17.586119580,1.000000000
ENTITYNAME=Wire_Device
