OBJECTMODELPOINTER=33777c94-e4b9-4947-906f-f84480f3cb99.dev
BASEFAMILY=9f66c701-b734-45b7-9c59-481c3cc2074d.fam
BLHA=28.36995278,113.36656265,67.148041,253.042546
TRANSFORMMATRIX=-0.567498378,-0.823374514,0.000007599,0.000000000,0.823374514,-0.567498378,-0.000000600,0.000000000,0.000004806,0.000005916,1.000000000,0.000000000,30.721498609,37.629850763,25.669770418,1.000000000
ENTITYNAME=Wire_Device
