OBJECTMODELPOINTER=1f465623-6ac7-4516-a029-b365dc92053b.dev
BASEFAMILY=9f691ec9-313e-4000-a7db-2bc10019a88d.fam
TRANSFORMMATRIX=-0.019733031,-0.070098147,-0.997344783,0.000000000,0.962585893,-0.270977195,-0.000000115,0.000000000,-0.270256740,-0.960030377,0.072821487,0.000000000,5.500000000,0.900000000,44.000000000,1.000000000
ENTITYNAME=Tower_Device
