ENTITYNAME=WIRE
BASEFAMILY=9f7d2892-f785-4208-af8d-a1085f713c3a.fam
OBJECTMODELPOINTER=81b82497-164d-48c0-b1cb-18fa700dacdf.dev
KVALUE=0.000000
SPLIT=4
POINT0.BLHA=28.32292443,113.37625760,67.776,311.415680
POINT0.MATRIX0=-0.749930065,0.661517118,0.000000000,0.000000000,-0.661517118,-0.749930065,0.000000000,0.000000000,-0.000000000,0.000000000,1.000000000,0.000000000,7.526977801,-0.119744093,42.054041801,1.000000000
POINT0.MATRIX1=-0.749930065,0.661517118,0.000000000,0.000000000,-0.661517118,-0.749930065,0.000000000,0.000000000,-0.000000000,0.000000000,1.000000000,0.000000000,7.556742189,-0.119955316,42.503077445,1.000000000
POINT0.MATRIX2=-0.749930065,0.661517118,0.000000000,0.000000000,-0.661517118,-0.749930065,0.000000000,0.000000000,-0.000000000,0.000000000,1.000000000,0.000000000,7.107692310,-0.119716385,42.532572684,1.000000000
POINT0.MATRIX3=-0.749930065,0.661517118,0.000000000,0.000000000,-0.661517118,-0.749930065,0.000000000,0.000000000,-0.000000000,0.000000000,1.000000000,0.000000000,7.078294098,-0.119828168,42.083537040,1.000000000
POINT1.BLHA=28.32292443,113.37625760,67.776,311.415680
POINT1.MATRIX0=-0.749930065,0.661517118,0.000000000,0.000000000,-0.661517118,-0.749930065,0.000000000,0.000000000,-0.000000000,0.000000000,1.000000000,0.000000000,7.526974536,0.000254921,42.054041801,1.000000000
POINT1.MATRIX1=-0.749930065,0.661517118,0.000000000,0.000000000,-0.661517118,-0.749930065,0.000000000,0.000000000,-0.000000000,0.000000000,1.000000000,0.000000000,7.556738925,0.000043698,42.503077445,1.000000000
POINT1.MATRIX2=-0.749930065,0.661517118,0.000000000,0.000000000,-0.661517118,-0.749930065,0.000000000,0.000000000,-0.000000000,0.000000000,1.000000000,0.000000000,7.107689045,0.000282629,42.532572684,1.000000000
POINT1.MATRIX3=-0.749930065,0.661517118,0.000000000,0.000000000,-0.661517118,-0.749930065,0.000000000,0.000000000,-0.000000000,0.000000000,1.000000000,0.000000000,7.078290834,0.000170846,42.083537040,1.000000000
