OBJECTMODELPOINTER=33777c94-e4b9-4947-906f-f84480f3cb99.dev
BASEFAMILY=9f7e0c11-7b8b-41f9-92ed-ea3c923f63d6.fam
BLHA=28.31534552,113.42043692,48.733934,348.172871
TRANSFORMMATRIX=-0.218061873,-0.975934946,0.000028919,0.000000000,0.975934946,-0.218061873,-0.000001594,0.000000000,0.000007862,0.000027875,1.000000000,0.000000000,49.745306215,177.837072905,39.331482378,1.000000000
ENTITYNAME=Wire_Device
