OBJECTMODELPOINTER=29e43a7a-7778-4eac-877d-64db606b933a.dev
BASEFAMILY=9f9a3e37-d7d8-40eb-9196-7aee2717863f.fam
TRANSFORMMATRIX=1.000000000,0.000000000,-0.000000000,0.000000000,-0.000000000,1.000000000,-0.000000000,0.000000000,-0.000000000,-0.000000000,1.000000000,0.000000000,-0.000000000,-0.000000000,0.000000001,1.000000000
ENTITYNAME=Tower_Device
