OBJECTMODELPOINTER=57e64b25-c190-467a-9024-9330dbef3e18.dev
BASEFAMILY=9fb2fc95-8287-4726-8d26-2aa6969d8826.fam
TRANSFORMMATRIX=0.000000162,0.999999584,-0.000001084,0.000000000,-1.000000416,0.000000161,-0.000001235,0.000000000,0.000000000,0.000000000,1.000000000,0.000000000,-0.000000000,0.000000000,63.000000000,1.000000000
ENTITYNAME=Tower_Device
