OBJECTMODELPOINTER=33777c94-e4b9-4947-906f-f84480f3cb99.dev
BASEFAMILY=9fba51f2-ba16-4dad-b3c4-85931f50406d.fam
BLHA=28.31529425,113.41760444,47.126172,0.896163
TRANSFORMMATRIX=0.009092842,-0.999958659,0.000015245,0.000000000,0.999958659,0.009092842,0.000001253,0.000000000,-0.000001391,0.000015233,1.000000000,0.000000000,-8.826339878,97.231258524,26.773163636,1.000000000
ENTITYNAME=Wire_Device
