OBJECTMODELPOINTER=50975aba-b009-4466-bb2f-acdfd0bdb32f.dev
BASEFAMILY=9fc76ca7-d4af-4ae0-b225-d099f0663eb4.fam
TRANSFORMMATRIX=-1.000000000,-0.000000001,0.000000000,0.000000000,0.000000001,-1.000000000,-0.000000000,0.000000000,0.000000000,0.000000000,1.000000000,0.000000000,9.870000001,0.310000000,52.000000000,1.000000000
ENTITYNAME=Tower_Device
