OBJECTMODELPOINTER=6d562ec0-160b-4744-bd55-87ac1e87c363.dev
BASEFAMILY=9fcec48e-3b1a-41cc-a23e-0b64e7253749.fam
TRANSFORMMATRIX=0.010780330,-0.066002302,-0.997761450,0.000000000,0.986919568,0.161212081,0.000001207,0.000000000,0.160851575,-0.984710243,0.066876812,0.000000000,-11.000000000,0.846000000,46.999999999,1.000000000
ENTITYNAME=Tower_Device
