OBJECTMODELPOINTER=33777c94-e4b9-4947-906f-f84480f3cb99.dev
BASEFAMILY=a0094146-a006-4750-8348-2caf4c8c4c60.fam
BLHA=28.32529000,113.37096013,66.626202,509.137564
TRANSFORMMATRIX=-0.369905229,0.929069492,0.000006831,0.000000000,-0.929069492,-0.369905229,0.000000156,0.000000000,0.000002671,-0.000006290,1.000000000,0.000000000,17.080672701,-40.129466899,35.472461983,1.000000000
ENTITYNAME=Wire_Device
