ENTITYNAME=WIRE
BASEFAMILY=a00f9bfe-b06d-4c23-b3e2-2648d20322bb.fam
OBJECTMODELPOINTER=81b82497-164d-48c0-b1cb-18fa700dacdf.dev
KVALUE=0.000370
SPLIT=4
POINT0.BLHA=28.66021577,113.46120276,152.793,277.610658
POINT0.MATRIX0=-0.991190922,0.132440763,-0.000000000,0.000000000,-0.132440763,-0.991190922,-0.000000000,0.000000000,0.000000000,0.000000000,1.000000000,0.000000000,-13.094948973,0.110913576,58.000003883,1.000000000
POINT0.MATRIX1=-0.991190922,0.132440763,-0.000000000,0.000000000,-0.132440763,-0.991190922,-0.000000000,0.000000000,0.000000000,0.000000000,1.000000000,0.000000000,-13.094948973,0.110913576,58.450000831,1.000000000
POINT0.MATRIX2=-0.991190922,0.132440763,-0.000000000,0.000000000,-0.132440763,-0.991190922,-0.000000000,0.000000000,0.000000000,0.000000000,1.000000000,0.000000000,-13.544841535,0.109942259,58.450000831,1.000000000
POINT0.MATRIX3=-0.991190922,0.132440763,-0.000000000,0.000000000,-0.132440763,-0.991190922,-0.000000000,0.000000000,0.000000000,0.000000000,1.000000000,0.000000000,-13.544841535,0.109942259,58.000003882,1.000000000
POINT1.BLHA=28.65774704,113.46158959,182.998,277.610658
POINT1.MATRIX0=-0.991190922,0.132440763,-0.000000000,0.000000000,-0.132440763,-0.991190922,0.000000000,0.000000000,-0.000000000,-0.000000000,1.000000000,0.000000000,-11.644695550,-0.109357978,28.000000209,1.000000000
POINT1.MATRIX1=-0.991190922,0.132440763,-0.000000000,0.000000000,-0.132440763,-0.991190922,0.000000000,0.000000000,-0.000000000,-0.000000000,1.000000000,0.000000000,-11.644695550,-0.109357978,28.449997158,1.000000000
POINT1.MATRIX2=-0.991190922,0.132440763,-0.000000000,0.000000000,-0.132440763,-0.991190922,0.000000000,0.000000000,-0.000000000,-0.000000000,1.000000000,0.000000000,-12.094588112,-0.110329295,28.449997158,1.000000000
POINT1.MATRIX3=-0.991190922,0.132440763,-0.000000000,0.000000000,-0.132440763,-0.991190922,0.000000000,0.000000000,-0.000000000,-0.000000000,1.000000000,0.000000000,-12.094588111,-0.110329295,28.000000209,1.000000000
