OBJECTMODELPOINTER=33777c94-e4b9-4947-906f-f84480f3cb99.dev
BASEFAMILY=a031e701-eb81-46e5-9efb-f1c4c522fb52.fam
BLHA=28.50595381,113.45544189,275.037773,205.493080
TRANSFORMMATRIX=-0.091704005,-0.995786310,0.000036368,0.000000000,0.995786310,-0.091704005,0.000000031,0.000000000,0.000003305,0.000036218,0.999999999,0.000000000,21.470347789,231.006296128,-35.594031034,1.000000000
ENTITYNAME=Wire_Device
