OBJECTMODELPOINTER=33777c94-e4b9-4947-906f-f84480f3cb99.dev
BASEFAMILY=a03abf84-080e-4f02-ba9c-d676ff325668.fam
BLHA=28.71274605,113.45447194,199.234978,264.887951
TRANSFORMMATRIX=0.009806609,-0.999951913,0.000039324,0.000000000,0.999951914,0.009806609,-0.000001665,0.000000000,0.000001279,0.000039338,0.999999999,0.000000000,8.278187463,249.827617465,-2.972727826,1.000000000
ENTITYNAME=Wire_Device
