OBJECTMODELPOINTER=33777c94-e4b9-4947-906f-f84480f3cb99.dev
BASEFAMILY=a04100fd-6e2e-4b08-9e91-2de38576e3fe.fam
BLHA=28.26907527,113.47529619,67.190721,514.001895
TRANSFORMMATRIX=0.333758713,0.942658539,-0.000001128,0.000000000,-0.942658539,0.333758713,0.000001085,0.000000000,0.000001399,0.000000700,1.000000000,0.000000000,8.883336770,4.452470925,54.884116959,1.000000000
ENTITYNAME=Wire_Device
