OBJECTMODELPOINTER=33777c94-e4b9-4947-906f-f84480f3cb99.dev
BASEFAMILY=a04d0b95-5a0b-4554-97c2-8071af15dab8.fam
BLHA=28.63009153,113.46564681,168.255878,273.436520
TRANSFORMMATRIX=0.000001270,-1.000000000,0.000014914,0.000000000,1.000000000,0.000001270,0.000000062,0.000000000,-0.000000061,0.000014914,1.000000000,0.000000000,-0.423054422,94.709985202,47.186894214,1.000000000
ENTITYNAME=Wire_Device
