OBJECTMODELPOINTER=33777c94-e4b9-4947-906f-f84480f3cb99.dev
BASEFAMILY=a04f375d-0af2-4a3b-abeb-c28e58852f67.fam
BLHA=28.74846038,113.45710577,102.803547,427.264866
TRANSFORMMATRIX=-0.183469283,0.983025441,0.000074200,0.000000000,-0.983025443,-0.183469283,-0.000000844,0.000000000,0.000012784,-0.000073094,0.999999997,0.000000000,80.682993370,-464.382621191,-2.083433940,1.000000000
ENTITYNAME=Wire_Device
