OBJECTMODELPOINTER=33777c94-e4b9-4947-906f-f84480f3cb99.dev
BASEFAMILY=a070e4d2-1656-4c51-b098-edd83239d4de.fam
BLHA=28.45588678,113.39517230,249.934153,242.026912
TRANSFORMMATRIX=-0.017848001,-0.999840712,0.000023842,0.000000000,0.999840712,-0.017848001,0.000002036,0.000000000,-0.000001610,0.000023874,1.000000000,0.000000000,-9.939451066,151.761368430,1.918050158,1.000000000
ENTITYNAME=Wire_Device
