OBJECTMODELPOINTER=33777c94-e4b9-4947-906f-f84480f3cb99.dev
BASEFAMILY=a0820af8-8497-40aa-aaba-8ee4a34ab24b.fam
BLHA=28.80679371,113.51083278,186.898436,227.348291
TRANSFORMMATRIX=-0.000013134,-0.999999999,0.000035701,0.000000000,1.000000000,-0.000013134,0.000002103,0.000000000,-0.000002102,0.000035701,0.999999999,0.000000000,-12.805082093,227.224714762,36.798409926,1.000000000
ENTITYNAME=Wire_Device
