OBJECTMODELPOINTER=33777c94-e4b9-4947-906f-f84480f3cb99.dev
BASEFAMILY=a08a20d5-204d-4a61-a125-63eb67491bd1.fam
BLHA=28.31411764,113.38983103,66.771612,527.133635
TRANSFORMMATRIX=-0.311462805,0.950258344,0.000028437,0.000000000,-0.950258344,-0.311462805,-0.000001151,0.000000000,0.000007763,-0.000027381,1.000000000,0.000000000,49.504510949,-174.784734619,87.324163160,1.000000000
ENTITYNAME=Wire_Device
