OBJECTMODELPOINTER=33777c94-e4b9-4947-906f-f84480f3cb99.dev
BASEFAMILY=a08e689e-41a7-4ed3-81fa-295974cc4d47.fam
BLHA=28.56928949,113.49371034,236.536103,312.996987
TRANSFORMMATRIX=0.000007242,-1.000000000,0.000018043,0.000000000,1.000000000,0.000007242,0.000002121,0.000000000,-0.000002121,0.000018043,1.000000000,0.000000000,-13.805786280,114.889860132,40.142898384,1.000000000
ENTITYNAME=Wire_Device
