OBJECTMODELPOINTER=33777c94-e4b9-4947-906f-f84480f3cb99.dev
BASEFAMILY=a098972a-57ae-48e3-ae7b-08f347b4a107.fam
BLHA=28.34901903,113.36193338,109.289234,278.143009
TRANSFORMMATRIX=-0.004083466,-0.999991662,0.000018032,0.000000000,0.999991663,-0.004083466,-0.000001777,0.000000000,0.000001851,0.000018025,1.000000000,0.000000000,11.728242538,114.459857085,20.682011654,1.000000000
ENTITYNAME=Wire_Device
