OBJECTMODELPOINTER=33777c94-e4b9-4947-906f-f84480f3cb99.dev
BASEFAMILY=a09b5955-4493-4d4b-8850-91431bcb378e.fam
BLHA=28.81363020,113.51792493,127.559863,396.804576
TRANSFORMMATRIX=-0.192620414,0.981273344,0.000038411,0.000000000,-0.981273344,-0.192620414,0.000001382,0.000000000,0.000008755,-0.000037425,0.999999999,0.000000000,55.110463258,-238.315092489,25.171931892,1.000000000
ENTITYNAME=Wire_Device
