OBJECTMODELPOINTER=33777c94-e4b9-4947-906f-f84480f3cb99.dev
BASEFAMILY=a0a11d30-bee5-45f5-860b-c585346737aa.fam
BLHA=28.65134658,113.46259240,159.100648,277.610658
TRANSFORMMATRIX=0.000001051,-1.000000000,0.000004873,0.000000000,1.000000000,0.000001051,0.000001878,0.000000000,-0.000001879,0.000004873,1.000000000,0.000000000,-12.009377136,30.956724176,37.714434777,1.000000000
ENTITYNAME=Wire_Device
