OBJECTMODELPOINTER=33777c94-e4b9-4947-906f-f84480f3cb99.dev
BASEFAMILY=a0c2bccb-d956-4592-b4e8-2807397aeb38.fam
BLHA=28.81363020,113.51792493,127.559863,396.804576
TRANSFORMMATRIX=0.607458457,0.794351448,0.000000337,0.000000000,-0.794351448,0.607458457,0.000001322,0.000000000,0.000000845,-0.000001071,1.000000000,0.000000000,5.361869546,-6.808474338,35.925621401,1.000000000
ENTITYNAME=Wire_Device
