OBJECTMODELPOINTER=33777c94-e4b9-4947-906f-f84480f3cb99.dev
BASEFAMILY=a0ce8224-2e60-4d21-9d23-29304e4ecd8b.fam
BLHA=28.79959310,113.50336431,218.110050,224.374488
TRANSFORMMATRIX=-0.002311351,-0.999997329,-0.000000762,0.000000000,0.999997329,-0.002311351,-0.000001229,0.000000000,0.000001227,-0.000000764,1.000000000,0.000000000,7.798131831,-4.848460653,19.547716224,1.000000000
ENTITYNAME=Wire_Device
