OBJECTMODELPOINTER=33777c94-e4b9-4947-906f-f84480f3cb99.dev
BASEFAMILY=a0e74697-b928-41d3-be48-1f216030b0e2.fam
BLHA=28.73821142,113.45475326,97.655295,258.301958
TRANSFORMMATRIX=0.008226614,-0.999966160,0.000039085,0.000000000,0.999966161,0.008226614,-0.000001871,0.000000000,0.000001549,0.000039099,0.999999999,0.000000000,10.140930774,248.352086456,50.535712746,1.000000000
ENTITYNAME=Wire_Device
