ENTITYNAME=WIRE
BASEFAMILY=a0f75c05-7b7a-4847-b79e-afd7451c5b31.fam
OBJECTMODELPOINTER=31970f28-780e-4bf1-8adb-439f78c329a3.dev
KVALUE=0.000208
SPLIT=1
POINT0.BLHA=28.26851271,113.48351910,83.112,355.334735
POINT0.MATRIX0=-0.081334298,0.996686878,-0.000000000,0.000000000,-0.996686878,-0.081334298,-0.000000000,0.000000000,0.000000000,0.000000000,1.000000000,0.000000000,-11.501036814,0.310028856,78.657996960,1.000000000
POINT1.BLHA=28.26827851,113.48694026,97.360,314.005848
POINT1.MATRIX0=-0.719268901,0.694731781,-0.000000000,0.000000000,-0.694731781,-0.719268901,0.000000000,0.000000000,0.000000000,0.000000000,1.000000000,0.000000000,-13.063722475,-0.898869485,67.446501934,1.000000000
