OBJECTMODELPOINTER=33777c94-e4b9-4947-906f-f84480f3cb99.dev
BASEFAMILY=a0fd5a13-80b0-44f0-aa66-84f5b2a56288.fam
BLHA=28.73433869,113.45386444,142.659000,258.301958
TRANSFORMMATRIX=-0.007949760,-0.999968398,0.000064443,0.000000000,0.999968400,-0.007949760,-0.000001160,0.000000000,0.000001672,0.000064432,0.999999998,0.000000000,11.092017929,409.258861126,22.377153516,1.000000000
ENTITYNAME=Wire_Device
