OBJECTMODELPOINTER=33777c94-e4b9-4947-906f-f84480f3cb99.dev
BASEFAMILY=a1141cf3-fc80-49fd-81e0-e5fdbdbdf400.fam
BLHA=28.48305469,113.41645050,246.976349,229.813402
TRANSFORMMATRIX=-0.000012348,-0.999999999,0.000040460,0.000000000,1.000000000,-0.000012348,0.000000304,0.000000000,-0.000000304,0.000040460,0.999999999,0.000000000,-1.276051682,257.478048163,38.672622750,1.000000000
ENTITYNAME=Wire_Device
