OBJECTMODELPOINTER=33777c94-e4b9-4947-906f-f84480f3cb99.dev
BASEFAMILY=a129803a-c98c-4ca8-afb0-455278b70c2c.fam
BLHA=28.58307238,113.48148471,281.708531,287.849619
TRANSFORMMATRIX=0.012875290,-0.999917109,0.000048351,0.000000000,0.999917110,0.012875290,-0.000001957,0.000000000,0.000001333,0.000048372,0.999999999,0.000000000,8.046210783,307.316388948,8.170539006,1.000000000
ENTITYNAME=Wire_Device
