ENTITYNAME=WIRE
BASEFAMILY=a12c8c52-5cd6-41ee-88bd-12563e0698c9.fam
OBJECTMODELPOINTER=81b82497-164d-48c0-b1cb-18fa700dacdf.dev
KVALUE=0.000000
SPLIT=4
POINT0.BLHA=28.71973492,113.45364743,163.020,283.291091
POINT0.MATRIX0=-0.973214630,0.229898421,-0.000000000,0.000000000,-0.229898421,-0.973214630,-0.000000000,0.000000000,-0.000000000,-0.000000000,1.000000000,0.000000000,-11.645053847,-0.710555970,37.000007236,1.000000000
POINT0.MATRIX1=-0.973214630,0.229898421,-0.000000000,0.000000000,-0.229898421,-0.973214630,-0.000000000,0.000000000,-0.000000000,-0.000000000,1.000000000,0.000000000,-11.645053847,-0.710555970,37.450004185,1.000000000
POINT0.MATRIX2=-0.973214630,0.229898421,-0.000000000,0.000000000,-0.229898421,-0.973214630,-0.000000000,0.000000000,-0.000000000,-0.000000000,1.000000000,0.000000000,-12.094659509,-0.708705266,37.450004184,1.000000000
POINT0.MATRIX3=-0.973214630,0.229898421,-0.000000000,0.000000000,-0.229898421,-0.973214630,-0.000000000,0.000000000,-0.000000000,-0.000000000,1.000000000,0.000000000,-12.094659509,-0.708705266,37.000007235,1.000000000
POINT1.BLHA=28.71973492,113.45364743,163.020,283.291091
POINT1.MATRIX0=-0.973214630,0.229898421,-0.000000000,0.000000000,-0.229898421,-0.973214630,-0.000000000,0.000000000,-0.000000000,-0.000000000,1.000000000,0.000000000,-11.645052210,-0.600554246,37.000007235,1.000000000
POINT1.MATRIX1=-0.973214630,0.229898421,-0.000000000,0.000000000,-0.229898421,-0.973214630,-0.000000000,0.000000000,-0.000000000,-0.000000000,1.000000000,0.000000000,-11.645052209,-0.600554246,37.450004184,1.000000000
POINT1.MATRIX2=-0.973214630,0.229898421,-0.000000000,0.000000000,-0.229898421,-0.973214630,-0.000000000,0.000000000,-0.000000000,-0.000000000,1.000000000,0.000000000,-12.094657870,-0.598703542,37.450004185,1.000000000
POINT1.MATRIX3=-0.973214630,0.229898421,-0.000000000,0.000000000,-0.229898421,-0.973214630,-0.000000000,0.000000000,-0.000000000,-0.000000000,1.000000000,0.000000000,-12.094657870,-0.598703542,37.000007236,1.000000000
