ENTITYNAME=WIRE
BASEFAMILY=a12e56c0-4675-4015-85f3-f88b854fc5bc.fam
OBJECTMODELPOINTER=81b82497-164d-48c0-b1cb-18fa700dacdf.dev
KVALUE=0.000375
SPLIT=4
POINT0.BLHA=28.31435017,113.39267151,117.559,4.996372
POINT0.MATRIX0=0.087092668,0.996200214,0.000000000,0.000000000,-0.996200214,0.087092668,0.000000000,0.000000000,0.000000000,-0.000000000,1.000000000,0.000000000,10.001079187,0.130211150,52.066962783,1.000000000
POINT0.MATRIX1=0.087092668,0.996200214,0.000000000,0.000000000,-0.996200214,0.087092668,0.000000000,0.000000000,0.000000000,-0.000000000,1.000000000,0.000000000,10.185336143,0.129787108,52.532065933,1.000000000
POINT0.MATRIX2=0.087092668,0.996200214,0.000000000,0.000000000,-0.996200214,0.087092668,0.000000000,0.000000000,0.000000000,-0.000000000,1.000000000,0.000000000,9.720674769,0.129728139,52.715598648,1.000000000
POINT0.MATRIX3=0.087092668,0.996200214,0.000000000,0.000000000,-0.996200214,0.087092668,0.000000000,0.000000000,0.000000000,-0.000000000,1.000000000,0.000000000,9.536417812,0.130152181,52.250495498,1.000000000
POINT1.BLHA=28.31470596,113.39701913,83.589,4.996372
POINT1.MATRIX0=0.087092668,0.996200214,-0.000000000,0.000000000,-0.996200214,0.087092668,0.000000000,0.000000000,-0.000000000,0.000000000,1.000000000,0.000000000,9.999962118,-0.129596594,73.066974719,1.000000000
POINT1.MATRIX1=0.087092668,0.996200214,-0.000000000,0.000000000,-0.996200214,0.087092668,0.000000000,0.000000000,-0.000000000,0.000000000,1.000000000,0.000000000,10.184219073,-0.130020635,73.532077869,1.000000000
POINT1.MATRIX2=0.087092668,0.996200214,-0.000000000,0.000000000,-0.996200214,0.087092668,0.000000000,0.000000000,-0.000000000,0.000000000,1.000000000,0.000000000,9.719557699,-0.130079605,73.715610584,1.000000000
POINT1.MATRIX3=0.087092668,0.996200214,-0.000000000,0.000000000,-0.996200214,0.087092668,0.000000000,0.000000000,-0.000000000,0.000000000,1.000000000,0.000000000,9.535300744,-0.129655564,73.250507434,1.000000000
