OBJECTMODELPOINTER=33777c94-e4b9-4947-906f-f84480f3cb99.dev
BASEFAMILY=a19020bf-835d-4299-9096-1c956c09242d.fam
BLHA=28.70103226,113.45527961,136.730850,277.425083
TRANSFORMMATRIX=0.000002722,-0.999999999,0.000040911,0.000000000,1.000000000,0.000002722,0.000000159,0.000000000,-0.000000159,0.000040911,0.999999999,0.000000000,-1.186159261,259.817779806,32.221161845,1.000000000
ENTITYNAME=Wire_Device
