OBJECTMODELPOINTER=33777c94-e4b9-4947-906f-f84480f3cb99.dev
BASEFAMILY=a197daeb-0da9-4a3c-8c87-28a85fb95ea9.fam
BLHA=28.47144509,113.40546217,294.357908,229.813402
TRANSFORMMATRIX=0.012001602,-0.999927977,0.000050402,0.000000000,0.999927978,0.012001602,-0.000001621,0.000000000,0.000001016,0.000050419,0.999999999,0.000000000,7.296266502,320.876827810,-12.002126887,1.000000000
ENTITYNAME=Wire_Device
