OBJECTMODELPOINTER=33777c94-e4b9-4947-906f-f84480f3cb99.dev
BASEFAMILY=a1aa51c1-3522-4161-821a-8918d701bc6b.fam
BLHA=28.53971514,113.51008635,497.099735,255.750198
TRANSFORMMATRIX=0.010350690,-0.999946428,0.000061510,0.000000000,0.999946430,0.010350690,-0.000001671,0.000000000,0.000001034,0.000061523,0.999999998,0.000000000,7.087043681,390.834646491,-25.835960232,1.000000000
ENTITYNAME=Wire_Device
