OBJECTMODELPOINTER=33777c94-e4b9-4947-906f-f84480f3cb99.dev
BASEFAMILY=a1dec3ef-2b77-4ef1-93fc-ab12edef0bd4.fam
BLHA=28.75811652,113.46436186,140.284510,236.227775
TRANSFORMMATRIX=0.000950122,-0.999999546,0.000078168,0.000000000,0.999999549,0.000950122,0.000002536,0.000000000,-0.000002610,0.000078166,0.999999997,0.000000000,-15.449635659,497.136059461,16.657293447,1.000000000
ENTITYNAME=Wire_Device
