OBJECTMODELPOINTER=33777c94-e4b9-4947-906f-f84480f3cb99.dev
BASEFAMILY=a1f40b73-5283-45e0-9071-d7be5d3650a1.fam
BLHA=28.45588678,113.39517230,249.934153,242.026912
TRANSFORMMATRIX=-0.017843187,-0.999840798,0.000005274,0.000000000,0.999840798,-0.017843187,0.000001902,0.000000000,-0.000001807,0.000005306,1.000000000,0.000000000,-11.452224891,33.714061582,33.268337352,1.000000000
ENTITYNAME=Wire_Device
