ENTITYNAME=WIRE
BASEFAMILY=a1f51423-5f3b-4e94-99f4-eacaa6a7cb96.fam
OBJECTMODELPOINTER=81b82497-164d-48c0-b1cb-18fa700dacdf.dev
KVALUE=0.000000
SPLIT=4
POINT0.BLHA=28.81044857,113.51462416,146.504,227.348291
POINT0.MATRIX0=-0.735485915,-0.677540012,0.000000000,0.000000000,0.677540012,-0.735485915,0.000000000,0.000000000,-0.000000000,-0.000000000,1.000000000,0.000000000,0.180713116,-0.000551396,43.762689519,1.000000000
POINT0.MATRIX1=-0.735485915,-0.677540012,0.000000000,0.000000000,0.677540012,-0.735485915,0.000000000,0.000000000,-0.000000000,-0.000000000,1.000000000,0.000000000,0.218027224,-0.000699358,44.211145329,1.000000000
POINT0.MATRIX2=-0.735485915,-0.677540012,0.000000000,0.000000000,0.677540012,-0.735485915,0.000000000,0.000000000,-0.000000000,-0.000000000,1.000000000,0.000000000,-0.230819436,0.000083699,44.248414921,1.000000000
POINT0.MATRIX3=-0.735485915,-0.677540012,0.000000000,0.000000000,0.677540012,-0.735485915,0.000000000,0.000000000,-0.000000000,-0.000000000,1.000000000,0.000000000,-0.268133544,0.000231662,43.799959110,1.000000000
POINT1.BLHA=28.81044857,113.51462416,146.504,227.348291
POINT1.MATRIX0=-0.735485915,-0.677540012,0.000000000,0.000000000,0.677540012,-0.735485915,0.000000000,0.000000000,-0.000000000,-0.000000000,1.000000000,0.000000000,0.180715333,0.119448643,43.762689519,1.000000000
POINT1.MATRIX1=-0.735485915,-0.677540012,0.000000000,0.000000000,0.677540012,-0.735485915,0.000000000,0.000000000,-0.000000000,-0.000000000,1.000000000,0.000000000,0.218029441,0.119300680,44.211145329,1.000000000
POINT1.MATRIX2=-0.735485915,-0.677540012,0.000000000,0.000000000,0.677540012,-0.735485915,0.000000000,0.000000000,-0.000000000,-0.000000000,1.000000000,0.000000000,-0.230817220,0.120083738,44.248414922,1.000000000
POINT1.MATRIX3=-0.735485915,-0.677540012,0.000000000,0.000000000,0.677540012,-0.735485915,0.000000000,0.000000000,-0.000000000,-0.000000000,1.000000000,0.000000000,-0.268131327,0.120231700,43.799959110,1.000000000
