OBJECTMODELPOINTER=33777c94-e4b9-4947-906f-f84480f3cb99.dev
BASEFAMILY=a1feb061-db54-4545-b399-c77a051d80a5.fam
BLHA=28.43802035,113.38456732,303.277751,242.026912
TRANSFORMMATRIX=-0.001530515,-0.999998827,0.000060901,0.000000000,0.999998829,-0.001530515,-0.000001419,0.000000000,0.000001512,0.000060898,0.999999998,0.000000000,10.474754861,387.182513121,-0.515954743,1.000000000
ENTITYNAME=Wire_Device
