OBJECTMODELPOINTER=33777c94-e4b9-4947-906f-f84480f3cb99.dev
BASEFAMILY=a2173e5b-3f6f-4d25-83ac-17c473bfb2f7.fam
BLHA=28.35190910,113.36144828,128.122186,278.143009
TRANSFORMMATRIX=0.000003427,-1.000000000,0.000025494,0.000000000,1.000000000,0.000003427,0.000000120,0.000000000,-0.000000120,0.000025494,1.000000000,0.000000000,-0.882104091,161.902994907,20.325457182,1.000000000
ENTITYNAME=Wire_Device
