OBJECTMODELPOINTER=33777c94-e4b9-4947-906f-f84480f3cb99.dev
BASEFAMILY=a225b003-3afc-4fa3-a3ab-7a4a9c35fa67.fam
BLHA=28.67276970,113.45923535,192.994115,456.641966
TRANSFORMMATRIX=-0.028943766,0.999581041,0.000028555,0.000000000,-0.999581041,-0.028943766,0.000001278,0.000000000,0.000002104,-0.000028506,1.000000000,0.000000000,13.535724004,-181.043582635,2.439201899,1.000000000
ENTITYNAME=Wire_Device
