OBJECTMODELPOINTER=33777c94-e4b9-4947-906f-f84480f3cb99.dev
BASEFAMILY=a235d693-258e-45f8-a7d6-9cfcf5560ed2.fam
BLHA=28.50885387,113.46090739,244.701846,210.734491
TRANSFORMMATRIX=-0.000001956,-1.000000000,0.000006035,0.000000000,1.000000000,-0.000001956,0.000001908,0.000000000,-0.000001908,0.000006036,1.000000000,0.000000000,-12.042853218,38.444715801,40.147662198,1.000000000
ENTITYNAME=Wire_Device
