OBJECTMODELPOINTER=33777c94-e4b9-4947-906f-f84480f3cb99.dev
BASEFAMILY=a24e6d80-6837-4694-afb1-a50ecfc131f8.fam
BLHA=28.67276970,113.45923535,192.994115,456.641966
TRANSFORMMATRIX=-0.028946436,0.999580962,0.000061543,0.000000000,-0.999580964,-0.028946436,0.000001402,0.000000000,0.000003183,-0.000061477,0.999999998,0.000000000,20.547323029,-390.435444481,0.738134550,1.000000000
ENTITYNAME=Wire_Device
