OBJECTMODELPOINTER=33777c94-e4b9-4947-906f-f84480f3cb99.dev
BASEFAMILY=a256593c-02f7-4874-8cf1-6b3863b53f60.fam
BLHA=28.43346852,113.38186613,283.381825,242.026912
TRANSFORMMATRIX=0.010646608,-0.999943322,0.000039069,0.000000000,0.999943323,0.010646608,-0.000001715,0.000000000,0.000001299,0.000039086,0.999999999,0.000000000,8.814573522,248.497862540,-28.063828649,1.000000000
ENTITYNAME=Wire_Device
