OBJECTMODELPOINTER=33777c94-e4b9-4947-906f-f84480f3cb99.dev
BASEFAMILY=a25cc674-3115-4f4c-a536-4555e4e8f1a4.fam
BLHA=28.28492071,113.44885804,59.682173,504.180323
TRANSFORMMATRIX=-0.282862465,0.959160480,0.000016357,0.000000000,-0.959160480,-0.282862465,-0.000001515,0.000000000,0.000003174,-0.000016117,1.000000000,0.000000000,20.444186980,-102.742238330,26.771094190,1.000000000
ENTITYNAME=Wire_Device
