OBJECTMODELPOINTER=33777c94-e4b9-4947-906f-f84480f3cb99.dev
BASEFAMILY=a265577d-02a4-4c2c-b38b-0000d4242314.fam
BLHA=28.68698006,113.45743042,187.111712,277.425083
TRANSFORMMATRIX=-0.003302901,-0.999994545,0.000015281,0.000000000,0.999994545,-0.003302901,0.000000059,0.000000000,-0.000000009,0.000015280,1.000000000,0.000000000,-0.121062539,97.044940860,17.327303818,1.000000000
ENTITYNAME=Wire_Device
