OBJECTMODELPOINTER=33777c94-e4b9-4947-906f-f84480f3cb99.dev
BASEFAMILY=a26717eb-7d9b-450d-8a7a-eef37445ac7c.fam
BLHA=28.29509828,113.44289412,61.743516,287.794387
TRANSFORMMATRIX=0.000010167,-0.999999998,0.000069746,0.000000000,1.000000000,0.000010167,-0.000001230,0.000000000,0.000001229,0.000069746,0.999999998,0.000000000,7.167994641,443.083673256,34.783210274,1.000000000
ENTITYNAME=Wire_Device
