OBJECTMODELPOINTER=33777c94-e4b9-4947-906f-f84480f3cb99.dev
BASEFAMILY=a26d3f98-019d-4b6d-b40d-96eded4ec07d.fam
BLHA=28.26885822,113.47846971,85.176990,355.334735
TRANSFORMMATRIX=0.000016979,-0.999999999,0.000028026,0.000000000,1.000000000,0.000016979,0.000001392,0.000000000,-0.000001392,0.000028026,1.000000000,0.000000000,-8.914712768,178.889695333,28.684505871,1.000000000
ENTITYNAME=Wire_Device
