ENTITYNAME=WIRE
BASEFAMILY=a26e7b4a-c7ee-4795-89f4-0e4b924e2a06.fam
OBJECTMODELPOINTER=81b82497-164d-48c0-b1cb-18fa700dacdf.dev
KVALUE=0.000369
SPLIT=4
POINT0.BLHA=28.32292443,113.37625760,67.776,311.415680
POINT0.MATRIX0=-0.749930065,0.661517118,0.000000000,0.000000000,-0.661517118,-0.749930065,0.000000000,0.000000000,-0.000000000,0.000000000,1.000000000,0.000000000,-9.157168802,0.119910594,53.604046759,1.000000000
POINT0.MATRIX1=-0.749930065,0.661517118,0.000000000,0.000000000,-0.661517118,-0.749930065,0.000000000,0.000000000,-0.000000000,0.000000000,1.000000000,0.000000000,-9.127404414,0.119699371,54.053082404,1.000000000
POINT0.MATRIX2=-0.749930065,0.661517118,0.000000000,0.000000000,-0.661517118,-0.749930065,0.000000000,0.000000000,-0.000000000,0.000000000,1.000000000,0.000000000,-9.576454292,0.119938303,54.082577644,1.000000000
POINT0.MATRIX3=-0.749930065,0.661517118,0.000000000,0.000000000,-0.661517118,-0.749930065,0.000000000,0.000000000,-0.000000000,0.000000000,1.000000000,0.000000000,-9.605852505,0.119826520,53.633541999,1.000000000
POINT1.BLHA=28.31925198,113.37995663,64.126,500.343289
POINT1.MATRIX0=0.638186328,-0.769881946,-0.000000000,0.000000000,0.769881946,0.638186328,0.000000000,0.000000000,0.000000000,0.000000000,1.000000000,0.000000000,12.046521835,9.244919910,45.252931252,1.000000000
POINT1.MATRIX1=0.638186328,-0.769881946,-0.000000000,0.000000000,0.769881946,0.638186328,0.000000000,0.000000000,0.000000000,0.000000000,1.000000000,0.000000000,12.170493899,10.062461156,45.561280861,1.000000000
POINT1.MATRIX2=0.638186328,-0.769881946,-0.000000000,0.000000000,0.769881946,0.638186328,0.000000000,0.000000000,0.000000000,0.000000000,1.000000000,0.000000000,12.664558190,9.983654935,45.561631814,1.000000000
POINT1.MATRIX3=0.638186328,-0.769881946,-0.000000000,0.000000000,0.769881946,0.638186328,0.000000000,0.000000000,0.000000000,0.000000000,1.000000000,0.000000000,12.538404825,9.168745122,45.252442971,1.000000000
