OBJECTMODELPOINTER=33777c94-e4b9-4947-906f-f84480f3cb99.dev
BASEFAMILY=a277d748-7405-429d-983b-7395f0dd3a68.fam
BLHA=28.47322316,113.40714488,338.739938,229.813402
TRANSFORMMATRIX=-0.002313610,-0.999997324,0.000005723,0.000000000,0.999997324,-0.002313610,0.000002135,0.000000000,-0.000002122,0.000005728,1.000000000,0.000000000,-13.417778536,36.417930955,42.514045113,1.000000000
ENTITYNAME=Wire_Device
