OBJECTMODELPOINTER=33777c94-e4b9-4947-906f-f84480f3cb99.dev
BASEFAMILY=a2911225-6752-4cd4-a073-7ecc5a6be553.fam
BLHA=28.29768818,113.44194006,79.179744,287.794387
TRANSFORMMATRIX=0.002155557,-0.999997677,0.000005723,0.000000000,0.999997677,0.002155557,-0.000001214,0.000000000,0.000001202,0.000005726,1.000000000,0.000000000,7.613978750,36.362781806,39.929056437,1.000000000
ENTITYNAME=Wire_Device
