OBJECTMODELPOINTER=33777c94-e4b9-4947-906f-f84480f3cb99.dev
BASEFAMILY=a292dcac-6cd2-4593-84e7-d361826e9dca.fam
BLHA=28.53408910,113.50849608,458.182485,233.242345
TRANSFORMMATRIX=-0.381785969,-0.924250763,0.000031480,0.000000000,0.924250764,-0.381785969,0.000000080,0.000000000,0.000011944,0.000029125,0.999999999,0.000000000,76.568121911,185.494584821,-1.694101458,1.000000000
ENTITYNAME=Wire_Device
