OBJECTMODELPOINTER=33777c94-e4b9-4947-906f-f84480f3cb99.dev
BASEFAMILY=a29c283f-dc60-4268-a7ed-a64c744b0de6.fam
BLHA=28.52337409,113.48828309,330.016596,210.734491
TRANSFORMMATRIX=0.002150089,-0.999997687,0.000062564,0.000000000,0.999997689,0.002150089,0.000000194,0.000000000,-0.000000329,0.000062564,0.999999998,0.000000000,-1.181905916,398.823610731,24.364691713,1.000000000
ENTITYNAME=Wire_Device
