OBJECTMODELPOINTER=33777c94-e4b9-4947-906f-f84480f3cb99.dev
BASEFAMILY=a2ab135f-6876-4882-aad1-3271390c395d.fam
BLHA=28.66842498,113.45991630,145.503245,277.610658
TRANSFORMMATRIX=-0.004823631,-0.999988366,0.000030255,0.000000000,0.999988366,-0.004823631,0.000002203,0.000000000,-0.000002057,0.000030265,1.000000000,0.000000000,-13.261133253,192.217702636,54.308804976,1.000000000
ENTITYNAME=Wire_Device
