OBJECTMODELPOINTER=33777c94-e4b9-4947-906f-f84480f3cb99.dev
BASEFAMILY=a2b17268-c851-4d3b-ab31-f1a6a5291bc1.fam
BLHA=28.51284150,113.46842369,376.044241,210.734491
TRANSFORMMATRIX=-0.022364167,-0.999749891,0.000019776,0.000000000,0.999749891,-0.022364167,0.000002134,0.000000000,-0.000001692,0.000019819,1.000000000,0.000000000,-10.467696741,126.313069947,-24.266218594,1.000000000
ENTITYNAME=Wire_Device
