OBJECTMODELPOINTER=33777c94-e4b9-4947-906f-f84480f3cb99.dev
BASEFAMILY=a2b9fd89-4362-4b0b-8efb-7f9a7e60256e.fam
BLHA=28.50709200,113.45758686,253.896568,210.734491
TRANSFORMMATRIX=0.018503863,-0.999828789,0.000004483,0.000000000,0.999828789,0.018503863,-0.000001838,0.000000000,0.000001755,0.000004516,1.000000000,0.000000000,11.223347860,28.811819439,42.570795922,1.000000000
ENTITYNAME=Wire_Device
