OBJECTMODELPOINTER=33777c94-e4b9-4947-906f-f84480f3cb99.dev
BASEFAMILY=a2bb1073-dcbd-4f97-bda9-b50bfc451caf.fam
BLHA=28.28912608,113.44509395,57.000023,477.961117
TRANSFORMMATRIX=0.234123396,0.972206889,-0.000000298,0.000000000,-0.972206889,0.234123396,-0.000001892,0.000000000,-0.000001770,0.000000733,1.000000000,0.000000000,-11.297148716,4.680562101,36.695745355,1.000000000
ENTITYNAME=Wire_Device
