OBJECTMODELPOINTER=33777c94-e4b9-4947-906f-f84480f3cb99.dev
BASEFAMILY=a2c6f03b-7ebf-4191-a3a7-7a2b293250b8.fam
BLHA=28.67276970,113.45923535,192.994115,456.641966
TRANSFORMMATRIX=0.711414615,0.702772542,0.000000235,0.000000000,-0.702772542,0.711414615,0.000001276,0.000000000,0.000000730,-0.000001072,1.000000000,0.000000000,4.660811520,-6.813727260,35.159251165,1.000000000
ENTITYNAME=Wire_Device
