ENTITYNAME=WIRE
BASEFAMILY=a2d2796c-230d-4ab4-a9f8-76ce9a237f44.fam
OBJECTMODELPOINTER=81b82497-164d-48c0-b1cb-18fa700dacdf.dev
KVALUE=0.000000
SPLIT=4
POINT0.BLHA=28.49713910,113.43191399,298.003,224.957371
POINT0.MATRIX0=-0.706580481,-0.707632690,-0.000000000,0.000000000,0.707632690,-0.706580481,-0.000000000,0.000000000,-0.000000000,-0.000000000,1.000000000,0.000000000,-11.645081611,0.480132446,37.741100874,1.000000000
POINT0.MATRIX1=-0.706580481,-0.707632690,-0.000000000,0.000000000,0.707632690,-0.706580481,-0.000000000,0.000000000,-0.000000000,-0.000000000,1.000000000,0.000000000,-11.645081611,0.480132446,38.191101637,1.000000000
POINT0.MATRIX2=-0.706580481,-0.707632690,-0.000000000,0.000000000,0.707632690,-0.706580481,-0.000000000,0.000000000,-0.000000000,-0.000000000,1.000000000,0.000000000,-12.095050869,0.480056603,38.191101637,1.000000000
POINT0.MATRIX3=-0.706580481,-0.707632690,-0.000000000,0.000000000,0.707632690,-0.706580481,-0.000000000,0.000000000,-0.000000000,-0.000000000,1.000000000,0.000000000,-12.095050869,0.480056603,37.741100874,1.000000000
POINT1.BLHA=28.49713910,113.43191399,298.003,224.957371
POINT1.MATRIX0=-0.706580481,-0.707632690,-0.000000000,0.000000000,0.707632690,-0.706580481,-0.000000000,0.000000000,-0.000000000,-0.000000000,1.000000000,0.000000000,-11.645081606,0.600132439,37.741100874,1.000000000
POINT1.MATRIX1=-0.706580481,-0.707632690,-0.000000000,0.000000000,0.707632690,-0.706580481,-0.000000000,0.000000000,-0.000000000,-0.000000000,1.000000000,0.000000000,-11.645081606,0.600132439,38.191101637,1.000000000
POINT1.MATRIX2=-0.706580481,-0.707632690,-0.000000000,0.000000000,0.707632690,-0.706580481,-0.000000000,0.000000000,-0.000000000,-0.000000000,1.000000000,0.000000000,-12.095050870,0.600056600,38.191101636,1.000000000
POINT1.MATRIX3=-0.706580481,-0.707632690,-0.000000000,0.000000000,0.707632690,-0.706580481,-0.000000000,0.000000000,-0.000000000,-0.000000000,1.000000000,0.000000000,-12.095050870,0.600056600,37.741100874,1.000000000
