ENTITYNAME=WIRE
BASEFAMILY=a2d81dda-0b0f-4b3b-92e3-32cf28b31a91.fam
OBJECTMODELPOINTER=81b82497-164d-48c0-b1cb-18fa700dacdf.dev
KVALUE=0.000000
SPLIT=4
POINT0.BLHA=28.49379582,113.42815973,297.068,224.957371
POINT0.MATRIX0=-0.706580481,-0.707632690,-0.000000000,0.000000000,0.707632690,-0.706580481,-0.000000000,0.000000000,0.000000000,0.000000000,1.000000000,0.000000000,-13.094291859,-0.481155435,58.741098238,1.000000000
POINT0.MATRIX1=-0.706580481,-0.707632690,-0.000000000,0.000000000,0.707632690,-0.706580481,-0.000000000,0.000000000,0.000000000,0.000000000,1.000000000,0.000000000,-13.094291859,-0.481155435,59.191099001,1.000000000
POINT0.MATRIX2=-0.706580481,-0.707632690,-0.000000000,0.000000000,0.707632690,-0.706580481,-0.000000000,0.000000000,0.000000000,0.000000000,1.000000000,0.000000000,-13.544521935,-0.478728280,59.191099001,1.000000000
POINT0.MATRIX3=-0.706580481,-0.707632690,-0.000000000,0.000000000,0.707632690,-0.706580481,-0.000000000,0.000000000,0.000000000,0.000000000,1.000000000,0.000000000,-13.544521936,-0.478728280,58.741098238,1.000000000
POINT1.BLHA=28.49379582,113.42815973,297.068,224.957371
POINT1.MATRIX0=-0.706580481,-0.707632690,-0.000000000,0.000000000,0.707632690,-0.706580481,-0.000000000,0.000000000,0.000000000,0.000000000,1.000000000,0.000000000,-13.094573262,0.480548455,58.741098237,1.000000000
POINT1.MATRIX1=-0.706580481,-0.707632690,-0.000000000,0.000000000,0.707632690,-0.706580481,-0.000000000,0.000000000,0.000000000,0.000000000,1.000000000,0.000000000,-13.094573262,0.480548456,59.191099001,1.000000000
POINT1.MATRIX2=-0.706580481,-0.707632690,-0.000000000,0.000000000,0.707632690,-0.706580481,-0.000000000,0.000000000,0.000000000,0.000000000,1.000000000,0.000000000,-13.544455245,0.479177921,59.191099001,1.000000000
POINT1.MATRIX3=-0.706580481,-0.707632690,-0.000000000,0.000000000,0.707632690,-0.706580481,-0.000000000,0.000000000,0.000000000,0.000000000,1.000000000,0.000000000,-13.544455246,0.479177921,58.741098237,1.000000000
