OBJECTMODELPOINTER=33777c94-e4b9-4947-906f-f84480f3cb99.dev
BASEFAMILY=a2df4fe9-772e-4f24-b282-7dd03036362a.fam
BLHA=28.30786495,113.43629033,62.969533,307.005893
TRANSFORMMATRIX=0.000003511,-1.000000000,0.000005633,0.000000000,1.000000000,0.000003511,0.000001068,0.000000000,-0.000001068,0.000005632,1.000000000,0.000000000,-6.894083532,35.850415148,58.421545642,1.000000000
ENTITYNAME=Wire_Device
