OBJECTMODELPOINTER=33777c94-e4b9-4947-906f-f84480f3cb99.dev
BASEFAMILY=a2e26510-9618-44d2-b06f-465683eac9c0.fam
BLHA=28.50469488,113.45163258,174.515783,200.251669
TRANSFORMMATRIX=-0.752974218,-0.658050019,0.000000203,0.000000000,0.658050019,-0.752974218,-0.000000776,0.000000000,0.000000663,-0.000000451,1.000000000,0.000000000,4.210427631,-2.867204308,36.498112449,1.000000000
ENTITYNAME=Wire_Device
