OBJECTMODELPOINTER=33777c94-e4b9-4947-906f-f84480f3cb99.dev
BASEFAMILY=a2e69397-8fb8-44b9-9047-e6d5033a921f.fam
BLHA=28.31515909,113.41015274,70.673124,0.896163
TRANSFORMMATRIX=0.000000537,-1.000000000,0.000005017,0.000000000,1.000000000,0.000000537,0.000001202,0.000000000,-0.000001203,0.000005018,1.000000000,0.000000000,-7.630884586,32.024544575,30.689738601,1.000000000
ENTITYNAME=Wire_Device
