OBJECTMODELPOINTER=33777c94-e4b9-4947-906f-f84480f3cb99.dev
BASEFAMILY=a2e6aa56-2b3b-4f41-b832-e14c589c1eaf.fam
BLHA=28.27407839,113.47004129,94.944746,312.669055
TRANSFORMMATRIX=-0.001731755,-0.999998500,0.000005910,0.000000000,0.999998501,-0.001731755,-0.000001122,0.000000000,0.000001132,0.000005909,1.000000000,0.000000000,7.110654012,37.587229174,30.456303989,1.000000000
ENTITYNAME=Wire_Device
