OBJECTMODELPOINTER=33777c94-e4b9-4947-906f-f84480f3cb99.dev
BASEFAMILY=a32bfbc1-c350-479d-a355-24aeb307702c.fam
BLHA=28.68327588,113.45799727,190.105481,276.549179
TRANSFORMMATRIX=-0.028833717,-0.999584222,0.000000746,0.000000000,0.999584222,-0.028833717,-0.000001217,0.000000000,0.000001238,0.000000710,1.000000000,0.000000000,7.898509656,4.508227772,25.295352912,1.000000000
ENTITYNAME=Wire_Device
