OBJECTMODELPOINTER=33777c94-e4b9-4947-906f-f84480f3cb99.dev
BASEFAMILY=a32de821-c51c-4052-b37f-4145920c7209.fam
BLHA=28.73032666,113.45294372,113.432437,258.301958
TRANSFORMMATRIX=0.010740227,-0.999942322,0.000004583,0.000000000,0.999942322,0.010740227,-0.000002062,0.000000000,0.000002013,0.000004604,1.000000000,0.000000000,12.873319685,29.259050901,52.310483881,1.000000000
ENTITYNAME=Wire_Device
