ENTITYNAME=WIRE
BASEFAMILY=a3317625-384e-47f5-84a5-cd5880fc87d7.fam
OBJECTMODELPOINTER=31970f28-780e-4bf1-8adb-439f78c329a3.dev
KVALUE=0.000235
SPLIT=1
POINT0.BLHA=28.69702652,113.45589279,149.051,277.425083
POINT0.MATRIX0=-0.991614682,0.129229724,-0.000000000,0.000000000,-0.129229724,-0.991614682,0.000000000,0.000000000,-0.000000000,-0.000000000,1.000000000,0.000000000,9.870193645,0.311346858,54.558000958,1.000000000
POINT1.BLHA=28.69273331,113.45654991,185.538,277.425083
POINT1.MATRIX0=-0.991614682,0.129229724,-0.000000000,0.000000000,-0.129229724,-0.991614682,-0.000000000,0.000000000,-0.000000000,0.000000000,1.000000000,0.000000000,9.870585117,-0.310074394,42.558007283,1.000000000
