OBJECTMODELPOINTER=33777c94-e4b9-4947-906f-f84480f3cb99.dev
BASEFAMILY=a332989e-e210-4e0b-b7b2-e935b2872306.fam
BLHA=28.26851271,113.48351910,83.112496,355.334735
TRANSFORMMATRIX=0.000420157,-0.999999911,0.000047017,0.000000000,0.999999912,0.000420157,0.000001463,0.000000000,-0.000001483,0.000047016,0.999999999,0.000000000,-9.543774105,300.101249015,45.076583700,1.000000000
ENTITYNAME=Wire_Device
