OBJECTMODELPOINTER=33777c94-e4b9-4947-906f-f84480f3cb99.dev
BASEFAMILY=a3361b47-3b8e-40dc-b77e-52f50784b0e9.fam
BLHA=28.41010958,113.37337020,176.661664,254.006183
TRANSFORMMATRIX=0.008329606,-0.999965307,0.000050526,0.000000000,0.999965308,0.008329606,-0.000001758,0.000000000,0.000001337,0.000050539,0.999999999,0.000000000,8.973658474,321.066069324,13.614679003,1.000000000
ENTITYNAME=Wire_Device
