OBJECTMODELPOINTER=33777c94-e4b9-4947-906f-f84480f3cb99.dev
BASEFAMILY=a35d7fd1-5cb6-4e27-8ad3-c89d8f68c4ca.fam
BLHA=28.58865070,113.47941927,287.208654,287.849619
TRANSFORMMATRIX=0.000012988,-0.999999997,0.000073703,0.000000000,1.000000000,0.000012988,0.000000211,0.000000000,-0.000000212,0.000073704,0.999999997,0.000000000,-2.061256795,468.266995920,15.531331324,1.000000000
ENTITYNAME=Wire_Device
