OBJECTMODELPOINTER=33777c94-e4b9-4947-906f-f84480f3cb99.dev
BASEFAMILY=a36612d7-5099-4ed1-8444-c69d3434c903.fam
BLHA=28.79669223,113.49966037,193.055862,221.400685
TRANSFORMMATRIX=-0.000003713,-1.000000000,0.000016119,0.000000000,1.000000000,-0.000003713,0.000002109,0.000000000,-0.000002109,0.000016119,1.000000000,0.000000000,-13.160990055,102.624932124,26.812139670,1.000000000
ENTITYNAME=Wire_Device
