OBJECTMODELPOINTER=33777c94-e4b9-4947-906f-f84480f3cb99.dev
BASEFAMILY=a376337e-3579-4bab-8d37-775628af2255.fam
BLHA=28.50709200,113.45758686,253.896568,210.734491
TRANSFORMMATRIX=-0.017688743,-0.999843542,0.000004501,0.000000000,0.999843542,-0.017688743,0.000001899,0.000000000,-0.000001819,0.000004533,1.000000000,0.000000000,-11.503932692,28.873692419,42.545514238,1.000000000
ENTITYNAME=Wire_Device
