ENTITYNAME=WIRE
BASEFAMILY=a380ce93-7433-4809-a29c-531af3cd4ff3.fam
OBJECTMODELPOINTER=81b82497-164d-48c0-b1cb-18fa700dacdf.dev
KVALUE=0.093624
SPLIT=4
POINT0.BLHA=28.51174980,113.46636581,279.463,210.734491
POINT0.MATRIX0=-0.511060437,-0.859544780,-0.000000000,0.000000000,0.859544780,-0.511060437,0.000000000,0.000000000,-0.000000000,0.000000000,1.000000000,0.000000000,8.014829762,0.001020248,25.789999603,1.000000000
POINT0.MATRIX1=-0.511060437,-0.859544780,-0.000000000,0.000000000,0.859544780,-0.511060437,0.000000000,0.000000000,-0.000000000,0.000000000,1.000000000,0.000000000,8.014829762,0.001020248,26.239999591,1.000000000
POINT0.MATRIX2=-0.511060437,-0.859544780,-0.000000000,0.000000000,0.859544780,-0.511060437,0.000000000,0.000000000,-0.000000000,0.000000000,1.000000000,0.000000000,7.564829888,0.001020249,26.239999590,1.000000000
POINT0.MATRIX3=-0.511060437,-0.859544780,-0.000000000,0.000000000,0.859544780,-0.511060437,0.000000000,0.000000000,-0.000000000,0.000000000,1.000000000,0.000000000,7.564829887,0.001020249,25.789999603,1.000000000
POINT1.BLHA=28.51174980,113.46636581,279.463,210.734491
POINT1.MATRIX0=-0.511060437,-0.859544780,-0.000000000,0.000000000,0.859544780,-0.511060437,0.000000000,0.000000000,-0.000000000,0.000000000,1.000000000,0.000000000,8.069610156,8.717474160,27.634347735,1.000000000
POINT1.MATRIX1=-0.511060437,-0.859544780,-0.000000000,0.000000000,0.859544780,-0.511060437,0.000000000,0.000000000,-0.000000000,0.000000000,1.000000000,0.000000000,8.110554346,9.561643980,27.953902302,1.000000000
POINT1.MATRIX2=-0.511060437,-0.859544780,-0.000000000,0.000000000,0.859544780,-0.511060437,0.000000000,0.000000000,-0.000000000,0.000000000,1.000000000,0.000000000,7.610612164,9.564919113,27.953905163,1.000000000
POINT1.MATRIX3=-0.511060437,-0.859544780,-0.000000000,0.000000000,0.859544780,-0.511060437,0.000000000,0.000000000,-0.000000000,0.000000000,1.000000000,0.000000000,7.569917617,8.721168931,27.634317217,1.000000000
