OBJECTMODELPOINTER=33777c94-e4b9-4947-906f-f84480f3cb99.dev
BASEFAMILY=a382513b-1e1c-4001-b32c-ce8f9489dd7b.fam
BLHA=28.44311633,113.38759173,262.560023,242.026912
TRANSFORMMATRIX=-0.000008892,-0.999999999,0.000037808,0.000000000,1.000000000,-0.000008892,0.000002135,0.000000000,-0.000002135,0.000037809,0.999999999,0.000000000,-13.093751403,240.331874495,57.936496696,1.000000000
ENTITYNAME=Wire_Device
