ENTITYNAME=WIRE
BASEFAMILY=a3862979-004b-41c4-95f4-d720c5ecaa65.fam
OBJECTMODELPOINTER=81b82497-164d-48c0-b1cb-18fa700dacdf.dev
KVALUE=0.000368
SPLIT=4
POINT0.BLHA=28.61307891,113.46689101,233.449,464.034761
POINT0.MATRIX0=0.970148776,-0.242510520,-0.000000000,0.000000000,0.242510520,0.970148776,-0.000000000,0.000000000,0.000000000,0.000000000,1.000000000,0.000000000,8.907411765,-9.234454121,28.001673579,1.000000000
POINT0.MATRIX1=0.970148776,-0.242510520,-0.000000000,0.000000000,0.242510520,0.970148776,-0.000000000,0.000000000,0.000000000,0.000000000,1.000000000,0.000000000,9.071215601,-10.055020852,28.285666347,1.000000000
POINT0.MATRIX2=0.970148776,-0.242510520,-0.000000000,0.000000000,0.242510520,0.970148776,-0.000000000,0.000000000,0.000000000,0.000000000,1.000000000,0.000000000,9.561139753,-9.956537289,28.285647273,1.000000000
POINT0.MATRIX3=0.970148776,-0.242510520,-0.000000000,0.000000000,0.242510520,0.970148776,-0.000000000,0.000000000,0.000000000,0.000000000,1.000000000,0.000000000,9.397572770,-9.136029765,28.001791835,1.000000000
POINT1.BLHA=28.60915768,113.46895250,187.941,294.633001
POINT1.MATRIX0=-0.908996188,0.416804426,-0.000000000,0.000000000,-0.416804426,-0.908996188,0.000000000,0.000000000,-0.000000000,-0.000000000,1.000000000,0.000000000,-13.095675034,-0.111559597,58.000003520,1.000000000
POINT1.MATRIX1=-0.908996188,0.416804426,-0.000000000,0.000000000,-0.416804426,-0.908996188,0.000000000,0.000000000,-0.000000000,-0.000000000,1.000000000,0.000000000,-13.095675034,-0.111559597,58.450000468,1.000000000
POINT1.MATRIX2=-0.908996188,0.416804426,-0.000000000,0.000000000,-0.416804426,-0.908996188,0.000000000,0.000000000,-0.000000000,-0.000000000,1.000000000,0.000000000,-13.545435225,-0.108378367,58.450000468,1.000000000
POINT1.MATRIX3=-0.908996188,0.416804426,-0.000000000,0.000000000,-0.416804426,-0.908996188,0.000000000,0.000000000,-0.000000000,-0.000000000,1.000000000,0.000000000,-13.545435225,-0.108378367,58.000003520,1.000000000
