OBJECTMODELPOINTER=33777c94-e4b9-4947-906f-f84480f3cb99.dev
BASEFAMILY=a38cd978-7df7-4dde-bb58-1ae13687fac2.fam
BLHA=28.31294059,113.42646212,52.368358,335.449580
TRANSFORMMATRIX=0.000008573,-1.000000000,0.000016108,0.000000000,1.000000000,0.000008573,-0.000001404,0.000000000,0.000001403,0.000016108,1.000000000,0.000000000,8.723370168,102.709271517,38.582216989,1.000000000
ENTITYNAME=Wire_Device
