OBJECTMODELPOINTER=33777c94-e4b9-4947-906f-f84480f3cb99.dev
BASEFAMILY=a3966e13-9a7e-4502-937c-fa4ae4afe565.fam
BLHA=28.79669223,113.49966037,193.055862,221.400685
TRANSFORMMATRIX=-0.000016072,-0.999999999,0.000039388,0.000000000,1.000000000,-0.000016072,-0.000001733,0.000000000,0.000001733,0.000039388,0.999999999,0.000000000,11.674767198,250.886708453,16.850368931,1.000000000
ENTITYNAME=Wire_Device
