ENTITYNAME=WIRE
BASEFAMILY=a3b1ed17-d912-4287-a833-ac4c0e6170b9.fam
OBJECTMODELPOINTER=81b82497-164d-48c0-b1cb-18fa700dacdf.dev
KVALUE=0.000373
SPLIT=4
POINT0.BLHA=28.28149698,113.45977476,95.758,340.232800
POINT0.MATRIX0=-0.338199241,0.941074531,-0.000000000,0.000000000,-0.941074531,-0.338199241,0.000000000,0.000000000,-0.000000000,0.000000000,1.000000000,0.000000000,8.001751769,0.130433319,46.466974549,1.000000000
POINT0.MATRIX1=-0.338199241,0.941074531,-0.000000000,0.000000000,-0.941074531,-0.338199241,0.000000000,0.000000000,-0.000000000,0.000000000,1.000000000,0.000000000,8.184471270,0.130203664,46.932077698,1.000000000
POINT0.MATRIX2=-0.338199241,0.941074531,-0.000000000,0.000000000,-0.941074531,-0.338199241,0.000000000,0.000000000,-0.000000000,0.000000000,1.000000000,0.000000000,7.719577259,0.130203410,47.115610413,1.000000000
POINT0.MATRIX3=-0.338199241,0.941074531,-0.000000000,0.000000000,-0.941074531,-0.338199241,0.000000000,0.000000000,-0.000000000,0.000000000,1.000000000,0.000000000,7.534978437,0.129887397,46.650507264,1.000000000
POINT1.BLHA=28.28033977,113.46346380,83.899,326.450928
POINT1.MATRIX0=-0.552650983,0.833412797,-0.000000000,0.000000000,-0.833412797,-0.552650983,-0.000000000,0.000000000,-0.000000000,0.000000000,1.000000000,0.000000000,11.276272125,-9.467123758,35.081359368,1.000000000
POINT1.MATRIX1=-0.552650983,0.833412797,-0.000000000,0.000000000,-0.833412797,-0.552650983,-0.000000000,0.000000000,-0.000000000,0.000000000,1.000000000,0.000000000,11.466273159,-10.237822501,35.468825799,1.000000000
POINT1.MATRIX2=-0.552650983,0.833412797,-0.000000000,0.000000000,-0.833412797,-0.552650983,-0.000000000,0.000000000,-0.000000000,0.000000000,1.000000000,0.000000000,10.979805810,-10.355935040,35.468825798,1.000000000
POINT1.MATRIX3=-0.552650983,0.833412797,-0.000000000,0.000000000,-0.833412797,-0.552650983,-0.000000000,0.000000000,-0.000000000,0.000000000,1.000000000,0.000000000,10.790344474,-9.586050178,35.081359367,1.000000000
