OBJECTMODELPOINTER=33777c94-e4b9-4947-906f-f84480f3cb99.dev
BASEFAMILY=a3b1f966-2699-46fc-93da-39bbe7356924.fam
BLHA=28.27757020,113.46637333,93.774105,312.669055
TRANSFORMMATRIX=-0.001257980,-0.999999208,0.000029881,0.000000000,0.999999209,-0.001257980,0.000001647,0.000000000,-0.000001610,0.000029883,1.000000000,0.000000000,-10.742420504,190.234120269,35.272289467,1.000000000
ENTITYNAME=Wire_Device
