OBJECTMODELPOINTER=33777c94-e4b9-4947-906f-f84480f3cb99.dev
BASEFAMILY=a3b4f07d-ae31-4b9d-980f-54d3cbcc92a0.fam
BLHA=28.31775016,113.38284517,61.633463,329.270898
TRANSFORMMATRIX=0.001028262,-0.999999471,0.000035845,0.000000000,0.999999471,0.001028262,-0.000000988,0.000000000,0.000000952,0.000035846,0.999999999,0.000000000,5.526231696,228.484679660,56.452089388,1.000000000
ENTITYNAME=Wire_Device
