OBJECTMODELPOINTER=33777c94-e4b9-4947-906f-f84480f3cb99.dev
BASEFAMILY=a3c0814c-c14a-4993-bdc4-a43b79b681b0.fam
BLHA=28.54843684,113.51255198,454.586266,280.370385
TRANSFORMMATRIX=-0.435826893,-0.900030510,0.000007529,0.000000000,0.900030510,-0.435826893,-0.000000878,0.000000000,0.000004072,0.000006394,1.000000000,0.000000000,25.950771589,40.587982909,31.649879987,1.000000000
ENTITYNAME=Wire_Device
