OBJECTMODELPOINTER=33777c94-e4b9-4947-906f-f84480f3cb99.dev
BASEFAMILY=a3c543fa-6c74-4a65-84de-cb78e8f8a0af.fam
BLHA=28.31135450,113.43043530,49.303319,335.449580
TRANSFORMMATRIX=-0.004715786,-0.999988879,0.000054265,0.000000000,0.999988881,-0.004715786,-0.000000987,0.000000000,0.000001243,0.000054260,0.999999999,0.000000000,7.218501730,346.016429126,25.867119530,1.000000000
ENTITYNAME=Wire_Device
