OBJECTMODELPOINTER=33777c94-e4b9-4947-906f-f84480f3cb99.dev
BASEFAMILY=a42c21ff-f2ca-448d-a177-7a4c8f3899d5.fam
BLHA=28.32474464,113.37442409,71.722945,330.514691
TRANSFORMMATRIX=-0.332920572,-0.942954873,0.000027536,0.000000000,0.942954873,-0.332920572,0.000001368,0.000000000,0.000007878,0.000026421,1.000000000,0.000000000,49.708952157,168.320797131,53.369379347,1.000000000
ENTITYNAME=Wire_Device
