OBJECTMODELPOINTER=33777c94-e4b9-4947-906f-f84480f3cb99.dev
BASEFAMILY=a42e37b3-93b3-434f-95da-a6a454b78f37.fam
BLHA=28.59065738,113.47867622,222.763908,291.241310
TRANSFORMMATRIX=-0.069458587,-0.997584836,0.000000872,0.000000000,0.997584836,-0.069458587,-0.000001216,0.000000000,0.000001273,0.000000786,1.000000000,0.000000000,8.112525770,4.978725306,26.691488381,1.000000000
ENTITYNAME=Wire_Device
