OBJECTMODELPOINTER=33777c94-e4b9-4947-906f-f84480f3cb99.dev
BASEFAMILY=a45009c4-514e-43b1-a016-b4a12e847fa7.fam
BLHA=28.52957493,113.49997928,454.520911,210.734491
TRANSFORMMATRIX=-0.000018827,-0.999999999,0.000036541,0.000000000,1.000000000,-0.000018827,-0.000001630,0.000000000,0.000001631,0.000036541,0.999999999,0.000000000,10.899836652,232.964938065,3.739542865,1.000000000
ENTITYNAME=Wire_Device
