ENTITYNAME=WIRE
BASEFAMILY=a454d65d-302d-4069-a22c-1eaced5d075a.fam
OBJECTMODELPOINTER=81b82497-164d-48c0-b1cb-18fa700dacdf.dev
KVALUE=0.099384
SPLIT=4
POINT0.BLHA=28.45391595,113.39400228,204.515,242.026912
POINT0.MATRIX0=-0.883168008,-0.469056788,-0.000000000,0.000000000,0.469056788,-0.883168008,-0.000000000,0.000000000,-0.000000000,-0.000000000,1.000000000,0.000000000,7.629008556,-9.024305028,30.880294384,1.000000000
POINT0.MATRIX1=-0.883168008,-0.469056788,-0.000000000,0.000000000,0.469056788,-0.883168008,-0.000000000,0.000000000,-0.000000000,-0.000000000,1.000000000,0.000000000,7.604999384,-9.675346535,31.506279052,1.000000000
POINT0.MATRIX2=-0.883168008,-0.469056788,-0.000000000,0.000000000,0.469056788,-0.883168008,-0.000000000,0.000000000,-0.000000000,-0.000000000,1.000000000,0.000000000,7.105442952,-9.684130634,31.506279053,1.000000000
POINT0.MATRIX3=-0.883168008,-0.469056788,-0.000000000,0.000000000,0.469056788,-0.883168008,-0.000000000,0.000000000,-0.000000000,-0.000000000,1.000000000,0.000000000,7.129452012,-9.033088917,30.880294384,1.000000000
POINT1.BLHA=28.45391595,113.39400228,204.515,242.026912
POINT1.MATRIX0=-0.883168008,-0.469056788,-0.000000000,0.000000000,0.469056788,-0.883168008,-0.000000000,0.000000000,-0.000000000,-0.000000000,1.000000000,0.000000000,8.015047173,-0.000438662,25.789998414,1.000000000
POINT1.MATRIX1=-0.883168008,-0.469056788,-0.000000000,0.000000000,0.469056788,-0.883168008,-0.000000000,0.000000000,-0.000000000,-0.000000000,1.000000000,0.000000000,8.015047173,-0.000438662,26.239998402,1.000000000
POINT1.MATRIX2=-0.883168008,-0.469056788,-0.000000000,0.000000000,0.469056788,-0.883168008,-0.000000000,0.000000000,-0.000000000,-0.000000000,1.000000000,0.000000000,7.565047024,-0.000438483,26.239998402,1.000000000
POINT1.MATRIX3=-0.883168008,-0.469056788,-0.000000000,0.000000000,0.469056788,-0.883168008,-0.000000000,0.000000000,-0.000000000,-0.000000000,1.000000000,0.000000000,7.565047024,-0.000438483,25.789998414,1.000000000
