OBJECTMODELPOINTER=33777c94-e4b9-4947-906f-f84480f3cb99.dev
BASEFAMILY=a46ab220-a44c-43ae-96b6-a57d813dfafc.fam
BLHA=28.53088729,113.50245510,443.024878,210.734491
TRANSFORMMATRIX=-0.000000346,-1.000000000,0.000005330,0.000000000,1.000000000,-0.000000346,0.000001901,0.000000000,-0.000001900,0.000005330,1.000000000,0.000000000,-12.010953735,33.951426269,41.493054657,1.000000000
ENTITYNAME=Wire_Device
