OBJECTMODELPOINTER=33777c94-e4b9-4947-906f-f84480f3cb99.dev
BASEFAMILY=a46c2ee4-2b76-46d9-97a8-6a45d66984ee.fam
BLHA=28.79959310,113.50336431,218.110050,224.374488
TRANSFORMMATRIX=-0.062850337,-0.998022961,0.000061103,0.000000000,0.998022963,-0.062850338,-0.000000754,0.000000000,0.000004593,0.000060935,0.999999998,0.000000000,30.241254008,388.059584028,5.757132513,1.000000000
ENTITYNAME=Wire_Device
