OBJECTMODELPOINTER=33777c94-e4b9-4947-906f-f84480f3cb99.dev
BASEFAMILY=a4888fdb-cf2b-4fbc-9722-fbf07c01f5ea.fam
BLHA=28.29096601,113.44441625,53.539724,287.794387
TRANSFORMMATRIX=0.002456236,-0.999996983,0.000016656,0.000000000,0.999996983,0.002456236,0.000001105,0.000000000,-0.000001146,0.000016653,1.000000000,0.000000000,-7.472537594,105.808813238,55.014770472,1.000000000
ENTITYNAME=Wire_Device
