OBJECTMODELPOINTER=33777c94-e4b9-4947-906f-f84480f3cb99.dev
BASEFAMILY=a4c6b60c-4f03-41c3-8419-19de9cb75766.fam
BLHA=28.28912608,113.44509395,57.000023,477.961117
TRANSFORMMATRIX=-0.336610940,0.941643816,0.000000186,0.000000000,-0.941643816,-0.336610940,-0.000001553,0.000000000,-0.000001400,-0.000000697,1.000000000,0.000000000,-8.915164129,-4.417800829,48.862368930,1.000000000
ENTITYNAME=Wire_Device
