OBJECTMODELPOINTER=33777c94-e4b9-4947-906f-f84480f3cb99.dev
BASEFAMILY=a4ec7c63-40e8-4d7f-a49c-62c11b7923da.fam
BLHA=28.34583559,113.36246769,78.593273,278.143009
TRANSFORMMATRIX=0.003875100,-0.999992490,0.000053221,0.000000000,0.999992492,0.003875100,-0.000001848,0.000000000,0.000001641,0.000053227,0.999999999,0.000000000,10.228504780,338.017182370,55.591346097,1.000000000
ENTITYNAME=Wire_Device
