OBJECTMODELPOINTER=33777c94-e4b9-4947-906f-f84480f3cb99.dev
BASEFAMILY=a5102921-948d-4110-9af8-83fa4c027b18.fam
BLHA=28.26851271,113.48351910,83.112496,355.334735
TRANSFORMMATRIX=0.000397758,-0.999999921,0.000005237,0.000000000,0.999999921,0.000397758,0.000001303,0.000000000,-0.000001305,0.000005237,1.000000000,0.000000000,-8.300066393,33.429220580,43.290658558,1.000000000
ENTITYNAME=Wire_Device
