OBJECTMODELPOINTER=33777c94-e4b9-4947-906f-f84480f3cb99.dev
BASEFAMILY=a518489b-4cc7-4b73-aebf-6edbda4f2233.fam
BLHA=28.67276970,113.45923535,192.994115,456.641966
TRANSFORMMATRIX=-0.028942916,0.999581066,0.000018059,0.000000000,-0.999581066,-0.028942916,0.000001238,0.000000000,0.000001761,-0.000018016,1.000000000,0.000000000,11.304760590,-114.419000796,9.801871512,1.000000000
ENTITYNAME=Wire_Device
