ENTITYNAME=WIRE
BASEFAMILY=a526e737-daa8-4588-941c-b16ebc65497e.fam
OBJECTMODELPOINTER=31970f28-780e-4bf1-8adb-439f78c329a3.dev
KVALUE=0.000287
SPLIT=1
POINT0.BLHA=28.37974338,113.36324559,104.025,459.829193
POINT0.MATRIX0=0.985321048,-0.170711550,-0.000000000,0.000000000,0.170711550,0.985321048,-0.000000000,0.000000000,-0.000000000,0.000000000,1.000000000,0.000000000,5.553120607,1.362408765,34.989175508,1.000000000
POINT1.BLHA=28.37974338,113.36324559,104.025,459.829193
POINT1.MATRIX0=0.985321048,-0.170711550,-0.000000000,0.000000000,0.170711550,0.985321048,-0.000000000,0.000000000,-0.000000000,0.000000000,1.000000000,0.000000000,5.558837466,-1.356888169,34.936972508,1.000000000
