OBJECTMODELPOINTER=33777c94-e4b9-4947-906f-f84480f3cb99.dev
BASEFAMILY=a533af0b-00fe-43ad-9e36-8e7abe3aaf7c.fam
BLHA=28.59994740,113.47379389,183.494205,294.633001
TRANSFORMMATRIX=0.000011113,-0.999999999,0.000050544,0.000000000,1.000000000,0.000011113,0.000000122,0.000000000,-0.000000122,0.000050543,0.999999999,0.000000000,-1.412236015,321.256530837,38.780650689,1.000000000
ENTITYNAME=Wire_Device
