OBJECTMODELPOINTER=33777c94-e4b9-4947-906f-f84480f3cb99.dev
BASEFAMILY=a5381fe5-4f19-4d9b-809e-32361e4df727.fam
BLHA=28.68327588,113.45799727,190.105481,276.549179
TRANSFORMMATRIX=-0.033024936,-0.999454528,0.000030507,0.000000000,0.999454528,-0.033024936,-0.000001044,0.000000000,0.000002051,0.000030455,1.000000000,0.000000000,12.978987749,193.407095714,14.967587285,1.000000000
ENTITYNAME=Wire_Device
