ENTITYNAME=WIRE
BASEFAMILY=a56832c2-218a-492f-9299-0d1d37f7b272.fam
OBJECTMODELPOINTER=31970f28-780e-4bf1-8adb-439f78c329a3.dev
KVALUE=0.000230
SPLIT=1
POINT0.BLHA=28.31402241,113.42375188,48.067,335.449580
POINT0.MATRIX0=-0.415493846,0.909595989,0.000000000,0.000000000,-0.909595989,-0.415493846,0.000000000,0.000000000,0.000000000,-0.000000000,1.000000000,0.000000000,-11.500958679,0.310069593,75.658006686,1.000000000
POINT1.BLHA=28.31294059,113.42646212,52.368,335.449580
POINT1.MATRIX0=-0.415493846,0.909595989,-0.000000000,0.000000000,-0.909595989,-0.415493846,0.000000000,0.000000000,-0.000000000,-0.000000000,1.000000000,0.000000000,-10.799276660,-0.309753279,72.558003489,1.000000000
