OBJECTMODELPOINTER=33777c94-e4b9-4947-906f-f84480f3cb99.dev
BASEFAMILY=a57ee742-7eb8-44fe-a630-1b0e0432fad6.fam
BLHA=28.36995278,113.36656265,67.148041,253.042546
TRANSFORMMATRIX=-0.542986692,-0.839741300,0.000018418,0.000000000,0.839741300,-0.542986693,0.000001572,0.000000000,0.000008680,0.000016320,1.000000000,0.000000000,55.538022319,103.758779626,21.002064862,1.000000000
ENTITYNAME=Wire_Device
