OBJECTMODELPOINTER=33777c94-e4b9-4947-906f-f84480f3cb99.dev
BASEFAMILY=a57e87b5-0493-4958-9dc2-31d2c4a3c6b1.fam
BLHA=28.31510010,113.40690744,78.265120,0.896163
TRANSFORMMATRIX=0.002066616,-0.999997864,0.000035905,0.000000000,0.999997865,0.002066616,-0.000001373,0.000000000,0.000001299,0.000035908,0.999999999,0.000000000,8.265945821,229.200435627,38.281272479,1.000000000
ENTITYNAME=Wire_Device
