ENTITYNAME=WIRE
BASEFAMILY=a582547e-ebc2-45dc-98b2-5e391bb38bca.fam
OBJECTMODELPOINTER=81b82497-164d-48c0-b1cb-18fa700dacdf.dev
KVALUE=0.000000
SPLIT=4
POINT0.BLHA=28.32854622,113.36798434,68.152,482.460958
POINT0.MATRIX0=0.843757372,-0.536724787,-0.000000000,0.000000000,0.536724787,0.843757372,-0.000000000,0.000000000,-0.000000000,0.000000000,1.000000000,0.000000000,7.274908855,-3.999404097,38.790005075,1.000000000
POINT0.MATRIX1=0.843757372,-0.536724787,-0.000000000,0.000000000,0.536724787,0.843757372,-0.000000000,0.000000000,-0.000000000,0.000000000,1.000000000,0.000000000,7.274908855,-3.999404097,39.240005123,1.000000000
POINT0.MATRIX2=0.843757372,-0.536724787,-0.000000000,0.000000000,0.536724787,0.843757372,-0.000000000,0.000000000,-0.000000000,0.000000000,1.000000000,0.000000000,7.724908898,-3.999404156,39.240005123,1.000000000
POINT0.MATRIX3=0.843757372,-0.536724787,-0.000000000,0.000000000,0.536724787,0.843757372,-0.000000000,0.000000000,-0.000000000,0.000000000,1.000000000,0.000000000,7.724908898,-3.999404156,38.790005075,1.000000000
POINT1.BLHA=28.32854622,113.36798434,68.152,482.460958
POINT1.MATRIX0=0.843757372,-0.536724787,-0.000000000,0.000000000,0.536724787,0.843757372,-0.000000000,0.000000000,-0.000000000,0.000000000,1.000000000,0.000000000,7.274908875,-4.001404123,38.790005074,1.000000000
POINT1.MATRIX1=0.843757372,-0.536724787,-0.000000000,0.000000000,0.536724787,0.843757372,-0.000000000,0.000000000,-0.000000000,0.000000000,1.000000000,0.000000000,7.274908874,-4.001404123,39.240005122,1.000000000
POINT1.MATRIX2=0.843757372,-0.536724787,-0.000000000,0.000000000,0.536724787,0.843757372,-0.000000000,0.000000000,-0.000000000,0.000000000,1.000000000,0.000000000,7.724908816,-4.001404119,39.240005123,1.000000000
POINT1.MATRIX3=0.843757372,-0.536724787,-0.000000000,0.000000000,0.536724787,0.843757372,-0.000000000,0.000000000,-0.000000000,0.000000000,1.000000000,0.000000000,7.724908817,-4.001404119,38.790005075,1.000000000
