OBJECTMODELPOINTER=33777c94-e4b9-4947-906f-f84480f3cb99.dev
BASEFAMILY=a5834fc2-db47-4be5-9a5e-efb3dc545646.fam
BLHA=28.31498130,113.40038482,72.539572,2.946268
TRANSFORMMATRIX=0.037944368,-0.999279853,-0.000000672,0.000000000,0.999279853,0.037944368,0.000001775,0.000000000,-0.000001749,-0.000000739,1.000000000,0.000000000,-11.103586376,-4.721356728,42.785963672,1.000000000
ENTITYNAME=Wire_Device
