OBJECTMODELPOINTER=33777c94-e4b9-4947-906f-f84480f3cb99.dev
BASEFAMILY=a58cb60a-1904-403d-8b8f-92fe02e3fd44.fam
BLHA=28.62257154,113.46619683,208.116407,273.436520
TRANSFORMMATRIX=0.000000883,-1.000000000,0.000029865,0.000000000,1.000000000,0.000000882,-0.000001871,0.000000000,0.000001871,0.000029866,1.000000000,0.000000000,11.883664121,189.652103009,9.894322471,1.000000000
ENTITYNAME=Wire_Device
