ENTITYNAME=WIRE
BASEFAMILY=a58d83ba-7dc4-4599-bc7a-68ed677a1143.fam
OBJECTMODELPOINTER=81b82497-164d-48c0-b1cb-18fa700dacdf.dev
KVALUE=0.000000
SPLIT=4
POINT0.BLHA=28.76146332,113.46687719,133.774,236.227775
POINT0.MATRIX0=-0.831254041,-0.555892723,0.000000000,0.000000000,0.555892723,-0.831254041,0.000000000,0.000000000,-0.000000000,0.000000000,1.000000000,0.000000000,-11.645357808,-0.109615664,43.000001516,1.000000000
POINT0.MATRIX1=-0.831254041,-0.555892723,0.000000000,0.000000000,0.555892723,-0.831254041,0.000000000,0.000000000,-0.000000000,0.000000000,1.000000000,0.000000000,-11.645357808,-0.109615664,43.450013723,1.000000000
POINT0.MATRIX2=-0.831254041,-0.555892723,0.000000000,0.000000000,0.555892723,-0.831254041,0.000000000,0.000000000,-0.000000000,0.000000000,1.000000000,0.000000000,-12.095239482,-0.109719060,43.450013723,1.000000000
POINT0.MATRIX3=-0.831254041,-0.555892723,0.000000000,0.000000000,0.555892723,-0.831254041,0.000000000,0.000000000,-0.000000000,0.000000000,1.000000000,0.000000000,-12.095239483,-0.109719060,43.000001516,1.000000000
POINT1.BLHA=28.76146332,113.46687719,133.774,236.227775
POINT1.MATRIX0=-0.831254041,-0.555892723,0.000000000,0.000000000,0.555892723,-0.831254041,0.000000000,0.000000000,-0.000000000,0.000000000,1.000000000,0.000000000,-11.645242567,0.000379219,43.000001516,1.000000000
POINT1.MATRIX1=-0.831254041,-0.555892723,0.000000000,0.000000000,0.555892723,-0.831254041,0.000000000,0.000000000,-0.000000000,0.000000000,1.000000000,0.000000000,-11.645242566,0.000379219,43.450013723,1.000000000
POINT1.MATRIX2=-0.831254041,-0.555892723,0.000000000,0.000000000,0.555892723,-0.831254041,0.000000000,0.000000000,-0.000000000,0.000000000,1.000000000,0.000000000,-12.095124241,0.000275822,43.450013723,1.000000000
POINT1.MATRIX3=-0.831254041,-0.555892723,0.000000000,0.000000000,0.555892723,-0.831254041,0.000000000,0.000000000,-0.000000000,0.000000000,1.000000000,0.000000000,-12.095124241,0.000275822,43.000001516,1.000000000
