OBJECTMODELPOINTER=33777c94-e4b9-4947-906f-f84480f3cb99.dev
BASEFAMILY=a5a79b59-2aa7-479e-82e4-53acd0d2db1e.fam
BLHA=28.54843684,113.51255198,454.586266,280.370385
TRANSFORMMATRIX=-0.435832326,-0.900027878,0.000049968,0.000000000,0.900027879,-0.435832327,-0.000000650,0.000000000,0.000022362,0.000044690,0.999999999,0.000000000,142.464754337,283.718150753,73.361165742,1.000000000
ENTITYNAME=Wire_Device
