ENTITYNAME=WIRE
BASEFAMILY=a5ade032-205f-4fc8-92fe-811375609c5a.fam
OBJECTMODELPOINTER=81b82497-164d-48c0-b1cb-18fa700dacdf.dev
KVALUE=0.096369
SPLIT=4
POINT0.BLHA=28.30961923,113.43478171,54.753,501.227736
POINT0.MATRIX0=0.626226468,-0.779641207,-0.000000000,0.000000000,0.779641207,0.626226468,0.000000000,0.000000000,-0.000000000,0.000000000,1.000000000,0.000000000,7.590560745,0.000444247,55.090001402,1.000000000
POINT0.MATRIX1=0.626226468,-0.779641207,-0.000000000,0.000000000,0.779641207,0.626226468,0.000000000,0.000000000,-0.000000000,0.000000000,1.000000000,0.000000000,7.590560745,0.000444248,55.540001405,1.000000000
POINT0.MATRIX2=0.626226468,-0.779641207,-0.000000000,0.000000000,0.779641207,0.626226468,0.000000000,0.000000000,-0.000000000,0.000000000,1.000000000,0.000000000,8.040560782,0.000443629,55.540001406,1.000000000
POINT0.MATRIX3=0.626226468,-0.779641207,-0.000000000,0.000000000,0.779641207,0.626226468,0.000000000,0.000000000,-0.000000000,0.000000000,1.000000000,0.000000000,8.040560782,0.000443629,55.090001403,1.000000000
POINT1.BLHA=28.30961923,113.43478171,54.753,501.227736
POINT1.MATRIX0=0.626226468,-0.779641207,-0.000000000,0.000000000,0.779641207,0.626226468,0.000000000,0.000000000,-0.000000000,0.000000000,1.000000000,0.000000000,4.984243332,-8.443185738,58.598306669,1.000000000
POINT1.MATRIX1=0.626226468,-0.779641207,-0.000000000,0.000000000,0.779641207,0.626226468,0.000000000,0.000000000,-0.000000000,0.000000000,1.000000000,0.000000000,4.759428680,-9.170768491,59.086257948,1.000000000
POINT1.MATRIX2=0.626226468,-0.779641207,-0.000000000,0.000000000,0.779641207,0.626226468,0.000000000,0.000000000,-0.000000000,0.000000000,1.000000000,0.000000000,5.243830601,-9.296651980,59.086227430,1.000000000
POINT1.MATRIX3=0.626226468,-0.779641207,-0.000000000,0.000000000,0.779641207,0.626226468,0.000000000,0.000000000,-0.000000000,0.000000000,1.000000000,0.000000000,5.469938658,-8.567560615,58.598245634,1.000000000
