OBJECTMODELPOINTER=33777c94-e4b9-4947-906f-f84480f3cb99.dev
BASEFAMILY=a5d4b1ff-fcea-4f2b-9414-07d876485acb.fam
BLHA=28.36995278,113.36656265,67.148041,253.042546
TRANSFORMMATRIX=-0.026793209,-0.999640998,-0.000000086,0.000000000,0.999640998,-0.026793209,-0.000001767,0.000000000,0.000001764,-0.000000133,1.000000000,0.000000000,11.255902586,-0.828774267,25.433607002,1.000000000
ENTITYNAME=Wire_Device
