ENTITYNAME=WIRE
BASEFAMILY=a5dcaefc-ab06-428d-bd96-e5aba498ab98.fam
OBJECTMODELPOINTER=81b82497-164d-48c0-b1cb-18fa700dacdf.dev
KVALUE=0.079569
SPLIT=4
POINT0.BLHA=28.37974338,113.36324559,104.025,459.829193
POINT0.MATRIX0=0.985321048,-0.170711550,-0.000000000,0.000000000,0.170711550,0.985321048,-0.000000000,0.000000000,-0.000000000,0.000000000,1.000000000,0.000000000,-11.724738964,0.000344570,16.790007540,1.000000000
POINT0.MATRIX1=0.985321048,-0.170711550,-0.000000000,0.000000000,0.170711550,0.985321048,-0.000000000,0.000000000,-0.000000000,0.000000000,1.000000000,0.000000000,-11.724738964,0.000344570,17.240007528,1.000000000
POINT0.MATRIX2=0.985321048,-0.170711550,-0.000000000,0.000000000,0.170711550,0.985321048,-0.000000000,0.000000000,-0.000000000,0.000000000,1.000000000,0.000000000,-11.274738982,0.000344751,17.240007529,1.000000000
POINT0.MATRIX3=0.985321048,-0.170711550,-0.000000000,0.000000000,0.170711550,0.985321048,-0.000000000,0.000000000,-0.000000000,0.000000000,1.000000000,0.000000000,-11.274738982,0.000344751,16.790007540,1.000000000
POINT1.BLHA=28.37974338,113.36324559,104.025,459.829193
POINT1.MATRIX0=0.985321048,-0.170711550,-0.000000000,0.000000000,0.170711550,0.985321048,-0.000000000,0.000000000,-0.000000000,0.000000000,1.000000000,0.000000000,-9.158675675,-10.005919225,19.379373678,1.000000000
POINT1.MATRIX1=0.985321048,-0.170711550,-0.000000000,0.000000000,0.170711550,0.985321048,-0.000000000,0.000000000,-0.000000000,0.000000000,1.000000000,0.000000000,-9.105643855,-10.815570659,19.777378926,1.000000000
POINT1.MATRIX2=0.985321048,-0.170711550,-0.000000000,0.000000000,0.170711550,0.985321048,-0.000000000,0.000000000,-0.000000000,0.000000000,1.000000000,0.000000000,-8.608407182,-10.762963737,19.777378925,1.000000000
POINT1.MATRIX3=0.985321048,-0.170711550,-0.000000000,0.000000000,0.170711550,0.985321048,-0.000000000,0.000000000,-0.000000000,0.000000000,1.000000000,0.000000000,-8.660958123,-9.953395618,19.379373678,1.000000000
