OBJECTMODELPOINTER=33777c94-e4b9-4947-906f-f84480f3cb99.dev
BASEFAMILY=a5e87184-ea78-41b1-bcf6-c9bc079ff24b.fam
BLHA=28.31515909,113.41015274,70.673124,0.896163
TRANSFORMMATRIX=0.000028183,-0.999999998,0.000056304,0.000000000,1.000000000,0.000028183,-0.000000856,0.000000000,0.000000854,0.000056304,0.999999998,0.000000000,5.454591927,359.388107999,8.665960123,1.000000000
ENTITYNAME=Wire_Device
