OBJECTMODELPOINTER=33777c94-e4b9-4947-906f-f84480f3cb99.dev
BASEFAMILY=a5ed495c-9276-4476-bfea-56d49c7785b1.fam
BLHA=28.33513056,113.36426418,74.466119,467.201749
TRANSFORMMATRIX=-0.168658871,0.985674481,0.000049288,0.000000000,-0.985674482,-0.168658871,0.000001289,0.000000000,0.000009583,-0.000048365,0.999999999,0.000000000,61.595139604,-307.341062580,18.506151644,1.000000000
ENTITYNAME=Wire_Device
