OBJECTMODELPOINTER=33777c94-e4b9-4947-906f-f84480f3cb99.dev
BASEFAMILY=a5f66823-1c71-462f-b2c5-34b0e3753762.fam
BLHA=28.65774704,113.46158959,182.997853,277.610658
TRANSFORMMATRIX=0.000003507,-0.999999998,0.000056501,0.000000000,1.000000000,0.000003507,-0.000001645,0.000000000,0.000001645,0.000056501,0.999999998,0.000000000,10.253092983,358.826192664,10.843513868,1.000000000
ENTITYNAME=Wire_Device
