OBJECTMODELPOINTER=33777c94-e4b9-4947-906f-f84480f3cb99.dev
BASEFAMILY=a5fbf30c-314b-44a7-b5c1-ba887798373c.fam
BLHA=28.53408910,113.50849608,458.182485,233.242345
TRANSFORMMATRIX=-0.461001851,-0.887399173,-0.000000443,0.000000000,0.887399174,-0.461001851,-0.000001340,0.000000000,0.000000985,-0.000001010,1.000000000,0.000000000,6.259016256,-6.414572310,35.934816522,1.000000000
ENTITYNAME=Wire_Device
