ENTITYNAME=WIRE
BASEFAMILY=a61786ee-caee-4702-9f86-6c6c6d1fde99.fam
OBJECTMODELPOINTER=31970f28-780e-4bf1-8adb-439f78c329a3.dev
KVALUE=0.000287
SPLIT=1
POINT0.BLHA=28.44721846,113.39002654,265.560,242.026912
POINT0.MATRIX0=-0.883168008,-0.469056788,0.000000000,0.000000000,0.469056788,-0.883168008,-0.000000000,0.000000000,-0.000000000,0.000000000,1.000000000,0.000000000,11.318173189,-0.010259512,63.557999726,1.000000000
POINT1.BLHA=28.44721846,113.39002654,265.560,242.026912
POINT1.MATRIX0=-0.883168008,-0.469056788,0.000000000,0.000000000,0.469056788,-0.883168008,-0.000000000,0.000000000,-0.000000000,0.000000000,1.000000000,0.000000000,11.319045861,0.010033290,63.557999732,1.000000000
