OBJECTMODELPOINTER=33777c94-e4b9-4947-906f-f84480f3cb99.dev
BASEFAMILY=a6251f2a-4fbc-41ee-bca0-a76c9af6d38b.fam
BLHA=28.71274605,113.45447194,199.234978,264.887951
TRANSFORMMATRIX=0.002797421,-0.999996087,0.000016233,0.000000000,0.999996087,0.002797421,0.000000081,0.000000000,-0.000000126,0.000016233,1.000000000,0.000000000,-0.759440414,103.090059030,14.880221765,1.000000000
ENTITYNAME=Wire_Device
