OBJECTMODELPOINTER=33777c94-e4b9-4947-906f-f84480f3cb99.dev
BASEFAMILY=a631d949-6039-4cc0-8aea-0ed22f1dd59d.fam
BLHA=28.40635362,113.37217651,164.659139,254.006183
TRANSFORMMATRIX=-0.010507629,-0.999944793,0.000018377,0.000000000,0.999944793,-0.010507629,-0.000001401,0.000000000,0.000001595,0.000018361,1.000000000,0.000000000,10.330552521,116.656844628,16.081308121,1.000000000
ENTITYNAME=Wire_Device
