ENTITYNAME=WIRE
BASEFAMILY=a634a4ab-574b-4e4f-a9bc-1729b7d90a13.fam
OBJECTMODELPOINTER=81b82497-164d-48c0-b1cb-18fa700dacdf.dev
KVALUE=0.000000
SPLIT=4
POINT0.BLHA=28.73433869,113.45386444,142.659,258.301958
POINT0.MATRIX0=-0.979229741,-0.202753828,0.000000000,0.000000000,0.202753828,-0.979229741,0.000000000,0.000000000,-0.000000000,-0.000000000,1.000000000,0.000000000,-10.075260455,-3.999701616,40.590000240,1.000000000
POINT0.MATRIX1=-0.979229741,-0.202753828,0.000000000,0.000000000,0.202753828,-0.979229741,0.000000000,0.000000000,-0.000000000,-0.000000000,1.000000000,0.000000000,-10.075260455,-3.999701617,41.040000288,1.000000000
POINT0.MATRIX2=-0.979229741,-0.202753828,0.000000000,0.000000000,0.202753828,-0.979229741,0.000000000,0.000000000,-0.000000000,-0.000000000,1.000000000,0.000000000,-10.525260395,-3.999701613,41.040000288,1.000000000
POINT0.MATRIX3=-0.979229741,-0.202753828,0.000000000,0.000000000,0.202753828,-0.979229741,0.000000000,0.000000000,-0.000000000,-0.000000000,1.000000000,0.000000000,-10.525260395,-3.999701613,40.590000240,1.000000000
POINT1.BLHA=28.73433869,113.45386444,142.659,258.301958
POINT1.MATRIX0=-0.979229741,-0.202753828,0.000000000,0.000000000,0.202753828,-0.979229741,0.000000000,0.000000000,-0.000000000,-0.000000000,1.000000000,0.000000000,-10.075260395,-3.997701695,40.590000241,1.000000000
POINT1.MATRIX1=-0.979229741,-0.202753828,0.000000000,0.000000000,0.202753828,-0.979229741,0.000000000,0.000000000,-0.000000000,-0.000000000,1.000000000,0.000000000,-10.075260395,-3.997701695,41.040000288,1.000000000
POINT1.MATRIX2=-0.979229741,-0.202753828,0.000000000,0.000000000,0.202753828,-0.979229741,0.000000000,0.000000000,-0.000000000,-0.000000000,1.000000000,0.000000000,-10.525260335,-3.997701692,41.040000288,1.000000000
POINT1.MATRIX3=-0.979229741,-0.202753828,0.000000000,0.000000000,0.202753828,-0.979229741,0.000000000,0.000000000,-0.000000000,-0.000000000,1.000000000,0.000000000,-10.525260335,-3.997701692,40.590000241,1.000000000
