ENTITYNAME=WIRE
BASEFAMILY=a63e2143-a1ec-4785-b977-0efd4c307705.fam
OBJECTMODELPOINTER=81b82497-164d-48c0-b1cb-18fa700dacdf.dev
KVALUE=0.000000
SPLIT=4
POINT0.BLHA=28.31515909,113.41015274,70.673,0.896163
POINT0.MATRIX0=0.015640353,0.999877682,-0.000000000,0.000000000,-0.999877682,0.015640353,0.000000000,0.000000000,0.000000000,-0.000000000,1.000000000,0.000000000,7.347929616,0.000010877,36.866807226,1.000000000
POINT0.MATRIX1=0.015640353,0.999877682,-0.000000000,0.000000000,-0.999877682,0.015640353,0.000000000,0.000000000,0.000000000,-0.000000000,1.000000000,0.000000000,7.533499618,0.000038187,37.330659156,1.000000000
POINT0.MATRIX2=0.015640353,0.999877682,-0.000000000,0.000000000,-0.999877682,0.015640353,0.000000000,0.000000000,0.000000000,-0.000000000,1.000000000,0.000000000,7.070554878,0.000198748,37.517319922,1.000000000
POINT0.MATRIX3=0.015640353,0.999877682,-0.000000000,0.000000000,-0.999877682,0.015640353,0.000000000,0.000000000,0.000000000,-0.000000000,1.000000000,0.000000000,6.883031991,0.000201985,37.053467993,1.000000000
POINT1.BLHA=28.31515909,113.41015274,70.673,0.896163
POINT1.MATRIX0=0.015640353,0.999877682,-0.000000000,0.000000000,-0.999877682,0.015640353,0.000000000,0.000000000,0.000000000,-0.000000000,1.000000000,0.000000000,7.347929715,0.130016402,36.866807226,1.000000000
POINT1.MATRIX1=0.015640353,0.999877682,-0.000000000,0.000000000,-0.999877682,0.015640353,0.000000000,0.000000000,0.000000000,-0.000000000,1.000000000,0.000000000,7.533499716,0.130043711,37.330659155,1.000000000
POINT1.MATRIX2=0.015640353,0.999877682,-0.000000000,0.000000000,-0.999877682,0.015640353,0.000000000,0.000000000,0.000000000,-0.000000000,1.000000000,0.000000000,7.070554976,0.130204273,37.517319921,1.000000000
POINT1.MATRIX3=0.015640353,0.999877682,-0.000000000,0.000000000,-0.999877682,0.015640353,0.000000000,0.000000000,0.000000000,-0.000000000,1.000000000,0.000000000,6.883032089,0.130207510,37.053467994,1.000000000
