OBJECTMODELPOINTER=33777c94-e4b9-4947-906f-f84480f3cb99.dev
BASEFAMILY=a6442091-71dd-44f4-8b3d-35844042982f.fam
BLHA=28.26885822,113.47846971,85.176990,355.334735
TRANSFORMMATRIX=0.000007121,-1.000000000,0.000017144,0.000000000,1.000000000,0.000007122,-0.000001024,0.000000000,0.000001024,0.000017144,1.000000000,0.000000000,6.452757695,109.423835827,59.810830983,1.000000000
ENTITYNAME=Wire_Device
