OBJECTMODELPOINTER=33777c94-e4b9-4947-906f-f84480f3cb99.dev
BASEFAMILY=a650800f-3e97-4985-8acf-909708de9f9f.fam
BLHA=28.79022096,113.49139881,176.212376,221.400685
TRANSFORMMATRIX=-0.001045723,-0.999999452,0.000052414,0.000000000,0.999999453,-0.001045723,-0.000001641,0.000000000,0.000001696,0.000052412,0.999999999,0.000000000,11.645312605,333.838863091,-14.085898415,1.000000000
ENTITYNAME=Wire_Device
