OBJECTMODELPOINTER=33777c94-e4b9-4947-906f-f84480f3cb99.dev
BASEFAMILY=a6528d49-dcc6-4efa-b116-86cd449e36b2.fam
BLHA=28.49573132,113.43033310,334.786047,224.957371
TRANSFORMMATRIX=-0.000001563,-1.000000000,0.000005709,0.000000000,1.000000000,-0.000001563,0.000000046,0.000000000,-0.000000046,0.000005709,1.000000000,0.000000000,-0.197830733,36.350742086,29.859796892,1.000000000
ENTITYNAME=Wire_Device
