OBJECTMODELPOINTER=33777c94-e4b9-4947-906f-f84480f3cb99.dev
BASEFAMILY=a65c6682-95f2-4e19-9a0a-abae8ad31fad.fam
BLHA=28.31529425,113.41760444,47.126172,0.896163
TRANSFORMMATRIX=0.006196505,-0.999980801,0.000027087,0.000000000,0.999980801,0.006196505,0.000001193,0.000000000,-0.000001361,0.000027079,1.000000000,0.000000000,-8.628259772,172.848641892,52.001868328,1.000000000
ENTITYNAME=Wire_Device
