OBJECTMODELPOINTER=33777c94-e4b9-4947-906f-f84480f3cb99.dev
BASEFAMILY=a6a76c05-b4c4-42c6-a201-e453e7651d27.fam
BLHA=28.53088729,113.50245510,443.024878,210.734491
TRANSFORMMATRIX=-0.000011069,-1.000000000,0.000028368,0.000000000,1.000000000,-0.000011069,0.000002050,0.000000000,-0.000002049,0.000028367,1.000000000,0.000000000,-12.620298897,180.810245193,43.784433603,1.000000000
ENTITYNAME=Wire_Device
