OBJECTMODELPOINTER=33777c94-e4b9-4947-906f-f84480f3cb99.dev
BASEFAMILY=a6ba7d19-b5b5-4316-b9f3-3479d2102a68.fam
BLHA=28.77096466,113.47401910,153.559218,236.227775
TRANSFORMMATRIX=-0.001750838,-0.999998465,0.000073305,0.000000000,0.999998467,-0.001750838,-0.000001497,0.000000000,0.000001626,0.000073301,0.999999997,0.000000000,11.475398242,466.263310178,9.228445621,1.000000000
ENTITYNAME=Wire_Device
