OBJECTMODELPOINTER=33777c94-e4b9-4947-906f-f84480f3cb99.dev
BASEFAMILY=a6e87e63-7372-4703-8803-2cd89eb974a0.fam
BLHA=28.43802035,113.38456732,303.277751,242.026912
TRANSFORMMATRIX=-0.000000356,-1.000000000,0.000005393,0.000000000,1.000000000,-0.000000356,0.000000043,0.000000000,-0.000000043,0.000005393,1.000000000,0.000000000,-0.200623678,34.285820933,27.411995749,1.000000000
ENTITYNAME=Wire_Device
