ENTITYNAME=WIRE
BASEFAMILY=a6f90b0f-b4fa-4e6d-bc15-bdab257b87e5.fam
OBJECTMODELPOINTER=81b82497-164d-48c0-b1cb-18fa700dacdf.dev
KVALUE=0.000000
SPLIT=4
POINT0.BLHA=28.67734470,113.45869625,172.237,275.673275
POINT0.MATRIX0=-0.995101789,0.098855601,0.000000000,0.000000000,-0.098855601,-0.995101789,0.000000000,0.000000000,0.000000000,-0.000000000,1.000000000,0.000000000,-11.645070282,-0.599981798,40.741104521,1.000000000
POINT0.MATRIX1=-0.995101789,0.098855601,0.000000000,0.000000000,-0.098855601,-0.995101789,0.000000000,0.000000000,0.000000000,-0.000000000,1.000000000,0.000000000,-11.645070281,-0.599981797,41.191101469,1.000000000
POINT0.MATRIX2=-0.995101789,0.098855601,0.000000000,0.000000000,-0.098855601,-0.995101789,0.000000000,0.000000000,0.000000000,-0.000000000,1.000000000,0.000000000,-12.095071774,-0.600420654,41.191101469,1.000000000
POINT0.MATRIX3=-0.995101789,0.098855601,0.000000000,0.000000000,-0.098855601,-0.995101789,0.000000000,0.000000000,0.000000000,-0.000000000,1.000000000,0.000000000,-12.095071774,-0.600420654,40.741104521,1.000000000
POINT1.BLHA=28.67734470,113.45869625,172.237,275.673275
POINT1.MATRIX0=-0.995101789,0.098855601,0.000000000,0.000000000,-0.098855601,-0.995101789,0.000000000,0.000000000,0.000000000,-0.000000000,1.000000000,0.000000000,-11.645354314,-0.479982124,40.741104521,1.000000000
POINT1.MATRIX1=-0.995101789,0.098855601,0.000000000,0.000000000,-0.098855601,-0.995101789,0.000000000,0.000000000,0.000000000,-0.000000000,1.000000000,0.000000000,-11.645354314,-0.479982124,41.191101469,1.000000000
POINT1.MATRIX2=-0.995101789,0.098855601,0.000000000,0.000000000,-0.098855601,-0.995101789,0.000000000,0.000000000,0.000000000,-0.000000000,1.000000000,0.000000000,-12.095355805,-0.480420980,41.191101469,1.000000000
POINT1.MATRIX3=-0.995101789,0.098855601,0.000000000,0.000000000,-0.098855601,-0.995101789,0.000000000,0.000000000,0.000000000,-0.000000000,1.000000000,0.000000000,-12.095355805,-0.480420980,40.741104521,1.000000000
