OBJECTMODELPOINTER=33777c94-e4b9-4947-906f-f84480f3cb99.dev
BASEFAMILY=a700b3dc-ef57-418b-bbf2-14c81c499032.fam
BLHA=28.28708442,113.44692142,57.763329,308.127846
TRANSFORMMATRIX=-0.004708332,-0.999988915,0.000040377,0.000000000,0.999988916,-0.004708332,-0.000001005,0.000000000,0.000001196,0.000040372,0.999999999,0.000000000,6.961846018,256.848634576,57.915590016,1.000000000
ENTITYNAME=Wire_Device
