OBJECTMODELPOINTER=33777c94-e4b9-4947-906f-f84480f3cb99.dev
BASEFAMILY=a70ebddc-e3c5-4553-805d-e0c84a70ea63.fam
BLHA=28.52337409,113.48828309,330.016596,210.734491
TRANSFORMMATRIX=0.002170190,-0.999997645,0.000019307,0.000000000,0.999997645,0.002170190,-0.000000092,0.000000000,0.000000050,0.000019307,1.000000000,0.000000000,0.594971083,123.075417999,20.758431254,1.000000000
ENTITYNAME=Wire_Device
