ENTITYNAME=WIRE
BASEFAMILY=a725b175-52ab-426f-8e0f-330919b8c8cf.fam
OBJECTMODELPOINTER=81b82497-164d-48c0-b1cb-18fa700dacdf.dev
KVALUE=0.000000
SPLIT=4
POINT0.BLHA=28.75094621,113.45897359,113.767,236.227775
POINT0.MATRIX0=-0.831254041,-0.555892723,-0.000000000,0.000000000,0.555892723,-0.831254041,-0.000000000,0.000000000,0.000000000,0.000000000,1.000000000,0.000000000,-11.645659322,0.002857153,42.999991213,1.000000000
POINT0.MATRIX1=-0.831254041,-0.555892723,-0.000000000,0.000000000,0.555892723,-0.831254041,-0.000000000,0.000000000,0.000000000,0.000000000,1.000000000,0.000000000,-11.645659322,0.002857153,43.450003420,1.000000000
POINT0.MATRIX2=-0.831254041,-0.555892723,-0.000000000,0.000000000,0.555892723,-0.831254041,-0.000000000,0.000000000,0.000000000,0.000000000,1.000000000,0.000000000,-12.095196027,-0.001714774,43.450003420,1.000000000
POINT0.MATRIX3=-0.831254041,-0.555892723,-0.000000000,0.000000000,0.555892723,-0.831254041,-0.000000000,0.000000000,0.000000000,0.000000000,1.000000000,0.000000000,-12.095196027,-0.001714774,42.999991213,1.000000000
POINT1.BLHA=28.75094621,113.45897359,113.767,236.227775
POINT1.MATRIX0=-0.831254041,-0.555892723,-0.000000000,0.000000000,0.555892723,-0.831254041,-0.000000000,0.000000000,0.000000000,0.000000000,1.000000000,0.000000000,-11.646665573,0.112854660,42.999991213,1.000000000
POINT1.MATRIX1=-0.831254041,-0.555892723,-0.000000000,0.000000000,0.555892723,-0.831254041,-0.000000000,0.000000000,0.000000000,0.000000000,1.000000000,0.000000000,-11.646665573,0.112854660,43.450003420,1.000000000
POINT1.MATRIX2=-0.831254041,-0.555892723,-0.000000000,0.000000000,0.555892723,-0.831254041,-0.000000000,0.000000000,0.000000000,0.000000000,1.000000000,0.000000000,-12.096202277,0.108282733,43.450003420,1.000000000
POINT1.MATRIX3=-0.831254041,-0.555892723,-0.000000000,0.000000000,0.555892723,-0.831254041,-0.000000000,0.000000000,0.000000000,0.000000000,1.000000000,0.000000000,-12.096202277,0.108282733,42.999991213,1.000000000
