OBJECTMODELPOINTER=33777c94-e4b9-4947-906f-f84480f3cb99.dev
BASEFAMILY=a730b89a-4900-419d-9c44-7c1494665643.fam
BLHA=28.47322316,113.40714488,338.739938,229.813402
TRANSFORMMATRIX=0.002298700,-0.999997357,0.000034635,0.000000000,0.999997358,0.002298700,-0.000001832,0.000000000,0.000001752,0.000034639,0.999999999,0.000000000,11.725172714,220.470139801,4.102437199,1.000000000
ENTITYNAME=Wire_Device
