OBJECTMODELPOINTER=33777c94-e4b9-4947-906f-f84480f3cb99.dev
BASEFAMILY=a7361008-9393-4c9f-9721-2643bed093a4.fam
BLHA=28.43802035,113.38456732,303.277751,242.026912
TRANSFORMMATRIX=-0.000017410,-0.999999997,0.000073467,0.000000000,1.000000000,-0.000017410,0.000000538,0.000000000,-0.000000537,0.000073467,0.999999997,0.000000000,-2.414663945,467.056004521,6.443233250,1.000000000
ENTITYNAME=Wire_Device
