OBJECTMODELPOINTER=33777c94-e4b9-4947-906f-f84480f3cb99.dev
BASEFAMILY=a751b3c7-1309-4eee-a44e-12e47e59b6cd.fam
BLHA=28.31534552,113.42043692,48.733934,348.172871
TRANSFORMMATRIX=-0.218072225,-0.975932633,0.000007324,0.000000000,0.975932633,-0.218072225,-0.000001655,0.000000000,0.000003213,0.000006787,1.000000000,0.000000000,20.357665233,43.291597445,42.926002617,1.000000000
ENTITYNAME=Wire_Device
