OBJECTMODELPOINTER=33777c94-e4b9-4947-906f-f84480f3cb99.dev
BASEFAMILY=a760465b-947c-4472-874f-67c9ef09d7d5.fam
BLHA=28.29096601,113.44441625,53.539724,287.794387
TRANSFORMMATRIX=-0.009474874,-0.999955112,0.000005228,0.000000000,0.999955112,-0.009474874,-0.000000997,0.000000000,0.000001046,0.000005218,1.000000000,0.000000000,6.623241797,33.141108403,58.686059861,1.000000000
ENTITYNAME=Wire_Device
