OBJECTMODELPOINTER=33777c94-e4b9-4947-906f-f84480f3cb99.dev
BASEFAMILY=a7648ee5-329a-4860-aafc-3650fd779ffc.fam
BLHA=28.57663112,113.48588937,251.356728,312.996987
TRANSFORMMATRIX=0.000025939,-0.999999997,0.000068967,0.000000000,1.000000000,0.000025939,0.000000116,0.000000000,-0.000000117,0.000068967,0.999999998,0.000000000,-1.884144518,439.024305800,37.568211909,1.000000000
ENTITYNAME=Wire_Device
