OBJECTMODELPOINTER=33777c94-e4b9-4947-906f-f84480f3cb99.dev
BASEFAMILY=a76ad948-a3e5-4b49-9422-a8d9229d875a.fam
BLHA=28.54843684,113.51255198,454.586266,280.370385
TRANSFORMMATRIX=-0.000045167,-0.999999999,-0.000000035,0.000000000,0.999999999,-0.000045167,0.000001802,0.000000000,-0.000001803,-0.000000035,1.000000000,0.000000000,-11.499946626,-0.209284333,25.203376461,1.000000000
ENTITYNAME=Wire_Device
