OBJECTMODELPOINTER=33777c94-e4b9-4947-906f-f84480f3cb99.dev
BASEFAMILY=a76d3115-42d6-42b2-9a6e-38a5c7fdebe6.fam
BLHA=28.26851271,113.48351910,83.112496,355.334735
TRANSFORMMATRIX=0.006338139,-0.999979914,0.000016043,0.000000000,0.999979914,0.006338139,-0.000001491,0.000000000,0.000001389,0.000016052,1.000000000,0.000000000,8.775901825,102.455376569,50.658523602,1.000000000
ENTITYNAME=Wire_Device
