OBJECTMODELPOINTER=33777c94-e4b9-4947-906f-f84480f3cb99.dev
BASEFAMILY=a78738a4-7621-42f9-8be7-197765ad244a.fam
BLHA=28.45588678,113.39517230,249.934153,242.026912
TRANSFORMMATRIX=0.017838739,-0.999840877,0.000014200,0.000000000,0.999840877,0.017838739,-0.000001763,0.000000000,0.000001509,0.000014228,1.000000000,0.000000000,9.816068833,90.480566681,16.891195758,1.000000000
ENTITYNAME=Wire_Device
