OBJECTMODELPOINTER=33777c94-e4b9-4947-906f-f84480f3cb99.dev
BASEFAMILY=a7917e69-fcc1-4ffb-81f9-f0cf0121112a.fam
BLHA=28.42958283,113.37956045,205.551749,428.016547
TRANSFORMMATRIX=-0.091192884,0.995833248,0.000026434,0.000000000,-0.995833248,-0.091192884,-0.000001011,0.000000000,0.000001404,-0.000026416,1.000000000,0.000000000,8.653735985,-167.850994196,15.501637274,1.000000000
ENTITYNAME=Wire_Device
