OBJECTMODELPOINTER=33777c94-e4b9-4947-906f-f84480f3cb99.dev
BASEFAMILY=a798cff6-aa00-4375-a3bf-dd89b7168c54.fam
BLHA=28.28240757,113.45687165,86.867380,340.232800
TRANSFORMMATRIX=-0.002138319,-0.999997713,0.000030321,0.000000000,0.999997714,-0.002138319,-0.000001364,0.000000000,0.000001429,0.000030318,1.000000000,0.000000000,8.758186559,193.390850839,52.745441273,1.000000000
ENTITYNAME=Wire_Device
