ENTITYNAME=WIRE
BASEFAMILY=a7a3b170-4418-4438-af1a-b2d158d2edb3.fam
OBJECTMODELPOINTER=81b82497-164d-48c0-b1cb-18fa700dacdf.dev
KVALUE=0.000000
SPLIT=4
POINT0.BLHA=28.49972812,113.43660808,222.066,200.251669
POINT0.MATRIX0=-0.346144382,-0.938181255,0.000000000,0.000000000,0.938181255,-0.346144382,0.000000000,0.000000000,0.000000000,-0.000000000,1.000000000,0.000000000,-13.092245038,0.484655289,58.741103407,1.000000000
POINT0.MATRIX1=-0.346144382,-0.938181255,0.000000000,0.000000000,0.938181255,-0.346144382,0.000000000,0.000000000,0.000000000,-0.000000000,1.000000000,0.000000000,-13.092245038,0.484655289,59.191100355,1.000000000
POINT0.MATRIX2=-0.346144382,-0.938181255,0.000000000,0.000000000,0.938181255,-0.346144382,0.000000000,0.000000000,0.000000000,-0.000000000,1.000000000,0.000000000,-13.542271120,0.475235122,59.191100355,1.000000000
POINT0.MATRIX3=-0.346144382,-0.938181255,0.000000000,0.000000000,0.938181255,-0.346144382,0.000000000,0.000000000,0.000000000,-0.000000000,1.000000000,0.000000000,-13.542271121,0.475235122,58.741103406,1.000000000
POINT1.BLHA=28.49972812,113.43660808,222.066,200.251669
POINT1.MATRIX0=-0.346144382,-0.938181255,0.000000000,0.000000000,0.938181255,-0.346144382,0.000000000,0.000000000,0.000000000,-0.000000000,1.000000000,0.000000000,-13.094763476,0.604628840,58.741103406,1.000000000
POINT1.MATRIX1=-0.346144382,-0.938181255,0.000000000,0.000000000,0.938181255,-0.346144382,0.000000000,0.000000000,0.000000000,-0.000000000,1.000000000,0.000000000,-13.094763476,0.604628840,59.191100355,1.000000000
POINT1.MATRIX2=-0.346144382,-0.938181255,0.000000000,0.000000000,0.938181255,-0.346144382,0.000000000,0.000000000,0.000000000,-0.000000000,1.000000000,0.000000000,-13.544789571,0.595208687,59.191100355,1.000000000
POINT1.MATRIX3=-0.346144382,-0.938181255,0.000000000,0.000000000,0.938181255,-0.346144382,0.000000000,0.000000000,0.000000000,-0.000000000,1.000000000,0.000000000,-13.544789571,0.595208686,58.741103406,1.000000000
