OBJECTMODELPOINTER=33777c94-e4b9-4947-906f-f84480f3cb99.dev
BASEFAMILY=a7a4dee5-c786-4fd7-9638-dae04de9db8b.fam
BLHA=28.62772353,113.46582002,199.212660,273.436520
TRANSFORMMATRIX=0.001506301,-0.999998864,0.000050450,0.000000000,0.999998866,0.001506301,0.000002068,0.000000000,-0.000002143,0.000050447,0.999999999,0.000000000,-13.782797860,320.360657257,14.491738243,1.000000000
ENTITYNAME=Wire_Device
