ENTITYNAME=WIRE
BASEFAMILY=a7c09415-e98f-403a-8120-d0465b0062e1.fam
OBJECTMODELPOINTER=81b82497-164d-48c0-b1cb-18fa700dacdf.dev
KVALUE=0.000000
SPLIT=4
POINT0.BLHA=28.49713910,113.43191399,298.003,224.957371
POINT0.MATRIX0=-0.706580481,-0.707632690,-0.000000000,0.000000000,0.707632690,-0.706580481,-0.000000000,0.000000000,-0.000000000,-0.000000000,1.000000000,0.000000000,12.096516206,-0.716412323,37.741101351,1.000000000
POINT0.MATRIX1=-0.706580481,-0.707632690,-0.000000000,0.000000000,0.707632690,-0.706580481,-0.000000000,0.000000000,-0.000000000,-0.000000000,1.000000000,0.000000000,12.096516206,-0.716412323,38.191102113,1.000000000
POINT0.MATRIX2=-0.706580481,-0.707632690,-0.000000000,0.000000000,0.707632690,-0.706580481,-0.000000000,0.000000000,-0.000000000,-0.000000000,1.000000000,0.000000000,11.646724586,-0.723220737,38.191102113,1.000000000
POINT0.MATRIX3=-0.706580481,-0.707632690,-0.000000000,0.000000000,0.707632690,-0.706580481,-0.000000000,0.000000000,-0.000000000,-0.000000000,1.000000000,0.000000000,11.646724586,-0.723220737,37.741101351,1.000000000
POINT1.BLHA=28.49713910,113.43191399,298.003,224.957371
POINT1.MATRIX0=-0.706580481,-0.707632690,-0.000000000,0.000000000,0.707632690,-0.706580481,-0.000000000,0.000000000,-0.000000000,-0.000000000,1.000000000,0.000000000,12.094732964,-0.596422550,37.741101352,1.000000000
POINT1.MATRIX1=-0.706580481,-0.707632690,-0.000000000,0.000000000,0.707632690,-0.706580481,-0.000000000,0.000000000,-0.000000000,-0.000000000,1.000000000,0.000000000,12.094732964,-0.596422550,38.191102114,1.000000000
POINT1.MATRIX2=-0.706580481,-0.707632690,-0.000000000,0.000000000,0.707632690,-0.706580481,-0.000000000,0.000000000,-0.000000000,-0.000000000,1.000000000,0.000000000,11.644941343,-0.603230965,38.191102113,1.000000000
POINT1.MATRIX3=-0.706580481,-0.707632690,-0.000000000,0.000000000,0.707632690,-0.706580481,-0.000000000,0.000000000,-0.000000000,-0.000000000,1.000000000,0.000000000,11.644941343,-0.603230965,37.741101351,1.000000000
