OBJECTMODELPOINTER=33777c94-e4b9-4947-906f-f84480f3cb99.dev
BASEFAMILY=a7c244c5-4782-4220-963b-6243a311d9ce.fam
BLHA=28.29509828,113.44289412,61.743516,287.794387
TRANSFORMMATRIX=0.000012759,-0.999999998,0.000069730,0.000000000,1.000000000,0.000012759,0.000001385,0.000000000,-0.000001386,0.000069730,0.999999998,0.000000000,-9.515695853,443.005233267,23.233291956,1.000000000
ENTITYNAME=Wire_Device
