OBJECTMODELPOINTER=33777c94-e4b9-4947-906f-f84480f3cb99.dev
BASEFAMILY=a7c6a169-c9a7-47c4-9e67-66cd01145791.fam
BLHA=28.70605444,113.45451077,165.912680,277.425083
TRANSFORMMATRIX=0.000000654,-1.000000000,0.000015930,0.000000000,1.000000000,0.000000654,0.000000062,0.000000000,-0.000000063,0.000015930,1.000000000,0.000000000,-0.462869075,101.170636286,27.939471919,1.000000000
ENTITYNAME=Wire_Device
