OBJECTMODELPOINTER=33777c94-e4b9-4947-906f-f84480f3cb99.dev
BASEFAMILY=a7c9576a-24cf-46a6-a859-004f776a21b8.fam
BLHA=28.37974338,113.36324559,104.024514,459.829193
TRANSFORMMATRIX=-0.107361311,0.994220070,0.000046446,0.000000000,-0.994220071,-0.107361311,-0.000001335,0.000000000,0.000003660,-0.000046321,0.999999999,0.000000000,23.614355011,-294.198002609,5.287337800,1.000000000
ENTITYNAME=Wire_Device
