OBJECTMODELPOINTER=33777c94-e4b9-4947-906f-f84480f3cb99.dev
BASEFAMILY=a7e1872d-b6a2-42b8-afe3-f22b72df9594.fam
BLHA=28.52615363,113.49352553,361.372655,210.734491
TRANSFORMMATRIX=-0.001694998,-0.999998562,0.000049831,0.000000000,0.999998564,-0.001694998,0.000002420,0.000000000,-0.000002336,0.000049835,0.999999999,0.000000000,-14.130344655,317.656094715,55.295136819,1.000000000
ENTITYNAME=Wire_Device
