ENTITYNAME=WIRE
BASEFAMILY=a7eeb6b9-dc37-46e6-a074-f69a4877ae7a.fam
OBJECTMODELPOINTER=81b82497-164d-48c0-b1cb-18fa700dacdf.dev
KVALUE=0.000336
SPLIT=4
POINT0.BLHA=28.81479053,113.52098652,97.065,179.643183
POINT0.MATRIX0=0.006227584,-0.999980608,-0.000000000,0.000000000,0.999980608,0.006227584,0.000000000,0.000000000,0.000000000,-0.000000000,1.000000000,0.000000000,9.188195866,9.035647718,27.333551104,1.000000000
POINT0.MATRIX1=0.006227584,-0.999980608,-0.000000000,0.000000000,0.999980608,0.006227584,0.000000000,0.000000000,0.000000000,-0.000000000,1.000000000,0.000000000,9.500396612,9.711921494,27.809289630,1.000000000
POINT0.MATRIX2=0.006227584,-0.999980608,-0.000000000,0.000000000,0.999980608,0.006227584,0.000000000,0.000000000,0.000000000,-0.000000000,1.000000000,0.000000000,9.125747487,9.654411439,28.135949786,1.000000000
POINT0.MATRIX3=0.006227584,-0.999980608,-0.000000000,0.000000000,0.999980608,0.006227584,0.000000000,0.000000000,0.000000000,-0.000000000,1.000000000,0.000000000,8.815499821,8.978149826,27.660211261,1.000000000
POINT1.BLHA=28.81479133,113.52057006,101.431,372.952022
POINT1.MATRIX0=0.224135070,0.974558090,0.000000000,0.000000000,-0.974558090,0.224135070,-0.000000000,0.000000000,-0.000000000,0.000000000,1.000000000,0.000000000,-7.668464341,10.228394813,27.937033015,1.000000000
POINT1.MATRIX1=0.224135070,0.974558090,0.000000000,0.000000000,-0.974558090,0.224135070,-0.000000000,0.000000000,-0.000000000,0.000000000,1.000000000,0.000000000,-7.457931903,11.039238876,28.214346248,1.000000000
POINT1.MATRIX2=0.224135070,0.974558090,0.000000000,0.000000000,-0.974558090,0.224135070,-0.000000000,0.000000000,-0.000000000,0.000000000,1.000000000,0.000000000,-6.973170022,10.916226603,28.214361506,1.000000000
POINT1.MATRIX3=0.224135070,0.974558090,0.000000000,0.000000000,-0.974558090,0.224135070,-0.000000000,0.000000000,-0.000000000,0.000000000,1.000000000,0.000000000,-7.183811901,10.104906681,27.936941462,1.000000000
