ENTITYNAME=WIRE
BASEFAMILY=a7f0d6b1-fe78-4258-9398-29d45eaba39d.fam
OBJECTMODELPOINTER=81b82497-164d-48c0-b1cb-18fa700dacdf.dev
KVALUE=0.000373
SPLIT=4
POINT0.BLHA=28.31566161,113.38686189,71.438,329.270898
POINT0.MATRIX0=-0.510979593,0.859592843,-0.000000000,0.000000000,-0.859592843,-0.510979593,-0.000000000,0.000000000,-0.000000000,-0.000000000,1.000000000,0.000000000,-7.336115664,0.129614695,39.866765301,1.000000000
POINT0.MATRIX1=-0.510979593,0.859592843,-0.000000000,0.000000000,-0.859592843,-0.510979593,-0.000000000,0.000000000,-0.000000000,-0.000000000,1.000000000,0.000000000,-7.149544155,0.129185548,40.330617228,1.000000000
POINT0.MATRIX2=-0.510979593,0.859592843,-0.000000000,0.000000000,-0.859592843,-0.510979593,-0.000000000,0.000000000,-0.000000000,-0.000000000,1.000000000,0.000000000,-7.613296030,0.129577528,40.517277996,1.000000000
POINT0.MATRIX3=-0.510979593,0.859592843,-0.000000000,0.000000000,-0.859592843,-0.510979593,-0.000000000,0.000000000,-0.000000000,-0.000000000,1.000000000,0.000000000,-7.799618039,0.129586951,40.053426067,1.000000000
POINT1.BLHA=28.31411764,113.38983103,66.772,527.133635
POINT1.MATRIX0=0.222677850,-0.974892084,0.000000000,0.000000000,0.974892084,0.222677850,-0.000000000,0.000000000,-0.000000000,-0.000000000,1.000000000,0.000000000,11.373469478,9.441847405,29.102418758,1.000000000
POINT1.MATRIX1=0.222677850,-0.974892084,0.000000000,0.000000000,0.974892084,0.222677850,-0.000000000,0.000000000,-0.000000000,-0.000000000,1.000000000,0.000000000,11.619745935,10.196795227,29.491670467,1.000000000
POINT1.MATRIX2=0.222677850,-0.974892084,0.000000000,0.000000000,0.974892084,0.222677850,-0.000000000,0.000000000,-0.000000000,-0.000000000,1.000000000,0.000000000,12.093388818,10.044034983,29.491746760,1.000000000
POINT1.MATRIX3=0.222677850,-0.974892084,0.000000000,0.000000000,0.974892084,0.222677850,-0.000000000,0.000000000,-0.000000000,-0.000000000,1.000000000,0.000000000,11.851137993,9.289004953,29.102418757,1.000000000
