OBJECTMODELPOINTER=33777c94-e4b9-4947-906f-f84480f3cb99.dev
BASEFAMILY=a80e3948-55a1-48ba-965a-c6644a3b4734.fam
BLHA=28.50306305,113.44669559,173.869453,200.251669
TRANSFORMMATRIX=-0.000001028,-1.000000000,0.000004906,0.000000000,1.000000000,-0.000001028,0.000002127,0.000000000,-0.000002127,0.000004907,1.000000000,0.000000000,-13.464176429,31.276200973,52.336816518,1.000000000
ENTITYNAME=Wire_Device
