ENTITYNAME=WIRE
BASEFAMILY=a8147ea7-aff9-4a83-b5d8-8fc3490083df.fam
OBJECTMODELPOINTER=31970f28-780e-4bf1-8adb-439f78c329a3.dev
KVALUE=0.000239
SPLIT=1
POINT0.BLHA=28.76435807,113.46905293,179.070,236.227775
POINT0.MATRIX0=-0.831254041,-0.555892723,0.000000000,0.000000000,0.555892723,-0.831254041,0.000000000,0.000000000,0.000000000,-0.000000000,1.000000000,0.000000000,9.871168310,0.310059465,39.558001264,1.000000000
POINT1.BLHA=28.76146332,113.46687719,133.774,236.227775
POINT1.MATRIX0=-0.831254041,-0.555892723,0.000000000,0.000000000,0.555892723,-0.831254041,0.000000000,0.000000000,-0.000000000,0.000000000,1.000000000,0.000000000,9.870382653,-0.310073797,54.558003273,1.000000000
