OBJECTMODELPOINTER=33777c94-e4b9-4947-906f-f84480f3cb99.dev
BASEFAMILY=a8209de7-a0d8-454e-9ea8-5b4dc5b20fbf.fam
BLHA=28.28368001,113.45281448,67.001736,340.232800
TRANSFORMMATRIX=0.000021922,-0.999999998,0.000050306,0.000000000,1.000000000,0.000021922,-0.000001306,0.000000000,0.000001304,0.000050306,0.999999999,0.000000000,7.758250964,320.898741219,52.384076997,1.000000000
ENTITYNAME=Wire_Device
