OBJECTMODELPOINTER=33777c94-e4b9-4947-906f-f84480f3cb99.dev
BASEFAMILY=a8290dc7-39a3-4543-a6cf-59f2e7889280.fam
BLHA=28.70879307,113.45409149,169.216562,451.156517
TRANSFORMMATRIX=-0.255309672,0.966859334,0.000000362,0.000000000,-0.966859334,-0.255309672,-0.000001438,0.000000000,-0.000001298,-0.000000718,1.000000000,0.000000000,-8.286312713,-4.555672537,25.536536917,1.000000000
ENTITYNAME=Wire_Device
