ENTITYNAME=WIRE
BASEFAMILY=a82c4f4e-ad4f-42dd-902a-582ccf5e3f97.fam
OBJECTMODELPOINTER=31970f28-780e-4bf1-8adb-439f78c329a3.dev
KVALUE=0.000239
SPLIT=1
POINT0.BLHA=28.76146332,113.46687719,133.774,236.227775
POINT0.MATRIX0=-0.831254041,-0.555892723,0.000000000,0.000000000,0.555892723,-0.831254041,0.000000000,0.000000000,-0.000000000,0.000000000,1.000000000,0.000000000,-9.870007673,0.310648445,54.558002796,1.000000000
POINT1.BLHA=28.75811652,113.46436186,140.285,236.227775
POINT1.MATRIX0=-0.831254041,-0.555892723,-0.000000000,0.000000000,0.555892723,-0.831254041,-0.000000000,0.000000000,-0.000000000,-0.000000000,1.000000000,0.000000000,-10.610107634,-0.310536559,48.558003968,1.000000000
