OBJECTMODELPOINTER=33777c94-e4b9-4947-906f-f84480f3cb99.dev
BASEFAMILY=a836e64c-87d5-4d45-aa78-d1734b65b265.fam
BLHA=28.71274605,113.45447194,199.234978,264.887951
TRANSFORMMATRIX=-0.010320389,-0.999946743,0.000028353,0.000000000,0.999946743,-0.010320389,0.000002003,0.000000000,-0.000001710,0.000028373,1.000000000,0.000000000,-10.835262993,180.176115206,2.736928221,1.000000000
ENTITYNAME=Wire_Device
