OBJECTMODELPOINTER=33777c94-e4b9-4947-906f-f84480f3cb99.dev
BASEFAMILY=a85523ea-4e34-4030-815b-fbeb0a18f60e.fam
BLHA=28.70605444,113.45451077,165.912680,277.425083
TRANSFORMMATRIX=-0.002575563,-0.999996681,0.000072494,0.000000000,0.999996683,-0.002575563,0.000002369,0.000000000,-0.000002183,0.000072500,0.999999997,0.000000000,-14.236204573,460.443543537,3.590360187,1.000000000
ENTITYNAME=Wire_Device
