OBJECTMODELPOINTER=33777c94-e4b9-4947-906f-f84480f3cb99.dev
BASEFAMILY=a873b1d4-acbb-4acd-8ffa-c7fd8ed676b5.fam
BLHA=28.31775016,113.38284517,61.633463,329.270898
TRANSFORMMATRIX=-0.001439390,-0.999998962,0.000057316,0.000000000,0.999998964,-0.001439389,0.000001756,0.000000000,-0.000001673,0.000057318,0.999999998,0.000000000,-11.474952610,365.393602371,49.624585053,1.000000000
ENTITYNAME=Wire_Device
