OBJECTMODELPOINTER=33777c94-e4b9-4947-906f-f84480f3cb99.dev
BASEFAMILY=a8813a6b-cb2e-4896-b71c-ffaba6ee8174.fam
BLHA=28.70605444,113.45451077,165.912680,277.425083
TRANSFORMMATRIX=0.000003875,-0.999999998,0.000060133,0.000000000,1.000000000,0.000003875,0.000000234,0.000000000,-0.000000234,0.000060133,0.999999998,0.000000000,-1.746392925,381.895099509,0.724969958,1.000000000
ENTITYNAME=Wire_Device
