OBJECTMODELPOINTER=33777c94-e4b9-4947-906f-f84480f3cb99.dev
BASEFAMILY=a896d1ef-8c2d-4b96-986a-e136d25da31c.fam
BLHA=28.28149698,113.45977476,95.758412,340.232800
TRANSFORMMATRIX=0.003182999,-0.999994933,0.000042473,0.000000000,0.999994934,0.003182999,0.000001254,0.000000000,-0.000001389,0.000042469,0.999999999,0.000000000,-9.275834624,270.935813298,42.958194119,1.000000000
ENTITYNAME=Wire_Device
