ENTITYNAME=WIRE
BASEFAMILY=a8a2571f-e444-4537-bef7-e48e7b5be540.fam
OBJECTMODELPOINTER=31970f28-780e-4bf1-8adb-439f78c329a3.dev
KVALUE=0.000239
SPLIT=1
POINT0.BLHA=28.77401473,113.47631208,189.623,236.227775
POINT0.MATRIX0=-0.831254041,-0.555892723,0.000000000,0.000000000,0.555892723,-0.831254041,-0.000000000,0.000000000,-0.000000000,-0.000000000,1.000000000,0.000000000,9.870276055,0.309961609,54.558006451,1.000000000
POINT1.BLHA=28.77096466,113.47401910,153.559,236.227775
POINT1.MATRIX0=-0.831254041,-0.555892723,-0.000000000,0.000000000,0.555892723,-0.831254041,-0.000000000,0.000000000,0.000000000,-0.000000000,1.000000000,0.000000000,10.610095632,-0.309099853,54.557999947,1.000000000
