OBJECTMODELPOINTER=33777c94-e4b9-4947-906f-f84480f3cb99.dev
BASEFAMILY=a8a95dd4-212a-47ee-97e3-381114d73027.fam
BLHA=28.64674167,113.46331381,165.940967,277.610658
TRANSFORMMATRIX=0.000000647,-1.000000000,0.000029194,0.000000000,1.000000000,0.000000647,-0.000001749,0.000000000,0.000001749,0.000029194,1.000000000,0.000000000,11.037604299,185.401707989,11.165326245,1.000000000
ENTITYNAME=Wire_Device
