OBJECTMODELPOINTER=33777c94-e4b9-4947-906f-f84480f3cb99.dev
BASEFAMILY=a8bd9ac9-1fce-4f57-9966-93445b86e86f.fam
BLHA=28.79959310,113.50336431,218.110050,224.374488
TRANSFORMMATRIX=-0.049125888,-0.998792594,0.000028380,0.000000000,0.998792595,-0.049125888,-0.000000015,0.000000000,0.000001409,0.000028345,1.000000000,0.000000000,9.436255953,180.500455262,6.738452277,1.000000000
ENTITYNAME=Wire_Device
