OBJECTMODELPOINTER=33777c94-e4b9-4947-906f-f84480f3cb99.dev
BASEFAMILY=a8bef07f-7052-44d7-88c1-7ad48318a518.fam
BLHA=28.77096466,113.47401910,153.559218,236.227775
TRANSFORMMATRIX=-0.001729987,-0.999998504,0.000004466,0.000000000,0.999998504,-0.001729987,-0.000001967,0.000000000,0.000001974,0.000004462,1.000000000,0.000000000,12.653509628,28.414186658,36.552593698,1.000000000
ENTITYNAME=Wire_Device
