OBJECTMODELPOINTER=33777c94-e4b9-4947-906f-f84480f3cb99.dev
BASEFAMILY=a8f05ac5-33be-472f-a4cd-e2ab38514061.fam
BLHA=28.40337100,113.37122865,129.378598,254.006183
TRANSFORMMATRIX=0.012032279,-0.999927609,0.000037633,0.000000000,0.999927610,0.012032278,-0.000001842,0.000000000,0.000001389,0.000037653,0.999999999,0.000000000,9.193597805,239.203417550,41.092046354,1.000000000
ENTITYNAME=Wire_Device
