OBJECTMODELPOINTER=33777c94-e4b9-4947-906f-f84480f3cb99.dev
BASEFAMILY=a8f6ff17-5e19-40ba-9616-cf56fa1e3da8.fam
BLHA=28.75355465,113.46093365,124.778931,236.227775
TRANSFORMMATRIX=0.004174730,-0.999991285,0.000039241,0.000000000,0.999991286,0.004174730,-0.000001819,0.000000000,0.000001655,0.000039248,0.999999999,0.000000000,11.145337700,249.661466737,28.858044010,1.000000000
ENTITYNAME=Wire_Device
