OBJECTMODELPOINTER=33777c94-e4b9-4947-906f-f84480f3cb99.dev
BASEFAMILY=a90aef2f-e5fd-46ca-b178-068951093fde.fam
BLHA=28.50209029,113.44375287,199.020645,200.251669
TRANSFORMMATRIX=-0.000010492,-1.000000000,0.000016244,0.000000000,1.000000000,-0.000010492,0.000000107,0.000000000,-0.000000107,0.000016244,1.000000000,0.000000000,-0.505579305,103.626370584,60.621442028,1.000000000
ENTITYNAME=Wire_Device
