OBJECTMODELPOINTER=33777c94-e4b9-4947-906f-f84480f3cb99.dev
BASEFAMILY=a910d978-1237-43c4-a1b2-0c8bfd5a3e73.fam
BLHA=28.64279778,113.46393161,145.776199,277.610658
TRANSFORMMATRIX=0.000001338,-1.000000000,0.000014273,0.000000000,1.000000000,0.000001338,0.000000054,0.000000000,-0.000000054,0.000014273,1.000000000,0.000000000,-0.406509154,90.644947402,29.694439195,1.000000000
ENTITYNAME=Wire_Device
