OBJECTMODELPOINTER=33777c94-e4b9-4947-906f-f84480f3cb99.dev
BASEFAMILY=a91798b3-7172-422f-b422-fac1396db900.fam
BLHA=28.78112316,113.48165670,163.744709,236.227775
TRANSFORMMATRIX=-0.000004080,-1.000000000,0.000015340,0.000000000,1.000000000,-0.000004080,0.000001966,0.000000000,-0.000001966,0.000015340,1.000000000,0.000000000,-12.294782630,97.537568078,45.654155827,1.000000000
ENTITYNAME=Wire_Device
