ENTITYNAME=WIRE
BASEFAMILY=a923ddc5-637c-421c-b6c1-d952df36cf95.fam
OBJECTMODELPOINTER=81b82497-164d-48c0-b1cb-18fa700dacdf.dev
KVALUE=0.000000
SPLIT=4
POINT0.BLHA=28.31566161,113.38686189,71.438,329.270898
POINT0.MATRIX0=-0.510979593,0.859592843,-0.000000000,0.000000000,-0.859592843,-0.510979593,-0.000000000,0.000000000,-0.000000000,-0.000000000,1.000000000,0.000000000,9.348039020,-0.129967812,51.416814128,1.000000000
POINT0.MATRIX1=-0.510979593,0.859592843,-0.000000000,0.000000000,-0.859592843,-0.510979593,-0.000000000,0.000000000,-0.000000000,-0.000000000,1.000000000,0.000000000,9.534610530,-0.130396957,51.880666056,1.000000000
POINT0.MATRIX2=-0.510979593,0.859592843,-0.000000000,0.000000000,-0.859592843,-0.510979593,-0.000000000,0.000000000,-0.000000000,-0.000000000,1.000000000,0.000000000,9.070858655,-0.130004978,52.067326824,1.000000000
POINT0.MATRIX3=-0.510979593,0.859592843,-0.000000000,0.000000000,-0.859592843,-0.510979593,-0.000000000,0.000000000,-0.000000000,-0.000000000,1.000000000,0.000000000,8.884536646,-0.129995555,51.603474895,1.000000000
POINT1.BLHA=28.31566161,113.38686189,71.438,329.270898
POINT1.MATRIX0=-0.510979593,0.859592843,-0.000000000,0.000000000,-0.859592843,-0.510979593,-0.000000000,0.000000000,-0.000000000,-0.000000000,1.000000000,0.000000000,9.348036319,0.000040239,51.416814129,1.000000000
POINT1.MATRIX1=-0.510979593,0.859592843,-0.000000000,0.000000000,-0.859592843,-0.510979593,-0.000000000,0.000000000,-0.000000000,-0.000000000,1.000000000,0.000000000,9.534607829,-0.000388907,51.880666057,1.000000000
POINT1.MATRIX2=-0.510979593,0.859592843,-0.000000000,0.000000000,-0.859592843,-0.510979593,-0.000000000,0.000000000,-0.000000000,-0.000000000,1.000000000,0.000000000,9.070855953,0.000003073,52.067326824,1.000000000
POINT1.MATRIX3=-0.510979593,0.859592843,-0.000000000,0.000000000,-0.859592843,-0.510979593,-0.000000000,0.000000000,-0.000000000,-0.000000000,1.000000000,0.000000000,8.884533944,0.000012496,51.603474895,1.000000000
