OBJECTMODELPOINTER=33777c94-e4b9-4947-906f-f84480f3cb99.dev
BASEFAMILY=a9489862-8d49-4439-a27f-ad3387c55d58.fam
BLHA=28.31411764,113.38983103,66.771612,527.133635
TRANSFORMMATRIX=-0.306211765,0.951963421,0.000017918,0.000000000,-0.951963421,-0.306211766,0.000001721,0.000000000,0.000007126,-0.000016531,1.000000000,0.000000000,45.375683671,-105.539934079,58.882999800,1.000000000
ENTITYNAME=Wire_Device
