OBJECTMODELPOINTER=33777c94-e4b9-4947-906f-f84480f3cb99.dev
BASEFAMILY=a966eefb-511e-4669-b8af-89cbeedd7a63.fam
BLHA=28.31435017,113.39267151,117.559440,4.996372
TRANSFORMMATRIX=0.000025332,-0.999999998,0.000050970,0.000000000,1.000000000,0.000025332,0.000001877,0.000000000,-0.000001878,0.000050970,0.999999999,0.000000000,-11.779663090,325.326038307,29.984393502,1.000000000
ENTITYNAME=Wire_Device
