OBJECTMODELPOINTER=33777c94-e4b9-4947-906f-f84480f3cb99.dev
BASEFAMILY=a96a1ae9-18e3-447b-9c80-852b4b725a71.fam
BLHA=28.47949059,113.41307678,290.814083,229.813402
TRANSFORMMATRIX=0.000899774,-0.999999592,0.000084027,0.000000000,0.999999595,0.000899774,0.000002626,0.000000000,-0.000002701,0.000084025,0.999999996,0.000000000,-15.837746105,534.696874385,81.803760986,1.000000000
ENTITYNAME=Wire_Device
