OBJECTMODELPOINTER=33777c94-e4b9-4947-906f-f84480f3cb99.dev
BASEFAMILY=a96fa43b-e4e9-47dc-882c-072f56882a2e.fam
BLHA=28.43346852,113.38186613,283.381825,242.026912
TRANSFORMMATRIX=0.002478092,-0.999996928,0.000047903,0.000000000,0.999996930,0.002478092,0.000000353,0.000000000,-0.000000471,0.000047901,0.999999999,0.000000000,-2.348060070,304.524719326,-32.583890191,1.000000000
ENTITYNAME=Wire_Device
