OBJECTMODELPOINTER=33777c94-e4b9-4947-906f-f84480f3cb99.dev
BASEFAMILY=a97800d8-faa7-4d03-8f82-d9cf9c3ec4b9.fam
BLHA=28.31566161,113.38686189,71.437616,329.270898
TRANSFORMMATRIX=0.002175370,-0.999997634,0.000005109,0.000000000,0.999997634,0.002175370,0.000001190,0.000000000,-0.000001201,0.000005107,1.000000000,0.000000000,-7.710391444,32.566000819,35.079673114,1.000000000
ENTITYNAME=Wire_Device
