OBJECTMODELPOINTER=33777c94-e4b9-4947-906f-f84480f3cb99.dev
BASEFAMILY=a9811d46-3a3e-4c43-b17e-6a362d682b3d.fam
BLHA=28.50469488,113.45163258,174.515783,200.251669
TRANSFORMMATRIX=-0.011330712,-0.999935805,0.000029592,0.000000000,0.999935805,-0.011330712,-0.000000994,0.000000000,0.000001329,0.000029579,1.000000000,0.000000000,8.762423368,188.702385146,15.259054268,1.000000000
ENTITYNAME=Wire_Device
