OBJECTMODELPOINTER=33777c94-e4b9-4947-906f-f84480f3cb99.dev
BASEFAMILY=a98bfe6a-5d2f-40ac-9f4f-f029c4eaa0d1.fam
BLHA=28.32474464,113.37442409,71.722945,330.514691
TRANSFORMMATRIX=-0.326224483,-0.945292328,0.000016507,0.000000000,0.945292329,-0.326224483,-0.000001033,0.000000000,0.000006361,0.000015268,1.000000000,0.000000000,40.227026048,97.238739398,50.843947534,1.000000000
ENTITYNAME=Wire_Device
