OBJECTMODELPOINTER=33777c94-e4b9-4947-906f-f84480f3cb99.dev
BASEFAMILY=a99d2673-8f47-40b7-b699-33e4781790ad.fam
BLHA=28.28033977,113.46346380,83.899072,326.450928
TRANSFORMMATRIX=-0.242377348,-0.970182055,0.000028259,0.000000000,0.970182056,-0.242377348,0.000001927,0.000000000,0.000004980,0.000027884,1.000000000,0.000000000,31.245980656,177.621479239,42.606030730,1.000000000
ENTITYNAME=Wire_Device
