OBJECTMODELPOINTER=33777c94-e4b9-4947-906f-f84480f3cb99.dev
BASEFAMILY=a9abf2c8-91fb-403b-a2d4-9a5de1377285.fam
BLHA=28.44959265,113.39143584,231.811382,242.026912
TRANSFORMMATRIX=-0.000000601,-1.000000000,0.000005623,0.000000000,1.000000000,-0.000000601,0.000000045,0.000000000,-0.000000045,0.000005623,1.000000000,0.000000000,-0.206431350,35.748865340,45.758491528,1.000000000
ENTITYNAME=Wire_Device
