ENTITYNAME=WIRE
BASEFAMILY=a9b73c7e-d92b-492b-9fea-7364d8b6c411.fam
OBJECTMODELPOINTER=81b82497-164d-48c0-b1cb-18fa700dacdf.dev
KVALUE=0.000367
SPLIT=4
POINT0.BLHA=28.58865070,113.47941927,287.209,287.849619
POINT0.MATRIX0=-0.951864299,0.306519749,0.000000000,0.000000000,-0.306519749,-0.951864299,-0.000000000,0.000000000,0.000000000,0.000000000,1.000000000,0.000000000,12.094722569,0.720230156,43.741099690,1.000000000
POINT0.MATRIX1=-0.951864299,0.306519749,0.000000000,0.000000000,-0.306519749,-0.951864299,-0.000000000,0.000000000,0.000000000,0.000000000,1.000000000,0.000000000,12.094722569,0.720230156,44.191100453,1.000000000
POINT0.MATRIX2=-0.951864299,0.306519749,0.000000000,0.000000000,-0.306519749,-0.951864299,-0.000000000,0.000000000,0.000000000,0.000000000,1.000000000,0.000000000,11.644607042,0.719492051,44.191100454,1.000000000
POINT0.MATRIX3=-0.951864299,0.306519749,0.000000000,0.000000000,-0.306519749,-0.951864299,-0.000000000,0.000000000,0.000000000,0.000000000,1.000000000,0.000000000,11.644607042,0.719492051,43.741099690,1.000000000
POINT1.BLHA=28.58307238,113.48148471,281.709,287.849619
POINT1.MATRIX0=-0.951864299,0.306519749,-0.000000000,0.000000000,-0.306519749,-0.951864299,-0.000000000,0.000000000,0.000000000,0.000000000,1.000000000,0.000000000,13.545264535,-0.719471369,52.741100621,1.000000000
POINT1.MATRIX1=-0.951864299,0.306519749,-0.000000000,0.000000000,-0.306519749,-0.951864299,-0.000000000,0.000000000,0.000000000,0.000000000,1.000000000,0.000000000,13.545264535,-0.719471369,53.191101384,1.000000000
POINT1.MATRIX2=-0.951864299,0.306519749,-0.000000000,0.000000000,-0.306519749,-0.951864299,-0.000000000,0.000000000,0.000000000,0.000000000,1.000000000,0.000000000,13.095149009,-0.720209475,53.191101384,1.000000000
POINT1.MATRIX3=-0.951864299,0.306519749,-0.000000000,0.000000000,-0.306519749,-0.951864299,-0.000000000,0.000000000,0.000000000,0.000000000,1.000000000,0.000000000,13.095149009,-0.720209475,52.741100621,1.000000000
