ENTITYNAME=WIRE
BASEFAMILY=a9d72e88-16b7-4e3e-8fd6-a435797cf333.fam
OBJECTMODELPOINTER=31970f28-780e-4bf1-8adb-439f78c329a3.dev
KVALUE=0.000287
SPLIT=1
POINT0.BLHA=28.81479133,113.52057006,101.431,372.952022
POINT0.MATRIX0=0.224135070,0.974558090,0.000000000,0.000000000,-0.974558090,0.224135070,-0.000000000,0.000000000,-0.000000000,0.000000000,1.000000000,0.000000000,-7.461200718,1.324608154,43.814561444,1.000000000
POINT1.BLHA=28.81479133,113.52057006,101.431,372.952022
POINT1.MATRIX0=0.224135070,0.974558090,0.000000000,0.000000000,-0.974558090,0.224135070,-0.000000000,0.000000000,-0.000000000,0.000000000,1.000000000,0.000000000,-7.374463368,-1.347282431,44.009848910,1.000000000
