OBJECTMODELPOINTER=33777c94-e4b9-4947-906f-f84480f3cb99.dev
BASEFAMILY=a9f136ec-e526-45a0-8cac-8a84e43e0a5d.fam
BLHA=28.58865070,113.47941927,287.208654,287.849619
TRANSFORMMATRIX=0.000003677,-1.000000000,0.000018440,0.000000000,1.000000000,0.000003677,0.000000056,0.000000000,-0.000000056,0.000018440,1.000000000,0.000000000,-0.534638500,117.156703026,21.696456018,1.000000000
ENTITYNAME=Wire_Device
