OBJECTMODELPOINTER=33777c94-e4b9-4947-906f-f84480f3cb99.dev
BASEFAMILY=a9f527a8-c2b1-4061-b005-23e73d03274a.fam
BLHA=28.48698475,113.42051247,234.671308,224.957371
TRANSFORMMATRIX=-0.014679864,-0.999892245,0.000005586,0.000000000,0.999892245,-0.014679864,0.000001908,0.000000000,-0.000001825,0.000005613,1.000000000,0.000000000,-11.529641990,35.707357313,36.252295285,1.000000000
ENTITYNAME=Wire_Device
