OBJECTMODELPOINTER=33777c94-e4b9-4947-906f-f84480f3cb99.dev
BASEFAMILY=a9f9239e-e478-4019-9040-c40c65268806.fam
BLHA=28.56112925,113.50240150,222.763342,308.993779
TRANSFORMMATRIX=-0.078920027,-0.996880950,0.000017860,0.000000000,0.996880950,-0.078920027,-0.000001478,0.000000000,0.000002882,0.000017688,1.000000000,0.000000000,18.076426380,112.509157559,40.528293196,1.000000000
ENTITYNAME=Wire_Device
