OBJECTMODELPOINTER=33777c94-e4b9-4947-906f-f84480f3cb99.dev
BASEFAMILY=aa07c2b2-2a8f-44de-bbe2-48bd63b2e4c7.fam
BLHA=28.29768818,113.44194006,79.179744,287.794387
TRANSFORMMATRIX=-0.001595826,-0.999998727,0.000017104,0.000000000,0.999998727,-0.001595826,0.000001183,0.000000000,-0.000001155,0.000017107,1.000000000,0.000000000,-7.537292286,108.687677862,53.744532153,1.000000000
ENTITYNAME=Wire_Device
