ENTITYNAME=WIRE
BASEFAMILY=aa0c111a-48c8-4da9-b8e3-b58a5b8a117d.fam
OBJECTMODELPOINTER=81b82497-164d-48c0-b1cb-18fa700dacdf.dev
KVALUE=0.000000
SPLIT=4
POINT0.BLHA=28.36788990,113.36378392,64.429,219.706007
POINT0.MATRIX0=-0.638848483,-0.769332578,0.000000000,0.000000000,0.769332578,-0.638848483,0.000000000,0.000000000,0.000000000,0.000000000,1.000000000,0.000000000,-11.644867609,-0.480934137,37.741108500,1.000000000
POINT0.MATRIX1=-0.638848483,-0.769332578,0.000000000,0.000000000,0.769332578,-0.638848483,0.000000000,0.000000000,0.000000000,0.000000000,1.000000000,0.000000000,-11.644867608,-0.480934136,38.191105449,1.000000000
POINT0.MATRIX2=-0.638848483,-0.769332578,0.000000000,0.000000000,0.769332578,-0.638848483,0.000000000,0.000000000,0.000000000,0.000000000,1.000000000,0.000000000,-12.094502525,-0.478214462,38.191105449,1.000000000
POINT0.MATRIX3=-0.638848483,-0.769332578,0.000000000,0.000000000,0.769332578,-0.638848483,0.000000000,0.000000000,0.000000000,0.000000000,1.000000000,0.000000000,-12.094502526,-0.478214462,37.741108500,1.000000000
POINT1.BLHA=28.36788990,113.36378392,64.429,219.706007
POINT1.MATRIX0=-0.638848483,-0.769332578,0.000000000,0.000000000,0.769332578,-0.638848483,0.000000000,0.000000000,0.000000000,0.000000000,1.000000000,0.000000000,-11.642796509,0.482429654,37.741108500,1.000000000
POINT1.MATRIX1=-0.638848483,-0.769332578,0.000000000,0.000000000,0.769332578,-0.638848483,0.000000000,0.000000000,0.000000000,0.000000000,1.000000000,0.000000000,-11.642796508,0.482429654,38.191105448,1.000000000
POINT1.MATRIX2=-0.638848483,-0.769332578,0.000000000,0.000000000,0.769332578,-0.638848483,0.000000000,0.000000000,0.000000000,0.000000000,1.000000000,0.000000000,-12.093793356,0.477394720,38.191105449,1.000000000
POINT1.MATRIX3=-0.638848483,-0.769332578,0.000000000,0.000000000,0.769332578,-0.638848483,0.000000000,0.000000000,0.000000000,0.000000000,1.000000000,0.000000000,-12.093793356,0.477394719,37.741108500,1.000000000
