OBJECTMODELPOINTER=33777c94-e4b9-4947-906f-f84480f3cb99.dev
BASEFAMILY=aa2690e9-6266-4fba-b2cf-115e706d0520.fam
BLHA=28.73821142,113.45475326,97.655295,258.301958
TRANSFORMMATRIX=-0.000066650,-0.999999996,0.000060590,0.000000000,0.999999998,-0.000066650,0.000000342,0.000000000,-0.000000338,0.000060590,0.999999998,0.000000000,-1.763572510,384.844913062,73.347582299,1.000000000
ENTITYNAME=Wire_Device
