OBJECTMODELPOINTER=33777c94-e4b9-4947-906f-f84480f3cb99.dev
BASEFAMILY=aa29bf42-3bba-44bb-a6df-8ce103bb4e72.fam
BLHA=28.46846127,113.40263855,250.773411,415.920157
TRANSFORMMATRIX=-0.139952612,0.990158202,0.000025722,0.000000000,-0.990158203,-0.139952613,0.000001324,0.000000000,0.000004911,-0.000025284,1.000000000,0.000000000,30.906821710,-160.744961242,13.514502338,1.000000000
ENTITYNAME=Wire_Device
