OBJECTMODELPOINTER=33777c94-e4b9-4947-906f-f84480f3cb99.dev
BASEFAMILY=aa5e6018-db06-499a-bd1b-f58f5370a884.fam
BLHA=28.43802035,113.38456732,303.277751,242.026912
TRANSFORMMATRIX=0.001513236,-0.999998855,0.000005473,0.000000000,0.999998855,0.001513236,0.000001901,0.000000000,-0.000001909,0.000005470,1.000000000,0.000000000,-12.099441730,34.753086520,27.357801731,1.000000000
ENTITYNAME=Wire_Device
