OBJECTMODELPOINTER=33777c94-e4b9-4947-906f-f84480f3cb99.dev
BASEFAMILY=aa659a4f-dde2-4855-9089-65389f2bd5c9.fam
BLHA=28.49878841,113.43376617,260.859889,392.604520
TRANSFORMMATRIX=-0.232127171,0.972685445,0.000026488,0.000000000,-0.972685446,-0.232127171,0.000001305,0.000000000,0.000007418,-0.000025461,1.000000000,0.000000000,46.794832992,-162.173292991,53.884217356,1.000000000
ENTITYNAME=Wire_Device
