OBJECTMODELPOINTER=33777c94-e4b9-4947-906f-f84480f3cb99.dev
BASEFAMILY=aa66092e-3632-4b43-9c32-6001b8936011.fam
BLHA=28.60189794,113.47276867,201.465001,294.633001
TRANSFORMMATRIX=0.006092873,-0.999981438,0.000004512,0.000000000,0.999981438,0.006092873,0.000001872,0.000000000,-0.000001900,0.000004499,1.000000000,0.000000000,-12.170128799,28.627566194,37.660572103,1.000000000
ENTITYNAME=Wire_Device
