OBJECTMODELPOINTER=33777c94-e4b9-4947-906f-f84480f3cb99.dev
BASEFAMILY=aa7171c4-30da-40e8-87a9-4b335322e1f6.fam
BLHA=28.65134658,113.46259240,159.100648,277.610658
TRANSFORMMATRIX=0.000004015,-0.999999999,0.000051916,0.000000000,1.000000000,0.000004015,0.000000197,0.000000000,-0.000000197,0.000051916,0.999999999,0.000000000,-1.482689146,329.711376783,21.082111550,1.000000000
ENTITYNAME=Wire_Device
