OBJECTMODELPOINTER=33777c94-e4b9-4947-906f-f84480f3cb99.dev
BASEFAMILY=aa9d64bd-543f-4890-b820-3af27c74879c.fam
BLHA=28.67734470,113.45869625,172.236825,275.673275
TRANSFORMMATRIX=0.000003897,-0.999999999,0.000045757,0.000000000,1.000000000,0.000003897,0.000000187,0.000000000,-0.000000187,0.000045757,0.999999999,0.000000000,-1.342973488,290.589368908,53.820539427,1.000000000
ENTITYNAME=Wire_Device
