OBJECTMODELPOINTER=33777c94-e4b9-4947-906f-f84480f3cb99.dev
BASEFAMILY=aaa223d9-0638-460b-a4e6-523567a440c7.fam
BLHA=28.52807252,113.49714509,416.575795,210.734491
TRANSFORMMATRIX=0.003494957,-0.999993892,0.000037599,0.000000000,0.999993893,0.003494958,0.000002111,0.000000000,-0.000002243,0.000037591,0.999999999,0.000000000,-13.715902012,239.603027395,1.978280914,1.000000000
ENTITYNAME=Wire_Device
