OBJECTMODELPOINTER=33777c94-e4b9-4947-906f-f84480f3cb99.dev
BASEFAMILY=aabab255-3f42-44c9-9004-5cff97e55d0b.fam
BLHA=28.31435017,113.39267151,117.559440,4.996372
TRANSFORMMATRIX=0.000017764,-0.999999999,0.000028175,0.000000000,1.000000000,0.000017764,0.000001437,0.000000000,-0.000001438,0.000028175,1.000000000,0.000000000,-9.047563117,179.830399905,18.582518931,1.000000000
ENTITYNAME=Wire_Device
