OBJECTMODELPOINTER=33777c94-e4b9-4947-906f-f84480f3cb99.dev
BASEFAMILY=aabb5aa2-bc15-464e-89b3-d3e0b12caea2.fam
BLHA=28.44959265,113.39143584,231.811382,242.026912
TRANSFORMMATRIX=0.004898725,-0.999988000,0.000040120,0.000000000,0.999988001,0.004898725,0.000002149,0.000000000,-0.000002346,0.000040109,0.999999999,0.000000000,-14.407692840,254.961623432,76.779316690,1.000000000
ENTITYNAME=Wire_Device
