ENTITYNAME=WIRE
BASEFAMILY=aacd279d-35ab-427f-b51a-f97a106d48d7.fam
OBJECTMODELPOINTER=81b82497-164d-48c0-b1cb-18fa700dacdf.dev
KVALUE=0.000000
SPLIT=4
POINT0.BLHA=28.68327588,113.45799727,190.105,276.549179
POINT0.MATRIX0=-0.993474323,0.114055990,-0.000000000,0.000000000,-0.114055990,-0.993474323,-0.000000000,0.000000000,-0.000000000,0.000000000,1.000000000,0.000000000,7.724901615,-4.001476319,38.789995986,1.000000000
POINT0.MATRIX1=-0.993474323,0.114055990,-0.000000000,0.000000000,-0.114055990,-0.993474323,-0.000000000,0.000000000,-0.000000000,0.000000000,1.000000000,0.000000000,7.724901615,-4.001476319,39.239996034,1.000000000
POINT0.MATRIX2=-0.993474323,0.114055990,-0.000000000,0.000000000,-0.114055990,-0.993474323,-0.000000000,0.000000000,-0.000000000,0.000000000,1.000000000,0.000000000,7.274901583,-4.001476202,39.239996034,1.000000000
POINT0.MATRIX3=-0.993474323,0.114055990,-0.000000000,0.000000000,-0.114055990,-0.993474323,-0.000000000,0.000000000,-0.000000000,0.000000000,1.000000000,0.000000000,7.274901583,-4.001476202,38.789995986,1.000000000
POINT1.BLHA=28.68327588,113.45799727,190.105,276.549179
POINT1.MATRIX0=-0.993474323,0.114055990,-0.000000000,0.000000000,-0.114055990,-0.993474323,-0.000000000,0.000000000,-0.000000000,0.000000000,1.000000000,0.000000000,7.724901565,-3.999476282,38.789995986,1.000000000
POINT1.MATRIX1=-0.993474323,0.114055990,-0.000000000,0.000000000,-0.114055990,-0.993474323,-0.000000000,0.000000000,-0.000000000,0.000000000,1.000000000,0.000000000,7.724901564,-3.999476282,39.239996034,1.000000000
POINT1.MATRIX2=-0.993474323,0.114055990,-0.000000000,0.000000000,-0.114055990,-0.993474323,-0.000000000,0.000000000,-0.000000000,0.000000000,1.000000000,0.000000000,7.274901592,-3.999476171,39.239996034,1.000000000
POINT1.MATRIX3=-0.993474323,0.114055990,-0.000000000,0.000000000,-0.114055990,-0.993474323,-0.000000000,0.000000000,-0.000000000,0.000000000,1.000000000,0.000000000,7.274901592,-3.999476171,38.789995986,1.000000000
