OBJECTMODELPOINTER=33777c94-e4b9-4947-906f-f84480f3cb99.dev
BASEFAMILY=aadbdf64-36cd-403a-b250-99a72e61cd66.fam
BLHA=28.57953661,113.48279374,260.580940,480.423303
TRANSFORMMATRIX=0.400563746,0.916268894,-0.000000183,0.000000000,-0.916268894,0.400563746,-0.000001436,0.000000000,-0.000001243,0.000000743,1.000000000,0.000000000,-7.933238957,4.742472441,25.622667170,1.000000000
ENTITYNAME=Wire_Device
