OBJECTMODELPOINTER=33777c94-e4b9-4947-906f-f84480f3cb99.dev
BASEFAMILY=aadd689f-8ec1-453c-a244-90da833b5fc0.fam
BLHA=28.37348418,113.36536629,69.677902,286.379084
TRANSFORMMATRIX=-0.001030154,-0.999999469,0.000015034,0.000000000,0.999999469,-0.001030154,0.000000058,0.000000000,-0.000000042,0.000015034,1.000000000,0.000000000,-0.404092039,95.504906648,30.056038256,1.000000000
ENTITYNAME=Wire_Device
