OBJECTMODELPOINTER=33777c94-e4b9-4947-906f-f84480f3cb99.dev
BASEFAMILY=aae37b1c-e420-4f80-8676-11946b392d44.fam
BLHA=28.39913011,113.36988101,173.073049,251.836928
TRANSFORMMATRIX=-0.055682364,-0.998448533,0.000046912,0.000000000,0.998448534,-0.055682364,-0.000000838,0.000000000,0.000003449,0.000046793,0.999999999,0.000000000,22.463003720,297.316928089,7.005860332,1.000000000
ENTITYNAME=Wire_Device
