OBJECTMODELPOINTER=33777c94-e4b9-4947-906f-f84480f3cb99.dev
BASEFAMILY=aae50ac2-15da-4a55-bb99-6aa326cbe8a1.fam
BLHA=28.26885822,113.47846971,85.176990,355.334735
TRANSFORMMATRIX=0.000024642,-0.999999998,0.000049824,0.000000000,1.000000000,0.000024642,-0.000000897,0.000000000,0.000000895,0.000049824,0.999999999,0.000000000,5.553988489,318.018418341,51.032882428,1.000000000
ENTITYNAME=Wire_Device
