OBJECTMODELPOINTER=33777c94-e4b9-4947-906f-f84480f3cb99.dev
BASEFAMILY=aaf5ab96-7bcb-4247-bd82-9c658e822801.fam
BLHA=28.45855791,113.39675815,237.532667,242.026912
TRANSFORMMATRIX=0.004347104,-0.999990550,0.000047236,0.000000000,0.999990551,0.004347104,-0.000001752,0.000000000,0.000001547,0.000047243,0.999999999,0.000000000,10.507496408,300.369383088,52.931544910,1.000000000
ENTITYNAME=Wire_Device
