OBJECTMODELPOINTER=33777c94-e4b9-4947-906f-f84480f3cb99.dev
BASEFAMILY=aaf5896a-fe1f-4162-9ffe-01cc954ccd6d.fam
BLHA=28.31529425,113.41760444,47.126172,0.896163
TRANSFORMMATRIX=0.008980140,-0.999959678,0.000005114,0.000000000,0.999959678,0.008980140,0.000001517,0.000000000,-0.000001563,0.000005101,1.000000000,0.000000000,-9.921816119,32.557286243,40.397843303,1.000000000
ENTITYNAME=Wire_Device
