ENTITYNAME=WIRE
BASEFAMILY=aaf8d534-53c8-485d-b23d-96ce32337bb5.fam
OBJECTMODELPOINTER=81b82497-164d-48c0-b1cb-18fa700dacdf.dev
KVALUE=0.000000
SPLIT=4
POINT0.BLHA=28.26827851,113.48694026,97.360,314.005848
POINT0.MATRIX0=-0.719268901,0.694731781,-0.000000000,0.000000000,-0.694731781,-0.719268901,0.000000000,0.000000000,0.000000000,0.000000000,1.000000000,0.000000000,11.224622796,-0.000852735,31.790007121,1.000000000
POINT0.MATRIX1=-0.719268901,0.694731781,-0.000000000,0.000000000,-0.694731781,-0.719268901,0.000000000,0.000000000,0.000000000,0.000000000,1.000000000,0.000000000,11.224622796,-0.000852735,32.240007124,1.000000000
POINT0.MATRIX2=-0.719268901,0.694731781,-0.000000000,0.000000000,-0.694731781,-0.719268901,0.000000000,0.000000000,0.000000000,0.000000000,1.000000000,0.000000000,10.774622866,-0.000852693,32.240007124,1.000000000
POINT0.MATRIX3=-0.719268901,0.694731781,-0.000000000,0.000000000,-0.694731781,-0.719268901,0.000000000,0.000000000,0.000000000,0.000000000,1.000000000,0.000000000,10.774622866,-0.000852693,31.790007121,1.000000000
POINT1.BLHA=28.26827851,113.48694026,97.360,314.005848
POINT1.MATRIX0=-0.719268901,0.694731781,-0.000000000,0.000000000,-0.694731781,-0.719268901,0.000000000,0.000000000,0.000000000,0.000000000,1.000000000,0.000000000,11.224622823,0.001147350,31.790007121,1.000000000
POINT1.MATRIX1=-0.719268901,0.694731781,-0.000000000,0.000000000,-0.694731781,-0.719268901,0.000000000,0.000000000,0.000000000,0.000000000,1.000000000,0.000000000,11.224622823,0.001147351,32.240007124,1.000000000
POINT1.MATRIX2=-0.719268901,0.694731781,-0.000000000,0.000000000,-0.694731781,-0.719268901,0.000000000,0.000000000,0.000000000,0.000000000,1.000000000,0.000000000,10.774622893,0.001147392,32.240007125,1.000000000
POINT1.MATRIX3=-0.719268901,0.694731781,-0.000000000,0.000000000,-0.694731781,-0.719268901,0.000000000,0.000000000,0.000000000,0.000000000,1.000000000,0.000000000,10.774622893,0.001147392,31.790007121,1.000000000
