OBJECTMODELPOINTER=33777c94-e4b9-4947-906f-f84480f3cb99.dev
BASEFAMILY=ab025b25-c232-45bf-91a3-1ce95be997a9.fam
BLHA=28.31534552,113.42043692,48.733934,348.172871
TRANSFORMMATRIX=-0.223590447,-0.974683184,0.000050424,0.000000000,0.974683185,-0.223590447,0.000001470,0.000000000,0.000009842,0.000049475,0.999999999,0.000000000,62.178480717,315.673299246,62.690670536,1.000000000
ENTITYNAME=Wire_Device
