OBJECTMODELPOINTER=33777c94-e4b9-4947-906f-f84480f3cb99.dev
BASEFAMILY=ab08e202-b2c1-46b9-9584-7ef7758b9a94.fam
BLHA=28.37691435,113.36420413,70.521818,286.379084
TRANSFORMMATRIX=0.000007967,-0.999999999,0.000047504,0.000000000,1.000000000,0.000007967,-0.000001678,0.000000000,0.000001677,0.000047505,0.999999999,0.000000000,10.277558110,301.759836704,31.330269529,1.000000000
ENTITYNAME=Wire_Device
