OBJECTMODELPOINTER=33777c94-e4b9-4947-906f-f84480f3cb99.dev
BASEFAMILY=ab0ea680-b13b-4e29-b1ff-38753606bd16.fam
BLHA=28.31502906,113.40300484,68.016258,0.896163
TRANSFORMMATRIX=0.001271278,-0.999999192,0.000014401,0.000000000,0.999999192,0.001271278,0.000001132,0.000000000,-0.000001150,0.000014399,1.000000000,0.000000000,-7.296987882,91.912763676,58.690280055,1.000000000
ENTITYNAME=Wire_Device
