OBJECTMODELPOINTER=33777c94-e4b9-4947-906f-f84480f3cb99.dev
BASEFAMILY=ab14a220-f3eb-4ebb-a278-5f23fff11b10.fam
BLHA=28.41010958,113.37337020,176.661664,254.006183
TRANSFORMMATRIX=-0.000007039,-0.999999999,0.000038528,0.000000000,1.000000000,-0.000007039,0.000000253,0.000000000,-0.000000253,0.000038528,0.999999999,0.000000000,-1.273270858,244.749378904,20.725063567,1.000000000
ENTITYNAME=Wire_Device
