OBJECTMODELPOINTER=33777c94-e4b9-4947-906f-f84480f3cb99.dev
BASEFAMILY=ab17f709-84ed-40b2-95c3-5c6bcdd0e9a9.fam
BLHA=28.63009153,113.46564681,168.255878,273.436520
TRANSFORMMATRIX=0.007911393,-0.999968704,0.000004976,0.000000000,0.999968704,0.007911393,-0.000002165,0.000000000,0.000002126,0.000004993,1.000000000,0.000000000,13.558059100,31.704244968,45.814821830,1.000000000
ENTITYNAME=Wire_Device
