ENTITYNAME=WIRE
BASEFAMILY=ab19e8ef-0cd6-44c9-b8f4-28ecc46a55a9.fam
OBJECTMODELPOINTER=81b82497-164d-48c0-b1cb-18fa700dacdf.dev
KVALUE=0.088914
SPLIT=4
POINT0.BLHA=28.71568525,113.45475484,179.580,274.089521
POINT0.MATRIX0=-0.997453842,0.071315024,0.000000000,0.000000000,-0.071315024,-0.997453842,0.000000000,0.000000000,0.000000000,0.000000000,1.000000000,0.000000000,-6.321647587,-8.777683263,28.191672212,1.000000000
POINT0.MATRIX1=-0.997453842,0.071315024,0.000000000,0.000000000,-0.071315024,-0.997453842,0.000000000,0.000000000,0.000000000,0.000000000,1.000000000,0.000000000,-6.232536270,-9.596037919,28.570243245,1.000000000
POINT0.MATRIX2=-0.997453842,0.071315024,0.000000000,0.000000000,-0.071315024,-0.997453842,0.000000000,0.000000000,0.000000000,0.000000000,1.000000000,0.000000000,-6.727392007,-9.672269493,28.570479757,1.000000000
POINT0.MATRIX3=-0.997453842,0.071315024,0.000000000,0.000000000,-0.071315024,-0.997453842,0.000000000,0.000000000,0.000000000,0.000000000,1.000000000,0.000000000,-6.816277213,-8.855889114,28.191550143,1.000000000
POINT1.BLHA=28.71568525,113.45475484,179.580,274.089521
POINT1.MATRIX0=-0.997453842,0.071315024,0.000000000,0.000000000,-0.071315024,-0.997453842,0.000000000,0.000000000,0.000000000,0.000000000,1.000000000,0.000000000,-9.274987603,-0.000837097,25.790000386,1.000000000
POINT1.MATRIX1=-0.997453842,0.071315024,0.000000000,0.000000000,-0.071315024,-0.997453842,0.000000000,0.000000000,0.000000000,0.000000000,1.000000000,0.000000000,-9.274987603,-0.000837098,26.240000373,1.000000000
POINT1.MATRIX2=-0.997453842,0.071315024,0.000000000,0.000000000,-0.071315024,-0.997453842,0.000000000,0.000000000,0.000000000,0.000000000,1.000000000,0.000000000,-9.724987572,-0.000836957,26.240000373,1.000000000
POINT1.MATRIX3=-0.997453842,0.071315024,0.000000000,0.000000000,-0.071315024,-0.997453842,0.000000000,0.000000000,0.000000000,0.000000000,1.000000000,0.000000000,-9.724987572,-0.000836956,25.790000386,1.000000000
