OBJECTMODELPOINTER=33777c94-e4b9-4947-906f-f84480f3cb99.dev
BASEFAMILY=ab1d770f-2931-431c-a952-deaa21cb1662.fam
BLHA=28.58865070,113.47941927,287.208654,287.849619
TRANSFORMMATRIX=0.002248728,-0.999997469,0.000073654,0.000000000,0.999997472,0.002248728,0.000002066,0.000000000,-0.000002232,0.000073650,0.999999997,0.000000000,-14.948941475,467.946654265,15.096145803,1.000000000
ENTITYNAME=Wire_Device
