OBJECTMODELPOINTER=33777c94-e4b9-4947-906f-f84480f3cb99.dev
BASEFAMILY=ab264711-83d3-49f3-a117-b584a80ea72a.fam
BLHA=28.55326393,113.50869198,332.868298,304.990571
TRANSFORMMATRIX=0.012290889,-0.999924464,0.000028240,0.000000000,0.999924464,0.012290889,-0.000002144,0.000000000,0.000001796,0.000028265,1.000000000,0.000000000,11.008237026,179.768678308,46.291757821,1.000000000
ENTITYNAME=Wire_Device
