OBJECTMODELPOINTER=33777c94-e4b9-4947-906f-f84480f3cb99.dev
BASEFAMILY=ab3adbfd-b851-419b-9ffc-314db8953744.fam
BLHA=28.72353047,113.45260943,123.369332,283.291091
TRANSFORMMATRIX=0.000005410,-0.999999998,0.000061222,0.000000000,1.000000000,0.000005410,-0.000001651,0.000000000,0.000001651,0.000061223,0.999999998,0.000000000,10.084439901,388.877817921,67.200454414,1.000000000
ENTITYNAME=Wire_Device
