OBJECTMODELPOINTER=33777c94-e4b9-4947-906f-f84480f3cb99.dev
BASEFAMILY=ab464f14-d664-462a-9e3b-64d16a35842e.fam
BLHA=28.31523299,113.41422428,48.000024,0.896163
TRANSFORMMATRIX=0.000006817,-1.000000000,0.000005216,0.000000000,1.000000000,0.000006817,-0.000000992,0.000000000,0.000000993,0.000005216,1.000000000,0.000000000,6.301772429,33.293143484,54.576562926,1.000000000
ENTITYNAME=Wire_Device
