OBJECTMODELPOINTER=33777c94-e4b9-4947-906f-f84480f3cb99.dev
BASEFAMILY=ab4ab271-9abf-4491-84e9-a25478be9b0c.fam
BLHA=28.51511181,113.47270360,348.782405,210.734491
TRANSFORMMATRIX=-0.000013260,-1.000000000,0.000027606,0.000000000,1.000000000,-0.000013260,0.000000185,0.000000000,-0.000000184,0.000027605,1.000000000,0.000000000,-0.772969638,175.976835551,40.213286417,1.000000000
ENTITYNAME=Wire_Device
