OBJECTMODELPOINTER=33777c94-e4b9-4947-906f-f84480f3cb99.dev
BASEFAMILY=ab4dfdfa-f92a-43d4-8b02-6240c22f6f62.fam
BLHA=28.31135450,113.43043530,49.303319,335.449580
TRANSFORMMATRIX=0.003309053,-0.999994523,0.000066335,0.000000000,0.999994525,0.003309054,0.000001357,0.000000000,-0.000001576,0.000066330,0.999999998,0.000000000,-10.853132692,423.029021889,34.087678093,1.000000000
ENTITYNAME=Wire_Device
