OBJECTMODELPOINTER=33777c94-e4b9-4947-906f-f84480f3cb99.dev
BASEFAMILY=ab5cb189-fbe7-44ee-af2b-846c15870b8b.fam
BLHA=28.31470596,113.39701913,83.588909,4.996372
TRANSFORMMATRIX=0.002655798,-0.999996473,0.000036329,0.000000000,0.999996473,0.002655798,0.000001796,0.000000000,-0.000001893,0.000036324,0.999999999,0.000000000,-11.912173667,231.845034454,38.496634343,1.000000000
ENTITYNAME=Wire_Device
