OBJECTMODELPOINTER=33777c94-e4b9-4947-906f-f84480f3cb99.dev
BASEFAMILY=ab5e3e33-d0a8-4b0e-afd0-3a43e480e5d9.fam
BLHA=28.59065738,113.47867622,222.763908,291.241310
TRANSFORMMATRIX=-0.000041550,-0.999999999,-0.000000781,0.000000000,0.999999999,-0.000041550,-0.000001223,0.000000000,0.000001224,-0.000000781,1.000000000,0.000000000,7.811572307,-4.979902051,25.336652123,1.000000000
ENTITYNAME=Wire_Device
