OBJECTMODELPOINTER=33777c94-e4b9-4947-906f-f84480f3cb99.dev
BASEFAMILY=ab668ded-6cdd-486b-ad77-240b38f99a6a.fam
BLHA=28.50595381,113.45544189,275.037773,205.493080
TRANSFORMMATRIX=-0.091519439,-0.995803288,0.000056821,0.000000000,0.995803290,-0.091519439,0.000001546,0.000000000,0.000003662,0.000056724,0.999999998,0.000000000,24.000986494,361.784184076,-66.335971379,1.000000000
ENTITYNAME=Wire_Device
