OBJECTMODELPOINTER=33777c94-e4b9-4947-906f-f84480f3cb99.dev
BASEFAMILY=ab6d69e5-a233-43ae-a120-e688d6ffc4db.fam
BLHA=28.70605444,113.45451077,165.912680,277.425083
TRANSFORMMATRIX=0.002582420,-0.999996665,0.000015936,0.000000000,0.999996666,0.002582420,-0.000002025,0.000000000,0.000001984,0.000015941,1.000000000,0.000000000,12.595740895,101.231275013,27.939457465,1.000000000
ENTITYNAME=Wire_Device
