ENTITYNAME=WIRE
BASEFAMILY=ab800f9d-7c94-4a0a-a240-ab37b77a0246.fam
OBJECTMODELPOINTER=31970f28-780e-4bf1-8adb-439f78c329a3.dev
KVALUE=0.000233
SPLIT=1
POINT0.BLHA=28.49379582,113.42815973,297.068,224.957371
POINT0.MATRIX0=-0.706580481,-0.707632690,-0.000000000,0.000000000,0.707632690,-0.706580481,-0.000000000,0.000000000,0.000000000,0.000000000,1.000000000,0.000000000,-11.320905927,0.629953214,69.557998491,1.000000000
POINT1.BLHA=28.49037109,113.42431436,249.697,224.957371
POINT1.MATRIX0=-0.706580481,-0.707632690,0.000000000,0.000000000,0.707632690,-0.706580481,0.000000000,0.000000000,0.000000000,-0.000000000,1.000000000,0.000000000,-9.869266192,-0.619904966,54.558000386,1.000000000
