ENTITYNAME=WIRE
BASEFAMILY=ab884fea-0772-4944-a100-59b1dbbf7e63.fam
OBJECTMODELPOINTER=81b82497-164d-48c0-b1cb-18fa700dacdf.dev
KVALUE=0.000000
SPLIT=4
POINT0.BLHA=28.55813742,113.50479443,276.608,304.990571
POINT0.MATRIX0=-0.819246424,0.573441624,0.000000000,0.000000000,-0.573441624,-0.819246424,0.000000000,0.000000000,0.000000000,0.000000000,1.000000000,0.000000000,0.225087930,-0.109995101,58.000000269,1.000000000
POINT0.MATRIX1=-0.819246424,0.573441624,0.000000000,0.000000000,-0.573441624,-0.819246424,0.000000000,0.000000000,0.000000000,0.000000000,1.000000000,0.000000000,0.225087930,-0.109995101,58.450001032,1.000000000
POINT0.MATRIX2=-0.819246424,0.573441624,0.000000000,0.000000000,-0.573441624,-0.819246424,0.000000000,0.000000000,0.000000000,0.000000000,1.000000000,0.000000000,-0.225309626,-0.109726482,58.450001032,1.000000000
POINT0.MATRIX3=-0.819246424,0.573441624,0.000000000,0.000000000,-0.573441624,-0.819246424,0.000000000,0.000000000,0.000000000,0.000000000,1.000000000,0.000000000,-0.225309626,-0.109726482,58.000000269,1.000000000
POINT1.BLHA=28.55813742,113.50479443,276.608,304.990571
POINT1.MATRIX0=-0.819246424,0.573441624,0.000000000,0.000000000,-0.573441624,-0.819246424,0.000000000,0.000000000,0.000000000,0.000000000,1.000000000,0.000000000,0.225093898,0.000002310,58.000000269,1.000000000
POINT1.MATRIX1=-0.819246424,0.573441624,0.000000000,0.000000000,-0.573441624,-0.819246424,0.000000000,0.000000000,0.000000000,0.000000000,1.000000000,0.000000000,0.225093898,0.000002310,58.450001033,1.000000000
POINT1.MATRIX2=-0.819246424,0.573441624,0.000000000,0.000000000,-0.573441624,-0.819246424,0.000000000,0.000000000,0.000000000,0.000000000,1.000000000,0.000000000,-0.225303658,0.000270930,58.450001033,1.000000000
POINT1.MATRIX3=-0.819246424,0.573441624,0.000000000,0.000000000,-0.573441624,-0.819246424,0.000000000,0.000000000,0.000000000,0.000000000,1.000000000,0.000000000,-0.225303658,0.000270930,58.000000269,1.000000000
