OBJECTMODELPOINTER=33777c94-e4b9-4947-906f-f84480f3cb99.dev
BASEFAMILY=ab955952-502e-4275-8afa-1ba78e1ddbd5.fam
BLHA=28.28492071,113.44885804,59.682173,504.180323
TRANSFORMMATRIX=-0.282878527,0.959155741,0.000049316,0.000000000,-0.959155743,-0.282878528,-0.000001419,0.000000000,0.000012589,-0.000047702,0.999999999,0.000000000,80.836462664,-304.144948468,33.311787395,1.000000000
ENTITYNAME=Wire_Device
