OBJECTMODELPOINTER=33777c94-e4b9-4947-906f-f84480f3cb99.dev
BASEFAMILY=abb58cd9-9504-461f-9b53-3bf507514ad0.fam
BLHA=28.27407839,113.47004129,94.944746,312.669055
TRANSFORMMATRIX=0.001792185,-0.999998394,0.000005894,0.000000000,0.999998394,0.001792185,0.000001184,0.000000000,-0.000001195,0.000005892,1.000000000,0.000000000,-7.705438107,37.521838138,30.456284337,1.000000000
ENTITYNAME=Wire_Device
