OBJECTMODELPOINTER=33777c94-e4b9-4947-906f-f84480f3cb99.dev
BASEFAMILY=abc070cc-14ba-45ea-aa01-ed699ebc8cfa.fam
BLHA=28.31534552,113.42043692,48.733934,348.172871
TRANSFORMMATRIX=-0.267351322,-0.963599123,0.000000169,0.000000000,0.963599123,-0.267351322,0.000001882,0.000000000,-0.000001768,0.000000666,1.000000000,0.000000000,-11.238763401,4.260516672,42.426006350,1.000000000
ENTITYNAME=Wire_Device
