OBJECTMODELPOINTER=33777c94-e4b9-4947-906f-f84480f3cb99.dev
BASEFAMILY=abda8c0a-56ba-42a4-807f-ea6c85b92cdb.fam
BLHA=28.81363020,113.51792493,127.559863,396.804576
TRANSFORMMATRIX=-0.175071307,0.984555754,0.000069140,0.000000000,-0.984555756,-0.175071307,-0.000000803,0.000000000,0.000011314,-0.000068213,0.999999998,0.000000000,70.907768572,-434.439438189,53.383700850,1.000000000
ENTITYNAME=Wire_Device
