OBJECTMODELPOINTER=33777c94-e4b9-4947-906f-f84480f3cb99.dev
BASEFAMILY=abe189d9-c995-4ba3-92e0-d09718813195.fam
BLHA=28.31515909,113.41015274,70.673124,0.896163
TRANSFORMMATRIX=0.000000562,-1.000000000,0.000005028,0.000000000,1.000000000,0.000000562,-0.000001110,0.000000000,0.000001110,0.000005028,1.000000000,0.000000000,7.052006911,32.096326307,30.689772114,1.000000000
ENTITYNAME=Wire_Device
