OBJECTMODELPOINTER=33777c94-e4b9-4947-906f-f84480f3cb99.dev
BASEFAMILY=abe2a45e-069f-4ea7-84fd-c91b69812aff.fam
BLHA=28.64674167,113.46331381,165.940967,277.610658
TRANSFORMMATRIX=0.000002177,-1.000000000,0.000029185,0.000000000,1.000000000,0.000002177,0.000000111,0.000000000,-0.000000111,0.000029185,1.000000000,0.000000000,-0.832268296,185.348213154,11.165347954,1.000000000
ENTITYNAME=Wire_Device
