ENTITYNAME=WIRE
BASEFAMILY=abed30a3-0d21-458c-bb70-a5317533e808.fam
OBJECTMODELPOINTER=81b82497-164d-48c0-b1cb-18fa700dacdf.dev
KVALUE=0.000000
SPLIT=4
POINT0.BLHA=28.46846127,113.40263855,250.773,415.920157
POINT0.MATRIX0=0.828257519,0.560347644,0.000000000,0.000000000,-0.560347644,0.828257519,-0.000000000,0.000000000,0.000000000,0.000000000,1.000000000,0.000000000,7.274936707,-3.999064671,38.790000404,1.000000000
POINT0.MATRIX1=0.828257519,0.560347644,0.000000000,0.000000000,-0.560347644,0.828257519,-0.000000000,0.000000000,0.000000000,0.000000000,1.000000000,0.000000000,7.274936707,-3.999064670,39.240000451,1.000000000
POINT0.MATRIX2=0.828257519,0.560347644,0.000000000,0.000000000,-0.560347644,0.828257519,-0.000000000,0.000000000,0.000000000,0.000000000,1.000000000,0.000000000,7.724936597,-3.999064813,39.240000451,1.000000000
POINT0.MATRIX3=0.828257519,0.560347644,0.000000000,0.000000000,-0.560347644,0.828257519,-0.000000000,0.000000000,0.000000000,0.000000000,1.000000000,0.000000000,7.724936596,-3.999064814,38.790000404,1.000000000
POINT1.BLHA=28.46846127,113.40263855,250.773,415.920157
POINT1.MATRIX0=0.828257519,0.560347644,0.000000000,0.000000000,-0.560347644,0.828257519,-0.000000000,0.000000000,0.000000000,0.000000000,1.000000000,0.000000000,7.274936625,-4.001064747,38.790000404,1.000000000
POINT1.MATRIX1=0.828257519,0.560347644,0.000000000,0.000000000,-0.560347644,0.828257519,-0.000000000,0.000000000,0.000000000,0.000000000,1.000000000,0.000000000,7.274936626,-4.001064746,39.240000451,1.000000000
POINT1.MATRIX2=0.828257519,0.560347644,0.000000000,0.000000000,-0.560347644,0.828257519,-0.000000000,0.000000000,0.000000000,0.000000000,1.000000000,0.000000000,7.724936712,-4.001064756,39.240000452,1.000000000
POINT1.MATRIX3=0.828257519,0.560347644,0.000000000,0.000000000,-0.560347644,0.828257519,-0.000000000,0.000000000,0.000000000,0.000000000,1.000000000,0.000000000,7.724936712,-4.001064756,38.790000404,1.000000000
