OBJECTMODELPOINTER=33777c94-e4b9-4947-906f-f84480f3cb99.dev
BASEFAMILY=abf648f2-1630-4a20-9095-0425e8ae79e5.fam
BLHA=28.76435807,113.46905293,179.070265,236.227775
TRANSFORMMATRIX=-0.000008325,-1.000000000,0.000025414,0.000000000,1.000000000,-0.000008325,0.000000178,0.000000000,-0.000000178,0.000025414,1.000000000,0.000000000,-0.745521973,161.643360402,2.911728791,1.000000000
ENTITYNAME=Wire_Device
