OBJECTMODELPOINTER=33777c94-e4b9-4947-906f-f84480f3cb99.dev
BASEFAMILY=ac0000ec-1da1-44fc-81d2-cb87291dcd5c.fam
BLHA=28.31411764,113.38983103,66.771612,527.133635
TRANSFORMMATRIX=-0.210113549,0.977676990,0.000001073,0.000000000,-0.977676990,-0.210113549,0.000001440,0.000000000,0.000001633,-0.000000747,1.000000000,0.000000000,10.377375234,-4.778856005,26.213369904,1.000000000
ENTITYNAME=Wire_Device
