OBJECTMODELPOINTER=33777c94-e4b9-4947-906f-f84480f3cb99.dev
BASEFAMILY=ac1fd1da-922d-47f7-a056-83b054683b36.fam
BLHA=28.29509828,113.44289412,61.743516,287.794387
TRANSFORMMATRIX=0.000005812,-1.000000000,0.000027292,0.000000000,1.000000000,0.000005812,0.000001569,0.000000000,-0.000001569,0.000027292,1.000000000,0.000000000,-10.273025635,173.399131741,25.776293267,1.000000000
ENTITYNAME=Wire_Device
