ENTITYNAME=WIRE
BASEFAMILY=ac36e44f-a69c-4323-a76d-55edaa2df149.fam
OBJECTMODELPOINTER=31970f28-780e-4bf1-8adb-439f78c329a3.dev
KVALUE=0.000242
SPLIT=1
POINT0.BLHA=28.60189794,113.47276867,201.465,294.633001
POINT0.MATRIX0=-0.908996188,0.416804426,-0.000000000,0.000000000,-0.416804426,-0.908996188,0.000000000,0.000000000,-0.000000000,-0.000000000,1.000000000,0.000000000,9.869775607,0.310082952,51.557998215,1.000000000
POINT1.BLHA=28.59994740,113.47379389,183.494,294.633001
POINT1.MATRIX0=-0.908996188,0.416804426,-0.000000000,0.000000000,-0.416804426,-0.908996188,0.000000000,0.000000000,0.000000000,-0.000000000,1.000000000,0.000000000,11.320391819,-0.309969953,66.558003114,1.000000000
