OBJECTMODELPOINTER=33777c94-e4b9-4947-906f-f84480f3cb99.dev
BASEFAMILY=ac4ec162-03a3-439a-bc2c-22824259921d.fam
BLHA=28.46166988,113.39860583,270.672858,242.026912
TRANSFORMMATRIX=-0.001528806,-0.999998831,0.000025759,0.000000000,0.999998831,-0.001528806,-0.000001812,0.000000000,0.000001851,0.000025756,1.000000000,0.000000000,12.158921153,163.768262467,14.077463019,1.000000000
ENTITYNAME=Wire_Device
