OBJECTMODELPOINTER=33777c94-e4b9-4947-906f-f84480f3cb99.dev
BASEFAMILY=ac78d3ff-2255-4684-bea6-57c407d43f54.fam
BLHA=28.37974338,113.36324559,104.024514,459.829193
TRANSFORMMATRIX=-0.640451394,0.767998706,-0.000000364,0.000000000,-0.767998706,-0.640451394,0.000001307,0.000000000,0.000000771,0.000001116,1.000000000,0.000000000,4.913653158,7.084699358,27.254999635,1.000000000
ENTITYNAME=Wire_Device
