OBJECTMODELPOINTER=33777c94-e4b9-4947-906f-f84480f3cb99.dev
BASEFAMILY=ac905f9d-4982-403a-a371-33f48f8520f0.fam
BLHA=28.46688419,113.40170203,216.340862,242.026912
TRANSFORMMATRIX=-0.000013701,-0.999999998,0.000063643,0.000000000,1.000000000,-0.000013701,0.000000457,0.000000000,-0.000000456,0.000063643,0.999999998,0.000000000,-2.039241208,404.601687703,33.169796177,1.000000000
ENTITYNAME=Wire_Device
