ENTITYNAME=WIRE
BASEFAMILY=aca26502-06d0-4e44-9bc2-a8797042400e.fam
OBJECTMODELPOINTER=81b82497-164d-48c0-b1cb-18fa700dacdf.dev
KVALUE=0.000370
SPLIT=4
POINT0.BLHA=28.39175425,113.36683981,143.500,249.667673
POINT0.MATRIX0=-0.937693038,-0.347464771,-0.000000000,0.000000000,0.347464771,-0.937693038,-0.000000000,0.000000000,0.000000000,0.000000000,1.000000000,0.000000000,-13.095167458,0.720227268,52.741103175,1.000000000
POINT0.MATRIX1=-0.937693038,-0.347464771,-0.000000000,0.000000000,0.347464771,-0.937693038,-0.000000000,0.000000000,0.000000000,0.000000000,1.000000000,0.000000000,-13.095167458,0.720227268,53.191100123,1.000000000
POINT0.MATRIX2=-0.937693038,-0.347464771,-0.000000000,0.000000000,0.347464771,-0.937693038,-0.000000000,0.000000000,0.000000000,0.000000000,1.000000000,0.000000000,-13.545963795,0.719815784,53.191100123,1.000000000
POINT0.MATRIX3=-0.937693038,-0.347464771,-0.000000000,0.000000000,0.347464771,-0.937693038,-0.000000000,0.000000000,0.000000000,0.000000000,1.000000000,0.000000000,-13.545963795,0.719815784,52.741103175,1.000000000
POINT1.BLHA=28.38706938,113.36490839,130.458,249.667673
POINT1.MATRIX0=-0.937693038,-0.347464771,-0.000000000,0.000000000,0.347464771,-0.937693038,0.000000000,0.000000000,-0.000000000,0.000000000,1.000000000,0.000000000,-11.644217233,-0.720390708,43.741104556,1.000000000
POINT1.MATRIX1=-0.937693038,-0.347464771,-0.000000000,0.000000000,0.347464771,-0.937693038,0.000000000,0.000000000,-0.000000000,0.000000000,1.000000000,0.000000000,-11.644217233,-0.720390707,44.191101504,1.000000000
POINT1.MATRIX2=-0.937693038,-0.347464771,-0.000000000,0.000000000,0.347464771,-0.937693038,0.000000000,0.000000000,-0.000000000,0.000000000,1.000000000,0.000000000,-12.095013569,-0.720802191,44.191101505,1.000000000
POINT1.MATRIX3=-0.937693038,-0.347464771,-0.000000000,0.000000000,0.347464771,-0.937693038,0.000000000,0.000000000,-0.000000000,0.000000000,1.000000000,0.000000000,-12.095013570,-0.720802192,43.741104557,1.000000000
