OBJECTMODELPOINTER=33777c94-e4b9-4947-906f-f84480f3cb99.dev
BASEFAMILY=aca5d8c1-610d-496a-87db-c4891c609b0b.fam
BLHA=28.79959310,113.50336431,218.110050,224.374488
TRANSFORMMATRIX=-0.062832523,-0.998024085,0.000017975,0.000000000,0.998024085,-0.062832523,-0.000001046,0.000000000,0.000002173,0.000017874,1.000000000,0.000000000,14.128868468,113.843714306,7.218014992,1.000000000
ENTITYNAME=Wire_Device
