ENTITYNAME=WIRE
BASEFAMILY=acacf466-377e-4fb5-9b89-4da3c76ea0ab.fam
OBJECTMODELPOINTER=81b82497-164d-48c0-b1cb-18fa700dacdf.dev
KVALUE=0.000340
SPLIT=4
POINT0.BLHA=28.32854622,113.36798434,68.152,482.460958
POINT0.MATRIX0=0.843757372,-0.536724787,-0.000000000,0.000000000,0.536724787,0.843757372,-0.000000000,0.000000000,-0.000000000,0.000000000,1.000000000,0.000000000,-6.843784326,-9.424586250,28.414208994,1.000000000
POINT0.MATRIX1=0.843757372,-0.536724787,-0.000000000,0.000000000,0.536724787,0.843757372,-0.000000000,0.000000000,-0.000000000,0.000000000,1.000000000,0.000000000,-6.756269166,-10.239508381,28.738565074,1.000000000
POINT0.MATRIX2=0.843757372,-0.536724787,-0.000000000,0.000000000,0.536724787,0.843757372,-0.000000000,0.000000000,-0.000000000,0.000000000,1.000000000,0.000000000,-6.259773928,-10.184968177,28.738885509,1.000000000
POINT0.MATRIX3=0.843757372,-0.536724787,-0.000000000,0.000000000,0.536724787,0.843757372,-0.000000000,0.000000000,-0.000000000,0.000000000,1.000000000,0.000000000,-6.348337379,-9.371694009,28.414453135,1.000000000
POINT1.BLHA=28.32529000,113.37096013,66.626,509.137564
POINT1.MATRIX0=0.512978582,-0.858401406,0.000000000,0.000000000,0.858401406,0.512978582,0.000000000,0.000000000,0.000000000,-0.000000000,1.000000000,0.000000000,-5.749793032,8.991198730,28.469303644,1.000000000
POINT1.MATRIX1=0.512978582,-0.858401406,0.000000000,0.000000000,0.858401406,0.512978582,0.000000000,0.000000000,0.000000000,-0.000000000,1.000000000,0.000000000,-5.460029170,9.762766117,28.798862970,1.000000000
POINT1.MATRIX2=0.512978582,-0.858401406,0.000000000,0.000000000,0.858401406,0.512978582,0.000000000,0.000000000,0.000000000,-0.000000000,1.000000000,0.000000000,-4.991820648,9.584661257,28.799152887,1.000000000
POINT1.MATRIX3=0.512978582,-0.858401406,0.000000000,0.000000000,0.858401406,0.512978582,0.000000000,0.000000000,0.000000000,-0.000000000,1.000000000,0.000000000,-5.283087376,8.815608718,28.469303643,1.000000000
