OBJECTMODELPOINTER=33777c94-e4b9-4947-906f-f84480f3cb99.dev
BASEFAMILY=acc99b6e-6c0c-42b1-80ea-cb951afccffe.fam
BLHA=28.58307238,113.48148471,281.708531,287.849619
TRANSFORMMATRIX=-0.015172144,-0.999884896,0.000026515,0.000000000,0.999884896,-0.015172144,0.000002165,0.000000000,-0.000001764,0.000026545,1.000000000,0.000000000,-11.502224891,168.670779970,19.833201796,1.000000000
ENTITYNAME=Wire_Device
