OBJECTMODELPOINTER=33777c94-e4b9-4947-906f-f84480f3cb99.dev
BASEFAMILY=acdd9c4d-88b3-47b0-ac80-906e6f19e29c.fam
BLHA=28.78112316,113.48165670,163.744709,236.227775
TRANSFORMMATRIX=-0.000009397,-0.999999999,0.000034500,0.000000000,1.000000000,-0.000009397,0.000000236,0.000000000,-0.000000236,0.000034499,0.999999999,0.000000000,-0.980675291,219.433899523,59.359311013,1.000000000
ENTITYNAME=Wire_Device
