OBJECTMODELPOINTER=33777c94-e4b9-4947-906f-f84480f3cb99.dev
BASEFAMILY=ace3d55c-1f91-4517-89f4-a31771d32f85.fam
BLHA=28.56585701,113.49736639,238.961591,312.996987
TRANSFORMMATRIX=-0.001537311,-0.999998818,0.000034670,0.000000000,0.999998818,-0.001537310,0.000002147,0.000000000,-0.000002093,0.000034674,0.999999999,0.000000000,-13.903650002,220.751846918,19.455461452,1.000000000
ENTITYNAME=Wire_Device
