ENTITYNAME=WIRE
BASEFAMILY=acf62a0e-52c2-4639-be11-ef4911e47bfe.fam
OBJECTMODELPOINTER=81b82497-164d-48c0-b1cb-18fa700dacdf.dev
KVALUE=0.000000
SPLIT=4
POINT0.BLHA=28.49972812,113.43660808,222.066,200.251669
POINT0.MATRIX0=-0.346144382,-0.938181255,0.000000000,0.000000000,0.938181255,-0.346144382,0.000000000,0.000000000,0.000000000,-0.000000000,1.000000000,0.000000000,13.542578136,0.476121069,58.741103406,1.000000000
POINT0.MATRIX1=-0.346144382,-0.938181255,0.000000000,0.000000000,0.938181255,-0.346144382,0.000000000,0.000000000,0.000000000,-0.000000000,1.000000000,0.000000000,13.542578137,0.476121069,59.191100355,1.000000000
POINT0.MATRIX2=-0.346144382,-0.938181255,0.000000000,0.000000000,0.938181255,-0.346144382,0.000000000,0.000000000,0.000000000,-0.000000000,1.000000000,0.000000000,13.092716913,0.484075324,59.191100355,1.000000000
POINT0.MATRIX3=-0.346144382,-0.938181255,0.000000000,0.000000000,0.938181255,-0.346144382,0.000000000,0.000000000,0.000000000,-0.000000000,1.000000000,0.000000000,13.092716913,0.484075324,58.741103407,1.000000000
POINT1.BLHA=28.49972812,113.43660808,222.066,200.251669
POINT1.MATRIX0=-0.346144382,-0.938181255,0.000000000,0.000000000,0.938181255,-0.346144382,0.000000000,0.000000000,0.000000000,-0.000000000,1.000000000,0.000000000,13.544709302,0.596102128,58.741103406,1.000000000
POINT1.MATRIX1=-0.346144382,-0.938181255,0.000000000,0.000000000,0.938181255,-0.346144382,0.000000000,0.000000000,0.000000000,-0.000000000,1.000000000,0.000000000,13.544709302,0.596102128,59.191100355,1.000000000
POINT1.MATRIX2=-0.346144382,-0.938181255,0.000000000,0.000000000,0.938181255,-0.346144382,0.000000000,0.000000000,0.000000000,-0.000000000,1.000000000,0.000000000,13.094848082,0.604056390,59.191100355,1.000000000
POINT1.MATRIX3=-0.346144382,-0.938181255,0.000000000,0.000000000,0.938181255,-0.346144382,0.000000000,0.000000000,0.000000000,-0.000000000,1.000000000,0.000000000,13.094848082,0.604056390,58.741103407,1.000000000
