OBJECTMODELPOINTER=33777c94-e4b9-4947-906f-f84480f3cb99.dev
BASEFAMILY=ad07c801-bf01-41de-a229-a9eea9a51c3d.fam
BLHA=28.80679371,113.51083278,186.898436,227.348291
TRANSFORMMATRIX=-0.000007624,-1.000000000,0.000025862,0.000000000,1.000000000,-0.000007624,-0.000001691,0.000000000,0.000001692,0.000025863,1.000000000,0.000000000,11.192855180,164.656471395,34.715572803,1.000000000
ENTITYNAME=Wire_Device
