OBJECTMODELPOINTER=33777c94-e4b9-4947-906f-f84480f3cb99.dev
BASEFAMILY=ad16f07b-25d2-488a-b81f-6c12c661f8f7.fam
BLHA=28.58307238,113.48148471,281.708531,287.849619
TRANSFORMMATRIX=-0.015170526,-0.999884920,0.000036590,0.000000000,0.999884921,-0.015170526,0.000002194,0.000000000,-0.000001639,0.000036619,0.999999999,0.000000000,-10.807841151,232.673702648,12.737876131,1.000000000
ENTITYNAME=Wire_Device
