ENTITYNAME=WIRE
BASEFAMILY=ad21e35a-1716-48ce-9229-e484ef3df008.fam
OBJECTMODELPOINTER=81b82497-164d-48c0-b1cb-18fa700dacdf.dev
KVALUE=0.000000
SPLIT=4
POINT0.BLHA=28.69273331,113.45654991,185.538,277.425083
POINT0.MATRIX0=-0.991614682,0.129229724,-0.000000000,0.000000000,-0.129229724,-0.991614682,-0.000000000,0.000000000,-0.000000000,0.000000000,1.000000000,0.000000000,0.224940874,-0.000750232,31.000004810,1.000000000
POINT0.MATRIX1=-0.991614682,0.129229724,-0.000000000,0.000000000,-0.129229724,-0.991614682,-0.000000000,0.000000000,-0.000000000,0.000000000,1.000000000,0.000000000,0.224940875,-0.000750232,31.450001759,1.000000000
POINT0.MATRIX2=-0.991614682,0.129229724,-0.000000000,0.000000000,-0.129229724,-0.991614682,-0.000000000,0.000000000,-0.000000000,0.000000000,1.000000000,0.000000000,-0.225177966,-0.001178843,31.450001760,1.000000000
POINT0.MATRIX3=-0.991614682,0.129229724,-0.000000000,0.000000000,-0.129229724,-0.991614682,-0.000000000,0.000000000,-0.000000000,0.000000000,1.000000000,0.000000000,-0.225177966,-0.001178843,31.000004811,1.000000000
POINT1.BLHA=28.69273331,113.45654991,185.538,277.425083
POINT1.MATRIX0=-0.991614682,0.129229724,-0.000000000,0.000000000,-0.129229724,-0.991614682,-0.000000000,0.000000000,-0.000000000,0.000000000,1.000000000,0.000000000,0.224941642,0.109257199,31.000004810,1.000000000
POINT1.MATRIX1=-0.991614682,0.129229724,-0.000000000,0.000000000,-0.129229724,-0.991614682,-0.000000000,0.000000000,-0.000000000,0.000000000,1.000000000,0.000000000,0.224941642,0.109257199,31.450001760,1.000000000
POINT1.MATRIX2=-0.991614682,0.129229724,-0.000000000,0.000000000,-0.129229724,-0.991614682,-0.000000000,0.000000000,-0.000000000,0.000000000,1.000000000,0.000000000,-0.225177199,0.108828589,31.450001760,1.000000000
POINT1.MATRIX3=-0.991614682,0.129229724,-0.000000000,0.000000000,-0.129229724,-0.991614682,-0.000000000,0.000000000,-0.000000000,0.000000000,1.000000000,0.000000000,-0.225177199,0.108828588,31.000004811,1.000000000
