OBJECTMODELPOINTER=33777c94-e4b9-4947-906f-f84480f3cb99.dev
BASEFAMILY=ad22b23f-4a8e-4eb1-8a28-28d99659d969.fam
BLHA=28.72353047,113.45260943,123.369332,283.291091
TRANSFORMMATRIX=-0.000001716,-1.000000000,0.000005467,0.000000000,1.000000000,-0.000001716,-0.000001841,0.000000000,0.000001841,0.000005468,1.000000000,0.000000000,11.709907321,34.715842015,40.800369027,1.000000000
ENTITYNAME=Wire_Device
