OBJECTMODELPOINTER=33777c94-e4b9-4947-906f-f84480f3cb99.dev
BASEFAMILY=ad23ff7b-b1bb-466c-bfe3-8090c4f77ba0.fam
BLHA=28.62257154,113.46619683,208.116407,273.436520
TRANSFORMMATRIX=0.000003202,-0.999999997,0.000076735,0.000000000,1.000000000,0.000003202,0.000002311,0.000000000,-0.000002311,0.000076735,0.999999997,0.000000000,-14.904517004,487.301705632,11.123635450,1.000000000
ENTITYNAME=Wire_Device
