ENTITYNAME=WIRE
BASEFAMILY=ad2a8333-8291-40c2-99f2-6725c042a36f.fam
OBJECTMODELPOINTER=81b82497-164d-48c0-b1cb-18fa700dacdf.dev
KVALUE=0.113860
SPLIT=4
POINT0.BLHA=28.42958283,113.37956045,205.552,428.016547
POINT0.MATRIX0=0.927292005,0.374338801,0.000000000,0.000000000,-0.374338801,0.927292005,0.000000000,0.000000000,-0.000000000,0.000000000,1.000000000,0.000000000,2.476420067,9.429710220,33.846254806,1.000000000
POINT0.MATRIX1=0.927292005,0.374338801,0.000000000,0.000000000,-0.374338801,0.927292005,0.000000000,0.000000000,-0.000000000,0.000000000,1.000000000,0.000000000,2.729019098,9.405305952,34.276934127,1.000000000
POINT0.MATRIX2=0.927292005,0.374338801,0.000000000,0.000000000,-0.374338801,0.927292005,0.000000000,0.000000000,-0.000000000,0.000000000,1.000000000,0.000000000,2.371269891,10.181167601,34.572482030,1.000000000
POINT0.MATRIX3=0.927292005,0.374338801,0.000000000,0.000000000,-0.374338801,0.927292005,0.000000000,0.000000000,-0.000000000,0.000000000,1.000000000,0.000000000,2.118305240,10.206477405,34.141802768,1.000000000
POINT1.BLHA=28.42958283,113.37956045,205.552,428.016547
POINT1.MATRIX0=0.927292005,0.374338801,0.000000000,0.000000000,-0.374338801,0.927292005,0.000000000,0.000000000,-0.000000000,0.000000000,1.000000000,0.000000000,7.274749322,4.001637092,35.789994161,1.000000000
POINT1.MATRIX1=0.927292005,0.374338801,0.000000000,0.000000000,-0.374338801,0.927292005,0.000000000,0.000000000,-0.000000000,0.000000000,1.000000000,0.000000000,7.274749322,4.001637092,36.239994208,1.000000000
POINT1.MATRIX2=0.927292005,0.374338801,0.000000000,0.000000000,-0.374338801,0.927292005,0.000000000,0.000000000,-0.000000000,0.000000000,1.000000000,0.000000000,7.724749304,4.001636784,36.239994208,1.000000000
POINT1.MATRIX3=0.927292005,0.374338801,0.000000000,0.000000000,-0.374338801,0.927292005,0.000000000,0.000000000,-0.000000000,0.000000000,1.000000000,0.000000000,7.724749304,4.001636784,35.789994160,1.000000000
