ENTITYNAME=WIRE
BASEFAMILY=ad2d9c6a-e178-4e8d-a123-c58b119d2307.fam
OBJECTMODELPOINTER=81b82497-164d-48c0-b1cb-18fa700dacdf.dev
KVALUE=0.000000
SPLIT=4
POINT0.BLHA=28.52451102,113.49042735,376.991,210.734491
POINT0.MATRIX0=-0.511060437,-0.859544780,0.000000000,0.000000000,0.859544780,-0.511060437,0.000000000,0.000000000,0.000000000,0.000000000,1.000000000,0.000000000,12.954874522,0.595013765,43.741106737,1.000000000
POINT0.MATRIX1=-0.511060437,-0.859544780,0.000000000,0.000000000,0.859544780,-0.511060437,0.000000000,0.000000000,0.000000000,0.000000000,1.000000000,0.000000000,12.954874522,0.595013764,44.191103685,1.000000000
POINT0.MATRIX2=-0.511060437,-0.859544780,0.000000000,0.000000000,0.859544780,-0.511060437,0.000000000,0.000000000,0.000000000,0.000000000,1.000000000,0.000000000,12.504983725,0.604602211,44.191103684,1.000000000
POINT0.MATRIX3=-0.511060437,-0.859544780,0.000000000,0.000000000,0.859544780,-0.511060437,0.000000000,0.000000000,0.000000000,0.000000000,1.000000000,0.000000000,12.504983725,0.604602212,43.741106736,1.000000000
POINT1.BLHA=28.52451102,113.49042735,376.991,210.734491
POINT1.MATRIX0=-0.511060437,-0.859544780,0.000000000,0.000000000,0.859544780,-0.511060437,0.000000000,0.000000000,0.000000000,0.000000000,1.000000000,0.000000000,12.957438548,0.714985152,43.741106736,1.000000000
POINT1.MATRIX1=-0.511060437,-0.859544780,0.000000000,0.000000000,0.859544780,-0.511060437,0.000000000,0.000000000,0.000000000,0.000000000,1.000000000,0.000000000,12.957438548,0.714985152,44.191103684,1.000000000
POINT1.MATRIX2=-0.511060437,-0.859544780,0.000000000,0.000000000,0.859544780,-0.511060437,0.000000000,0.000000000,0.000000000,0.000000000,1.000000000,0.000000000,12.507547751,0.724573599,44.191103684,1.000000000
POINT1.MATRIX3=-0.511060437,-0.859544780,0.000000000,0.000000000,0.859544780,-0.511060437,0.000000000,0.000000000,0.000000000,0.000000000,1.000000000,0.000000000,12.507547751,0.724573599,43.741106736,1.000000000
