OBJECTMODELPOINTER=33777c94-e4b9-4947-906f-f84480f3cb99.dev
BASEFAMILY=ad36c591-bfb1-4bd1-85c1-811810fd54e2.fam
BLHA=28.26827851,113.48694026,97.359750,314.005848
TRANSFORMMATRIX=-0.593731808,-0.804662998,0.000005195,0.000000000,0.804662998,-0.593731808,0.000001158,0.000000000,0.000002153,0.000004868,1.000000000,0.000000000,13.623893934,30.954134044,44.542573876,1.000000000
ENTITYNAME=Wire_Device
