OBJECTMODELPOINTER=33777c94-e4b9-4947-906f-f84480f3cb99.dev
BASEFAMILY=ad45f694-3b74-48ef-85d5-902b320a82a1.fam
BLHA=28.74269478,113.45578230,73.560853,258.301958
TRANSFORMMATRIX=-0.000007372,-0.999999997,0.000073417,0.000000000,1.000000000,-0.000007371,0.000002497,0.000000000,-0.000002496,0.000073417,0.999999997,0.000000000,-15.449545494,466.306666663,73.401999833,1.000000000
ENTITYNAME=Wire_Device
