ENTITYNAME=WIRE
BASEFAMILY=ad48edbb-bb23-4686-a164-174d6b24a0c9.fam
OBJECTMODELPOINTER=31970f28-780e-4bf1-8adb-439f78c329a3.dev
KVALUE=0.000225
SPLIT=1
POINT0.BLHA=28.81044857,113.51462416,146.504,227.348291
POINT0.MATRIX0=-0.735485915,-0.677540012,0.000000000,0.000000000,0.677540012,-0.735485915,0.000000000,0.000000000,-0.000000000,-0.000000000,1.000000000,0.000000000,-9.868686726,0.310228960,54.558006930,1.000000000
POINT1.BLHA=28.80841146,113.51251091,171.151,227.348291
POINT1.MATRIX0=-0.735485915,-0.677540012,-0.000000000,0.000000000,0.677540012,-0.735485915,-0.000000000,0.000000000,0.000000000,0.000000000,1.000000000,0.000000000,-9.871317800,-0.309143061,54.558002824,1.000000000
