OBJECTMODELPOINTER=33777c94-e4b9-4947-906f-f84480f3cb99.dev
BASEFAMILY=ad8147eb-f77c-4d45-b934-c271bdbfe271.fam
BLHA=28.31294059,113.42646212,52.368358,335.449580
TRANSFORMMATRIX=0.000026203,-0.999999998,0.000060320,0.000000000,1.000000000,0.000026203,-0.000000850,0.000000000,0.000000848,0.000060320,0.999999998,0.000000000,4.637977327,384.668609801,55.790345741,1.000000000
ENTITYNAME=Wire_Device
