OBJECTMODELPOINTER=33777c94-e4b9-4947-906f-f84480f3cb99.dev
BASEFAMILY=ad874591-eab0-42c8-80b7-7596ac202ec9.fam
BLHA=28.64674167,113.46331381,165.940967,277.610658
TRANSFORMMATRIX=0.000001950,-1.000000000,0.000005563,0.000000000,1.000000000,0.000001950,0.000001881,0.000000000,-0.000001881,0.000005563,1.000000000,0.000000000,-12.028717837,35.340239209,30.280937011,1.000000000
ENTITYNAME=Wire_Device
