OBJECTMODELPOINTER=33777c94-e4b9-4947-906f-f84480f3cb99.dev
BASEFAMILY=ad97cd53-17d2-468a-b7db-8f2117ded9a2.fam
BLHA=28.27160371,113.47264060,64.950919,312.669055
TRANSFORMMATRIX=-0.005697920,-0.999983767,0.000018954,0.000000000,0.999983767,-0.005697920,-0.000001054,0.000000000,0.000001162,0.000018948,1.000000000,0.000000000,7.086080310,120.587406807,56.464460327,1.000000000
ENTITYNAME=Wire_Device
