OBJECTMODELPOINTER=33777c94-e4b9-4947-906f-f84480f3cb99.dev
BASEFAMILY=ada6f021-1b0b-4364-a091-027aee4567ec.fam
BLHA=28.28708442,113.44692142,57.763329,308.127846
TRANSFORMMATRIX=0.000589339,-0.999999826,0.000029504,0.000000000,0.999999826,0.000589339,0.000001338,0.000000000,-0.000001356,0.000029504,1.000000000,0.000000000,-9.110686184,187.737397542,33.080300118,1.000000000
ENTITYNAME=Wire_Device
