OBJECTMODELPOINTER=33777c94-e4b9-4947-906f-f84480f3cb99.dev
BASEFAMILY=ada91000-1440-4a22-8159-3758ecc200d6.fam
BLHA=28.28708442,113.44692142,57.763329,308.127846
TRANSFORMMATRIX=0.000592718,-0.999999824,0.000039642,0.000000000,0.999999824,0.000592718,0.000001359,0.000000000,-0.000001382,0.000039641,0.999999999,0.000000000,-9.443080923,252.239960991,34.563915303,1.000000000
ENTITYNAME=Wire_Device
