ENTITYNAME=WIRE
BASEFAMILY=adc6bbaa-ffc0-4e99-a0c3-f3700d8d21c8.fam
OBJECTMODELPOINTER=31970f28-780e-4bf1-8adb-439f78c329a3.dev
KVALUE=0.000240
SPLIT=1
POINT0.BLHA=28.44044510,113.38600635,302.502,242.026912
POINT0.MATRIX0=-0.883168008,-0.469056788,0.000000000,0.000000000,0.469056788,-0.883168008,0.000000000,0.000000000,0.000000000,0.000000000,1.000000000,0.000000000,-9.870228558,0.620162673,45.557999300,1.000000000
POINT1.BLHA=28.43802035,113.38456732,303.278,242.026912
POINT1.MATRIX0=-0.883168008,-0.469056788,-0.000000000,0.000000000,0.469056788,-0.883168008,0.000000000,0.000000000,-0.000000000,-0.000000000,1.000000000,0.000000000,-9.870283970,-0.619769962,45.557999986,1.000000000
