OBJECTMODELPOINTER=33777c94-e4b9-4947-906f-f84480f3cb99.dev
BASEFAMILY=adc74575-b687-4129-a35c-c0e234362768.fam
BLHA=28.69702652,113.45589279,149.051008,277.425083
TRANSFORMMATRIX=0.000003273,-0.999999999,0.000037801,0.000000000,1.000000000,0.000003273,0.000000146,0.000000000,-0.000000146,0.000037802,0.999999999,0.000000000,-1.094707117,240.071265216,34.053162122,1.000000000
ENTITYNAME=Wire_Device
