OBJECTMODELPOINTER=33777c94-e4b9-4947-906f-f84480f3cb99.dev
BASEFAMILY=add5c720-f139-4738-a0ad-572b9340d1b5.fam
BLHA=28.42194077,113.37713088,216.761088,254.006183
TRANSFORMMATRIX=-0.000004818,-1.000000000,0.000028071,0.000000000,1.000000000,-0.000004818,0.000000183,0.000000000,-0.000000183,0.000028071,1.000000000,0.000000000,-0.922672800,178.323475644,9.357285854,1.000000000
ENTITYNAME=Wire_Device
