OBJECTMODELPOINTER=33777c94-e4b9-4947-906f-f84480f3cb99.dev
BASEFAMILY=add5229e-ed16-42b9-b3f8-85362fa24909.fam
BLHA=28.31435017,113.39267151,117.559440,4.996372
TRANSFORMMATRIX=0.000025472,-0.999999998,0.000050983,0.000000000,1.000000000,0.000025472,-0.000000958,0.000000000,0.000000956,0.000050983,0.999999999,0.000000000,6.223684268,325.415823722,18.384380424,1.000000000
ENTITYNAME=Wire_Device
