OBJECTMODELPOINTER=33777c94-e4b9-4947-906f-f84480f3cb99.dev
BASEFAMILY=addf3142-e554-4c3a-a876-3f08895d1879.fam
BLHA=28.27757020,113.46637333,93.774105,312.669055
TRANSFORMMATRIX=0.001239894,-0.999999231,0.000029902,0.000000000,0.999999231,0.001239894,-0.000001494,0.000000000,0.000001457,0.000029904,1.000000000,0.000000000,8.786298161,190.320848464,35.272252291,1.000000000
ENTITYNAME=Wire_Device
