OBJECTMODELPOINTER=33777c94-e4b9-4947-906f-f84480f3cb99.dev
BASEFAMILY=ae07f541-3a23-4d3d-b401-6c7e0491ee79.fam
BLHA=28.76435807,113.46905293,179.070265,236.227775
TRANSFORMMATRIX=-0.000005038,-1.000000000,0.000014530,0.000000000,1.000000000,-0.000005038,0.000000103,0.000000000,-0.000000104,0.000014530,1.000000000,0.000000000,-0.436883129,92.418892035,11.707297539,1.000000000
ENTITYNAME=Wire_Device
