OBJECTMODELPOINTER=33777c94-e4b9-4947-906f-f84480f3cb99.dev
BASEFAMILY=ae16535c-34c5-4fc4-968a-de4712007482.fam
BLHA=28.41763874,113.37576334,172.022371,254.006183
TRANSFORMMATRIX=-0.000003510,-1.000000000,0.000027044,0.000000000,1.000000000,-0.000003510,0.000000177,0.000000000,-0.000000177,0.000027043,1.000000000,0.000000000,-0.890571820,171.796888260,39.553299837,1.000000000
ENTITYNAME=Wire_Device
