OBJECTMODELPOINTER=33777c94-e4b9-4947-906f-f84480f3cb99.dev
BASEFAMILY=ae1a693f-13ca-4e8c-b1b4-6ec9505d8e9e.fam
BLHA=28.50469488,113.45163258,174.515783,200.251669
TRANSFORMMATRIX=-0.011353584,-0.999935543,0.000074404,0.000000000,0.999935546,-0.011353584,-0.000000712,0.000000000,0.000001557,0.000074391,0.999999997,0.000000000,10.691695984,474.575687427,43.278838992,1.000000000
ENTITYNAME=Wire_Device
