ENTITYNAME=WIRE
BASEFAMILY=ae239770-8f57-455f-b1e1-b744ebe5ea08.fam
OBJECTMODELPOINTER=81b82497-164d-48c0-b1cb-18fa700dacdf.dev
KVALUE=0.000374
SPLIT=4
POINT0.BLHA=28.80183094,113.50568524,205.478,227.348291
POINT0.MATRIX0=-0.735485915,-0.677540012,-0.000000000,0.000000000,0.677540012,-0.735485915,0.000000000,0.000000000,-0.000000000,0.000000000,1.000000000,0.000000000,0.181369033,0.118750496,43.762688912,1.000000000
POINT0.MATRIX1=-0.735485915,-0.677540012,-0.000000000,0.000000000,0.677540012,-0.735485915,0.000000000,0.000000000,-0.000000000,0.000000000,1.000000000,0.000000000,0.218683141,0.118602533,44.211144722,1.000000000
POINT0.MATRIX2=-0.735485915,-0.677540012,-0.000000000,0.000000000,0.677540012,-0.735485915,0.000000000,0.000000000,-0.000000000,0.000000000,1.000000000,0.000000000,-0.230163520,0.119385591,44.248406685,1.000000000
POINT0.MATRIX3=-0.735485915,-0.677540012,-0.000000000,0.000000000,0.677540012,-0.735485915,0.000000000,0.000000000,-0.000000000,0.000000000,1.000000000,0.000000000,-0.267477627,0.119533553,43.799958503,1.000000000
POINT1.BLHA=28.79959310,113.50336431,218.110,224.374488
POINT1.MATRIX0=-0.699345139,-0.714784147,-0.000000000,0.000000000,0.714784147,-0.699345139,0.000000000,0.000000000,-0.000000000,0.000000000,1.000000000,0.000000000,2.149975432,-10.671135636,29.757393014,1.000000000
POINT1.MATRIX1=-0.699345139,-0.714784147,-0.000000000,0.000000000,0.714784147,-0.699345139,0.000000000,0.000000000,-0.000000000,0.000000000,1.000000000,0.000000000,1.936253132,-9.976333404,30.258491647,1.000000000
POINT1.MATRIX2=-0.699345139,-0.714784147,-0.000000000,0.000000000,0.714784147,-0.699345139,0.000000000,0.000000000,-0.000000000,0.000000000,1.000000000,0.000000000,1.477333962,-9.973402123,30.059105050,1.000000000
POINT1.MATRIX3=-0.699345139,-0.714784147,-0.000000000,0.000000000,0.714784147,-0.699345139,0.000000000,0.000000000,-0.000000000,0.000000000,1.000000000,0.000000000,1.692110848,-10.669919279,29.558014046,1.000000000
