ENTITYNAME=WIRE
BASEFAMILY=ae2bea49-a624-4e5a-bd7c-3d5cd9f4dbf9.fam
OBJECTMODELPOINTER=81b82497-164d-48c0-b1cb-18fa700dacdf.dev
KVALUE=0.000000
SPLIT=4
POINT0.BLHA=28.50469488,113.45163258,174.516,200.251669
POINT0.MATRIX0=-0.346144382,-0.938181255,0.000000000,0.000000000,0.938181255,-0.346144382,0.000000000,0.000000000,-0.000000000,-0.000000000,1.000000000,0.000000000,8.014970360,-0.001003578,25.789995254,1.000000000
POINT0.MATRIX1=-0.346144382,-0.938181255,0.000000000,0.000000000,0.938181255,-0.346144382,0.000000000,0.000000000,-0.000000000,-0.000000000,1.000000000,0.000000000,8.014970360,-0.001003577,26.239995242,1.000000000
POINT0.MATRIX2=-0.346144382,-0.938181255,0.000000000,0.000000000,0.938181255,-0.346144382,0.000000000,0.000000000,-0.000000000,-0.000000000,1.000000000,0.000000000,7.564970430,-0.001003439,26.239995243,1.000000000
POINT0.MATRIX3=-0.346144382,-0.938181255,0.000000000,0.000000000,0.938181255,-0.346144382,0.000000000,0.000000000,-0.000000000,-0.000000000,1.000000000,0.000000000,7.564970430,-0.001003439,25.789995255,1.000000000
POINT1.BLHA=28.50469488,113.45163258,174.516,200.251669
POINT1.MATRIX0=-0.346144382,-0.938181255,0.000000000,0.000000000,0.938181255,-0.346144382,0.000000000,0.000000000,-0.000000000,-0.000000000,1.000000000,0.000000000,8.014970283,0.000996442,25.789995254,1.000000000
POINT1.MATRIX1=-0.346144382,-0.938181255,0.000000000,0.000000000,0.938181255,-0.346144382,0.000000000,0.000000000,-0.000000000,-0.000000000,1.000000000,0.000000000,8.014970283,0.000996442,26.239995242,1.000000000
POINT1.MATRIX2=-0.346144382,-0.938181255,0.000000000,0.000000000,0.938181255,-0.346144382,0.000000000,0.000000000,-0.000000000,-0.000000000,1.000000000,0.000000000,7.564970409,0.000996559,26.239995242,1.000000000
POINT1.MATRIX3=-0.346144382,-0.938181255,0.000000000,0.000000000,0.938181255,-0.346144382,0.000000000,0.000000000,-0.000000000,-0.000000000,1.000000000,0.000000000,7.564970409,0.000996559,25.789995254,1.000000000
