OBJECTMODELPOINTER=33777c94-e4b9-4947-906f-f84480f3cb99.dev
BASEFAMILY=ae3b9fac-1fc3-4e82-b1df-a1f909741003.fam
BLHA=28.54296028,113.51100370,560.594660,255.750198
TRANSFORMMATRIX=-0.000006070,-0.999999999,0.000052508,0.000000000,1.000000000,-0.000006070,0.000000278,0.000000000,-0.000000279,0.000052509,0.999999999,0.000000000,-1.360482436,333.557959041,-22.715652687,1.000000000
ENTITYNAME=Wire_Device
