OBJECTMODELPOINTER=33777c94-e4b9-4947-906f-f84480f3cb99.dev
BASEFAMILY=ae4aa328-8d8c-40d9-88f6-191bb0cb7b22.fam
BLHA=28.27407839,113.47004129,94.944746,312.669055
TRANSFORMMATRIX=-0.001723181,-0.999998515,0.000029429,0.000000000,0.999998515,-0.001723181,-0.000001080,0.000000000,0.000001131,0.000029427,1.000000000,0.000000000,6.714270895,187.286619755,13.986432248,1.000000000
ENTITYNAME=Wire_Device
