OBJECTMODELPOINTER=33777c94-e4b9-4947-906f-f84480f3cb99.dev
BASEFAMILY=ae53e6ee-4979-4b78-be1b-b679ca75dfc9.fam
BLHA=28.26907527,113.47529619,67.190721,514.001895
TRANSFORMMATRIX=-0.365289043,0.930894148,0.000032070,0.000000000,-0.930894148,-0.365289043,0.000001645,0.000000000,0.000013245,-0.000029253,1.000000000,0.000000000,84.576214893,-186.707094676,61.943606296,1.000000000
ENTITYNAME=Wire_Device
