ENTITYNAME=WIRE
BASEFAMILY=ae5fadfd-ff77-44a1-84f8-fa67752f6325.fam
OBJECTMODELPOINTER=81b82497-164d-48c0-b1cb-18fa700dacdf.dev
KVALUE=0.000367
SPLIT=4
POINT0.BLHA=28.59065738,113.47867622,222.764,291.241310
POINT0.MATRIX0=-0.932062828,0.362296680,0.000000000,0.000000000,-0.362296680,-0.932062828,0.000000000,0.000000000,0.000000000,-0.000000000,1.000000000,0.000000000,8.410051148,9.348119114,31.839190799,1.000000000
POINT0.MATRIX1=-0.932062828,0.362296680,0.000000000,0.000000000,-0.362296680,-0.932062828,0.000000000,0.000000000,0.000000000,-0.000000000,1.000000000,0.000000000,8.459124174,9.977073401,32.457335788,1.000000000
POINT0.MATRIX2=-0.932062828,0.362296680,0.000000000,0.000000000,-0.362296680,-0.932062828,0.000000000,0.000000000,0.000000000,-0.000000000,1.000000000,0.000000000,7.960703703,10.016269377,32.457213718,1.000000000
POINT0.MATRIX3=-0.932062828,0.362296680,0.000000000,0.000000000,-0.362296680,-0.932062828,0.000000000,0.000000000,0.000000000,-0.000000000,1.000000000,0.000000000,7.911453775,9.386859982,31.839190800,1.000000000
POINT1.BLHA=28.58865070,113.47941927,287.209,287.849619
POINT1.MATRIX0=-0.951864299,0.306519749,0.000000000,0.000000000,-0.306519749,-0.951864299,-0.000000000,0.000000000,0.000000000,0.000000000,1.000000000,0.000000000,12.097442831,-0.715537163,43.741101598,1.000000000
POINT1.MATRIX1=-0.951864299,0.306519749,0.000000000,0.000000000,-0.306519749,-0.951864299,-0.000000000,0.000000000,0.000000000,0.000000000,1.000000000,0.000000000,12.097442831,-0.715537162,44.191102362,1.000000000
POINT1.MATRIX2=-0.951864299,0.306519749,0.000000000,0.000000000,-0.306519749,-0.951864299,-0.000000000,0.000000000,0.000000000,0.000000000,1.000000000,0.000000000,11.647256507,-0.724460048,44.191102361,1.000000000
POINT1.MATRIX3=-0.951864299,0.306519749,0.000000000,0.000000000,-0.306519749,-0.951864299,-0.000000000,0.000000000,0.000000000,0.000000000,1.000000000,0.000000000,11.647256507,-0.724460048,43.741101598,1.000000000
