OBJECTMODELPOINTER=33777c94-e4b9-4947-906f-f84480f3cb99.dev
BASEFAMILY=ae69688d-f555-4dc9-bb26-e1f879ad82fe.fam
BLHA=28.49037109,113.42431436,249.696550,224.957371
TRANSFORMMATRIX=-0.000002118,-1.000000000,0.000004999,0.000000000,1.000000000,-0.000002118,0.000000041,0.000000000,-0.000000041,0.000004998,1.000000000,0.000000000,-0.177917431,31.823377489,37.033385477,1.000000000
ENTITYNAME=Wire_Device
