OBJECTMODELPOINTER=33777c94-e4b9-4947-906f-f84480f3cb99.dev
BASEFAMILY=ae737dda-4d3f-4d47-a7de-71dbc36ca754.fam
BLHA=28.59065738,113.47867622,222.763908,291.241310
TRANSFORMMATRIX=-0.040581347,-0.999176238,0.000020514,0.000000000,0.999176238,-0.040581347,0.000001237,0.000000000,-0.000000404,0.000020548,1.000000000,0.000000000,-2.802567200,130.575059062,68.479386353,1.000000000
ENTITYNAME=Wire_Device
