ENTITYNAME=WIRE
BASEFAMILY=ae762631-6a5d-4cdf-bbfe-9859399f7345.fam
OBJECTMODELPOINTER=81b82497-164d-48c0-b1cb-18fa700dacdf.dev
KVALUE=0.000370
SPLIT=4
POINT0.BLHA=28.67276970,113.45923535,192.994,456.641966
POINT0.MATRIX0=0.993288314,-0.115664713,-0.000000000,0.000000000,0.115664713,0.993288314,-0.000000000,0.000000000,0.000000000,-0.000000000,1.000000000,0.000000000,7.492779826,-9.346652739,27.943036839,1.000000000
POINT0.MATRIX1=0.993288314,-0.115664713,-0.000000000,0.000000000,0.115664713,0.993288314,-0.000000000,0.000000000,0.000000000,-0.000000000,1.000000000,0.000000000,7.517041788,-10.184181786,28.221013829,1.000000000
POINT0.MATRIX2=0.993288314,-0.115664713,-0.000000000,0.000000000,0.115664713,0.993288314,-0.000000000,0.000000000,0.000000000,-0.000000000,1.000000000,0.000000000,8.016951984,-10.169640534,28.221013829,1.000000000
POINT0.MATRIX3=0.993288314,-0.115664713,-0.000000000,0.000000000,0.115664713,0.993288314,-0.000000000,0.000000000,0.000000000,-0.000000000,1.000000000,0.000000000,7.992568772,-9.332097368,27.942800327,1.000000000
POINT1.BLHA=28.66842498,113.45991630,145.503,277.610658
POINT1.MATRIX0=-0.991190922,0.132440763,0.000000000,0.000000000,-0.132440763,-0.991190922,-0.000000000,0.000000000,-0.000000000,0.000000000,1.000000000,0.000000000,-13.095696876,-0.111208156,58.000002190,1.000000000
POINT1.MATRIX1=-0.991190922,0.132440763,0.000000000,0.000000000,-0.132440763,-0.991190922,-0.000000000,0.000000000,-0.000000000,0.000000000,1.000000000,0.000000000,-13.095696876,-0.111208155,58.449999139,1.000000000
POINT1.MATRIX2=-0.991190922,0.132440763,0.000000000,0.000000000,-0.132440763,-0.991190922,-0.000000000,0.000000000,-0.000000000,0.000000000,1.000000000,0.000000000,-13.545556071,-0.108242964,58.449999139,1.000000000
POINT1.MATRIX3=-0.991190922,0.132440763,0.000000000,0.000000000,-0.132440763,-0.991190922,-0.000000000,0.000000000,-0.000000000,0.000000000,1.000000000,0.000000000,-13.545556071,-0.108242965,58.000002190,1.000000000
