OBJECTMODELPOINTER=33777c94-e4b9-4947-906f-f84480f3cb99.dev
BASEFAMILY=ae809565-9c81-46ef-b6eb-7906b49a8ceb.fam
BLHA=28.28368001,113.45281448,67.001736,340.232800
TRANSFORMMATRIX=0.000026333,-0.999999998,0.000050304,0.000000000,1.000000000,0.000026333,-0.000000991,0.000000000,0.000000990,0.000050304,0.999999999,0.000000000,5.758112870,320.889037065,40.834117019,1.000000000
ENTITYNAME=Wire_Device
