OBJECTMODELPOINTER=33777c94-e4b9-4947-906f-f84480f3cb99.dev
BASEFAMILY=ae8ac407-9e4a-4c96-ad09-02dcd4f5af61.fam
BLHA=28.30399811,113.43961542,62.139238,477.400140
TRANSFORMMATRIX=0.162983144,0.986628852,0.000054590,0.000000000,-0.986628854,0.162983145,-0.000001512,0.000000000,-0.000010389,-0.000053614,0.999999998,0.000000000,-65.514751324,-340.678527823,54.221940848,1.000000000
ENTITYNAME=Wire_Device
