OBJECTMODELPOINTER=33777c94-e4b9-4947-906f-f84480f3cb99.dev
BASEFAMILY=ae977670-b8b3-4d3d-b95f-c5d9d6171223.fam
BLHA=28.31435017,113.39267151,117.559440,4.996372
TRANSFORMMATRIX=0.000011330,-1.000000000,0.000016119,0.000000000,1.000000000,0.000011330,-0.000001464,0.000000000,0.000001465,0.000016119,1.000000000,0.000000000,9.343275781,102.889222368,36.715301317,1.000000000
ENTITYNAME=Wire_Device
