OBJECTMODELPOINTER=33777c94-e4b9-4947-906f-f84480f3cb99.dev
BASEFAMILY=aeaa25df-3950-4c0d-9f9a-ce08b5a69e3c.fam
BLHA=28.38706938,113.36490839,130.458199,249.667673
TRANSFORMMATRIX=-0.000006333,-1.000000000,0.000026540,0.000000000,1.000000000,-0.000006333,0.000000188,0.000000000,-0.000000189,0.000026540,1.000000000,0.000000000,-0.914030959,168.633060146,37.846701549,1.000000000
ENTITYNAME=Wire_Device
