OBJECTMODELPOINTER=33777c94-e4b9-4947-906f-f84480f3cb99.dev
BASEFAMILY=aee2f107-ac0b-4265-9bd9-40edffbb7ea0.fam
BLHA=28.51174980,113.46636581,279.463297,210.734491
TRANSFORMMATRIX=0.007003081,-0.999975476,0.000061143,0.000000000,0.999975478,0.007003081,0.000001593,0.000000000,-0.000002021,0.000061131,0.999999998,0.000000000,-11.965482469,389.657804281,-16.511100522,1.000000000
ENTITYNAME=Wire_Device
