ENTITYNAME=WIRE
BASEFAMILY=aef6b4bb-42f7-426a-8367-10b6b70d8a00.fam
OBJECTMODELPOINTER=81b82497-164d-48c0-b1cb-18fa700dacdf.dev
KVALUE=0.000000
SPLIT=4
POINT0.BLHA=28.53971514,113.51008635,497.100,255.750198
POINT0.MATRIX0=-0.969231762,-0.246149938,-0.000000000,0.000000000,0.246149938,-0.969231762,-0.000000000,0.000000000,-0.000000000,-0.000000000,1.000000000,0.000000000,-12.504835298,0.001061215,40.000003051,1.000000000
POINT0.MATRIX1=-0.969231762,-0.246149938,-0.000000000,0.000000000,0.246149938,-0.969231762,-0.000000000,0.000000000,-0.000000000,-0.000000000,1.000000000,0.000000000,-12.504835298,0.001061215,40.450015258,1.000000000
POINT0.MATRIX2=-0.969231762,-0.246149938,-0.000000000,0.000000000,0.246149938,-0.969231762,-0.000000000,0.000000000,-0.000000000,-0.000000000,1.000000000,0.000000000,-12.954715113,-0.000911693,40.450015258,1.000000000
POINT0.MATRIX3=-0.969231762,-0.246149938,-0.000000000,0.000000000,0.246149938,-0.969231762,-0.000000000,0.000000000,-0.000000000,-0.000000000,1.000000000,0.000000000,-12.954715113,-0.000911693,40.000003051,1.000000000
POINT1.BLHA=28.53971514,113.51008635,497.100,255.750198
POINT1.MATRIX0=-0.969231762,-0.246149938,-0.000000000,0.000000000,0.246149938,-0.969231762,-0.000000000,0.000000000,-0.000000000,-0.000000000,1.000000000,0.000000000,-12.505319262,0.111046100,40.000003051,1.000000000
POINT1.MATRIX1=-0.969231762,-0.246149938,-0.000000000,0.000000000,0.246149938,-0.969231762,-0.000000000,0.000000000,-0.000000000,-0.000000000,1.000000000,0.000000000,-12.505319262,0.111046099,40.450015258,1.000000000
POINT1.MATRIX2=-0.969231762,-0.246149938,-0.000000000,0.000000000,0.246149938,-0.969231762,-0.000000000,0.000000000,-0.000000000,-0.000000000,1.000000000,0.000000000,-12.955199078,0.109073191,40.450015258,1.000000000
POINT1.MATRIX3=-0.969231762,-0.246149938,-0.000000000,0.000000000,0.246149938,-0.969231762,-0.000000000,0.000000000,-0.000000000,-0.000000000,1.000000000,0.000000000,-12.955199078,0.109073191,40.000003051,1.000000000
