OBJECTMODELPOINTER=33777c94-e4b9-4947-906f-f84480f3cb99.dev
BASEFAMILY=af0209dc-13a0-4ea0-aac0-6111c98cc03b.fam
BLHA=28.29509828,113.44289412,61.743516,287.794387
TRANSFORMMATRIX=0.000001846,-1.000000000,0.000004561,0.000000000,1.000000000,0.000001846,0.000001068,0.000000000,-0.000001069,0.000004561,1.000000000,0.000000000,-6.860310453,28.985355772,56.289329343,1.000000000
ENTITYNAME=Wire_Device
