OBJECTMODELPOINTER=33777c94-e4b9-4947-906f-f84480f3cb99.dev
BASEFAMILY=af25921e-7378-4462-9ed9-a9eae4426146.fam
BLHA=28.62257154,113.46619683,208.116407,273.436520
TRANSFORMMATRIX=0.000002829,-0.999999998,0.000066078,0.000000000,1.000000000,0.000002829,0.000002267,0.000000000,-0.000002267,0.000066079,0.999999998,0.000000000,-14.602546103,419.627970165,5.116514455,1.000000000
ENTITYNAME=Wire_Device
