ENTITYNAME=WIRE
BASEFAMILY=af38a858-ba68-431d-adfb-17ad7d04123f.fam
OBJECTMODELPOINTER=81b82497-164d-48c0-b1cb-18fa700dacdf.dev
KVALUE=0.000369
SPLIT=4
POINT0.BLHA=28.73032666,113.45294372,113.432,258.301958
POINT0.MATRIX0=-0.979229741,-0.202753828,0.000000000,0.000000000,0.202753828,-0.979229741,0.000000000,0.000000000,-0.000000000,-0.000000000,1.000000000,0.000000000,-13.095224735,0.110314627,58.000001780,1.000000000
POINT0.MATRIX1=-0.979229741,-0.202753828,0.000000000,0.000000000,0.202753828,-0.979229741,0.000000000,0.000000000,-0.000000000,-0.000000000,1.000000000,0.000000000,-13.095224736,0.110314627,58.450013987,1.000000000
POINT0.MATRIX2=-0.979229741,-0.202753828,0.000000000,0.000000000,0.202753828,-0.979229741,0.000000000,0.000000000,-0.000000000,-0.000000000,1.000000000,0.000000000,-13.545200888,0.108894493,58.450013987,1.000000000
POINT0.MATRIX3=-0.979229741,-0.202753828,0.000000000,0.000000000,0.202753828,-0.979229741,0.000000000,0.000000000,-0.000000000,-0.000000000,1.000000000,0.000000000,-13.545200888,0.108894493,58.000001780,1.000000000
POINT1.BLHA=28.72596649,113.45194319,126.517,450.796525
POINT1.MATRIX0=0.999903369,-0.013901533,0.000000000,0.000000000,0.013901533,0.999903369,0.000000000,0.000000000,-0.000000000,-0.000000000,1.000000000,0.000000000,9.202004681,9.287912423,28.512775494,1.000000000
POINT1.MATRIX1=0.999903369,-0.013901533,0.000000000,0.000000000,0.013901533,0.999903369,0.000000000,0.000000000,-0.000000000,-0.000000000,1.000000000,0.000000000,9.388941636,10.080312159,28.846927715,1.000000000
POINT1.MATRIX2=0.999903369,-0.013901533,0.000000000,0.000000000,0.013901533,0.999903369,0.000000000,0.000000000,-0.000000000,-0.000000000,1.000000000,0.000000000,9.876075700,9.968060651,28.846637799,1.000000000
POINT1.MATRIX3=0.999903369,-0.013901533,0.000000000,0.000000000,0.013901533,0.999903369,0.000000000,0.000000000,-0.000000000,-0.000000000,1.000000000,0.000000000,9.688352092,9.171765225,28.513065411,1.000000000
