OBJECTMODELPOINTER=33777c94-e4b9-4947-906f-f84480f3cb99.dev
BASEFAMILY=af393060-a832-4f30-8570-ddb12f2aea83.fam
BLHA=28.31498130,113.40038482,72.539572,2.946268
TRANSFORMMATRIX=-0.031812262,-0.999493862,0.000015490,0.000000000,0.999493862,-0.031812262,-0.000001099,0.000000000,0.000001591,0.000015448,1.000000000,0.000000000,10.130177559,98.603608859,53.611392337,1.000000000
ENTITYNAME=Wire_Device
