OBJECTMODELPOINTER=33777c94-e4b9-4947-906f-f84480f3cb99.dev
BASEFAMILY=af403e1f-5f1c-48fa-836c-bc87344a0de4.fam
BLHA=28.71568525,113.45475484,179.580025,274.089521
TRANSFORMMATRIX=-0.156430577,-0.987688956,0.000037521,0.000000000,0.987688956,-0.156430577,0.000000007,0.000000000,0.000005863,0.000037060,0.999999999,0.000000000,37.334729096,235.335816579,41.440818338,1.000000000
ENTITYNAME=Wire_Device
