OBJECTMODELPOINTER=33777c94-e4b9-4947-906f-f84480f3cb99.dev
BASEFAMILY=af43f2f3-1d49-4e81-979d-fcb377587ead.fam
BLHA=28.31294059,113.42646212,52.368358,335.449580
TRANSFORMMATRIX=0.000014678,-0.999999999,0.000028164,0.000000000,1.000000000,0.000014678,-0.000001056,0.000000000,0.000001055,0.000028165,1.000000000,0.000000000,6.357254957,179.600063960,22.321239511,1.000000000
ENTITYNAME=Wire_Device
