OBJECTMODELPOINTER=33777c94-e4b9-4947-906f-f84480f3cb99.dev
BASEFAMILY=af4b07f0-5306-4147-8a06-a3fa35528fa3.fam
BLHA=28.39632770,113.36872548,122.542167,249.667673
TRANSFORMMATRIX=-0.000015097,-0.999999997,0.000079721,0.000000000,1.000000000,-0.000015097,-0.000001536,0.000000000,0.000001537,0.000079722,0.999999997,0.000000000,10.665494215,506.569900755,66.920348093,1.000000000
ENTITYNAME=Wire_Device
