OBJECTMODELPOINTER=33777c94-e4b9-4947-906f-f84480f3cb99.dev
BASEFAMILY=af52709f-e0c2-4efd-bdd9-ad41085d15e0.fam
BLHA=28.79022096,113.49139881,176.212376,221.400685
TRANSFORMMATRIX=0.000995215,-0.999999502,0.000074088,0.000000000,0.999999505,0.000995216,0.000002509,0.000000000,-0.000002582,0.000074085,0.999999997,0.000000000,-15.229645680,471.798018979,-13.687257964,1.000000000
ENTITYNAME=Wire_Device
