OBJECTMODELPOINTER=33777c94-e4b9-4947-906f-f84480f3cb99.dev
BASEFAMILY=af5c6d56-1855-4e9b-9e4a-30942c7418d8.fam
BLHA=28.71568525,113.45475484,179.580025,274.089521
TRANSFORMMATRIX=-0.156430099,-0.987689032,0.000026565,0.000000000,0.987689032,-0.156430099,-0.000000048,0.000000000,0.000004203,0.000026231,1.000000000,0.000000000,26.765616596,166.569107775,35.797557979,1.000000000
ENTITYNAME=Wire_Device
