ENTITYNAME=WIRE
BASEFAMILY=af860b4c-5a92-491e-9820-b4ba34525a3b.fam
OBJECTMODELPOINTER=81b82497-164d-48c0-b1cb-18fa700dacdf.dev
KVALUE=0.000000
SPLIT=4
POINT0.BLHA=28.79022096,113.49139881,176.212,221.400685
POINT0.MATRIX0=-0.661320829,-0.750103167,0.000000000,0.000000000,0.750103167,-0.661320829,-0.000000000,0.000000000,-0.000000000,0.000000000,1.000000000,0.000000000,12.955283168,0.000187353,43.000002431,1.000000000
POINT0.MATRIX1=-0.661320829,-0.750103167,0.000000000,0.000000000,0.750103167,-0.661320829,-0.000000000,0.000000000,-0.000000000,0.000000000,1.000000000,0.000000000,12.955283168,0.000187353,43.449999379,1.000000000
POINT0.MATRIX2=-0.661320829,-0.750103167,0.000000000,0.000000000,0.750103167,-0.661320829,-0.000000000,0.000000000,-0.000000000,0.000000000,1.000000000,0.000000000,12.506319943,-0.001069582,43.449999378,1.000000000
POINT0.MATRIX3=-0.661320829,-0.750103167,0.000000000,0.000000000,0.750103167,-0.661320829,-0.000000000,0.000000000,-0.000000000,0.000000000,1.000000000,0.000000000,12.506319943,-0.001069582,43.000002431,1.000000000
POINT1.BLHA=28.79022096,113.49139881,176.212,221.400685
POINT1.MATRIX0=-0.661320829,-0.750103167,0.000000000,0.000000000,0.750103167,-0.661320829,-0.000000000,0.000000000,-0.000000000,0.000000000,1.000000000,0.000000000,12.955348082,0.110181716,43.000002432,1.000000000
POINT1.MATRIX1=-0.661320829,-0.750103167,0.000000000,0.000000000,0.750103167,-0.661320829,-0.000000000,0.000000000,-0.000000000,0.000000000,1.000000000,0.000000000,12.955348082,0.110181716,43.449999380,1.000000000
POINT1.MATRIX2=-0.661320829,-0.750103167,0.000000000,0.000000000,0.750103167,-0.661320829,-0.000000000,0.000000000,-0.000000000,0.000000000,1.000000000,0.000000000,12.506384858,0.108924782,43.449999379,1.000000000
POINT1.MATRIX3=-0.661320829,-0.750103167,0.000000000,0.000000000,0.750103167,-0.661320829,-0.000000000,0.000000000,-0.000000000,0.000000000,1.000000000,0.000000000,12.506384858,0.108924782,43.000002432,1.000000000
