OBJECTMODELPOINTER=33777c94-e4b9-4947-906f-f84480f3cb99.dev
BASEFAMILY=afb38658-fb2b-48af-99eb-39d7cc66829f.fam
BLHA=28.51511181,113.47270360,348.782405,210.734491
TRANSFORMMATRIX=-0.001216447,-0.999999260,0.000016870,0.000000000,0.999999260,-0.001216447,0.000002208,0.000000000,-0.000002188,0.000016873,1.000000000,0.000000000,-13.662840711,107.526339307,44.503260133,1.000000000
ENTITYNAME=Wire_Device
