OBJECTMODELPOINTER=33777c94-e4b9-4947-906f-f84480f3cb99.dev
BASEFAMILY=afb4437c-2324-48be-b2de-35465f11d0e6.fam
BLHA=28.31402241,113.42375188,48.067305,335.449580
TRANSFORMMATRIX=0.002225924,-0.999997523,0.000005509,0.000000000,0.999997523,0.002225924,-0.000001536,0.000000000,0.000001523,0.000005512,1.000000000,0.000000000,9.613570455,35.136883463,52.129428347,1.000000000
ENTITYNAME=Wire_Device
