OBJECTMODELPOINTER=33777c94-e4b9-4947-906f-f84480f3cb99.dev
BASEFAMILY=afb9b666-787a-465b-89e7-292b6051f6f2.fam
BLHA=28.28492071,113.44885804,59.682173,504.180323
TRANSFORMMATRIX=-0.280980759,0.959713400,0.000049318,0.000000000,-0.959713401,-0.280980759,-0.000001173,0.000000000,0.000012731,-0.000047661,0.999999999,0.000000000,81.737786032,-303.881405659,57.528058251,1.000000000
ENTITYNAME=Wire_Device
