ENTITYNAME=WIRE
BASEFAMILY=afbdea0e-04bf-47ae-9417-c24d1331162a.fam
OBJECTMODELPOINTER=81b82497-164d-48c0-b1cb-18fa700dacdf.dev
KVALUE=0.000369
SPLIT=4
POINT0.BLHA=28.53408910,113.50849608,458.182,233.242345
POINT0.MATRIX0=-0.801173862,-0.598431653,0.000000000,0.000000000,0.598431653,-0.801173862,0.000000000,0.000000000,-0.000000000,0.000000000,1.000000000,0.000000000,10.475640471,8.481119186,27.641603026,1.000000000
POINT0.MATRIX1=-0.801173862,-0.598431653,0.000000000,0.000000000,0.598431653,-0.801173862,0.000000000,0.000000000,-0.000000000,0.000000000,1.000000000,0.000000000,10.807297447,9.261818627,27.889100585,1.000000000
POINT0.MATRIX2=-0.801173862,-0.598431653,0.000000000,0.000000000,0.598431653,-0.801173862,0.000000000,0.000000000,-0.000000000,0.000000000,1.000000000,0.000000000,10.346839573,9.457252286,27.888978514,1.000000000
POINT0.MATRIX3=-0.801173862,-0.598431653,0.000000000,0.000000000,0.598431653,-0.801173862,0.000000000,0.000000000,-0.000000000,0.000000000,1.000000000,0.000000000,10.015292173,8.676406147,27.641618285,1.000000000
POINT1.BLHA=28.53088729,113.50245510,443.025,210.734491
POINT1.MATRIX0=-0.511060437,-0.859544780,-0.000000000,0.000000000,0.859544780,-0.511060437,-0.000000000,0.000000000,-0.000000000,-0.000000000,1.000000000,0.000000000,12.095699988,-0.108618077,43.000000431,1.000000000
POINT1.MATRIX1=-0.511060437,-0.859544780,-0.000000000,0.000000000,0.859544780,-0.511060437,-0.000000000,0.000000000,-0.000000000,-0.000000000,1.000000000,0.000000000,12.095699988,-0.108618077,43.450012638,1.000000000
POINT1.MATRIX2=-0.511060437,-0.859544780,-0.000000000,0.000000000,0.859544780,-0.511060437,-0.000000000,0.000000000,-0.000000000,-0.000000000,1.000000000,0.000000000,11.645565529,-0.111382287,43.450012637,1.000000000
POINT1.MATRIX3=-0.511060437,-0.859544780,-0.000000000,0.000000000,0.859544780,-0.511060437,-0.000000000,0.000000000,-0.000000000,-0.000000000,1.000000000,0.000000000,11.645565529,-0.111382286,43.000000431,1.000000000
