ENTITYNAME=WIRE
BASEFAMILY=afcb5f16-61f4-4203-a8f1-d8b47fcb5759.fam
OBJECTMODELPOINTER=81b82497-164d-48c0-b1cb-18fa700dacdf.dev
KVALUE=0.000000
SPLIT=4
POINT0.BLHA=28.30786495,113.43629033,62.970,307.005893
POINT0.MATRIX0=-0.798573609,0.601897160,-0.000000000,0.000000000,-0.601897160,-0.798573609,-0.000000000,0.000000000,0.000000000,-0.000000000,1.000000000,0.000000000,6.601795197,0.000286456,61.366815464,1.000000000
POINT0.MATRIX1=-0.798573609,0.601897160,-0.000000000,0.000000000,-0.601897160,-0.798573609,-0.000000000,0.000000000,0.000000000,-0.000000000,1.000000000,0.000000000,6.789004540,0.001038394,61.830667392,1.000000000
POINT0.MATRIX2=-0.798573609,0.601897160,-0.000000000,0.000000000,-0.601897160,-0.798573609,-0.000000000,0.000000000,0.000000000,-0.000000000,1.000000000,0.000000000,6.325087021,0.000955449,62.017328159,1.000000000
POINT0.MATRIX3=-0.798573609,0.601897160,-0.000000000,0.000000000,-0.601897160,-0.798573609,-0.000000000,0.000000000,0.000000000,-0.000000000,1.000000000,0.000000000,6.137877677,0.000203510,61.553476230,1.000000000
POINT1.BLHA=28.30786495,113.43629033,62.970,307.005893
POINT1.MATRIX0=-0.798573609,0.601897160,-0.000000000,0.000000000,-0.601897160,-0.798573609,-0.000000000,0.000000000,0.000000000,-0.000000000,1.000000000,0.000000000,6.601798597,0.130291697,61.366815463,1.000000000
POINT1.MATRIX1=-0.798573609,0.601897160,-0.000000000,0.000000000,-0.601897160,-0.798573609,-0.000000000,0.000000000,0.000000000,-0.000000000,1.000000000,0.000000000,6.789007940,0.131043635,61.830667392,1.000000000
POINT1.MATRIX2=-0.798573609,0.601897160,-0.000000000,0.000000000,-0.601897160,-0.798573609,-0.000000000,0.000000000,0.000000000,-0.000000000,1.000000000,0.000000000,6.325090421,0.130960689,62.017328160,1.000000000
POINT1.MATRIX3=-0.798573609,0.601897160,-0.000000000,0.000000000,-0.601897160,-0.798573609,-0.000000000,0.000000000,0.000000000,-0.000000000,1.000000000,0.000000000,6.137881077,0.130208751,61.553476230,1.000000000
