OBJECTMODELPOINTER=33777c94-e4b9-4947-906f-f84480f3cb99.dev
BASEFAMILY=afd3f2e8-2520-470a-b86d-75a9216403b4.fam
BLHA=28.44044510,113.38600635,302.501930,242.026912
TRANSFORMMATRIX=-0.000003441,-1.000000000,0.000017211,0.000000000,1.000000000,-0.000003441,0.000001986,0.000000000,-0.000001986,0.000017210,1.000000000,0.000000000,-12.428748370,109.389667332,27.482010891,1.000000000
ENTITYNAME=Wire_Device
