OBJECTMODELPOINTER=33777c94-e4b9-4947-906f-f84480f3cb99.dev
BASEFAMILY=afeb2881-ce6a-4e62-977f-149942db6c02.fam
BLHA=28.31135450,113.43043530,49.303319,335.449580
TRANSFORMMATRIX=0.001550892,-0.999998797,0.000015876,0.000000000,0.999998797,0.001550892,0.000001102,0.000000000,-0.000001127,0.000015874,1.000000000,0.000000000,-7.359442610,101.248960001,50.823276816,1.000000000
ENTITYNAME=Wire_Device
