OBJECTMODELPOINTER=33777c94-e4b9-4947-906f-f84480f3cb99.dev
BASEFAMILY=affb8939-7039-42b5-9db1-629dd8604c07.fam
BLHA=28.51626918,113.47488562,373.286539,210.734491
TRANSFORMMATRIX=-0.005832987,-0.999982988,0.000014091,0.000000000,0.999982988,-0.005832987,-0.000001773,0.000000000,0.000001855,0.000014080,1.000000000,0.000000000,11.999650250,89.784559878,34.545617330,1.000000000
ENTITYNAME=Wire_Device
