OBJECTMODELPOINTER=33777c94-e4b9-4947-906f-f84480f3cb99.dev
BASEFAMILY=b007a55b-34a1-4333-be45-c50f26246af8.fam
BLHA=28.58865070,113.47941927,287.208654,287.849619
TRANSFORMMATRIX=0.002246995,-0.999997474,0.000063439,0.000000000,0.999997475,0.002246996,0.000002038,0.000000000,-0.000002180,0.000063434,0.999999998,0.000000000,-14.521721223,403.046507051,9.486310199,1.000000000
ENTITYNAME=Wire_Device
