OBJECTMODELPOINTER=33777c94-e4b9-4947-906f-f84480f3cb99.dev
BASEFAMILY=b008309f-836b-4414-b46c-781aad17a997.fam
BLHA=28.44044510,113.38600635,302.501930,242.026912
TRANSFORMMATRIX=-0.000005030,-1.000000000,0.000017190,0.000000000,1.000000000,-0.000005030,0.000000128,0.000000000,-0.000000128,0.000017189,1.000000000,0.000000000,-0.583090969,109.281957616,27.459604934,1.000000000
ENTITYNAME=Wire_Device
