ENTITYNAME=WIRE
BASEFAMILY=b016f809-d952-4030-b5e7-e53b16e7df69.fam
OBJECTMODELPOINTER=31970f28-780e-4bf1-8adb-439f78c329a3.dev
KVALUE=0.000240
SPLIT=1
POINT0.BLHA=28.73433869,113.45386444,142.659,258.301958
POINT0.MATRIX0=-0.979229741,-0.202753828,0.000000000,0.000000000,0.202753828,-0.979229741,0.000000000,0.000000000,-0.000000000,-0.000000000,1.000000000,0.000000000,4.777964663,1.699435682,44.721741050,1.000000000
POINT1.BLHA=28.73032666,113.45294372,113.432,258.301958
POINT1.MATRIX0=-0.979229741,-0.202753828,0.000000000,0.000000000,0.202753828,-0.979229741,0.000000000,0.000000000,-0.000000000,-0.000000000,1.000000000,0.000000000,11.320398347,-0.310055029,69.558010928,1.000000000
