OBJECTMODELPOINTER=33777c94-e4b9-4947-906f-f84480f3cb99.dev
BASEFAMILY=b0404775-379c-4f63-b30e-fdf9145180e2.fam
BLHA=28.60573334,113.47075261,228.044876,294.633001
TRANSFORMMATRIX=0.000008285,-0.999999999,0.000036862,0.000000000,1.000000000,0.000008285,0.000000090,0.000000000,-0.000000090,0.000036863,0.999999999,0.000000000,-1.036183989,234.298526339,8.140528846,1.000000000
ENTITYNAME=Wire_Device
