OBJECTMODELPOINTER=33777c94-e4b9-4947-906f-f84480f3cb99.dev
BASEFAMILY=b06fc8b8-b4e8-465b-b338-3f3986d09ee7.fam
BLHA=28.31534552,113.42043692,48.733934,348.172871
TRANSFORMMATRIX=-0.219593684,-0.975591417,0.000028848,0.000000000,0.975591418,-0.219593684,-0.000001045,0.000000000,0.000007354,0.000027914,1.000000000,0.000000000,46.520856248,178.090809675,51.930309137,1.000000000
ENTITYNAME=Wire_Device
