OBJECTMODELPOINTER=33777c94-e4b9-4947-906f-f84480f3cb99.dev
BASEFAMILY=b0708531-45a5-47d1-a72d-6df25570d5a0.fam
BLHA=28.36075913,113.35996262,84.531423,278.143009
TRANSFORMMATRIX=-0.001110885,-0.999999383,0.000005448,0.000000000,0.999999383,-0.001110885,0.000002211,0.000000000,-0.000002205,0.000005450,1.000000000,0.000000000,-14.095780231,34.625413412,40.451593333,1.000000000
ENTITYNAME=Wire_Device
