OBJECTMODELPOINTER=33777c94-e4b9-4947-906f-f84480f3cb99.dev
BASEFAMILY=b07c09d6-3c06-473d-86a8-c2c480dade72.fam
BLHA=28.55813742,113.50479443,276.608256,304.990571
TRANSFORMMATRIX=0.000960464,-0.999999539,0.000018710,0.000000000,0.999999539,0.000960464,0.000002122,0.000000000,-0.000002140,0.000018708,1.000000000,0.000000000,-13.925170334,119.036012478,43.020304956,1.000000000
ENTITYNAME=Wire_Device
