OBJECTMODELPOINTER=33777c94-e4b9-4947-906f-f84480f3cb99.dev
BASEFAMILY=b09eeb37-66bb-4cd3-af7f-9b6f15a666ab.fam
BLHA=28.53971514,113.51008635,497.099735,255.750198
TRANSFORMMATRIX=-0.007006276,-0.999975455,0.000050063,0.000000000,0.999975456,-0.007006276,0.000002262,0.000000000,-0.000001912,0.000050077,0.999999999,0.000000000,-11.803944467,318.100111887,-22.640802728,1.000000000
ENTITYNAME=Wire_Device
