OBJECTMODELPOINTER=33777c94-e4b9-4947-906f-f84480f3cb99.dev
BASEFAMILY=b0a1c0be-6f06-4c3d-9d43-ccbb637caa08.fam
BLHA=28.49379582,113.42815973,297.068153,224.957371
TRANSFORMMATRIX=0.002717784,-0.999996307,0.000005137,0.000000000,0.999996307,0.002717784,-0.000002055,0.000000000,0.000002040,0.000005143,1.000000000,0.000000000,13.077527326,32.775140646,49.159271392,1.000000000
ENTITYNAME=Wire_Device
