OBJECTMODELPOINTER=33777c94-e4b9-4947-906f-f84480f3cb99.dev
BASEFAMILY=b0a78e73-5a17-49ea-afd2-de99bda27dfd.fam
BLHA=28.28708442,113.44692142,57.763329,308.127846
TRANSFORMMATRIX=-0.006492928,-0.999978920,0.000040507,0.000000000,0.999978921,-0.006492928,-0.000001465,0.000000000,0.000001728,0.000040497,0.999999999,0.000000000,10.356505618,257.631522612,45.472508703,1.000000000
ENTITYNAME=Wire_Device
