OBJECTMODELPOINTER=33777c94-e4b9-4947-906f-f84480f3cb99.dev
BASEFAMILY=b0a99090-0357-49ad-9512-edbdc19021f0.fam
BLHA=28.65134658,113.46259240,159.100648,277.610658
TRANSFORMMATRIX=0.000003008,-0.999999999,0.000051926,0.000000000,1.000000000,0.000003008,-0.000001663,0.000000000,0.000001662,0.000051926,0.999999999,0.000000000,10.387091559,329.764949862,21.082089589,1.000000000
ENTITYNAME=Wire_Device
