ENTITYNAME=WIRE
BASEFAMILY=b0af7afb-1285-4010-9e62-2e315d020f3a.fam
OBJECTMODELPOINTER=31970f28-780e-4bf1-8adb-439f78c329a3.dev
KVALUE=0.000287
SPLIT=1
POINT0.BLHA=28.30399811,113.43961542,62.139,477.400140
POINT0.MATRIX0=0.887814260,-0.460201956,-0.000000000,0.000000000,0.460201956,0.887814260,-0.000000000,0.000000000,-0.000000000,0.000000000,1.000000000,0.000000000,12.319896482,0.858292521,66.984741438,1.000000000
POINT1.BLHA=28.30399811,113.43961542,62.139,477.400140
POINT1.MATRIX0=0.887814260,-0.460201956,-0.000000000,0.000000000,0.460201956,0.887814260,-0.000000000,0.000000000,-0.000000000,0.000000000,1.000000000,0.000000000,12.320173629,-0.858505817,66.971614081,1.000000000
