OBJECTMODELPOINTER=33777c94-e4b9-4947-906f-f84480f3cb99.dev
BASEFAMILY=b0ba1d67-0647-4efd-bbe9-313b0ed996d7.fam
BLHA=28.31529425,113.41760444,47.126172,0.896163
TRANSFORMMATRIX=0.009087378,-0.999958709,0.000005099,0.000000000,0.999958709,0.009087378,0.000001202,0.000000000,-0.000001249,0.000005088,1.000000000,0.000000000,-7.925765055,32.473031679,28.928824686,1.000000000
ENTITYNAME=Wire_Device
