OBJECTMODELPOINTER=33777c94-e4b9-4947-906f-f84480f3cb99.dev
BASEFAMILY=b0c3c78b-74f0-4a93-aecd-7cfb2dd6428c.fam
BLHA=28.65134658,113.46259240,159.100648,277.610658
TRANSFORMMATRIX=0.000000515,-1.000000000,0.000004883,0.000000000,1.000000000,0.000000515,0.000000019,0.000000000,-0.000000019,0.000004883,1.000000000,0.000000000,-0.139337074,31.010272456,37.714433443,1.000000000
ENTITYNAME=Wire_Device
