ENTITYNAME=WIRE
BASEFAMILY=b0caf695-5bc6-40da-b157-3a04d57e023e.fam
OBJECTMODELPOINTER=31970f28-780e-4bf1-8adb-439f78c329a3.dev
KVALUE=0.000287
SPLIT=1
POINT0.BLHA=28.42958283,113.37956045,205.552,428.016547
POINT0.MATRIX0=0.927292005,0.374338801,0.000000000,0.000000000,-0.374338801,0.927292005,0.000000000,0.000000000,-0.000000000,0.000000000,1.000000000,0.000000000,-5.456325570,1.361854730,41.024873534,1.000000000
POINT1.BLHA=28.42958283,113.37956045,205.552,428.016547
POINT1.MATRIX0=0.927292005,0.374338801,0.000000000,0.000000000,-0.374338801,0.927292005,0.000000000,0.000000000,-0.000000000,0.000000000,1.000000000,0.000000000,-5.457655878,-1.360339209,40.950696687,1.000000000
