OBJECTMODELPOINTER=33777c94-e4b9-4947-906f-f84480f3cb99.dev
BASEFAMILY=b0ec3ee6-a080-4f3c-845a-d51b4f61f46e.fam
BLHA=28.59525170,113.47626182,222.708449,294.633001
TRANSFORMMATRIX=-0.002317628,-0.999997314,0.000027753,0.000000000,0.999997314,-0.002317628,0.000000067,0.000000000,-0.000000002,0.000027753,1.000000000,0.000000000,-0.362133854,176.396544473,14.220871966,1.000000000
ENTITYNAME=Wire_Device
