OBJECTMODELPOINTER=33777c94-e4b9-4947-906f-f84480f3cb99.dev
BASEFAMILY=b0f3452d-7997-43d2-911c-a541ac3bb0d0.fam
BLHA=28.31502906,113.40300484,68.016258,0.896163
TRANSFORMMATRIX=0.001282255,-0.999999177,0.000034779,0.000000000,0.999999178,0.001282255,0.000001235,0.000000000,-0.000001279,0.000034777,0.999999999,0.000000000,-8.104161919,221.985558898,61.057456910,1.000000000
ENTITYNAME=Wire_Device
