OBJECTMODELPOINTER=33777c94-e4b9-4947-906f-f84480f3cb99.dev
BASEFAMILY=b108c92d-2bfa-460a-88af-78163896e3dd.fam
BLHA=28.32292443,113.37625760,67.775568,311.415680
TRANSFORMMATRIX=-0.001724712,-0.999998510,0.000069171,0.000000000,0.999998513,-0.001724712,-0.000000855,0.000000000,0.000000974,0.000069169,0.999999998,0.000000000,5.066589060,440.203903056,40.344635184,1.000000000
ENTITYNAME=Wire_Device
