OBJECTMODELPOINTER=33777c94-e4b9-4947-906f-f84480f3cb99.dev
BASEFAMILY=b12687d3-1761-4566-a812-a081a55336b6.fam
BLHA=28.45588678,113.39517230,249.934153,242.026912
TRANSFORMMATRIX=-0.005760203,-0.999983410,0.000014138,0.000000000,0.999983410,-0.005760203,0.000000106,0.000000000,-0.000000024,0.000014138,1.000000000,0.000000000,0.039250548,89.884214951,19.526745124,1.000000000
ENTITYNAME=Wire_Device
