OBJECTMODELPOINTER=33777c94-e4b9-4947-906f-f84480f3cb99.dev
BASEFAMILY=b129d03d-5df2-4559-b680-6b92c95e6bcb.fam
BLHA=28.36995278,113.36656265,67.148041,253.042546
TRANSFORMMATRIX=0.276854064,-0.960911977,0.000000678,0.000000000,0.960911977,0.276854064,-0.000001299,0.000000000,0.000001060,0.000001011,1.000000000,0.000000000,6.774978814,6.435754259,36.207589958,1.000000000
ENTITYNAME=Wire_Device
