OBJECTMODELPOINTER=33777c94-e4b9-4947-906f-f84480f3cb99.dev
BASEFAMILY=b134f6ad-0fa8-4dc2-b150-5c453715edeb.fam
BLHA=28.43346852,113.38186613,283.381825,242.026912
TRANSFORMMATRIX=-0.011111602,-0.999938264,0.000038925,0.000000000,0.999938264,-0.011111602,0.000002283,0.000000000,-0.000001850,0.000038948,0.999999999,0.000000000,-11.261618597,247.580673608,-27.920789718,1.000000000
ENTITYNAME=Wire_Device
