ENTITYNAME=WIRE
BASEFAMILY=b14185f2-9373-4135-b771-a7e443e1c0d0.fam
OBJECTMODELPOINTER=81b82497-164d-48c0-b1cb-18fa700dacdf.dev
KVALUE=0.000000
SPLIT=4
POINT0.BLHA=28.76435807,113.46905293,179.070,236.227775
POINT0.MATRIX0=-0.831254041,-0.555892723,0.000000000,0.000000000,0.555892723,-0.831254041,0.000000000,0.000000000,0.000000000,-0.000000000,1.000000000,0.000000000,12.094444707,0.000115273,27.999998791,1.000000000
POINT0.MATRIX1=-0.831254041,-0.555892723,0.000000000,0.000000000,0.555892723,-0.831254041,0.000000000,0.000000000,0.000000000,-0.000000000,1.000000000,0.000000000,12.094444707,0.000115273,28.449995740,1.000000000
POINT0.MATRIX2=-0.831254041,-0.555892723,0.000000000,0.000000000,0.555892723,-0.831254041,0.000000000,0.000000000,0.000000000,-0.000000000,1.000000000,0.000000000,11.645374803,0.000554740,28.449995741,1.000000000
POINT0.MATRIX3=-0.831254041,-0.555892723,0.000000000,0.000000000,0.555892723,-0.831254041,0.000000000,0.000000000,0.000000000,-0.000000000,1.000000000,0.000000000,11.645374804,0.000554740,27.999998792,1.000000000
POINT1.BLHA=28.76435807,113.46905293,179.070,236.227775
POINT1.MATRIX0=-0.831254041,-0.555892723,0.000000000,0.000000000,0.555892723,-0.831254041,0.000000000,0.000000000,0.000000000,-0.000000000,1.000000000,0.000000000,12.094862539,0.110110590,27.999998792,1.000000000
POINT1.MATRIX1=-0.831254041,-0.555892723,0.000000000,0.000000000,0.555892723,-0.831254041,0.000000000,0.000000000,0.000000000,-0.000000000,1.000000000,0.000000000,12.094862538,0.110110590,28.449995740,1.000000000
POINT1.MATRIX2=-0.831254041,-0.555892723,0.000000000,0.000000000,0.555892723,-0.831254041,0.000000000,0.000000000,0.000000000,-0.000000000,1.000000000,0.000000000,11.645792635,0.110550057,28.449995740,1.000000000
POINT1.MATRIX3=-0.831254041,-0.555892723,0.000000000,0.000000000,0.555892723,-0.831254041,0.000000000,0.000000000,0.000000000,-0.000000000,1.000000000,0.000000000,11.645792635,0.110550057,27.999998792,1.000000000
