OBJECTMODELPOINTER=33777c94-e4b9-4947-906f-f84480f3cb99.dev
BASEFAMILY=b1452c8c-e96a-4660-a26e-5f382ca5843e.fam
BLHA=28.30070252,113.44082959,73.741833,287.794387
TRANSFORMMATRIX=-0.001850765,-0.999998287,0.000005556,0.000000000,0.999998287,-0.001850765,-0.000001113,0.000000000,0.000001123,0.000005554,1.000000000,0.000000000,7.111693012,35.275147280,34.544478264,1.000000000
ENTITYNAME=Wire_Device
