ENTITYNAME=WIRE
BASEFAMILY=b147cc3e-93ec-40e8-b42d-c3b5110a8c74.fam
OBJECTMODELPOINTER=81b82497-164d-48c0-b1cb-18fa700dacdf.dev
KVALUE=0.000369
SPLIT=4
POINT0.BLHA=28.47144509,113.40546217,294.358,229.813402
POINT0.MATRIX0=-0.763946986,-0.645279012,0.000000000,0.000000000,0.645279012,-0.763946986,0.000000000,0.000000000,-0.000000000,0.000000000,1.000000000,0.000000000,12.956535842,0.717385879,43.741099536,1.000000000
POINT0.MATRIX1=-0.763946986,-0.645279012,0.000000000,0.000000000,0.645279012,-0.763946986,0.000000000,0.000000000,-0.000000000,0.000000000,1.000000000,0.000000000,12.956535842,0.717385878,44.191100299,1.000000000
POINT0.MATRIX2=-0.763946986,-0.645279012,0.000000000,0.000000000,0.645279012,-0.763946986,0.000000000,0.000000000,-0.000000000,0.000000000,1.000000000,0.000000000,12.506233316,0.723081439,44.191100299,1.000000000
POINT0.MATRIX3=-0.763946986,-0.645279012,0.000000000,0.000000000,0.645279012,-0.763946986,0.000000000,0.000000000,-0.000000000,0.000000000,1.000000000,0.000000000,12.506233316,0.723081439,43.741099536,1.000000000
POINT1.BLHA=28.46846127,113.40263855,250.773,415.920157
POINT1.MATRIX0=0.828257519,0.560347644,0.000000000,0.000000000,-0.560347644,0.828257519,-0.000000000,0.000000000,0.000000000,0.000000000,1.000000000,0.000000000,-6.936085496,9.564025639,29.546277727,1.000000000
POINT1.MATRIX1=0.828257519,0.560347644,0.000000000,0.000000000,-0.560347644,0.828257519,-0.000000000,0.000000000,0.000000000,0.000000000,1.000000000,0.000000000,-6.862418575,10.331320052,29.975976670,1.000000000
POINT1.MATRIX2=0.828257519,0.560347644,0.000000000,0.000000000,-0.560347644,0.828257519,-0.000000000,0.000000000,0.000000000,0.000000000,1.000000000,0.000000000,-6.364806389,10.284190654,29.975976670,1.000000000
POINT1.MATRIX3=0.828257519,0.560347644,0.000000000,0.000000000,-0.560347644,0.828257519,-0.000000000,0.000000000,0.000000000,0.000000000,1.000000000,0.000000000,-6.437795280,9.516765426,29.546262468,1.000000000
