ENTITYNAME=WIRE
BASEFAMILY=b15659b2-3778-457f-9091-a3a4341a1cae.fam
OBJECTMODELPOINTER=81b82497-164d-48c0-b1cb-18fa700dacdf.dev
KVALUE=0.000370
SPLIT=4
POINT0.BLHA=28.39632770,113.36872548,122.542,249.667673
POINT0.MATRIX0=-0.937693038,-0.347464771,0.000000000,0.000000000,0.347464771,-0.937693038,0.000000000,0.000000000,-0.000000000,0.000000000,1.000000000,0.000000000,0.181319609,0.120596547,59.478137610,1.000000000
POINT0.MATRIX1=-0.937693038,-0.347464771,0.000000000,0.000000000,0.347464771,-0.937693038,0.000000000,0.000000000,-0.000000000,0.000000000,1.000000000,0.000000000,0.214694369,0.120466230,59.926913854,1.000000000
POINT0.MATRIX2=-0.937693038,-0.347464771,0.000000000,0.000000000,0.347464771,-0.937693038,0.000000000,0.000000000,-0.000000000,0.000000000,1.000000000,0.000000000,-0.233931215,0.119817673,59.960178015,1.000000000
POINT0.MATRIX3=-0.937693038,-0.347464771,0.000000000,0.000000000,0.347464771,-0.937693038,0.000000000,0.000000000,-0.000000000,0.000000000,1.000000000,0.000000000,-0.266848117,0.120117649,59.511401771,1.000000000
POINT1.BLHA=28.39175425,113.36683981,143.500,249.667673
POINT1.MATRIX0=-0.937693038,-0.347464771,-0.000000000,0.000000000,0.347464771,-0.937693038,-0.000000000,0.000000000,0.000000000,0.000000000,1.000000000,0.000000000,0.181763343,-0.120127332,53.478133204,1.000000000
POINT1.MATRIX1=-0.937693038,-0.347464771,-0.000000000,0.000000000,0.347464771,-0.937693038,-0.000000000,0.000000000,0.000000000,0.000000000,1.000000000,0.000000000,0.215138103,-0.120257648,53.926901820,1.000000000
POINT1.MATRIX2=-0.937693038,-0.347464771,-0.000000000,0.000000000,0.347464771,-0.937693038,-0.000000000,0.000000000,0.000000000,0.000000000,1.000000000,0.000000000,-0.233826802,-0.119990491,53.960165980,1.000000000
POINT1.MATRIX3=-0.937693038,-0.347464771,-0.000000000,0.000000000,0.347464771,-0.937693038,-0.000000000,0.000000000,0.000000000,0.000000000,1.000000000,0.000000000,-0.266743704,-0.119690514,53.511397365,1.000000000
