OBJECTMODELPOINTER=33777c94-e4b9-4947-906f-f84480f3cb99.dev
BASEFAMILY=b159cbe9-54fb-478f-a3aa-63c70baf995e.fam
BLHA=28.80679371,113.51083278,186.898436,227.348291
TRANSFORMMATRIX=-0.000020416,-0.999999998,0.000055391,0.000000000,1.000000000,-0.000020416,0.000002235,0.000000000,-0.000002234,0.000055391,0.999999998,0.000000000,-13.320596114,352.556668229,49.796735961,1.000000000
ENTITYNAME=Wire_Device
