OBJECTMODELPOINTER=33777c94-e4b9-4947-906f-f84480f3cb99.dev
BASEFAMILY=b1602931-5c0e-45f1-a71e-b04adb261540.fam
BLHA=28.32292443,113.37625760,67.775568,311.415680
TRANSFORMMATRIX=0.001252544,-0.999999215,0.000026877,0.000000000,0.999999216,0.001252544,0.000001108,0.000000000,-0.000001142,0.000026876,1.000000000,0.000000000,-7.714813489,171.065504857,39.594309816,1.000000000
ENTITYNAME=Wire_Device
