OBJECTMODELPOINTER=33777c94-e4b9-4947-906f-f84480f3cb99.dev
BASEFAMILY=b16496f2-a95a-4b9d-9bfa-6153d64b0d0b.fam
BLHA=28.42194077,113.37713088,216.761088,254.006183
TRANSFORMMATRIX=0.001190786,-0.999999291,0.000017156,0.000000000,0.999999291,0.001190786,0.000002107,0.000000000,-0.000002127,0.000017154,1.000000000,0.000000000,-13.423748600,108.952119116,19.692125797,1.000000000
ENTITYNAME=Wire_Device
