OBJECTMODELPOINTER=33777c94-e4b9-4947-906f-f84480f3cb99.dev
BASEFAMILY=b17e3b03-22bd-4147-80d6-1a99d7e7853f.fam
BLHA=28.71568525,113.45475484,179.580025,274.089521
TRANSFORMMATRIX=-0.173934719,-0.984757185,0.000006747,0.000000000,0.984757185,-0.173934719,-0.000001097,0.000000000,0.000002254,0.000006454,1.000000000,0.000000000,14.370565522,40.978516748,28.674268425,1.000000000
ENTITYNAME=Wire_Device
