OBJECTMODELPOINTER=33777c94-e4b9-4947-906f-f84480f3cb99.dev
BASEFAMILY=b1816ece-0e60-4f56-8eab-061fc11ce0ce.fam
BLHA=28.81044857,113.51462416,146.504318,227.348291
TRANSFORMMATRIX=-0.000015958,-0.999999999,0.000043225,0.000000000,1.000000000,-0.000015958,0.000002152,0.000000000,-0.000002151,0.000043225,0.999999999,0.000000000,-12.992771530,275.115666072,62.234575492,1.000000000
ENTITYNAME=Wire_Device
