ENTITYNAME=WIRE
BASEFAMILY=b19b558f-d9ad-4c3a-a0ae-b3e5dc644f65.fam
OBJECTMODELPOINTER=81b82497-164d-48c0-b1cb-18fa700dacdf.dev
KVALUE=0.000371
SPLIT=4
POINT0.BLHA=28.34901903,113.36193338,109.289,278.143009
POINT0.MATRIX0=-0.989917611,0.141644356,0.000000000,0.000000000,-0.141644356,-0.989917611,-0.000000000,0.000000000,-0.000000000,0.000000000,1.000000000,0.000000000,12.094548640,0.720688211,34.741108985,1.000000000
POINT0.MATRIX1=-0.989917611,0.141644356,0.000000000,0.000000000,-0.141644356,-0.989917611,-0.000000000,0.000000000,-0.000000000,0.000000000,1.000000000,0.000000000,12.094548640,0.720688211,35.191105933,1.000000000
POINT0.MATRIX2=-0.989917611,0.141644356,0.000000000,0.000000000,-0.141644356,-0.989917611,-0.000000000,0.000000000,-0.000000000,0.000000000,1.000000000,0.000000000,11.644319883,0.718027497,35.191105934,1.000000000
POINT0.MATRIX3=-0.989917611,0.141644356,0.000000000,0.000000000,-0.141644356,-0.989917611,-0.000000000,0.000000000,-0.000000000,0.000000000,1.000000000,0.000000000,11.644319884,0.718027497,34.741108986,1.000000000
POINT1.BLHA=28.34583559,113.36246769,78.593,278.143009
POINT1.MATRIX0=-0.989917611,0.141644356,0.000000000,0.000000000,-0.141644356,-0.989917611,-0.000000000,0.000000000,-0.000000000,0.000000000,1.000000000,0.000000000,13.545351131,-0.719137949,52.741101834,1.000000000
POINT1.MATRIX1=-0.989917611,0.141644356,0.000000000,0.000000000,-0.141644356,-0.989917611,-0.000000000,0.000000000,-0.000000000,0.000000000,1.000000000,0.000000000,13.545351131,-0.719137949,53.191098782,1.000000000
POINT1.MATRIX2=-0.989917611,0.141644356,0.000000000,0.000000000,-0.141644356,-0.989917611,-0.000000000,0.000000000,-0.000000000,0.000000000,1.000000000,0.000000000,13.095122375,-0.721798663,53.191098782,1.000000000
POINT1.MATRIX3=-0.989917611,0.141644356,0.000000000,0.000000000,-0.141644356,-0.989917611,-0.000000000,0.000000000,-0.000000000,0.000000000,1.000000000,0.000000000,13.095122374,-0.721798663,52.741101834,1.000000000
