OBJECTMODELPOINTER=33777c94-e4b9-4947-906f-f84480f3cb99.dev
BASEFAMILY=b1bdbdc3-9b95-481b-9397-01450a67f46b.fam
BLHA=28.28708442,113.44692142,57.763329,308.127846
TRANSFORMMATRIX=-0.004719827,-0.999988862,0.000005663,0.000000000,0.999988862,-0.004719827,-0.000001075,0.000000000,0.000001102,0.000005658,1.000000000,0.000000000,6.929381343,35.978627314,66.489563874,1.000000000
ENTITYNAME=Wire_Device
