OBJECTMODELPOINTER=33777c94-e4b9-4947-906f-f84480f3cb99.dev
BASEFAMILY=b1dde0f6-2f45-4c33-a613-c5cbab97308e.fam
BLHA=28.50595381,113.45544189,275.037773,205.493080
TRANSFORMMATRIX=0.037714265,-0.999288564,-0.000000806,0.000000000,0.999288564,0.037714265,-0.000001230,0.000000000,0.000001260,-0.000000760,1.000000000,0.000000000,7.995578082,-4.825014172,25.488402455,1.000000000
ENTITYNAME=Wire_Device
