OBJECTMODELPOINTER=33777c94-e4b9-4947-906f-f84480f3cb99.dev
BASEFAMILY=b1f1dd05-a59f-4838-878d-3694a2d69988.fam
BLHA=28.66021577,113.46120276,152.793290,277.610658
TRANSFORMMATRIX=-0.005250666,-0.999986214,0.000037370,0.000000000,0.999986215,-0.005250666,0.000002230,0.000000000,-0.000002033,0.000037382,0.999999999,0.000000000,-13.143547290,237.412990983,55.000193792,1.000000000
ENTITYNAME=Wire_Device
