OBJECTMODELPOINTER=33777c94-e4b9-4947-906f-f84480f3cb99.dev
BASEFAMILY=b201ea2a-5d4b-4b15-9613-bf1eb37ee3be.fam
BLHA=28.36075913,113.35996262,84.531423,278.143009
TRANSFORMMATRIX=0.000004802,-1.000000000,0.000028616,0.000000000,1.000000000,0.000004802,0.000000134,0.000000000,-0.000000134,0.000028615,1.000000000,0.000000000,-0.989425466,181.727958573,23.310608187,1.000000000
ENTITYNAME=Wire_Device
