OBJECTMODELPOINTER=33777c94-e4b9-4947-906f-f84480f3cb99.dev
BASEFAMILY=b2496aa5-f14f-46fb-b492-0a35bced76b1.fam
BLHA=28.73433869,113.45386444,142.659000,258.301958
TRANSFORMMATRIX=0.007942597,-0.999968456,0.000054663,0.000000000,0.999968457,0.007942597,0.000001826,0.000000000,-0.000002260,0.000054647,0.999999998,0.000000000,-14.064237469,347.081866651,15.602137990,1.000000000
ENTITYNAME=Wire_Device
