OBJECTMODELPOINTER=33777c94-e4b9-4947-906f-f84480f3cb99.dev
BASEFAMILY=b25447b4-64b1-40e7-878c-a215259a97d6.fam
BLHA=28.32854622,113.36798434,68.151851,482.460958
TRANSFORMMATRIX=-0.107172690,0.994240421,0.000018344,0.000000000,-0.994240421,-0.107172690,0.000000242,0.000000000,0.000002207,-0.000018212,1.000000000,0.000000000,14.338057794,-115.852406521,23.029961578,1.000000000
ENTITYNAME=Wire_Device
