OBJECTMODELPOINTER=33777c94-e4b9-4947-906f-f84480f3cb99.dev
BASEFAMILY=b25b9c2f-0548-413c-af74-e9d7eea4ff12.fam
BLHA=28.62772353,113.46582002,199.212660,273.436520
TRANSFORMMATRIX=0.000002843,-0.999999997,0.000073874,0.000000000,1.000000000,0.000002843,0.000000305,0.000000000,-0.000000306,0.000073874,0.999999997,0.000000000,-2.095539416,469.130281277,31.020799003,1.000000000
ENTITYNAME=Wire_Device
