OBJECTMODELPOINTER=33777c94-e4b9-4947-906f-f84480f3cb99.dev
BASEFAMILY=b270e838-780b-4a0a-8a8b-886ba27f71d5.fam
BLHA=28.28912608,113.44509395,57.000023,477.961117
TRANSFORMMATRIX=-0.184007681,0.982924805,0.000039170,0.000000000,-0.982924806,-0.184007681,-0.000001813,0.000000000,0.000005425,-0.000038835,0.999999999,0.000000000,35.127111533,-246.953847325,52.916323449,1.000000000
ENTITYNAME=Wire_Device
