OBJECTMODELPOINTER=33777c94-e4b9-4947-906f-f84480f3cb99.dev
BASEFAMILY=b271a72a-52cd-4c6f-8d0f-603ce6906ef8.fam
BLHA=28.28912608,113.44509395,57.000023,477.961117
TRANSFORMMATRIX=0.146718812,0.989178240,-0.000001008,0.000000000,-0.989178240,0.146718812,0.000001441,0.000000000,0.000001573,0.000000786,1.000000000,0.000000000,10.022871591,4.973906557,25.654944428,1.000000000
ENTITYNAME=Wire_Device
