OBJECTMODELPOINTER=33777c94-e4b9-4947-906f-f84480f3cb99.dev
BASEFAMILY=b299b3f3-5385-47e7-89b5-ddcc5d0c1bd6.fam
BLHA=28.53088729,113.50245510,443.024878,210.734491
TRANSFORMMATRIX=-0.000010102,-1.000000000,0.000015970,0.000000000,1.000000000,-0.000010102,-0.000001764,0.000000000,0.000001764,0.000015969,1.000000000,0.000000000,11.447846715,101.830660771,40.572756736,1.000000000
ENTITYNAME=Wire_Device
