OBJECTMODELPOINTER=33777c94-e4b9-4947-906f-f84480f3cb99.dev
BASEFAMILY=b2a77b65-60d6-43fd-81c4-362f8652fee2.fam
BLHA=28.26827851,113.48694026,97.359750,314.005848
TRANSFORMMATRIX=0.569822795,-0.821767596,-0.000001736,0.000000000,0.821767596,0.569822795,-0.000001483,0.000000000,0.000002208,-0.000000583,1.000000000,0.000000000,14.067298788,-3.741458065,42.548697318,1.000000000
ENTITYNAME=Wire_Device
