ENTITYNAME=WIRE
BASEFAMILY=b2b05352-3709-461a-897c-7d25ebefb4cb.fam
OBJECTMODELPOINTER=81b82497-164d-48c0-b1cb-18fa700dacdf.dev
KVALUE=0.000366
SPLIT=4
POINT0.BLHA=28.55326393,113.50869198,332.868,304.990571
POINT0.MATRIX0=-0.819246424,0.573441624,0.000000000,0.000000000,-0.573441624,-0.819246424,0.000000000,0.000000000,0.000000000,0.000000000,1.000000000,0.000000000,-13.725440579,0.110634817,49.000000459,1.000000000
POINT0.MATRIX1=-0.819246424,0.573441624,0.000000000,0.000000000,-0.573441624,-0.819246424,0.000000000,0.000000000,0.000000000,0.000000000,1.000000000,0.000000000,-13.725440579,0.110634817,49.449997407,1.000000000
POINT0.MATRIX2=-0.819246424,0.573441624,0.000000000,0.000000000,-0.573441624,-0.819246424,0.000000000,0.000000000,0.000000000,0.000000000,1.000000000,0.000000000,-14.175598091,0.109543390,49.449997408,1.000000000
POINT0.MATRIX3=-0.819246424,0.573441624,0.000000000,0.000000000,-0.573441624,-0.819246424,0.000000000,0.000000000,0.000000000,0.000000000,1.000000000,0.000000000,-14.175598091,0.109543389,49.000000459,1.000000000
POINT1.BLHA=28.54843684,113.51255198,454.586,280.370385
POINT1.MATRIX0=-0.983664647,0.180010728,0.000000000,0.000000000,-0.180010728,-0.983664647,-0.000000000,0.000000000,0.000000000,0.000000000,1.000000000,0.000000000,-6.017496336,-9.167111932,26.573465796,1.000000000
POINT1.MATRIX1=-0.983664647,0.180010728,0.000000000,0.000000000,-0.180010728,-0.983664647,-0.000000000,0.000000000,0.000000000,0.000000000,1.000000000,0.000000000,-5.658878177,-9.963363056,26.707880467,1.000000000
POINT1.MATRIX2=-0.983664647,0.180010728,0.000000000,0.000000000,-0.180010728,-0.983664647,-0.000000000,0.000000000,0.000000000,0.000000000,1.000000000,0.000000000,-6.114875752,-10.168504165,26.707956761,1.000000000
POINT1.MATRIX3=-0.983664647,0.180010728,0.000000000,0.000000000,-0.180010728,-0.983664647,-0.000000000,0.000000000,0.000000000,0.000000000,1.000000000,0.000000000,-6.473974217,-9.372165145,26.573572606,1.000000000
