ENTITYNAME=WIRE
BASEFAMILY=b2c63811-97f2-4f88-b10a-8f2ea2a9229d.fam
OBJECTMODELPOINTER=81b82497-164d-48c0-b1cb-18fa700dacdf.dev
KVALUE=0.000371
SPLIT=4
POINT0.BLHA=28.49037109,113.42431436,249.697,224.957371
POINT0.MATRIX0=-0.706580481,-0.707632690,0.000000000,0.000000000,0.707632690,-0.706580481,0.000000000,0.000000000,0.000000000,-0.000000000,1.000000000,0.000000000,0.180228003,0.120282795,43.762688936,1.000000000
POINT0.MATRIX1=-0.706580481,-0.707632690,0.000000000,0.000000000,0.707632690,-0.706580481,0.000000000,0.000000000,0.000000000,-0.000000000,1.000000000,0.000000000,0.217430574,0.120224158,44.211140932,1.000000000
POINT0.MATRIX2=-0.706580481,-0.707632690,0.000000000,0.000000000,0.707632690,-0.706580481,0.000000000,0.000000000,0.000000000,-0.000000000,1.000000000,0.000000000,-0.230985117,0.120322109,44.248410524,1.000000000
POINT0.MATRIX3=-0.706580481,-0.707632690,0.000000000,0.000000000,0.707632690,-0.706580481,0.000000000,0.000000000,0.000000000,-0.000000000,1.000000000,0.000000000,-0.268273941,0.120294366,43.799954714,1.000000000
POINT1.BLHA=28.48698475,113.42051247,234.671,224.957371
POINT1.MATRIX0=-0.706580481,-0.707632690,0.000000000,0.000000000,0.707632690,-0.706580481,0.000000000,0.000000000,-0.000000000,-0.000000000,1.000000000,0.000000000,0.180341199,-0.119745160,40.762690992,1.000000000
POINT1.MATRIX1=-0.706580481,-0.707632690,0.000000000,0.000000000,0.707632690,-0.706580481,0.000000000,0.000000000,-0.000000000,-0.000000000,1.000000000,0.000000000,0.217543771,-0.119803797,41.211142987,1.000000000
POINT1.MATRIX2=-0.706580481,-0.707632690,0.000000000,0.000000000,0.707632690,-0.706580481,0.000000000,0.000000000,-0.000000000,-0.000000000,1.000000000,0.000000000,-0.230871920,-0.119705846,41.248412579,1.000000000
POINT1.MATRIX3=-0.706580481,-0.707632690,0.000000000,0.000000000,0.707632690,-0.706580481,0.000000000,0.000000000,-0.000000000,-0.000000000,1.000000000,0.000000000,-0.268160744,-0.119733589,40.799956770,1.000000000
