OBJECTMODELPOINTER=33777c94-e4b9-4947-906f-f84480f3cb99.dev
BASEFAMILY=b2c7baa4-a4dd-4374-aa2a-4b5de8017860.fam
BLHA=28.40337100,113.37122865,129.378598,254.006183
TRANSFORMMATRIX=-0.002796682,-0.999996088,0.000048164,0.000000000,0.999996089,-0.002796682,0.000000322,0.000000000,-0.000000187,0.000048164,0.999999999,0.000000000,-0.769524436,305.965741361,50.060692514,1.000000000
ENTITYNAME=Wire_Device
