OBJECTMODELPOINTER=33777c94-e4b9-4947-906f-f84480f3cb99.dev
BASEFAMILY=b2cd7d73-d361-42ed-bd47-41e2f4dc45a0.fam
BLHA=28.49573132,113.43033310,334.786047,224.957371
TRANSFORMMATRIX=-0.000005902,-1.000000000,0.000017091,0.000000000,1.000000000,-0.000005902,0.000000130,0.000000000,-0.000000130,0.000017091,1.000000000,0.000000000,-0.541600853,108.811855799,22.511013021,1.000000000
ENTITYNAME=Wire_Device
