OBJECTMODELPOINTER=33777c94-e4b9-4947-906f-f84480f3cb99.dev
BASEFAMILY=b2cd4a48-75d8-42c2-ad6b-338c340da1b8.fam
BLHA=28.50709200,113.45758686,253.896568,210.734491
TRANSFORMMATRIX=0.018495101,-0.999828951,0.000023549,0.000000000,0.999828951,0.018495101,-0.000001707,0.000000000,0.000001270,0.000023577,1.000000000,0.000000000,8.425262769,150.310889679,43.217190005,1.000000000
ENTITYNAME=Wire_Device
