OBJECTMODELPOINTER=33777c94-e4b9-4947-906f-f84480f3cb99.dev
BASEFAMILY=b2df1a8d-0704-4156-ad7c-86eb0c7a2602.fam
BLHA=28.51174980,113.46636581,279.463297,210.734491
TRANSFORMMATRIX=-0.007039460,-0.999975223,0.000018836,0.000000000,0.999975223,-0.007039460,-0.000001052,0.000000000,0.000001185,0.000018828,1.000000000,0.000000000,7.803589543,120.038016524,3.789157275,1.000000000
ENTITYNAME=Wire_Device
