OBJECTMODELPOINTER=33777c94-e4b9-4947-906f-f84480f3cb99.dev
BASEFAMILY=b3096004-eb4d-4554-8ffb-d5336649ccae.fam
BLHA=28.44311633,113.38759173,262.560023,242.026912
TRANSFORMMATRIX=-0.000002540,-1.000000000,0.000005355,0.000000000,1.000000000,-0.000002540,-0.000001823,0.000000000,0.000001823,0.000005356,1.000000000,0.000000000,11.696735471,34.067977762,43.368734113,1.000000000
ENTITYNAME=Wire_Device
