OBJECTMODELPOINTER=33777c94-e4b9-4947-906f-f84480f3cb99.dev
BASEFAMILY=b313caae-1377-462d-8c8f-a82a9c033794.fam
BLHA=28.30399811,113.43961542,62.139238,477.400140
TRANSFORMMATRIX=-0.327794625,0.944749006,-0.000000310,0.000000000,-0.944749006,-0.327794625,0.000001409,0.000000000,0.000001230,0.000000755,1.000000000,0.000000000,7.831788723,4.781167057,54.626263820,1.000000000
ENTITYNAME=Wire_Device
