OBJECTMODELPOINTER=33777c94-e4b9-4947-906f-f84480f3cb99.dev
BASEFAMILY=b32e6205-ae68-4c56-8c5c-c5b81d77c0a0.fam
BLHA=28.32292443,113.37625760,67.775568,311.415680
TRANSFORMMATRIX=-0.003208560,-0.999994851,0.000047233,0.000000000,0.999994853,-0.003208560,-0.000001028,0.000000000,0.000001180,0.000047230,0.999999999,0.000000000,6.733730887,300.568323355,9.560191883,1.000000000
ENTITYNAME=Wire_Device
