ENTITYNAME=WIRE
BASEFAMILY=b3416087-975c-431a-b58c-fa856e6543b9.fam
OBJECTMODELPOINTER=81b82497-164d-48c0-b1cb-18fa700dacdf.dev
KVALUE=0.000000
SPLIT=4
POINT0.BLHA=28.57663112,113.48588937,251.357,312.996987
POINT0.MATRIX0=-0.731389569,0.681959895,0.000000000,0.000000000,-0.681959895,-0.731389569,0.000000000,0.000000000,-0.000000000,0.000000000,1.000000000,0.000000000,-13.095557970,-0.111554140,58.000000482,1.000000000
POINT0.MATRIX1=-0.731389569,0.681959895,0.000000000,0.000000000,-0.681959895,-0.731389569,0.000000000,0.000000000,-0.000000000,0.000000000,1.000000000,0.000000000,-13.095557970,-0.111554141,58.449999338,1.000000000
POINT0.MATRIX2=-0.731389569,0.681959895,0.000000000,0.000000000,-0.681959895,-0.731389569,0.000000000,0.000000000,-0.000000000,0.000000000,1.000000000,0.000000000,-13.545472570,-0.108633380,58.449999339,1.000000000
POINT0.MATRIX3=-0.731389569,0.681959895,0.000000000,0.000000000,-0.681959895,-0.731389569,0.000000000,0.000000000,-0.000000000,0.000000000,1.000000000,0.000000000,-13.545472571,-0.108633380,58.000000483,1.000000000
POINT1.BLHA=28.57663112,113.48588937,251.357,312.996987
POINT1.MATRIX0=-0.731389569,0.681959895,0.000000000,0.000000000,-0.681959895,-0.731389569,0.000000000,0.000000000,-0.000000000,0.000000000,1.000000000,0.000000000,-13.094903165,-0.001550454,58.000000482,1.000000000
POINT1.MATRIX1=-0.731389569,0.681959895,0.000000000,0.000000000,-0.681959895,-0.731389569,0.000000000,0.000000000,-0.000000000,0.000000000,1.000000000,0.000000000,-13.094903164,-0.001550454,58.449999338,1.000000000
POINT1.MATRIX2=-0.731389569,0.681959895,0.000000000,0.000000000,-0.681959895,-0.731389569,0.000000000,0.000000000,-0.000000000,0.000000000,1.000000000,0.000000000,-13.544817765,0.001370306,58.449999338,1.000000000
POINT1.MATRIX3=-0.731389569,0.681959895,0.000000000,0.000000000,-0.681959895,-0.731389569,0.000000000,0.000000000,-0.000000000,0.000000000,1.000000000,0.000000000,-13.544817766,0.001370307,58.000000483,1.000000000
