OBJECTMODELPOINTER=33777c94-e4b9-4947-906f-f84480f3cb99.dev
BASEFAMILY=b344786a-be3d-42a8-ae29-7ba87bd1d768.fam
BLHA=28.49878841,113.43376617,260.859889,392.604520
TRANSFORMMATRIX=-0.199279048,0.979942784,0.000034887,0.000000000,-0.979942785,-0.199279048,-0.000001006,0.000000000,0.000005967,-0.000034387,0.999999999,0.000000000,37.432426562,-219.089193292,66.066786572,1.000000000
ENTITYNAME=Wire_Device
