OBJECTMODELPOINTER=33777c94-e4b9-4947-906f-f84480f3cb99.dev
BASEFAMILY=b3727183-9440-44a2-8f9b-ea5aa3177f07.fam
BLHA=28.26907527,113.47529619,67.190721,514.001895
TRANSFORMMATRIX=-0.370292236,0.928915313,0.000035485,0.000000000,-0.928915313,-0.370292236,-0.000001293,0.000000000,0.000011939,-0.000033442,0.999999999,0.000000000,76.323317698,-213.403943320,78.182596968,1.000000000
ENTITYNAME=Wire_Device
