OBJECTMODELPOINTER=33777c94-e4b9-4947-906f-f84480f3cb99.dev
BASEFAMILY=b3727645-8dbc-41fb-b83e-afcb0b25b007.fam
BLHA=28.36295604,113.35959378,63.083646,458.145379
TRANSFORMMATRIX=0.710423353,0.703774580,0.000000205,0.000000000,-0.703774580,0.710423353,0.000001276,0.000000000,0.000000753,-0.000001052,1.000000000,0.000000000,4.808866951,-6.676128768,36.633334849,1.000000000
ENTITYNAME=Wire_Device
