ENTITYNAME=WIRE
BASEFAMILY=b372529c-ffa1-4e90-b6bd-75f6e223e303.fam
OBJECTMODELPOINTER=81b82497-164d-48c0-b1cb-18fa700dacdf.dev
KVALUE=0.100161
SPLIT=4
POINT0.BLHA=28.73433869,113.45386444,142.659,258.301958
POINT0.MATRIX0=-0.979229741,-0.202753828,0.000000000,0.000000000,0.202753828,-0.979229741,0.000000000,0.000000000,-0.000000000,-0.000000000,1.000000000,0.000000000,-10.075260395,-3.997701695,40.590000241,1.000000000
POINT0.MATRIX1=-0.979229741,-0.202753828,0.000000000,0.000000000,0.202753828,-0.979229741,0.000000000,0.000000000,-0.000000000,-0.000000000,1.000000000,0.000000000,-10.075260395,-3.997701695,41.040000288,1.000000000
POINT0.MATRIX2=-0.979229741,-0.202753828,0.000000000,0.000000000,0.202753828,-0.979229741,0.000000000,0.000000000,-0.000000000,-0.000000000,1.000000000,0.000000000,-10.525260335,-3.997701692,41.040000288,1.000000000
POINT0.MATRIX3=-0.979229741,-0.202753828,0.000000000,0.000000000,0.202753828,-0.979229741,0.000000000,0.000000000,-0.000000000,-0.000000000,1.000000000,0.000000000,-10.525260335,-3.997701692,40.590000241,1.000000000
POINT1.BLHA=28.73433869,113.45386444,142.659,258.301958
POINT1.MATRIX0=-0.979229741,-0.202753828,0.000000000,0.000000000,0.202753828,-0.979229741,0.000000000,0.000000000,-0.000000000,-0.000000000,1.000000000,0.000000000,-10.075251254,4.001449798,40.590000241,1.000000000
POINT1.MATRIX1=-0.979229741,-0.202753828,0.000000000,0.000000000,0.202753828,-0.979229741,0.000000000,0.000000000,-0.000000000,-0.000000000,1.000000000,0.000000000,-10.075251254,4.001449798,41.040000288,1.000000000
POINT1.MATRIX2=-0.979229741,-0.202753828,0.000000000,0.000000000,0.202753828,-0.979229741,0.000000000,0.000000000,-0.000000000,-0.000000000,1.000000000,0.000000000,-10.525251252,4.001449789,41.040000289,1.000000000
POINT1.MATRIX3=-0.979229741,-0.202753828,0.000000000,0.000000000,0.202753828,-0.979229741,0.000000000,0.000000000,-0.000000000,-0.000000000,1.000000000,0.000000000,-10.525251252,4.001449790,40.590000241,1.000000000
