OBJECTMODELPOINTER=33777c94-e4b9-4947-906f-f84480f3cb99.dev
BASEFAMILY=b379f063-0bc2-40b5-8c51-e42d8452e71a.fam
BLHA=28.35190910,113.36144828,128.122186,278.143009
TRANSFORMMATRIX=0.000001820,-1.000000000,0.000005114,0.000000000,1.000000000,0.000001820,0.000000027,0.000000000,-0.000000027,0.000005114,1.000000000,0.000000000,-0.196920650,32.476274260,37.695708288,1.000000000
ENTITYNAME=Wire_Device
