ENTITYNAME=WIRE
BASEFAMILY=b37a959b-59ad-4876-a9a1-86cfdec52e92.fam
OBJECTMODELPOINTER=31970f28-780e-4bf1-8adb-439f78c329a3.dev
KVALUE=0.000235
SPLIT=1
POINT0.BLHA=28.40635362,113.37217651,164.659,254.006183
POINT0.MATRIX0=-0.961291434,-0.275533624,0.000000000,0.000000000,0.275533624,-0.961291434,0.000000000,0.000000000,0.000000000,0.000000000,1.000000000,0.000000000,-4.780600250,1.699154028,44.715091314,1.000000000
POINT1.BLHA=28.40337100,113.37122865,129.379,254.006183
POINT1.MATRIX0=-0.961291434,-0.275533624,-0.000000000,0.000000000,0.275533624,-0.961291434,-0.000000000,0.000000000,0.000000000,-0.000000000,1.000000000,0.000000000,-11.320034255,-0.309740374,63.558001900,1.000000000
