ENTITYNAME=WIRE
BASEFAMILY=b37e866a-d549-4594-bc2e-eaa47bf57544.fam
OBJECTMODELPOINTER=81b82497-164d-48c0-b1cb-18fa700dacdf.dev
KVALUE=0.000372
SPLIT=4
POINT0.BLHA=28.31534552,113.42043692,48.734,348.172871
POINT0.MATRIX0=-0.204959508,0.978770453,-0.000000000,0.000000000,-0.978770453,-0.204959508,-0.000000000,0.000000000,0.000000000,0.000000000,1.000000000,0.000000000,-9.921209375,9.123459888,45.831528519,1.000000000
POINT0.MATRIX1=-0.204959508,0.978770453,-0.000000000,0.000000000,-0.978770453,-0.204959508,-0.000000000,0.000000000,0.000000000,0.000000000,1.000000000,0.000000000,-9.743881736,9.906157518,46.195618484,1.000000000
POINT0.MATRIX2=-0.204959508,0.978770453,-0.000000000,0.000000000,-0.978770453,-0.204959508,-0.000000000,0.000000000,0.000000000,0.000000000,1.000000000,0.000000000,-10.230470626,10.019027760,46.195618484,1.000000000
POINT0.MATRIX3=-0.204959508,0.978770453,-0.000000000,0.000000000,-0.978770453,-0.204959508,-0.000000000,0.000000000,0.000000000,0.000000000,1.000000000,0.000000000,-10.411571549,9.235290550,45.831513261,1.000000000
POINT1.BLHA=28.31402241,113.42375188,48.067,335.449580
POINT1.MATRIX0=-0.415493846,0.909595989,0.000000000,0.000000000,-0.909595989,-0.415493846,0.000000000,0.000000000,0.000000000,-0.000000000,1.000000000,0.000000000,-10.003236767,-0.129802251,55.066972273,1.000000000
POINT1.MATRIX1=-0.415493846,0.909595989,0.000000000,0.000000000,-0.909595989,-0.415493846,0.000000000,0.000000000,0.000000000,-0.000000000,1.000000000,0.000000000,-9.820529956,-0.130220447,55.532074469,1.000000000
POINT1.MATRIX2=-0.415493846,0.909595989,0.000000000,0.000000000,-0.909595989,-0.415493846,0.000000000,0.000000000,0.000000000,-0.000000000,1.000000000,0.000000000,-10.286331230,-0.130550548,55.715607183,1.000000000
POINT1.MATRIX3=-0.415493846,0.909595989,0.000000000,0.000000000,-0.909595989,-0.415493846,0.000000000,0.000000000,0.000000000,-0.000000000,1.000000000,0.000000000,-10.469038041,-0.130132351,55.250504988,1.000000000
