ENTITYNAME=WIRE
BASEFAMILY=b3930663-2fa5-43d8-ab1b-b99ef29bbb51.fam
OBJECTMODELPOINTER=31970f28-780e-4bf1-8adb-439f78c329a3.dev
KVALUE=0.000245
SPLIT=1
POINT0.BLHA=28.63009153,113.46564681,168.256,273.436520
POINT0.MATRIX0=-0.998201823,0.059942640,0.000000000,0.000000000,-0.059942640,-0.998201823,-0.000000000,0.000000000,0.000000000,-0.000000000,1.000000000,0.000000000,11.947708774,0.309185859,57.558003326,1.000000000
POINT1.BLHA=28.62772353,113.46582002,199.213,273.436520
POINT1.MATRIX0=-0.998201823,0.059942640,-0.000000000,0.000000000,-0.059942640,-0.998201823,-0.000000000,0.000000000,-0.000000000,-0.000000000,1.000000000,0.000000000,9.869686196,-0.309134509,45.558000329,1.000000000
