OBJECTMODELPOINTER=33777c94-e4b9-4947-906f-f84480f3cb99.dev
BASEFAMILY=b3950b0e-1b5a-4667-afd4-236066fed3e9.fam
BLHA=28.43802035,113.38456732,303.277751,242.026912
TRANSFORMMATRIX=-0.000006190,-1.000000000,0.000028681,0.000000000,1.000000000,-0.000006190,0.000000212,0.000000000,-0.000000212,0.000028681,1.000000000,0.000000000,-0.958086373,182.338667712,4.623153928,1.000000000
ENTITYNAME=Wire_Device
