OBJECTMODELPOINTER=33777c94-e4b9-4947-906f-f84480f3cb99.dev
BASEFAMILY=b3c2843f-f42f-4464-8189-6def817a8c25.fam
BLHA=28.26851271,113.48351910,83.112496,355.334735
TRANSFORMMATRIX=-0.001470939,-0.999998918,0.000005259,0.000000000,0.999998918,-0.001470939,0.000001618,0.000000000,-0.000001609,0.000005261,1.000000000,0.000000000,-10.237019675,33.584310280,54.794895084,1.000000000
ENTITYNAME=Wire_Device
