ENTITYNAME=WIRE
BASEFAMILY=b3c5e267-65cd-4e27-8ed1-3fe7432a86b8.fam
OBJECTMODELPOINTER=31970f28-780e-4bf1-8adb-439f78c329a3.dev
KVALUE=0.000240
SPLIT=1
POINT0.BLHA=28.43802035,113.38456732,303.278,242.026912
POINT0.MATRIX0=-0.883168008,-0.469056788,-0.000000000,0.000000000,0.469056788,-0.883168008,0.000000000,0.000000000,-0.000000000,-0.000000000,1.000000000,0.000000000,9.869536741,0.620158239,45.557999985,1.000000000
POINT1.BLHA=28.43346852,113.38186613,283.382,242.026912
POINT1.MATRIX0=-0.883168008,-0.469056788,0.000000000,0.000000000,0.469056788,-0.883168008,0.000000000,0.000000000,0.000000000,0.000000000,1.000000000,0.000000000,10.610151586,-0.635389345,51.558000465,1.000000000
