OBJECTMODELPOINTER=33777c94-e4b9-4947-906f-f84480f3cb99.dev
BASEFAMILY=b3c8ecfd-b12f-476b-a874-a9218371390f.fam
BLHA=28.72353047,113.45260943,123.369332,283.291091
TRANSFORMMATRIX=0.000008984,-0.999999999,0.000051682,0.000000000,1.000000000,0.000008984,0.000002036,0.000000000,-0.000002036,0.000051683,0.999999999,0.000000000,-13.377072180,328.302323157,56.051289255,1.000000000
ENTITYNAME=Wire_Device
