OBJECTMODELPOINTER=33777c94-e4b9-4947-906f-f84480f3cb99.dev
BASEFAMILY=b3f84abb-5c34-40d1-b770-3a4a079d4b9d.fam
BLHA=28.44311633,113.38759173,262.560023,242.026912
TRANSFORMMATRIX=-0.000000756,-1.000000000,0.000005344,0.000000000,1.000000000,-0.000000757,0.000001900,0.000000000,-0.000001900,0.000005344,1.000000000,0.000000000,-12.043115783,33.947471318,43.368740346,1.000000000
ENTITYNAME=Wire_Device
