OBJECTMODELPOINTER=33777c94-e4b9-4947-906f-f84480f3cb99.dev
BASEFAMILY=b3f9ec74-fc30-4681-918f-ddb317b9db52.fam
BLHA=28.45855791,113.39675815,237.532667,242.026912
TRANSFORMMATRIX=-0.000013672,-0.999999999,0.000047313,0.000000000,1.000000000,-0.000013672,0.000000343,0.000000000,-0.000000343,0.000047314,0.999999999,0.000000000,-1.534527611,300.789052710,53.015903183,1.000000000
ENTITYNAME=Wire_Device
