ENTITYNAME=WIRE
BASEFAMILY=b3fb8d46-ef3d-4218-8199-263ec86a1ded.fam
OBJECTMODELPOINTER=81b82497-164d-48c0-b1cb-18fa700dacdf.dev
KVALUE=0.000369
SPLIT=4
POINT0.BLHA=28.54843684,113.51255198,454.586,280.370385
POINT0.MATRIX0=-0.983664647,0.180010728,0.000000000,0.000000000,-0.180010728,-0.983664647,-0.000000000,0.000000000,0.000000000,0.000000000,1.000000000,0.000000000,11.489467120,9.704317907,29.996919126,1.000000000
POINT0.MATRIX1=-0.983664647,0.180010728,0.000000000,0.000000000,-0.180010728,-0.983664647,-0.000000000,0.000000000,0.000000000,0.000000000,1.000000000,0.000000000,11.815745043,10.377839027,30.466309994,1.000000000
POINT0.MATRIX2=-0.983664647,0.180010728,0.000000000,0.000000000,-0.180010728,-0.983664647,-0.000000000,0.000000000,0.000000000,0.000000000,1.000000000,0.000000000,11.365679576,10.595715510,30.466294736,1.000000000
POINT0.MATRIX3=-0.983664647,0.180010728,0.000000000,0.000000000,-0.180010728,-0.983664647,-0.000000000,0.000000000,0.000000000,0.000000000,1.000000000,0.000000000,11.038943322,9.922402362,29.996919126,1.000000000
POINT1.BLHA=28.54536406,113.51168326,478.790,255.750198
POINT1.MATRIX0=-0.969231762,-0.246149938,0.000000000,0.000000000,0.246149938,-0.969231762,-0.000000000,0.000000000,0.000000000,-0.000000000,1.000000000,0.000000000,13.546262718,-0.107517340,58.000000809,1.000000000
POINT1.MATRIX1=-0.969231762,-0.246149938,0.000000000,0.000000000,0.246149938,-0.969231762,-0.000000000,0.000000000,0.000000000,-0.000000000,1.000000000,0.000000000,13.546262718,-0.107517341,58.450013015,1.000000000
POINT1.MATRIX2=-0.969231762,-0.246149938,0.000000000,0.000000000,0.246149938,-0.969231762,-0.000000000,0.000000000,0.000000000,-0.000000000,1.000000000,0.000000000,13.096127482,-0.112451862,58.450013014,1.000000000
POINT1.MATRIX3=-0.969231762,-0.246149938,0.000000000,0.000000000,0.246149938,-0.969231762,-0.000000000,0.000000000,0.000000000,-0.000000000,1.000000000,0.000000000,13.096127482,-0.112451862,58.000000808,1.000000000
