ENTITYNAME=WIRE
BASEFAMILY=b40a98d4-e27b-4abb-ad43-223c8e7bffe9.fam
OBJECTMODELPOINTER=81b82497-164d-48c0-b1cb-18fa700dacdf.dev
KVALUE=0.000000
SPLIT=4
POINT0.BLHA=28.61647630,113.46664258,210.970,273.436520
POINT0.MATRIX0=-0.998201823,0.059942640,0.000000000,0.000000000,-0.059942640,-0.998201823,0.000000000,0.000000000,0.000000000,0.000000000,1.000000000,0.000000000,0.225055587,-0.000246665,42.999999912,1.000000000
POINT0.MATRIX1=-0.998201823,0.059942640,0.000000000,0.000000000,-0.059942640,-0.998201823,0.000000000,0.000000000,0.000000000,0.000000000,1.000000000,0.000000000,0.225055587,-0.000246665,43.450000676,1.000000000
POINT0.MATRIX2=-0.998201823,0.059942640,0.000000000,0.000000000,-0.059942640,-0.998201823,0.000000000,0.000000000,0.000000000,0.000000000,1.000000000,0.000000000,-0.224994445,-0.000613889,43.450000675,1.000000000
POINT0.MATRIX3=-0.998201823,0.059942640,0.000000000,0.000000000,-0.059942640,-0.998201823,0.000000000,0.000000000,0.000000000,0.000000000,1.000000000,0.000000000,-0.224994445,-0.000613889,42.999999912,1.000000000
POINT1.BLHA=28.61647630,113.46664258,210.970,273.436520
POINT1.MATRIX0=-0.998201823,0.059942640,0.000000000,0.000000000,-0.059942640,-0.998201823,0.000000000,0.000000000,0.000000000,0.000000000,1.000000000,0.000000000,0.225172667,0.109746350,42.999999913,1.000000000
POINT1.MATRIX1=-0.998201823,0.059942640,0.000000000,0.000000000,-0.059942640,-0.998201823,0.000000000,0.000000000,0.000000000,0.000000000,1.000000000,0.000000000,0.225172667,0.109746350,43.450000676,1.000000000
POINT1.MATRIX2=-0.998201823,0.059942640,0.000000000,0.000000000,-0.059942640,-0.998201823,0.000000000,0.000000000,0.000000000,0.000000000,1.000000000,0.000000000,-0.224877365,0.109379127,43.450000676,1.000000000
POINT1.MATRIX3=-0.998201823,0.059942640,0.000000000,0.000000000,-0.059942640,-0.998201823,0.000000000,0.000000000,0.000000000,0.000000000,1.000000000,0.000000000,-0.224877365,0.109379126,42.999999912,1.000000000
