OBJECTMODELPOINTER=33777c94-e4b9-4947-906f-f84480f3cb99.dev
BASEFAMILY=b40ba80a-11d9-4648-9bd2-e831a7849fbf.fam
BLHA=28.28033977,113.46346380,83.899072,326.450928
TRANSFORMMATRIX=-0.237771153,-0.971321201,0.000050472,0.000000000,0.971321203,-0.237771153,-0.000001025,0.000000000,0.000012997,0.000048781,0.999999999,0.000000000,81.914471481,310.679035834,69.068837967,1.000000000
ENTITYNAME=Wire_Device
