ENTITYNAME=WIRE
BASEFAMILY=b40f91f0-6b06-4296-9385-a4bcc3f235f9.fam
OBJECTMODELPOINTER=31970f28-780e-4bf1-8adb-439f78c329a3.dev
KVALUE=0.000233
SPLIT=1
POINT0.BLHA=28.49573132,113.43033310,334.786,224.957371
POINT0.MATRIX0=-0.706580481,-0.707632690,-0.000000000,0.000000000,0.707632690,-0.706580481,-0.000000000,0.000000000,0.000000000,-0.000000000,1.000000000,0.000000000,-9.868427509,0.619927729,45.558000475,1.000000000
POINT1.BLHA=28.49379582,113.42815973,297.068,224.957371
POINT1.MATRIX0=-0.706580481,-0.707632690,-0.000000000,0.000000000,0.707632690,-0.706580481,-0.000000000,0.000000000,0.000000000,0.000000000,1.000000000,0.000000000,-11.321646347,-0.629899933,69.557999206,1.000000000
