OBJECTMODELPOINTER=33777c94-e4b9-4947-906f-f84480f3cb99.dev
BASEFAMILY=b424425d-976f-42bf-86aa-ca8f0afa571d.fam
BLHA=28.48305469,113.41645050,246.976349,229.813402
TRANSFORMMATRIX=-0.001686121,-0.999998578,0.000029170,0.000000000,0.999998578,-0.001686121,-0.000001647,0.000000000,0.000001696,0.000029166,1.000000000,0.000000000,11.278054874,185.644744219,34.207073460,1.000000000
ENTITYNAME=Wire_Device
