ENTITYNAME=WIRE
BASEFAMILY=b43cb287-318c-4a6c-b9ca-94bdffd47bb8.fam
OBJECTMODELPOINTER=81b82497-164d-48c0-b1cb-18fa700dacdf.dev
KVALUE=0.157113
SPLIT=4
POINT0.BLHA=28.81479133,113.52057006,101.431,372.952022
POINT0.MATRIX0=0.224135070,0.974558090,0.000000000,0.000000000,-0.974558090,0.224135070,-0.000000000,0.000000000,-0.000000000,0.000000000,1.000000000,0.000000000,3.279206171,8.747110962,33.886267978,1.000000000
POINT0.MATRIX1=0.224135070,0.974558090,0.000000000,0.000000000,-0.974558090,0.224135070,-0.000000000,0.000000000,-0.000000000,0.000000000,1.000000000,0.000000000,3.388398883,8.916898163,34.343863810,1.000000000
POINT0.MATRIX2=0.224135070,0.974558090,0.000000000,0.000000000,-0.974558090,0.224135070,-0.000000000,0.000000000,-0.000000000,0.000000000,1.000000000,0.000000000,3.031019242,9.727535458,34.166054922,1.000000000
POINT0.MATRIX3=0.224135070,0.974558090,0.000000000,0.000000000,-0.974558090,0.224135070,-0.000000000,0.000000000,-0.000000000,0.000000000,1.000000000,0.000000000,2.921935970,9.558224116,33.708474355,1.000000000
POINT1.BLHA=28.81479133,113.52057006,101.431,372.952022
POINT1.MATRIX0=0.224135070,0.974558090,0.000000000,0.000000000,-0.974558090,0.224135070,-0.000000000,0.000000000,-0.000000000,0.000000000,1.000000000,0.000000000,7.275337381,4.000935043,38.789998846,1.000000000
POINT1.MATRIX1=0.224135070,0.974558090,0.000000000,0.000000000,-0.974558090,0.224135070,-0.000000000,0.000000000,-0.000000000,0.000000000,1.000000000,0.000000000,7.275337381,4.000935043,39.239998656,1.000000000
POINT1.MATRIX2=0.224135070,0.974558090,0.000000000,0.000000000,-0.974558090,0.224135070,-0.000000000,0.000000000,-0.000000000,0.000000000,1.000000000,0.000000000,7.725337386,4.000934852,39.239998656,1.000000000
POINT1.MATRIX3=0.224135070,0.974558090,0.000000000,0.000000000,-0.974558090,0.224135070,-0.000000000,0.000000000,-0.000000000,0.000000000,1.000000000,0.000000000,7.725337386,4.000934852,38.789998847,1.000000000
