OBJECTMODELPOINTER=33777c94-e4b9-4947-906f-f84480f3cb99.dev
BASEFAMILY=b43eaba3-cada-4683-9890-2671d814d97b.fam
BLHA=28.39913011,113.36988101,173.073049,251.836928
TRANSFORMMATRIX=-0.055676728,-0.998448848,0.000017720,0.000000000,0.998448848,-0.055676729,-0.000001042,0.000000000,0.000002027,0.000017635,1.000000000,0.000000000,13.104656307,112.054094011,13.691188949,1.000000000
ENTITYNAME=Wire_Device
