ENTITYNAME=WIRE
BASEFAMILY=b453802f-962f-4eb5-9341-b1d6319e5a2a.fam
OBJECTMODELPOINTER=31970f28-780e-4bf1-8adb-439f78c329a3.dev
KVALUE=0.000235
SPLIT=1
POINT0.BLHA=28.70879307,113.45409149,169.217,451.156517
POINT0.MATRIX0=0.999796289,-0.020183663,0.000000000,0.000000000,0.020183663,0.999796289,0.000000000,0.000000000,-0.000000000,-0.000000000,1.000000000,0.000000000,-5.439849442,-1.563443834,43.987526855,1.000000000
POINT1.BLHA=28.70605444,113.45451077,165.913,277.425083
POINT1.MATRIX0=-0.991614682,0.129229724,-0.000000000,0.000000000,-0.129229724,-0.991614682,0.000000000,0.000000000,-0.000000000,-0.000000000,1.000000000,0.000000000,11.321583638,-0.309834063,63.558000167,1.000000000
