OBJECTMODELPOINTER=33777c94-e4b9-4947-906f-f84480f3cb99.dev
BASEFAMILY=b4642acc-5e6c-4ea6-b0c3-40227ace9a58.fam
BLHA=28.49037109,113.42431436,249.696550,224.957371
TRANSFORMMATRIX=-0.000028166,-0.999999997,0.000076289,0.000000000,1.000000000,-0.000028166,0.000002430,0.000000000,-0.000002428,0.000076289,0.999999997,0.000000000,-14.197856070,485.673645160,19.742567062,1.000000000
ENTITYNAME=Wire_Device
