OBJECTMODELPOINTER=33777c94-e4b9-4947-906f-f84480f3cb99.dev
BASEFAMILY=b46e9dfd-109d-4f64-b8ee-0bf127f4a549.fam
BLHA=28.55326393,113.50869198,332.868298,304.990571
TRANSFORMMATRIX=0.012308855,-0.999924240,0.000084711,0.000000000,0.999924243,0.012308855,-0.000002053,0.000000000,0.000001009,0.000084730,0.999999996,0.000000000,5.123582511,538.977622080,111.722746965,1.000000000
ENTITYNAME=Wire_Device
