ENTITYNAME=WIRE
BASEFAMILY=b46e922b-2d5b-457a-85f8-d0b3ef67e5cb.fam
OBJECTMODELPOINTER=81b82497-164d-48c0-b1cb-18fa700dacdf.dev
KVALUE=0.000370
SPLIT=4
POINT0.BLHA=28.27757020,113.46637333,93.774,312.669055
POINT0.MATRIX0=-0.735280751,0.677762655,0.000000000,0.000000000,-0.677762655,-0.735280751,0.000000000,0.000000000,-0.000000000,-0.000000000,1.000000000,0.000000000,-10.003236709,0.130113251,64.066973689,1.000000000
POINT0.MATRIX1=-0.735280751,0.677762655,0.000000000,0.000000000,-0.677762655,-0.735280751,0.000000000,0.000000000,-0.000000000,-0.000000000,1.000000000,0.000000000,-9.820570051,0.129082672,64.532076838,1.000000000
POINT0.MATRIX2=-0.735280751,0.677762655,0.000000000,0.000000000,-0.677762655,-0.735280751,0.000000000,0.000000000,-0.000000000,-0.000000000,1.000000000,0.000000000,-10.285190811,0.129693969,64.715609553,1.000000000
POINT0.MATRIX3=-0.735280751,0.677762655,0.000000000,0.000000000,-0.677762655,-0.735280751,0.000000000,0.000000000,-0.000000000,-0.000000000,1.000000000,0.000000000,-10.469181226,0.129288452,64.250506402,1.000000000
POINT1.BLHA=28.27407839,113.47004129,94.945,312.669055
POINT1.MATRIX0=-0.735280751,0.677762655,0.000000000,0.000000000,-0.677762655,-0.735280751,0.000000000,0.000000000,0.000000000,0.000000000,1.000000000,0.000000000,-9.334837702,-0.129402679,48.416809983,1.000000000
POINT1.MATRIX1=-0.735280751,0.677762655,0.000000000,0.000000000,-0.677762655,-0.735280751,0.000000000,0.000000000,0.000000000,0.000000000,1.000000000,0.000000000,-9.149231681,-0.130486387,48.880661912,1.000000000
POINT1.MATRIX2=-0.735280751,0.677762655,0.000000000,0.000000000,-0.677762655,-0.735280751,0.000000000,0.000000000,0.000000000,0.000000000,1.000000000,0.000000000,-9.613134394,-0.130536968,49.067322677,1.000000000
POINT1.MATRIX3=-0.735280751,0.677762655,0.000000000,0.000000000,-0.677762655,-0.735280751,0.000000000,0.000000000,0.000000000,0.000000000,1.000000000,0.000000000,-9.798740415,-0.129453260,48.603470749,1.000000000
