OBJECTMODELPOINTER=33777c94-e4b9-4947-906f-f84480f3cb99.dev
BASEFAMILY=b47daa0e-9e83-4e3b-b128-82b4af248360.fam
BLHA=28.74269478,113.45578230,73.560853,258.301958
TRANSFORMMATRIX=-0.000008743,-0.999999997,0.000073432,0.000000000,1.000000000,-0.000008743,-0.000001677,0.000000000,0.000001678,0.000073432,0.999999997,0.000000000,11.189250377,466.427514816,73.402039891,1.000000000
ENTITYNAME=Wire_Device
