ENTITYNAME=WIRE
BASEFAMILY=b47e0531-160e-4173-a33e-6e26ad7ea4fb.fam
OBJECTMODELPOINTER=81b82497-164d-48c0-b1cb-18fa700dacdf.dev
KVALUE=0.110684
SPLIT=4
POINT0.BLHA=28.51174980,113.46636581,279.463,210.734491
POINT0.MATRIX0=-0.511060437,-0.859544780,-0.000000000,0.000000000,0.859544780,-0.511060437,0.000000000,0.000000000,-0.000000000,0.000000000,1.000000000,0.000000000,7.658503264,-8.703440966,32.418480693,1.000000000
POINT0.MATRIX1=-0.511060437,-0.859544780,-0.000000000,0.000000000,0.859544780,-0.511060437,0.000000000,0.000000000,-0.000000000,0.000000000,1.000000000,0.000000000,7.634534899,-9.222441820,33.158105193,1.000000000
POINT0.MATRIX2=-0.511060437,-0.859544780,-0.000000000,0.000000000,0.859544780,-0.511060437,0.000000000,0.000000000,-0.000000000,0.000000000,1.000000000,0.000000000,7.134859529,-9.233527065,33.158220111,1.000000000
POINT0.MATRIX3=-0.511060437,-0.859544780,-0.000000000,0.000000000,0.859544780,-0.511060437,0.000000000,0.000000000,-0.000000000,0.000000000,1.000000000,0.000000000,7.158618167,-8.714401236,32.418440162,1.000000000
POINT1.BLHA=28.51174980,113.46636581,279.463,210.734491
POINT1.MATRIX0=-0.511060437,-0.859544780,-0.000000000,0.000000000,0.859544780,-0.511060437,0.000000000,0.000000000,-0.000000000,0.000000000,1.000000000,0.000000000,8.014829879,0.000020230,25.789999602,1.000000000
POINT1.MATRIX1=-0.511060437,-0.859544780,-0.000000000,0.000000000,0.859544780,-0.511060437,0.000000000,0.000000000,-0.000000000,0.000000000,1.000000000,0.000000000,8.014829879,0.000020230,26.239999590,1.000000000
POINT1.MATRIX2=-0.511060437,-0.859544780,-0.000000000,0.000000000,0.859544780,-0.511060437,0.000000000,0.000000000,-0.000000000,0.000000000,1.000000000,0.000000000,7.564829800,0.000020354,26.239999591,1.000000000
POINT1.MATRIX3=-0.511060437,-0.859544780,-0.000000000,0.000000000,0.859544780,-0.511060437,0.000000000,0.000000000,-0.000000000,0.000000000,1.000000000,0.000000000,7.564829799,0.000020355,25.789999603,1.000000000
