OBJECTMODELPOINTER=33777c94-e4b9-4947-906f-f84480f3cb99.dev
BASEFAMILY=b482082e-ae73-49e9-8d34-5cb2f9160a44.fam
BLHA=28.60573334,113.47075261,228.044876,294.633001
TRANSFORMMATRIX=0.000015357,-0.999999998,0.000067812,0.000000000,1.000000000,0.000015357,0.000000165,0.000000000,-0.000000165,0.000067812,0.999999998,0.000000000,-1.906070503,431.017176369,10.030943326,1.000000000
ENTITYNAME=Wire_Device
