OBJECTMODELPOINTER=33777c94-e4b9-4947-906f-f84480f3cb99.dev
BASEFAMILY=b498dc7b-cee7-4e5e-871a-6f656a4f14c0.fam
BLHA=28.54843684,113.51255198,454.586266,280.370385
TRANSFORMMATRIX=-0.406706644,-0.913558812,0.000049842,0.000000000,0.913558814,-0.406706644,0.000001751,0.000000000,0.000018671,0.000046246,0.999999999,0.000000000,118.899073606,293.624386862,73.195896574,1.000000000
ENTITYNAME=Wire_Device
