OBJECTMODELPOINTER=33777c94-e4b9-4947-906f-f84480f3cb99.dev
BASEFAMILY=b4ab3b2a-9ade-4392-98e5-304b6c6abe77.fam
BLHA=28.74846038,113.45710577,102.803547,427.264866
TRANSFORMMATRIX=-0.200717108,0.979649241,0.000086420,0.000000000,-0.979649245,-0.200717109,0.000001599,0.000000000,0.000018912,-0.000084340,0.999999996,0.000000000,119.637211140,-535.780190278,8.453576106,1.000000000
ENTITYNAME=Wire_Device
