OBJECTMODELPOINTER=33777c94-e4b9-4947-906f-f84480f3cb99.dev
BASEFAMILY=b4b21b7b-acd9-4200-babd-f5bbb8c41885.fam
BLHA=28.30399811,113.43961542,62.139238,477.400140
TRANSFORMMATRIX=0.000392929,0.999999923,0.000000068,0.000000000,-0.999999923,0.000392929,-0.000001773,0.000000000,-0.000001773,-0.000000067,1.000000000,0.000000000,-11.303029590,-0.404001741,42.857013132,1.000000000
ENTITYNAME=Wire_Device
