OBJECTMODELPOINTER=33777c94-e4b9-4947-906f-f84480f3cb99.dev
BASEFAMILY=b4dae256-bc1a-4d95-95b8-7a169b3426e3.fam
BLHA=28.36788990,113.36378392,64.428624,219.706007
TRANSFORMMATRIX=-0.012333884,-0.999923935,0.000014639,0.000000000,0.999923935,-0.012333884,0.000001982,0.000000000,-0.000001801,0.000014663,1.000000000,0.000000000,-11.220609363,93.363928541,25.124891737,1.000000000
ENTITYNAME=Wire_Device
