OBJECTMODELPOINTER=33777c94-e4b9-4947-906f-f84480f3cb99.dev
BASEFAMILY=b5071174-5bdf-4a46-a204-e74cb2571760.fam
BLHA=28.78112316,113.48165670,163.744709,236.227775
TRANSFORMMATRIX=-0.000012401,-0.999999999,0.000034504,0.000000000,1.000000000,-0.000012401,-0.000001630,0.000000000,0.000001631,0.000034504,0.999999999,0.000000000,10.913819487,219.490901293,58.577847433,1.000000000
ENTITYNAME=Wire_Device
