OBJECTMODELPOINTER=33777c94-e4b9-4947-906f-f84480f3cb99.dev
BASEFAMILY=b519c56f-6dad-4510-bdca-abf6306be938.fam
BLHA=28.73032666,113.45294372,113.432437,258.301958
TRANSFORMMATRIX=-0.012649774,-0.999919988,0.000027273,0.000000000,0.999919988,-0.012649773,0.000002242,0.000000000,-0.000001897,0.000027299,1.000000000,0.000000000,-11.923543164,173.385335658,32.510755502,1.000000000
ENTITYNAME=Wire_Device
