OBJECTMODELPOINTER=33777c94-e4b9-4947-906f-f84480f3cb99.dev
BASEFAMILY=b5311100-09ec-4e76-b611-5ccdb28b0f91.fam
BLHA=28.36295604,113.35959378,63.083646,458.145379
TRANSFORMMATRIX=0.005682098,0.999983856,0.000025382,0.000000000,-0.999983857,0.005682098,0.000000338,0.000000000,0.000000194,-0.000025383,1.000000000,0.000000000,1.352583127,-161.201803743,53.333072795,1.000000000
ENTITYNAME=Wire_Device
