OBJECTMODELPOINTER=33777c94-e4b9-4947-906f-f84480f3cb99.dev
BASEFAMILY=b55d9a36-4ac8-4e98-9880-dcc1f8cdbf28.fam
BLHA=28.72596649,113.45194319,126.516960,450.796525
TRANSFORMMATRIX=-0.346992036,0.937868075,0.000000212,0.000000000,-0.937868075,-0.346992036,-0.000001470,0.000000000,-0.000001304,-0.000000709,1.000000000,0.000000000,-8.328188230,-4.499466673,25.457944147,1.000000000
ENTITYNAME=Wire_Device
