OBJECTMODELPOINTER=33777c94-e4b9-4947-906f-f84480f3cb99.dev
BASEFAMILY=b56598ee-0bd1-4d1b-8fa5-656a1f3d8b93.fam
BLHA=28.70103226,113.45527961,136.730850,277.425083
TRANSFORMMATRIX=0.000004366,-0.999999998,0.000063472,0.000000000,1.000000000,0.000004366,0.000000246,0.000000000,-0.000000246,0.000063473,0.999999998,0.000000000,-1.840288554,403.105925868,47.580662848,1.000000000
ENTITYNAME=Wire_Device
