OBJECTMODELPOINTER=33777c94-e4b9-4947-906f-f84480f3cb99.dev
BASEFAMILY=b567a69c-58c3-4338-8f99-2d1efb9f3f43.fam
BLHA=28.49573132,113.43033310,334.786047,224.957371
TRANSFORMMATRIX=0.004811096,-0.999988426,0.000040740,0.000000000,0.999988427,0.004811096,0.000002163,0.000000000,-0.000002359,0.000040729,0.999999999,0.000000000,-14.347641977,259.278479014,19.117589549,1.000000000
ENTITYNAME=Wire_Device
