OBJECTMODELPOINTER=33777c94-e4b9-4947-906f-f84480f3cb99.dev
BASEFAMILY=b56b7e16-b300-4417-b5c8-d02287d1ec55.fam
BLHA=28.26851271,113.48351910,83.112496,355.334735
TRANSFORMMATRIX=-0.000997508,-0.999999502,0.000037540,0.000000000,0.999999502,-0.000997508,0.000001280,0.000000000,-0.000001242,0.000037542,0.999999999,0.000000000,-7.988651095,239.627247688,63.923809004,1.000000000
ENTITYNAME=Wire_Device
