OBJECTMODELPOINTER=33777c94-e4b9-4947-906f-f84480f3cb99.dev
BASEFAMILY=b56edf8b-91e0-4f24-8611-9cbc8f3348f2.fam
BLHA=28.51626918,113.47488562,373.286539,210.734491
TRANSFORMMATRIX=-0.000007244,-1.000000000,0.000014076,0.000000000,1.000000000,-0.000007244,0.000000094,0.000000000,-0.000000094,0.000014076,1.000000000,0.000000000,-0.392628091,89.730378661,34.545791608,1.000000000
ENTITYNAME=Wire_Device
