OBJECTMODELPOINTER=33777c94-e4b9-4947-906f-f84480f3cb99.dev
BASEFAMILY=b570e922-c525-4fb8-854f-cfa3e07397e6.fam
BLHA=28.31135450,113.43043530,49.303319,335.449580
TRANSFORMMATRIX=0.003294179,-0.999994573,0.000036059,0.000000000,0.999994574,0.003294179,0.000001275,0.000000000,-0.000001394,0.000036055,0.999999999,0.000000000,-9.310317692,229.949970076,20.329215909,1.000000000
ENTITYNAME=Wire_Device
