OBJECTMODELPOINTER=33777c94-e4b9-4947-906f-f84480f3cb99.dev
BASEFAMILY=b58061b2-1a2d-4738-8055-a6c013fe5883.fam
BLHA=28.52041531,113.48270330,362.655379,210.734491
TRANSFORMMATRIX=-0.000006134,-1.000000000,0.000014941,0.000000000,1.000000000,-0.000006134,0.000000099,0.000000000,-0.000000099,0.000014942,1.000000000,0.000000000,-0.410385139,95.242248826,46.506023364,1.000000000
ENTITYNAME=Wire_Device
