OBJECTMODELPOINTER=33777c94-e4b9-4947-906f-f84480f3cb99.dev
BASEFAMILY=b5812eb7-0fb3-4f4e-909f-603167ad0b3b.fam
BLHA=28.81363020,113.51792493,127.559863,396.804576
TRANSFORMMATRIX=-0.175082681,0.984553733,0.000038186,0.000000000,-0.984553734,-0.175082681,-0.000001009,0.000000000,0.000005692,-0.000037774,0.999999999,0.000000000,35.619549476,-240.580747599,24.917092276,1.000000000
ENTITYNAME=Wire_Device
