OBJECTMODELPOINTER=33777c94-e4b9-4947-906f-f84480f3cb99.dev
BASEFAMILY=b5d2a4cf-a271-47a7-b6f3-af6973e14be4.fam
BLHA=28.31510010,113.40690744,78.265120,0.896163
TRANSFORMMATRIX=0.002049974,-0.999997899,0.000005008,0.000000000,0.999997899,0.002049974,-0.000001528,0.000000000,0.000001517,0.000005011,1.000000000,0.000000000,9.637977323,31.987147204,53.221981788,1.000000000
ENTITYNAME=Wire_Device
