OBJECTMODELPOINTER=33777c94-e4b9-4947-906f-f84480f3cb99.dev
BASEFAMILY=b5f358e6-6fbc-4293-8003-c423ad969117.fam
BLHA=28.45588678,113.39517230,249.934153,242.026912
TRANSFORMMATRIX=-0.017845498,-0.999840756,0.000014187,0.000000000,0.999840756,-0.017845498,0.000001966,0.000000000,-0.000001713,0.000014219,1.000000000,0.000000000,-10.726092289,90.376897169,16.891325220,1.000000000
ENTITYNAME=Wire_Device
