OBJECTMODELPOINTER=33777c94-e4b9-4947-906f-f84480f3cb99.dev
BASEFAMILY=b5f5302f-22ac-4d29-8fbe-93a461055764.fam
BLHA=28.39175425,113.36683981,143.500019,249.667673
TRANSFORMMATRIX=-0.002640225,-0.999996513,0.000048680,0.000000000,0.999996515,-0.002640225,0.000002426,0.000000000,-0.000002298,0.000048687,0.999999999,0.000000000,-14.133296603,309.325738521,12.822179646,1.000000000
ENTITYNAME=Wire_Device
