OBJECTMODELPOINTER=33777c94-e4b9-4947-906f-f84480f3cb99.dev
BASEFAMILY=b602facd-f373-4924-8aa0-67bdb699611d.fam
BLHA=28.31566161,113.38686189,71.437616,329.270898
TRANSFORMMATRIX=-0.007846243,-0.999969217,0.000046716,0.000000000,0.999969218,-0.007846243,-0.000001005,0.000000000,0.000001371,0.000046707,0.999999999,0.000000000,8.039628382,297.705015776,22.482285112,1.000000000
ENTITYNAME=Wire_Device
