ENTITYNAME=WIRE
BASEFAMILY=b60fac69-9225-4ad1-8644-ce9b6e750e71.fam
OBJECTMODELPOINTER=81b82497-164d-48c0-b1cb-18fa700dacdf.dev
KVALUE=0.000000
SPLIT=4
POINT0.BLHA=28.39175425,113.36683981,143.500,249.667673
POINT0.MATRIX0=-0.937693038,-0.347464771,-0.000000000,0.000000000,0.347464771,-0.937693038,-0.000000000,0.000000000,0.000000000,0.000000000,1.000000000,0.000000000,13.544679321,-0.479065311,52.741101744,1.000000000
POINT0.MATRIX1=-0.937693038,-0.347464771,-0.000000000,0.000000000,0.347464771,-0.937693038,-0.000000000,0.000000000,0.000000000,0.000000000,1.000000000,0.000000000,13.544679321,-0.479065310,53.191098693,1.000000000
POINT0.MATRIX2=-0.937693038,-0.347464771,-0.000000000,0.000000000,0.347464771,-0.937693038,-0.000000000,0.000000000,0.000000000,0.000000000,1.000000000,0.000000000,13.094798693,-0.479137540,53.191098693,1.000000000
POINT0.MATRIX3=-0.937693038,-0.347464771,-0.000000000,0.000000000,0.347464771,-0.937693038,-0.000000000,0.000000000,0.000000000,0.000000000,1.000000000,0.000000000,13.094798693,-0.479137540,52.741101744,1.000000000
POINT1.BLHA=28.39175425,113.36683981,143.500,249.667673
POINT1.MATRIX0=-0.937693038,-0.347464771,-0.000000000,0.000000000,0.347464771,-0.937693038,-0.000000000,0.000000000,0.000000000,0.000000000,1.000000000,0.000000000,13.544477327,0.480729850,52.741101744,1.000000000
POINT1.MATRIX1=-0.937693038,-0.347464771,-0.000000000,0.000000000,0.347464771,-0.937693038,-0.000000000,0.000000000,0.000000000,0.000000000,1.000000000,0.000000000,13.544477327,0.480729850,53.191098693,1.000000000
POINT1.MATRIX2=-0.937693038,-0.347464771,-0.000000000,0.000000000,0.347464771,-0.937693038,-0.000000000,0.000000000,0.000000000,0.000000000,1.000000000,0.000000000,13.094596709,0.480657680,53.191098693,1.000000000
POINT1.MATRIX3=-0.937693038,-0.347464771,-0.000000000,0.000000000,0.347464771,-0.937693038,-0.000000000,0.000000000,0.000000000,0.000000000,1.000000000,0.000000000,13.094596709,0.480657680,52.741101744,1.000000000
