OBJECTMODELPOINTER=33777c94-e4b9-4947-906f-f84480f3cb99.dev
BASEFAMILY=b619a019-b111-403d-8314-f6862c5eca4d.fam
BLHA=28.30961923,113.43478171,54.752520,501.227736
TRANSFORMMATRIX=0.251742265,0.967794313,0.000005685,0.000000000,-0.967794313,0.251742265,0.000001426,0.000000000,-0.000000052,-0.000005861,1.000000000,0.000000000,-0.233708323,-37.333744653,34.425905454,1.000000000
ENTITYNAME=Wire_Device
