OBJECTMODELPOINTER=33777c94-e4b9-4947-906f-f84480f3cb99.dev
BASEFAMILY=b622f7f7-c144-4c2d-8f7f-5063f93d95e1.fam
BLHA=28.58307238,113.48148471,281.708531,287.849619
TRANSFORMMATRIX=0.012873290,-0.999917135,0.000036923,0.000000000,0.999917136,0.012873290,-0.000001988,0.000000000,0.000001512,0.000036944,0.999999999,0.000000000,9.294910404,234.715262129,12.484839919,1.000000000
ENTITYNAME=Wire_Device
