OBJECTMODELPOINTER=33777c94-e4b9-4947-906f-f84480f3cb99.dev
BASEFAMILY=b623231c-e82f-450d-bef6-6f7a9bf48ded.fam
BLHA=28.52337409,113.48828309,330.016596,210.734491
TRANSFORMMATRIX=0.002155571,-0.999997676,0.000050767,0.000000000,0.999997677,0.002155571,0.000000116,0.000000000,-0.000000225,0.000050767,0.999999999,0.000000000,-0.697305938,323.619255321,17.832220273,1.000000000
ENTITYNAME=Wire_Device
