ENTITYNAME=WIRE
BASEFAMILY=b628b65d-061b-4c42-a8de-885bac66f4ad.fam
OBJECTMODELPOINTER=81b82497-164d-48c0-b1cb-18fa700dacdf.dev
KVALUE=0.000369
SPLIT=4
POINT0.BLHA=28.47144509,113.40546217,294.358,229.813402
POINT0.MATRIX0=-0.763946986,-0.645279012,0.000000000,0.000000000,0.645279012,-0.763946986,0.000000000,0.000000000,-0.000000000,0.000000000,1.000000000,0.000000000,0.181956501,0.120149510,44.478135287,1.000000000
POINT0.MATRIX1=-0.763946986,-0.645279012,0.000000000,0.000000000,0.645279012,-0.763946986,0.000000000,0.000000000,-0.000000000,0.000000000,1.000000000,0.000000000,0.215217008,0.120120625,44.926903904,1.000000000
POINT0.MATRIX2=-0.763946986,-0.645279012,0.000000000,0.000000000,0.645279012,-0.763946986,0.000000000,0.000000000,-0.000000000,0.000000000,1.000000000,0.000000000,-0.233484768,0.120137566,44.960168064,1.000000000
POINT0.MATRIX3=-0.763946986,-0.645279012,0.000000000,0.000000000,0.645279012,-0.763946986,0.000000000,0.000000000,-0.000000000,0.000000000,1.000000000,0.000000000,-0.266745276,0.120166452,44.511399448,1.000000000
POINT1.BLHA=28.46846127,113.40263855,250.773,415.920157
POINT1.MATRIX0=0.828257519,0.560347644,0.000000000,0.000000000,-0.560347644,0.828257519,-0.000000000,0.000000000,0.000000000,0.000000000,1.000000000,0.000000000,2.041016546,10.751641611,36.535845483,1.000000000
POINT1.MATRIX1=0.828257519,0.560347644,0.000000000,0.000000000,-0.560347644,0.828257519,-0.000000000,0.000000000,0.000000000,0.000000000,1.000000000,0.000000000,2.280240397,10.743111944,36.974989618,1.000000000
POINT1.MATRIX2=0.828257519,0.560347644,0.000000000,0.000000000,-0.560347644,0.828257519,-0.000000000,0.000000000,0.000000000,0.000000000,1.000000000,0.000000000,2.594285867,9.938639300,36.788954461,1.000000000
POINT1.MATRIX3=0.828257519,0.560347644,0.000000000,0.000000000,-0.560347644,0.828257519,-0.000000000,0.000000000,0.000000000,0.000000000,1.000000000,0.000000000,2.355264228,9.947305770,36.349810327,1.000000000
