OBJECTMODELPOINTER=33777c94-e4b9-4947-906f-f84480f3cb99.dev
BASEFAMILY=b63c55c3-3924-422f-b45f-4b32c3fa06a4.fam
BLHA=28.50306305,113.44669559,173.869453,200.251669
TRANSFORMMATRIX=-0.000007190,-1.000000000,0.000015478,0.000000000,1.000000000,-0.000007190,-0.000001998,0.000000000,0.000001998,0.000015478,1.000000000,0.000000000,12.865077218,98.757855324,53.405259000,1.000000000
ENTITYNAME=Wire_Device
