OBJECTMODELPOINTER=33777c94-e4b9-4947-906f-f84480f3cb99.dev
BASEFAMILY=b63cf256-afb3-463e-99a8-405a01b2f5d4.fam
BLHA=28.27757020,113.46637333,93.774105,312.669055
TRANSFORMMATRIX=0.001235428,-0.999999237,0.000018283,0.000000000,0.999999237,0.001235428,-0.000001201,0.000000000,0.000001179,0.000018285,1.000000000,0.000000000,7.203486298,116.365886422,31.790468490,1.000000000
ENTITYNAME=Wire_Device
