ENTITYNAME=WIRE
BASEFAMILY=b6452839-cac4-4b79-bda1-101f99ff9d55.fam
OBJECTMODELPOINTER=81b82497-164d-48c0-b1cb-18fa700dacdf.dev
KVALUE=0.000374
SPLIT=4
POINT0.BLHA=28.80418340,113.50812520,199.973,227.348291
POINT0.MATRIX0=-0.735485915,-0.677540012,-0.000000000,0.000000000,0.677540012,-0.735485915,-0.000000000,0.000000000,-0.000000000,0.000000000,1.000000000,0.000000000,0.181392327,0.119005067,43.762685227,1.000000000
POINT0.MATRIX1=-0.735485915,-0.677540012,-0.000000000,0.000000000,0.677540012,-0.735485915,-0.000000000,0.000000000,-0.000000000,0.000000000,1.000000000,0.000000000,0.218706434,0.118857105,44.211141038,1.000000000
POINT0.MATRIX2=-0.735485915,-0.677540012,-0.000000000,0.000000000,0.677540012,-0.735485915,-0.000000000,0.000000000,-0.000000000,0.000000000,1.000000000,0.000000000,-0.230140227,0.119640163,44.248410630,1.000000000
POINT0.MATRIX3=-0.735485915,-0.677540012,-0.000000000,0.000000000,0.677540012,-0.735485915,-0.000000000,0.000000000,-0.000000000,0.000000000,1.000000000,0.000000000,-0.267454333,0.119788125,43.799954819,1.000000000
POINT1.BLHA=28.80183094,113.50568524,205.478,227.348291
POINT1.MATRIX0=-0.735485915,-0.677540012,-0.000000000,0.000000000,0.677540012,-0.735485915,0.000000000,0.000000000,-0.000000000,0.000000000,1.000000000,0.000000000,0.181364600,-0.121249580,43.762688912,1.000000000
POINT1.MATRIX1=-0.735485915,-0.677540012,-0.000000000,0.000000000,0.677540012,-0.735485915,0.000000000,0.000000000,-0.000000000,0.000000000,1.000000000,0.000000000,0.218678707,-0.121397543,44.211144722,1.000000000
POINT1.MATRIX2=-0.735485915,-0.677540012,-0.000000000,0.000000000,0.677540012,-0.735485915,0.000000000,0.000000000,-0.000000000,0.000000000,1.000000000,0.000000000,-0.230167953,-0.120614485,44.248406684,1.000000000
POINT1.MATRIX3=-0.735485915,-0.677540012,-0.000000000,0.000000000,0.677540012,-0.735485915,0.000000000,0.000000000,-0.000000000,0.000000000,1.000000000,0.000000000,-0.267482061,-0.120466523,43.799958503,1.000000000
