OBJECTMODELPOINTER=33777c94-e4b9-4947-906f-f84480f3cb99.dev
BASEFAMILY=b64947f3-54af-4f8e-afae-9e2de155d40f.fam
BLHA=28.56112925,113.50240150,222.763342,308.993779
TRANSFORMMATRIX=-0.070069835,-0.997542088,0.000007868,0.000000000,0.997542088,-0.070069835,0.000000030,0.000000000,0.000000521,0.000007850,1.000000000,0.000000000,3.194101093,49.947388764,40.932545447,1.000000000
ENTITYNAME=Wire_Device
