OBJECTMODELPOINTER=33777c94-e4b9-4947-906f-f84480f3cb99.dev
BASEFAMILY=b66d6887-14bc-4db0-a9ea-9d97617f8c56.fam
BLHA=28.51174980,113.46636581,279.463297,210.734491
TRANSFORMMATRIX=0.169314805,-0.985562021,-0.000000378,0.000000000,0.985562021,0.169314805,0.000001469,0.000000000,-0.000001383,-0.000000621,1.000000000,0.000000000,-8.805531294,-3.979810654,26.368446103,1.000000000
ENTITYNAME=Wire_Device
