OBJECTMODELPOINTER=33777c94-e4b9-4947-906f-f84480f3cb99.dev
BASEFAMILY=b66eae98-5ed3-40de-b3b7-b66e91a3d09a.fam
BLHA=28.61307891,113.46689101,233.448700,464.034761
TRANSFORMMATRIX=-0.196545256,0.980494751,0.000069479,0.000000000,-0.980494754,-0.196545256,0.000001292,0.000000000,0.000014923,-0.000067869,0.999999998,0.000000000,95.755014326,-431.241039079,7.982386210,1.000000000
ENTITYNAME=Wire_Device
