ENTITYNAME=WIRE
BASEFAMILY=b67cb971-dd35-467b-98ca-e9993b38b6a4.fam
OBJECTMODELPOINTER=81b82497-164d-48c0-b1cb-18fa700dacdf.dev
KVALUE=0.000000
SPLIT=4
POINT0.BLHA=28.49972812,113.43660808,222.066,200.251669
POINT0.MATRIX0=-0.346144382,-0.938181255,0.000000000,0.000000000,0.938181255,-0.346144382,0.000000000,0.000000000,0.000000000,-0.000000000,1.000000000,0.000000000,13.544709302,0.596102128,58.741103406,1.000000000
POINT0.MATRIX1=-0.346144382,-0.938181255,0.000000000,0.000000000,0.938181255,-0.346144382,0.000000000,0.000000000,0.000000000,-0.000000000,1.000000000,0.000000000,13.544709302,0.596102128,59.191100355,1.000000000
POINT0.MATRIX2=-0.346144382,-0.938181255,0.000000000,0.000000000,0.938181255,-0.346144382,0.000000000,0.000000000,0.000000000,-0.000000000,1.000000000,0.000000000,13.094848082,0.604056390,59.191100355,1.000000000
POINT0.MATRIX3=-0.346144382,-0.938181255,0.000000000,0.000000000,0.938181255,-0.346144382,0.000000000,0.000000000,0.000000000,-0.000000000,1.000000000,0.000000000,13.094848082,0.604056390,58.741103407,1.000000000
POINT1.BLHA=28.49972812,113.43660808,222.066,200.251669
POINT1.MATRIX0=-0.346144382,-0.938181255,0.000000000,0.000000000,0.938181255,-0.346144382,0.000000000,0.000000000,0.000000000,-0.000000000,1.000000000,0.000000000,13.546838345,0.716078468,58.741103406,1.000000000
POINT1.MATRIX1=-0.346144382,-0.938181255,0.000000000,0.000000000,0.938181255,-0.346144382,0.000000000,0.000000000,0.000000000,-0.000000000,1.000000000,0.000000000,13.546838345,0.716078468,59.191100354,1.000000000
POINT1.MATRIX2=-0.346144382,-0.938181255,0.000000000,0.000000000,0.938181255,-0.346144382,0.000000000,0.000000000,0.000000000,-0.000000000,1.000000000,0.000000000,13.096977125,0.724032730,59.191100355,1.000000000
POINT1.MATRIX3=-0.346144382,-0.938181255,0.000000000,0.000000000,0.938181255,-0.346144382,0.000000000,0.000000000,0.000000000,-0.000000000,1.000000000,0.000000000,13.096977125,0.724032730,58.741103406,1.000000000
