OBJECTMODELPOINTER=33777c94-e4b9-4947-906f-f84480f3cb99.dev
BASEFAMILY=b68d14e6-da43-4e8a-9f44-abf6d391e952.fam
BLHA=28.74846038,113.45710577,102.803547,427.264866
TRANSFORMMATRIX=-0.116650701,0.993173003,0.000000801,0.000000000,-0.993173003,-0.116650701,0.000001220,0.000000000,0.000001306,-0.000000653,1.000000000,0.000000000,8.319769056,-4.138304885,25.033891381,1.000000000
ENTITYNAME=Wire_Device
