ENTITYNAME=WIRE
BASEFAMILY=b69d8ee1-eee5-4b73-8284-210450fa0bbf.fam
OBJECTMODELPOINTER=81b82497-164d-48c0-b1cb-18fa700dacdf.dev
KVALUE=0.000368
SPLIT=4
POINT0.BLHA=28.56928949,113.49371034,236.536,312.996987
POINT0.MATRIX0=-0.731389569,0.681959895,-0.000000000,0.000000000,-0.681959895,-0.731389569,0.000000000,0.000000000,-0.000000000,-0.000000000,1.000000000,0.000000000,-13.095148347,0.109993707,58.000000178,1.000000000
POINT0.MATRIX1=-0.731389569,0.681959895,-0.000000000,0.000000000,-0.681959895,-0.731389569,0.000000000,0.000000000,-0.000000000,-0.000000000,1.000000000,0.000000000,-13.095148347,0.109993707,58.450000941,1.000000000
POINT0.MATRIX2=-0.731389569,0.681959895,-0.000000000,0.000000000,-0.681959895,-0.731389569,0.000000000,0.000000000,-0.000000000,-0.000000000,1.000000000,0.000000000,-13.544966406,0.110154020,58.450000941,1.000000000
POINT0.MATRIX3=-0.731389569,0.681959895,-0.000000000,0.000000000,-0.681959895,-0.731389569,0.000000000,0.000000000,-0.000000000,-0.000000000,1.000000000,0.000000000,-13.544966405,0.110154020,58.000000178,1.000000000
POINT1.BLHA=28.56585701,113.49736639,238.962,312.996987
POINT1.MATRIX0=-0.731389569,0.681959895,-0.000000000,0.000000000,-0.681959895,-0.731389569,-0.000000000,0.000000000,-0.000000000,0.000000000,1.000000000,0.000000000,-13.094990087,-0.110223041,51.999999697,1.000000000
POINT1.MATRIX1=-0.731389569,0.681959895,-0.000000000,0.000000000,-0.681959895,-0.731389569,-0.000000000,0.000000000,-0.000000000,0.000000000,1.000000000,0.000000000,-13.094990087,-0.110223041,52.450000461,1.000000000
POINT1.MATRIX2=-0.731389569,0.681959895,-0.000000000,0.000000000,-0.681959895,-0.731389569,-0.000000000,0.000000000,-0.000000000,0.000000000,1.000000000,0.000000000,-13.544808145,-0.110062728,52.450000460,1.000000000
POINT1.MATRIX3=-0.731389569,0.681959895,-0.000000000,0.000000000,-0.681959895,-0.731389569,-0.000000000,0.000000000,-0.000000000,0.000000000,1.000000000,0.000000000,-13.544808145,-0.110062728,51.999999697,1.000000000
