OBJECTMODELPOINTER=33777c94-e4b9-4947-906f-f84480f3cb99.dev
BASEFAMILY=b6a2b10b-28e3-45d5-8815-70d526d220ec.fam
BLHA=28.27160371,113.47264060,64.950919,312.669055
TRANSFORMMATRIX=-0.001744748,-0.999998477,0.000041789,0.000000000,0.999998478,-0.001744748,0.000001352,0.000000000,-0.000001278,0.000041791,0.999999999,0.000000000,-8.835320123,266.025290734,29.681780818,1.000000000
ENTITYNAME=Wire_Device
