OBJECTMODELPOINTER=33777c94-e4b9-4947-906f-f84480f3cb99.dev
BASEFAMILY=b6b33fe3-6ddb-44e0-9d42-c1a1294e487d.fam
BLHA=28.75094621,113.45897359,113.766966,236.227775
TRANSFORMMATRIX=0.003295982,-0.999994568,0.000016102,0.000000000,0.999994568,0.003295982,0.000000115,0.000000000,-0.000000169,0.000016102,1.000000000,0.000000000,-0.827543781,102.413619597,29.830903112,1.000000000
ENTITYNAME=Wire_Device
