ENTITYNAME=WIRE
BASEFAMILY=b6b58983-940e-4560-bd0b-e012fe392c81.fam
OBJECTMODELPOINTER=81b82497-164d-48c0-b1cb-18fa700dacdf.dev
KVALUE=0.000000
SPLIT=4
POINT0.BLHA=28.27407839,113.47004129,94.945,312.669055
POINT0.MATRIX0=-0.735280751,0.677762655,0.000000000,0.000000000,-0.677762655,-0.735280751,0.000000000,0.000000000,0.000000000,0.000000000,1.000000000,0.000000000,7.349639373,-0.128752223,36.866806931,1.000000000
POINT0.MATRIX1=-0.735280751,0.677762655,0.000000000,0.000000000,-0.677762655,-0.735280751,0.000000000,0.000000000,0.000000000,0.000000000,1.000000000,0.000000000,7.535245393,-0.129835931,37.330658859,1.000000000
POINT0.MATRIX2=-0.735280751,0.677762655,0.000000000,0.000000000,-0.677762655,-0.735280751,0.000000000,0.000000000,0.000000000,0.000000000,1.000000000,0.000000000,7.071342681,-0.129886512,37.517319626,1.000000000
POINT0.MATRIX3=-0.735280751,0.677762655,0.000000000,0.000000000,-0.677762655,-0.735280751,0.000000000,0.000000000,0.000000000,0.000000000,1.000000000,0.000000000,6.885736661,-0.128802804,37.053467698,1.000000000
POINT1.BLHA=28.27407839,113.47004129,94.945,312.669055
POINT1.MATRIX0=-0.735280751,0.677762655,0.000000000,0.000000000,-0.677762655,-0.735280751,0.000000000,0.000000000,0.000000000,0.000000000,1.000000000,0.000000000,7.349639284,0.001240456,36.866806931,1.000000000
POINT1.MATRIX1=-0.735280751,0.677762655,0.000000000,0.000000000,-0.677762655,-0.735280751,0.000000000,0.000000000,0.000000000,0.000000000,1.000000000,0.000000000,7.535245306,0.000156748,37.330658860,1.000000000
POINT1.MATRIX2=-0.735280751,0.677762655,0.000000000,0.000000000,-0.677762655,-0.735280751,0.000000000,0.000000000,0.000000000,0.000000000,1.000000000,0.000000000,7.071342593,0.000106167,37.517319626,1.000000000
POINT1.MATRIX3=-0.735280751,0.677762655,0.000000000,0.000000000,-0.677762655,-0.735280751,0.000000000,0.000000000,0.000000000,0.000000000,1.000000000,0.000000000,6.885736573,0.001189875,37.053467697,1.000000000
