OBJECTMODELPOINTER=33777c94-e4b9-4947-906f-f84480f3cb99.dev
BASEFAMILY=b6d58217-1758-4f6d-9b7a-dd77fc9d27f2.fam
BLHA=28.73433869,113.45386444,142.659000,258.301958
TRANSFORMMATRIX=-0.007947248,-0.999968419,0.000042092,0.000000000,0.999968420,-0.007947248,-0.000001286,0.000000000,0.000001620,0.000042081,0.999999999,0.000000000,10.615045791,267.294376517,11.060364992,1.000000000
ENTITYNAME=Wire_Device
