OBJECTMODELPOINTER=33777c94-e4b9-4947-906f-f84480f3cb99.dev
BASEFAMILY=b6d6eb4c-ff2e-447f-9140-1a3ece60dcac.fam
BLHA=28.31470596,113.39701913,83.588909,4.996372
TRANSFORMMATRIX=0.002644979,-0.999996502,0.000016156,0.000000000,0.999996502,0.002644979,0.000001686,0.000000000,-0.000001729,0.000016151,1.000000000,0.000000000,-10.930027107,103.086632851,52.854371907,1.000000000
ENTITYNAME=Wire_Device
