ENTITYNAME=WIRE
BASEFAMILY=b6e45c91-534e-451d-87d2-86e4095cecc8.fam
OBJECTMODELPOINTER=81b82497-164d-48c0-b1cb-18fa700dacdf.dev
KVALUE=0.100164
SPLIT=4
POINT0.BLHA=28.81479133,113.52057006,101.431,372.952022
POINT0.MATRIX0=0.224135070,0.974558090,0.000000000,0.000000000,-0.974558090,0.224135070,-0.000000000,0.000000000,-0.000000000,0.000000000,1.000000000,0.000000000,7.275337365,3.999935069,38.789998608,1.000000000
POINT0.MATRIX1=0.224135070,0.974558090,0.000000000,0.000000000,-0.974558090,0.224135070,-0.000000000,0.000000000,-0.000000000,0.000000000,1.000000000,0.000000000,7.275337365,3.999935069,39.239998656,1.000000000
POINT0.MATRIX2=0.224135070,0.974558090,0.000000000,0.000000000,-0.974558090,0.224135070,-0.000000000,0.000000000,-0.000000000,0.000000000,1.000000000,0.000000000,7.725337370,3.999934878,39.239998656,1.000000000
POINT0.MATRIX3=0.224135070,0.974558090,0.000000000,0.000000000,-0.974558090,0.224135070,-0.000000000,0.000000000,-0.000000000,0.000000000,1.000000000,0.000000000,7.725337370,3.999934878,38.789998609,1.000000000
POINT1.BLHA=28.81479133,113.52057006,101.431,372.952022
POINT1.MATRIX0=0.224135070,0.974558090,0.000000000,0.000000000,-0.974558090,0.224135070,-0.000000000,0.000000000,-0.000000000,0.000000000,1.000000000,0.000000000,7.275245876,-3.998963997,38.789998608,1.000000000
POINT1.MATRIX1=0.224135070,0.974558090,0.000000000,0.000000000,-0.974558090,0.224135070,-0.000000000,0.000000000,-0.000000000,0.000000000,1.000000000,0.000000000,7.275245876,-3.998963997,39.239998656,1.000000000
POINT1.MATRIX2=0.224135070,0.974558090,0.000000000,0.000000000,-0.974558090,0.224135070,-0.000000000,0.000000000,-0.000000000,0.000000000,1.000000000,0.000000000,7.725245933,-3.998963956,39.239998656,1.000000000
POINT1.MATRIX3=0.224135070,0.974558090,0.000000000,0.000000000,-0.974558090,0.224135070,-0.000000000,0.000000000,-0.000000000,0.000000000,1.000000000,0.000000000,7.725245933,-3.998963956,38.789998608,1.000000000
