OBJECTMODELPOINTER=33777c94-e4b9-4947-906f-f84480f3cb99.dev
BASEFAMILY=b6efb4f8-b5c8-4612-a7e7-8fc179082974.fam
BLHA=28.45588678,113.39517230,249.934153,242.026912
TRANSFORMMATRIX=-0.005757942,-0.999983423,0.000005221,0.000000000,0.999983423,-0.005757942,0.000000042,0.000000000,-0.000000012,0.000005221,1.000000000,0.000000000,-0.001950929,33.191175854,34.269157708,1.000000000
ENTITYNAME=Wire_Device
