OBJECTMODELPOINTER=33777c94-e4b9-4947-906f-f84480f3cb99.dev
BASEFAMILY=b6f04d0d-a0d4-41f8-8c87-f4cbdbaefcf9.fam
BLHA=28.52041531,113.48270330,362.655379,210.734491
TRANSFORMMATRIX=-0.000015777,-0.999999999,0.000035668,0.000000000,1.000000000,-0.000015777,0.000000236,0.000000000,-0.000000235,0.000035668,0.999999999,0.000000000,-0.980061782,227.370954039,66.335857548,1.000000000
ENTITYNAME=Wire_Device
