OBJECTMODELPOINTER=33777c94-e4b9-4947-906f-f84480f3cb99.dev
BASEFAMILY=b70f1ede-ba70-4267-b25a-f7af663eabb2.fam
BLHA=28.31529425,113.41760444,47.126172,0.896163
TRANSFORMMATRIX=-0.002505345,-0.999996861,0.000026739,0.000000000,0.999996862,-0.002505345,-0.000000886,0.000000000,0.000000953,0.000026736,1.000000000,0.000000000,6.068871894,170.659831492,52.172800618,1.000000000
ENTITYNAME=Wire_Device
