OBJECTMODELPOINTER=33777c94-e4b9-4947-906f-f84480f3cb99.dev
BASEFAMILY=b7110216-a38a-4373-a830-41f6a9e1718b.fam
BLHA=28.28492071,113.44885804,59.682173,504.180323
TRANSFORMMATRIX=0.317686661,0.948195753,-0.000000131,0.000000000,-0.948195753,0.317686661,-0.000001848,0.000000000,-0.000001710,0.000000712,1.000000000,0.000000000,-10.891463453,4.561375396,42.614019134,1.000000000
ENTITYNAME=Wire_Device
