OBJECTMODELPOINTER=33777c94-e4b9-4947-906f-f84480f3cb99.dev
BASEFAMILY=b72a0ab8-5c33-4a2f-852f-97e73c4dde2e.fam
BLHA=28.43802035,113.38456732,303.277751,242.026912
TRANSFORMMATRIX=-0.001525125,-0.999998836,0.000039449,0.000000000,0.999998837,-0.001525125,-0.000001575,0.000000000,0.000001636,0.000039447,0.999999999,0.000000000,10.965790616,250.805244182,-0.629388543,1.000000000
ENTITYNAME=Wire_Device
