OBJECTMODELPOINTER=33777c94-e4b9-4947-906f-f84480f3cb99.dev
BASEFAMILY=b735e811-ed22-4b50-b42a-c698ced76d38.fam
BLHA=28.44044510,113.38600635,302.501930,242.026912
TRANSFORMMATRIX=-0.000009393,-0.999999999,0.000040965,0.000000000,1.000000000,-0.000009393,0.000002159,0.000000000,-0.000002158,0.000040965,0.999999999,0.000000000,-13.199454407,260.403857703,31.569089391,1.000000000
ENTITYNAME=Wire_Device
