OBJECTMODELPOINTER=33777c94-e4b9-4947-906f-f84480f3cb99.dev
BASEFAMILY=b735c7d3-bd38-4978-82e5-e7d6f7bdadaf.fam
BLHA=28.55326393,113.50869198,332.868298,304.990571
TRANSFORMMATRIX=-0.006766167,-0.999977105,0.000095830,0.000000000,0.999977109,-0.006766167,0.000002346,0.000000000,-0.000001698,0.000095844,0.999999995,0.000000000,-12.306119835,609.716951164,133.445207656,1.000000000
ENTITYNAME=Wire_Device
