OBJECTMODELPOINTER=33777c94-e4b9-4947-906f-f84480f3cb99.dev
BASEFAMILY=b742fc05-8b7e-4964-87e3-e111e58fe97e.fam
BLHA=28.31515909,113.41015274,70.673124,0.896163
TRANSFORMMATRIX=0.000033052,-0.999999998,0.000056293,0.000000000,0.999999999,0.000033052,0.000001339,0.000000000,-0.000001341,0.000056293,0.999999998,0.000000000,-8.481937552,359.321395240,33.165895396,1.000000000
ENTITYNAME=Wire_Device
