OBJECTMODELPOINTER=33777c94-e4b9-4947-906f-f84480f3cb99.dev
BASEFAMILY=b7447672-4de1-41e7-8d2a-e57f792b8343.fam
BLHA=28.71568525,113.45475484,179.580025,274.089521
TRANSFORMMATRIX=-0.354655109,-0.934997195,0.000000216,0.000000000,0.934997195,-0.354655109,0.000001393,0.000000000,-0.000001226,0.000000696,1.000000000,0.000000000,-7.829181080,4.422702920,25.509206935,1.000000000
ENTITYNAME=Wire_Device
