ENTITYNAME=WIRE
BASEFAMILY=b74cbc91-ae8c-4d2b-90b3-8ee64bd609bf.fam
OBJECTMODELPOINTER=31970f28-780e-4bf1-8adb-439f78c329a3.dev
KVALUE=0.000287
SPLIT=1
POINT0.BLHA=28.46166988,113.39860583,270.673,242.026912
POINT0.MATRIX0=-0.883168008,-0.469056788,0.000000000,0.000000000,0.469056788,-0.883168008,0.000000000,0.000000000,0.000000000,-0.000000000,1.000000000,0.000000000,-10.610902888,-0.015324486,39.558000027,1.000000000
POINT1.BLHA=28.46166988,113.39860583,270.673,242.026912
POINT1.MATRIX0=-0.883168008,-0.469056788,0.000000000,0.000000000,0.469056788,-0.883168008,0.000000000,0.000000000,0.000000000,-0.000000000,1.000000000,0.000000000,-10.610472410,0.014790491,39.558000027,1.000000000
