ENTITYNAME=WIRE
BASEFAMILY=b74e1ba9-5d4d-4feb-843d-8b7f48443e74.fam
OBJECTMODELPOINTER=31970f28-780e-4bf1-8adb-439f78c329a3.dev
KVALUE=0.000233
SPLIT=1
POINT0.BLHA=28.34901903,113.36193338,109.289,278.143009
POINT0.MATRIX0=-0.989917611,0.141644356,0.000000000,0.000000000,-0.141644356,-0.989917611,-0.000000000,0.000000000,-0.000000000,0.000000000,1.000000000,0.000000000,-9.868834277,0.619721952,45.558010192,1.000000000
POINT1.BLHA=28.34583559,113.36246769,78.593,278.143009
POINT1.MATRIX0=-0.989917611,0.141644356,0.000000000,0.000000000,-0.141644356,-0.989917611,-0.000000000,0.000000000,-0.000000000,0.000000000,1.000000000,0.000000000,-11.321487897,-0.629581362,63.558002802,1.000000000
