OBJECTMODELPOINTER=33777c94-e4b9-4947-906f-f84480f3cb99.dev
BASEFAMILY=b7591624-27c6-42a1-9cf1-df168351a3c2.fam
BLHA=28.27160371,113.47264060,64.950919,312.669055
TRANSFORMMATRIX=-0.005685474,-0.999983836,0.000053247,0.000000000,0.999983838,-0.005685474,-0.000000995,0.000000000,0.000001298,0.000053241,0.999999999,0.000000000,7.379702037,338.861475879,56.856542124,1.000000000
ENTITYNAME=Wire_Device
