OBJECTMODELPOINTER=33777c94-e4b9-4947-906f-f84480f3cb99.dev
BASEFAMILY=b75ab9a5-4a48-499c-ab2c-024bdc5fbf1d.fam
BLHA=28.28912608,113.44509395,57.000023,477.961117
TRANSFORMMATRIX=-0.176393335,0.984319761,0.000017431,0.000000000,-0.984319761,-0.176393335,0.000001173,0.000000000,0.000004229,-0.000016950,1.000000000,0.000000000,27.198769086,-107.815321230,53.077048392,1.000000000
ENTITYNAME=Wire_Device
