OBJECTMODELPOINTER=33777c94-e4b9-4947-906f-f84480f3cb99.dev
BASEFAMILY=b75e2354-57bd-430b-9945-bde393ff3efa.fam
BLHA=28.59525170,113.47626182,222.708449,294.633001
TRANSFORMMATRIX=-0.009238946,-0.999957319,0.000048609,0.000000000,0.999957320,-0.009238946,0.000002114,0.000000000,-0.000001664,0.000048627,0.999999999,0.000000000,-11.224129312,309.089369903,5.859374894,1.000000000
ENTITYNAME=Wire_Device
