OBJECTMODELPOINTER=33777c94-e4b9-4947-906f-f84480f3cb99.dev
BASEFAMILY=b762f200-030c-43f9-bba2-5d9fb2cf9c0e.fam
BLHA=28.61307891,113.46689101,233.448700,464.034761
TRANSFORMMATRIX=-0.325622700,0.945499792,0.000000199,0.000000000,-0.945499792,-0.325622700,-0.000001483,0.000000000,-0.000001337,-0.000000671,1.000000000,0.000000000,-8.528964364,-4.254410083,25.011620084,1.000000000
ENTITYNAME=Wire_Device
