OBJECTMODELPOINTER=33777c94-e4b9-4947-906f-f84480f3cb99.dev
BASEFAMILY=b767a80e-4cf6-4183-923a-5d9a0b119765.fam
BLHA=28.81363020,113.51792493,127.559863,396.804576
TRANSFORMMATRIX=-0.000041856,0.999999999,-0.000000077,0.000000000,-0.999999999,-0.000041856,0.000001178,0.000000000,0.000001178,0.000000077,1.000000000,0.000000000,7.496914239,0.511631207,37.434783810,1.000000000
ENTITYNAME=Wire_Device
