OBJECTMODELPOINTER=33777c94-e4b9-4947-906f-f84480f3cb99.dev
BASEFAMILY=b768539c-fc5a-44f5-b134-559aa85d5d41.fam
BLHA=28.30786495,113.43629033,62.969533,307.005893
TRANSFORMMATRIX=0.000014827,-0.999999999,0.000040286,0.000000000,1.000000000,0.000014827,0.000001259,0.000000000,-0.000001260,0.000040286,0.999999999,0.000000000,-8.669591140,256.313969027,35.525553041,1.000000000
ENTITYNAME=Wire_Device
