OBJECTMODELPOINTER=33777c94-e4b9-4947-906f-f84480f3cb99.dev
BASEFAMILY=b773b86a-4f2b-4c40-912c-fbdf6c031ae5.fam
BLHA=28.52337409,113.48828309,330.016596,210.734491
TRANSFORMMATRIX=-0.006905629,-0.999976153,0.000072387,0.000000000,0.999976156,-0.006905629,-0.000000703,0.000000000,0.000001202,0.000072380,0.999999997,0.000000000,8.696550324,461.421671167,30.998800147,1.000000000
ENTITYNAME=Wire_Device
