OBJECTMODELPOINTER=33777c94-e4b9-4947-906f-f84480f3cb99.dev
BASEFAMILY=b77aacc3-4a05-4393-ae1a-7e77f6c82ec1.fam
BLHA=28.62257154,113.46619683,208.116407,273.436520
TRANSFORMMATRIX=0.000004021,-0.999999995,0.000100179,0.000000000,1.000000000,0.000004021,0.000002408,0.000000000,-0.000002408,0.000100179,0.999999995,0.000000000,-15.568861437,636.185597392,36.294979379,1.000000000
ENTITYNAME=Wire_Device
