OBJECTMODELPOINTER=33777c94-e4b9-4947-906f-f84480f3cb99.dev
BASEFAMILY=b785305a-5af1-4e87-83a9-210ee623c6bc.fam
BLHA=28.72353047,113.45260943,123.369332,283.291091
TRANSFORMMATRIX=-0.000055048,-0.999999998,0.000028615,0.000000000,0.999999998,-0.000055048,0.000000102,0.000000000,-0.000000100,0.000028616,1.000000000,0.000000000,-0.849125570,181.766551005,40.806426269,1.000000000
ENTITYNAME=Wire_Device
