OBJECTMODELPOINTER=33777c94-e4b9-4947-906f-f84480f3cb99.dev
BASEFAMILY=b7a60b57-4f97-4555-9f56-1f442e21ead9.fam
BLHA=28.77621013,113.47796265,180.198107,236.227775
TRANSFORMMATRIX=0.004960508,-0.999987696,0.000039446,0.000000000,0.999987697,0.004960508,-0.000001823,0.000000000,0.000001628,0.000039455,0.999999999,0.000000000,10.972054463,250.981725612,48.800303486,1.000000000
ENTITYNAME=Wire_Device
