OBJECTMODELPOINTER=33777c94-e4b9-4947-906f-f84480f3cb99.dev
BASEFAMILY=b7a700f1-20e2-4a46-a6a0-b82b76b89c3e.fam
BLHA=28.46846127,113.40263855,250.773411,415.920157
TRANSFORMMATRIX=-0.100260234,0.994961248,0.000016918,0.000000000,-0.994961248,-0.100260234,0.000000315,0.000000000,0.000002009,-0.000016801,1.000000000,0.000000000,12.547084724,-106.833478266,20.951344837,1.000000000
ENTITYNAME=Wire_Device
