OBJECTMODELPOINTER=33777c94-e4b9-4947-906f-f84480f3cb99.dev
BASEFAMILY=b7ca5908-23a0-4b9d-a057-100f021b6e9d.fam
BLHA=28.68698006,113.45743042,187.111712,277.425083
TRANSFORMMATRIX=-0.010540093,-0.999944452,0.000005083,0.000000000,0.999944452,-0.010540093,0.000001880,0.000000000,-0.000001826,0.000005102,1.000000000,0.000000000,-11.677311563,32.412060637,21.254442473,1.000000000
ENTITYNAME=Wire_Device
