OBJECTMODELPOINTER=33777c94-e4b9-4947-906f-f84480f3cb99.dev
BASEFAMILY=b7d11cb2-6037-438b-b934-d0cf9ad9b3c4.fam
BLHA=28.51511181,113.47270360,348.782405,210.734491
TRANSFORMMATRIX=0.001186007,-0.999999296,0.000049065,0.000000000,0.999999297,0.001186007,-0.000001765,0.000000000,0.000001707,0.000049068,0.999999999,0.000000000,11.567999152,312.819004367,41.952491432,1.000000000
ENTITYNAME=Wire_Device
