OBJECTMODELPOINTER=33777c94-e4b9-4947-906f-f84480f3cb99.dev
BASEFAMILY=b7d367dc-2307-4c0d-91da-a289ddff4418.fam
BLHA=28.77096466,113.47401910,153.559218,236.227775
TRANSFORMMATRIX=-0.000016218,-0.999999999,0.000051092,0.000000000,1.000000000,-0.000016218,0.000000352,0.000000000,-0.000000352,0.000051092,0.999999999,0.000000000,-1.460824578,324.963609710,4.324073465,1.000000000
ENTITYNAME=Wire_Device
