ENTITYNAME=WIRE
BASEFAMILY=b7dafc76-4ff7-4eb0-a815-166a46550f8f.fam
OBJECTMODELPOINTER=31970f28-780e-4bf1-8adb-439f78c329a3.dev
KVALUE=0.000244
SPLIT=1
POINT0.BLHA=28.51918695,113.48038702,399.659,210.734491
POINT0.MATRIX0=-0.511060437,-0.859544780,0.000000000,0.000000000,0.859544780,-0.511060437,-0.000000000,0.000000000,0.000000000,-0.000000000,1.000000000,0.000000000,9.869917555,0.310072021,48.557999909,1.000000000
POINT1.BLHA=28.51626918,113.47488562,373.287,210.734491
POINT1.MATRIX0=-0.511060437,-0.859544780,0.000000000,0.000000000,0.859544780,-0.511060437,-0.000000000,0.000000000,0.000000000,-0.000000000,1.000000000,0.000000000,9.870681216,-0.309966195,54.558004386,1.000000000
