OBJECTMODELPOINTER=33777c94-e4b9-4947-906f-f84480f3cb99.dev
BASEFAMILY=b7f54d18-de9a-46db-baa5-368d394b0cef.fam
BLHA=28.47144509,113.40546217,294.357908,229.813402
TRANSFORMMATRIX=0.012005674,-0.999927929,0.000038487,0.000000000,0.999927929,0.012005674,-0.000001711,0.000000000,0.000001249,0.000038506,0.999999999,0.000000000,8.582656672,245.065431688,-5.668993149,1.000000000
ENTITYNAME=Wire_Device
