ENTITYNAME=WIRE
BASEFAMILY=b7f8696c-9dc9-48c5-bdcf-9dec9c693bff.fam
OBJECTMODELPOINTER=81b82497-164d-48c0-b1cb-18fa700dacdf.dev
KVALUE=0.000000
SPLIT=4
POINT0.BLHA=28.78112316,113.48165670,163.745,236.227775
POINT0.MATRIX0=-0.831254041,-0.555892723,-0.000000000,0.000000000,0.555892723,-0.831254041,-0.000000000,0.000000000,-0.000000000,-0.000000000,1.000000000,0.000000000,12.096026717,-0.109390886,43.000002806,1.000000000
POINT0.MATRIX1=-0.831254041,-0.555892723,-0.000000000,0.000000000,0.555892723,-0.831254041,-0.000000000,0.000000000,-0.000000000,-0.000000000,1.000000000,0.000000000,12.096026717,-0.109390885,43.449999754,1.000000000
POINT0.MATRIX2=-0.831254041,-0.555892723,-0.000000000,0.000000000,0.555892723,-0.831254041,-0.000000000,0.000000000,-0.000000000,-0.000000000,1.000000000,0.000000000,11.645333271,-0.110037147,43.449999754,1.000000000
POINT0.MATRIX3=-0.831254041,-0.555892723,-0.000000000,0.000000000,0.555892723,-0.831254041,-0.000000000,0.000000000,-0.000000000,-0.000000000,1.000000000,0.000000000,11.645333271,-0.110037147,43.000002805,1.000000000
POINT1.BLHA=28.78112316,113.48165670,163.745,236.227775
POINT1.MATRIX0=-0.831254041,-0.555892723,-0.000000000,0.000000000,0.555892723,-0.831254041,-0.000000000,0.000000000,-0.000000000,-0.000000000,1.000000000,0.000000000,12.095411923,0.000611414,43.000002805,1.000000000
POINT1.MATRIX1=-0.831254041,-0.555892723,-0.000000000,0.000000000,0.555892723,-0.831254041,-0.000000000,0.000000000,-0.000000000,-0.000000000,1.000000000,0.000000000,12.095411923,0.000611415,43.449999754,1.000000000
POINT1.MATRIX2=-0.831254041,-0.555892723,-0.000000000,0.000000000,0.555892723,-0.831254041,-0.000000000,0.000000000,-0.000000000,-0.000000000,1.000000000,0.000000000,11.644718477,-0.000034846,43.449999754,1.000000000
POINT1.MATRIX3=-0.831254041,-0.555892723,-0.000000000,0.000000000,0.555892723,-0.831254041,-0.000000000,0.000000000,-0.000000000,-0.000000000,1.000000000,0.000000000,11.644718477,-0.000034847,43.000002805,1.000000000
