ENTITYNAME=WIRE
BASEFAMILY=b818ce99-70e4-41e8-ba20-f8926070fe55.fam
OBJECTMODELPOINTER=81b82497-164d-48c0-b1cb-18fa700dacdf.dev
KVALUE=0.000370
SPLIT=4
POINT0.BLHA=28.39913011,113.36988101,173.073,251.836928
POINT0.MATRIX0=-0.950173157,-0.311722587,0.000000000,0.000000000,0.311722587,-0.950173157,0.000000000,0.000000000,0.000000000,-0.000000000,1.000000000,0.000000000,-7.077615868,9.386380224,28.168927666,1.000000000
POINT0.MATRIX1=-0.950173157,-0.311722587,0.000000000,0.000000000,0.311722587,-0.950173157,0.000000000,0.000000000,0.000000000,-0.000000000,1.000000000,0.000000000,-7.062539178,10.220739390,28.468778131,1.000000000
POINT0.MATRIX2=-0.950173157,-0.311722587,0.000000000,0.000000000,0.311722587,-0.950173157,0.000000000,0.000000000,0.000000000,-0.000000000,1.000000000,0.000000000,-7.561249711,10.227738154,28.468907830,1.000000000
POINT0.MATRIX3=-0.950173157,-0.311722587,0.000000000,0.000000000,0.311722587,-0.950173157,0.000000000,0.000000000,0.000000000,-0.000000000,1.000000000,0.000000000,-7.577384531,9.398170714,28.168744561,1.000000000
POINT1.BLHA=28.39632770,113.36872548,122.542,249.667673
POINT1.MATRIX0=-0.937693038,-0.347464771,0.000000000,0.000000000,0.347464771,-0.937693038,0.000000000,0.000000000,-0.000000000,0.000000000,1.000000000,0.000000000,-13.097178698,-0.723918307,58.741106105,1.000000000
POINT1.MATRIX1=-0.937693038,-0.347464771,0.000000000,0.000000000,0.347464771,-0.937693038,0.000000000,0.000000000,-0.000000000,0.000000000,1.000000000,0.000000000,-13.097178698,-0.723918307,59.191103039,1.000000000
POINT1.MATRIX2=-0.937693038,-0.347464771,0.000000000,0.000000000,0.347464771,-0.937693038,0.000000000,0.000000000,-0.000000000,0.000000000,1.000000000,0.000000000,-13.547026740,-0.715646780,59.191103039,1.000000000
POINT1.MATRIX3=-0.937693038,-0.347464771,0.000000000,0.000000000,0.347464771,-0.937693038,0.000000000,0.000000000,-0.000000000,0.000000000,1.000000000,0.000000000,-13.547026739,-0.715646780,58.741106105,1.000000000
