ENTITYNAME=WIRE
BASEFAMILY=b825cef5-7792-440d-b4de-42c794529459.fam
OBJECTMODELPOINTER=81b82497-164d-48c0-b1cb-18fa700dacdf.dev
KVALUE=0.000000
SPLIT=4
POINT0.BLHA=28.49037109,113.42431436,249.697,224.957371
POINT0.MATRIX0=-0.706580481,-0.707632690,0.000000000,0.000000000,0.707632690,-0.706580481,0.000000000,0.000000000,0.000000000,-0.000000000,1.000000000,0.000000000,12.095059682,0.599811491,43.741101564,1.000000000
POINT0.MATRIX1=-0.706580481,-0.707632690,0.000000000,0.000000000,0.707632690,-0.706580481,0.000000000,0.000000000,0.000000000,-0.000000000,1.000000000,0.000000000,12.095059682,0.599811491,44.191102327,1.000000000
POINT0.MATRIX2=-0.706580481,-0.707632690,0.000000000,0.000000000,0.707632690,-0.706580481,0.000000000,0.000000000,0.000000000,-0.000000000,1.000000000,0.000000000,11.645176671,0.599822033,44.191102327,1.000000000
POINT0.MATRIX3=-0.706580481,-0.707632690,0.000000000,0.000000000,0.707632690,-0.706580481,0.000000000,0.000000000,0.000000000,-0.000000000,1.000000000,0.000000000,11.645176671,0.599822033,43.741101564,1.000000000
POINT1.BLHA=28.49037109,113.42431436,249.697,224.957371
POINT1.MATRIX0=-0.706580481,-0.707632690,0.000000000,0.000000000,0.707632690,-0.706580481,0.000000000,0.000000000,0.000000000,-0.000000000,1.000000000,0.000000000,12.095056714,0.719813377,43.741101564,1.000000000
POINT1.MATRIX1=-0.706580481,-0.707632690,0.000000000,0.000000000,0.707632690,-0.706580481,0.000000000,0.000000000,0.000000000,-0.000000000,1.000000000,0.000000000,12.095056715,0.719813378,44.191102327,1.000000000
POINT1.MATRIX2=-0.706580481,-0.707632690,0.000000000,0.000000000,0.707632690,-0.706580481,0.000000000,0.000000000,0.000000000,-0.000000000,1.000000000,0.000000000,11.645173703,0.719823920,44.191102327,1.000000000
POINT1.MATRIX3=-0.706580481,-0.707632690,0.000000000,0.000000000,0.707632690,-0.706580481,0.000000000,0.000000000,0.000000000,-0.000000000,1.000000000,0.000000000,11.645173703,0.719823920,43.741101564,1.000000000
