OBJECTMODELPOINTER=33777c94-e4b9-4947-906f-f84480f3cb99.dev
BASEFAMILY=b82c9806-e7aa-4dd1-860b-ad9d2e6e7b4d.fam
BLHA=28.80679371,113.51083278,186.898436,227.348291
TRANSFORMMATRIX=-0.000003528,-1.000000000,0.000014787,0.000000000,1.000000000,-0.000003528,-0.000001765,0.000000000,0.000001765,0.000014787,1.000000000,0.000000000,11.483070129,94.157428200,35.882015160,1.000000000
ENTITYNAME=Wire_Device
