OBJECTMODELPOINTER=33777c94-e4b9-4947-906f-f84480f3cb99.dev
BASEFAMILY=b830f156-46be-497a-910e-3fb47a5c02b1.fam
BLHA=28.73032666,113.45294372,113.432437,258.301958
TRANSFORMMATRIX=0.010735695,-0.999942370,0.000048857,0.000000000,0.999942371,0.010735694,-0.000001816,0.000000000,0.000001291,0.000048873,0.999999999,0.000000000,8.562070435,310.435704852,27.634840739,1.000000000
ENTITYNAME=Wire_Device
