ENTITYNAME=WIRE
BASEFAMILY=b835ff4f-64d4-407b-bf01-a1572f7fc9c8.fam
OBJECTMODELPOINTER=81b82497-164d-48c0-b1cb-18fa700dacdf.dev
KVALUE=0.000000
SPLIT=4
POINT0.BLHA=28.51174980,113.46636581,279.463,210.734491
POINT0.MATRIX0=-0.511060437,-0.859544780,-0.000000000,0.000000000,0.859544780,-0.511060437,0.000000000,0.000000000,-0.000000000,0.000000000,1.000000000,0.000000000,7.724909747,3.999051219,38.789999781,1.000000000
POINT0.MATRIX1=-0.511060437,-0.859544780,-0.000000000,0.000000000,0.859544780,-0.511060437,0.000000000,0.000000000,-0.000000000,0.000000000,1.000000000,0.000000000,7.724909747,3.999051220,39.239999829,1.000000000
POINT0.MATRIX2=-0.511060437,-0.859544780,-0.000000000,0.000000000,0.859544780,-0.511060437,0.000000000,0.000000000,-0.000000000,0.000000000,1.000000000,0.000000000,7.274909638,3.999051292,39.239999829,1.000000000
POINT0.MATRIX3=-0.511060437,-0.859544780,-0.000000000,0.000000000,0.859544780,-0.511060437,0.000000000,0.000000000,-0.000000000,0.000000000,1.000000000,0.000000000,7.274909638,3.999051292,38.789999781,1.000000000
POINT1.BLHA=28.51174980,113.46636581,279.463,210.734491
POINT1.MATRIX0=-0.511060437,-0.859544780,-0.000000000,0.000000000,0.859544780,-0.511060437,0.000000000,0.000000000,-0.000000000,0.000000000,1.000000000,0.000000000,7.724909574,4.001051355,38.789999782,1.000000000
POINT1.MATRIX1=-0.511060437,-0.859544780,-0.000000000,0.000000000,0.859544780,-0.511060437,0.000000000,0.000000000,-0.000000000,0.000000000,1.000000000,0.000000000,7.724909574,4.001051355,39.239999830,1.000000000
POINT1.MATRIX2=-0.511060437,-0.859544780,-0.000000000,0.000000000,0.859544780,-0.511060437,0.000000000,0.000000000,-0.000000000,0.000000000,1.000000000,0.000000000,7.274909639,4.001051254,39.239999829,1.000000000
POINT1.MATRIX3=-0.511060437,-0.859544780,-0.000000000,0.000000000,0.859544780,-0.511060437,0.000000000,0.000000000,-0.000000000,0.000000000,1.000000000,0.000000000,7.274909639,4.001051254,38.789999781,1.000000000
