OBJECTMODELPOINTER=33777c94-e4b9-4947-906f-f84480f3cb99.dev
BASEFAMILY=b8399ba7-a614-4d1a-9160-35dec347bc78.fam
BLHA=28.31135450,113.43043530,49.303319,335.449580
TRANSFORMMATRIX=-0.003417364,-0.999994160,0.000041490,0.000000000,0.999994161,-0.003417364,-0.000000904,0.000000000,0.000001046,0.000041487,0.999999999,0.000000000,6.125930057,264.558557273,44.954149748,1.000000000
ENTITYNAME=Wire_Device
