OBJECTMODELPOINTER=33777c94-e4b9-4947-906f-f84480f3cb99.dev
BASEFAMILY=b83bc4a2-802c-4ead-9d3a-7484298e94c1.fam
BLHA=28.27407839,113.47004129,94.944746,312.669055
TRANSFORMMATRIX=-0.001220554,-0.999999254,0.000042363,0.000000000,0.999999255,-0.001220554,-0.000000940,0.000000000,0.000000992,0.000042361,0.999999999,0.000000000,5.614092872,269.618617442,36.594845614,1.000000000
ENTITYNAME=Wire_Device
