ENTITYNAME=WIRE
BASEFAMILY=b844f1d0-f394-4717-a6c2-a5466e059e39.fam
OBJECTMODELPOINTER=81b82497-164d-48c0-b1cb-18fa700dacdf.dev
KVALUE=0.000367
SPLIT=4
POINT0.BLHA=28.58307238,113.48148471,281.709,287.849619
POINT0.MATRIX0=-0.951864299,0.306519749,-0.000000000,0.000000000,-0.306519749,-0.951864299,-0.000000000,0.000000000,0.000000000,0.000000000,1.000000000,0.000000000,13.546662868,0.717237983,52.741102528,1.000000000
POINT0.MATRIX1=-0.951864299,0.306519749,-0.000000000,0.000000000,-0.306519749,-0.951864299,-0.000000000,0.000000000,0.000000000,0.000000000,1.000000000,0.000000000,13.546662868,0.717237983,53.191103291,1.000000000
POINT0.MATRIX2=-0.951864299,0.306519749,-0.000000000,0.000000000,-0.306519749,-0.951864299,-0.000000000,0.000000000,0.000000000,0.000000000,1.000000000,0.000000000,13.096484246,0.722675878,53.191103291,1.000000000
POINT0.MATRIX3=-0.951864299,0.306519749,-0.000000000,0.000000000,-0.306519749,-0.951864299,-0.000000000,0.000000000,0.000000000,0.000000000,1.000000000,0.000000000,13.096484246,0.722675878,52.741102528,1.000000000
POINT1.BLHA=28.57953661,113.48279374,260.581,480.423303
POINT1.MATRIX0=0.862307788,-0.506384517,0.000000000,0.000000000,0.506384517,0.862307788,0.000000000,0.000000000,-0.000000000,-0.000000000,1.000000000,0.000000000,-6.476832917,9.434793423,29.379170117,1.000000000
POINT1.MATRIX1=0.862307788,-0.506384517,0.000000000,0.000000000,0.506384517,0.862307788,0.000000000,0.000000000,-0.000000000,-0.000000000,1.000000000,0.000000000,-6.317463025,10.197939824,29.793827710,1.000000000
POINT1.MATRIX2=0.862307788,-0.506384517,0.000000000,0.000000000,0.506384517,0.862307788,0.000000000,0.000000000,-0.000000000,-0.000000000,1.000000000,0.000000000,-5.828195665,10.095784367,29.793833432,1.000000000
POINT1.MATRIX3=0.862307788,-0.506384517,0.000000000,0.000000000,0.506384517,0.862307788,0.000000000,0.000000000,-0.000000000,-0.000000000,1.000000000,0.000000000,-5.987388477,9.331967726,29.379166302,1.000000000
