OBJECTMODELPOINTER=33777c94-e4b9-4947-906f-f84480f3cb99.dev
BASEFAMILY=b8649c63-e624-4b82-9cb7-23541f68afbe.fam
BLHA=28.29768818,113.44194006,79.179744,287.794387
TRANSFORMMATRIX=-0.002219969,-0.999997536,0.000017100,0.000000000,0.999997536,-0.002219969,0.000001643,0.000000000,-0.000001605,0.000017103,1.000000000,0.000000000,-10.404840950,108.673184940,40.762586632,1.000000000
ENTITYNAME=Wire_Device
