OBJECTMODELPOINTER=33777c94-e4b9-4947-906f-f84480f3cb99.dev
BASEFAMILY=b88448c8-e86a-4bf2-b943-57bd3281fe13.fam
BLHA=28.31498130,113.40038482,72.539572,2.946268
TRANSFORMMATRIX=-0.211052212,-0.977474789,-0.000000417,0.000000000,0.977474789,-0.211052212,-0.000001464,0.000000000,0.000001342,-0.000000716,1.000000000,0.000000000,8.527330742,-4.569626710,54.779523738,1.000000000
ENTITYNAME=Wire_Device
