OBJECTMODELPOINTER=33777c94-e4b9-4947-906f-f84480f3cb99.dev
BASEFAMILY=b8b037d7-7949-4a2d-8d54-36eedc0989e7.fam
BLHA=28.52957493,113.49997928,454.520911,210.734491
TRANSFORMMATRIX=-0.000012112,-1.000000000,0.000025378,0.000000000,1.000000000,-0.000012112,0.000000164,0.000000000,-0.000000164,0.000025379,1.000000000,0.000000000,-0.674356516,161.780566647,11.506754253,1.000000000
ENTITYNAME=Wire_Device
