OBJECTMODELPOINTER=33777c94-e4b9-4947-906f-f84480f3cb99.dev
BASEFAMILY=b8b7a546-df17-4a90-856e-6a9f9929494f.fam
BLHA=28.28033977,113.46346380,83.899072,326.450928
TRANSFORMMATRIX=-0.241022410,-0.970519550,0.000028335,0.000000000,0.970519551,-0.241022410,0.000001374,0.000000000,0.000005495,0.000027831,1.000000000,0.000000000,34.528126771,177.281448342,55.265363616,1.000000000
ENTITYNAME=Wire_Device
