OBJECTMODELPOINTER=33777c94-e4b9-4947-906f-f84480f3cb99.dev
BASEFAMILY=b8b948b1-6f70-44a3-94df-d9c2405884f7.fam
BLHA=28.77096466,113.47401910,153.559218,236.227775
TRANSFORMMATRIX=-0.001737386,-0.999998490,0.000028893,0.000000000,0.999998491,-0.001737386,-0.000001801,0.000000000,0.000001850,0.000028890,1.000000000,0.000000000,12.235407725,183.779993443,10.579491101,1.000000000
ENTITYNAME=Wire_Device
