ENTITYNAME=WIRE
BASEFAMILY=b8ba553f-0b5c-4cad-bf87-29fbf9c2bb27.fam
OBJECTMODELPOINTER=81b82497-164d-48c0-b1cb-18fa700dacdf.dev
KVALUE=0.000000
SPLIT=4
POINT0.BLHA=28.36788990,113.36378392,64.429,219.706007
POINT0.MATRIX0=-0.638848483,-0.769332578,0.000000000,0.000000000,0.769332578,-0.638848483,0.000000000,0.000000000,0.000000000,0.000000000,1.000000000,0.000000000,0.181427866,-0.000810861,37.762691581,1.000000000
POINT0.MATRIX1=-0.638848483,-0.769332578,0.000000000,0.000000000,0.769332578,-0.638848483,0.000000000,0.000000000,0.000000000,0.000000000,1.000000000,0.000000000,0.217749253,0.000127509,38.211147391,1.000000000
POINT0.MATRIX2=-0.638848483,-0.769332578,0.000000000,0.000000000,0.769332578,-0.638848483,0.000000000,0.000000000,0.000000000,0.000000000,1.000000000,0.000000000,-0.229816271,-0.000775270,38.248409354,1.000000000
POINT0.MATRIX3=-0.638848483,-0.769332578,0.000000000,0.000000000,0.769332578,-0.638848483,0.000000000,0.000000000,0.000000000,0.000000000,1.000000000,0.000000000,-0.267328323,-0.000090239,37.799968802,1.000000000
POINT1.BLHA=28.36788990,113.36378392,64.429,219.706007
POINT1.MATRIX0=-0.638848483,-0.769332578,0.000000000,0.000000000,0.769332578,-0.638848483,0.000000000,0.000000000,0.000000000,0.000000000,1.000000000,0.000000000,0.181426439,0.119184819,37.762691581,1.000000000
POINT1.MATRIX1=-0.638848483,-0.769332578,0.000000000,0.000000000,0.769332578,-0.638848483,0.000000000,0.000000000,0.000000000,0.000000000,1.000000000,0.000000000,0.217747826,0.120123188,38.211147390,1.000000000
POINT1.MATRIX2=-0.638848483,-0.769332578,0.000000000,0.000000000,0.769332578,-0.638848483,0.000000000,0.000000000,0.000000000,0.000000000,1.000000000,0.000000000,-0.229817699,0.119220409,38.248409353,1.000000000
POINT1.MATRIX3=-0.638848483,-0.769332578,0.000000000,0.000000000,0.769332578,-0.638848483,0.000000000,0.000000000,0.000000000,0.000000000,1.000000000,0.000000000,-0.267329751,0.119905442,37.799968802,1.000000000
