ENTITYNAME=WIRE
BASEFAMILY=b8c2eea4-608b-456c-ac37-2ccc3186e337.fam
OBJECTMODELPOINTER=31970f28-780e-4bf1-8adb-439f78c329a3.dev
KVALUE=0.000239
SPLIT=1
POINT0.BLHA=28.46846127,113.40263855,250.773,415.920157
POINT0.MATRIX0=0.828257519,0.560347644,0.000000000,0.000000000,-0.560347644,0.828257519,-0.000000000,0.000000000,0.000000000,0.000000000,1.000000000,0.000000000,-5.451037357,-1.555825999,43.899249757,1.000000000
POINT1.BLHA=28.46688419,113.40170203,216.341,242.026912
POINT1.MATRIX0=-0.883168008,-0.469056788,0.000000000,0.000000000,0.469056788,-0.883168008,0.000000000,0.000000000,0.000000000,-0.000000000,1.000000000,0.000000000,11.960089422,-0.634994483,57.557998860,1.000000000
