OBJECTMODELPOINTER=33777c94-e4b9-4947-906f-f84480f3cb99.dev
BASEFAMILY=b8cb6971-3440-4675-bbed-3670fb8875bf.fam
BLHA=28.64674167,113.46331381,165.940967,277.610658
TRANSFORMMATRIX=0.000005463,-0.999999999,0.000052787,0.000000000,1.000000000,0.000005463,0.000002060,0.000000000,-0.000002060,0.000052786,0.999999999,0.000000000,-13.375565969,335.249179645,8.736602904,1.000000000
ENTITYNAME=Wire_Device
