OBJECTMODELPOINTER=33777c94-e4b9-4947-906f-f84480f3cb99.dev
BASEFAMILY=b8ccc55f-0fcb-44f9-9649-3e73a1f13543.fam
BLHA=28.68698006,113.45743042,187.111712,277.425083
TRANSFORMMATRIX=0.010618160,-0.999943626,0.000015283,0.000000000,0.999943626,0.010618160,-0.000001802,0.000000000,0.000001639,0.000015301,1.000000000,0.000000000,10.399281443,97.167782749,15.664815007,1.000000000
ENTITYNAME=Wire_Device
