ENTITYNAME=WIRE
BASEFAMILY=b8cf4ed5-eb8c-4a69-83cc-074f9c849332.fam
OBJECTMODELPOINTER=31970f28-780e-4bf1-8adb-439f78c329a3.dev
KVALUE=0.000218
SPLIT=1
POINT0.BLHA=28.31523299,113.41422428,48.000,0.896163
POINT0.MATRIX0=0.015640353,0.999877682,-0.000000000,0.000000000,-0.999877682,0.015640353,-0.000000000,0.000000000,-0.000000000,-0.000000000,1.000000000,0.000000000,10.798694865,0.309978213,66.558005580,1.000000000
POINT1.BLHA=28.31529425,113.41760444,47.126,0.896163
POINT1.MATRIX0=0.015640353,0.999877682,0.000000000,0.000000000,-0.999877682,0.015640353,0.000000000,0.000000000,0.000000000,-0.000000000,1.000000000,0.000000000,10.801120610,-0.309877027,63.558001990,1.000000000
