OBJECTMODELPOINTER=33777c94-e4b9-4947-906f-f84480f3cb99.dev
BASEFAMILY=b8dd61c9-4074-4ae7-9ca9-4b59d9f014f1.fam
BLHA=28.71973492,113.45364743,163.020408,283.291091
TRANSFORMMATRIX=-0.002489373,-0.999996901,0.000005699,0.000000000,0.999996902,-0.002489373,0.000000020,0.000000000,-0.000000006,0.000005700,1.000000000,0.000000000,-0.076139599,36.203742028,32.804505628,1.000000000
ENTITYNAME=Wire_Device
