OBJECTMODELPOINTER=33777c94-e4b9-4947-906f-f84480f3cb99.dev
BASEFAMILY=b8fce5a0-70c8-4ff1-a581-8024248141b7.fam
BLHA=28.56112925,113.50240150,222.763342,308.993779
TRANSFORMMATRIX=-0.078923086,-0.996880708,0.000007922,0.000000000,0.996880708,-0.078923086,-0.000001495,0.000000000,0.000002115,0.000007779,1.000000000,0.000000000,13.348631775,49.468081029,33.442323278,1.000000000
ENTITYNAME=Wire_Device
