OBJECTMODELPOINTER=33777c94-e4b9-4947-906f-f84480f3cb99.dev
BASEFAMILY=b900261e-456c-445d-857e-4d239e9c6f2c.fam
BLHA=28.51918695,113.48038702,399.659330,210.734491
TRANSFORMMATRIX=-0.000002541,-1.000000000,0.000005928,0.000000000,1.000000000,-0.000002541,0.000000039,0.000000000,-0.000000040,0.000005928,1.000000000,0.000000000,-0.163577801,37.787978927,27.742259997,1.000000000
ENTITYNAME=Wire_Device
