OBJECTMODELPOINTER=33777c94-e4b9-4947-906f-f84480f3cb99.dev
BASEFAMILY=b9189af9-6839-4940-a1ad-e8368036ff19.fam
BLHA=28.74269478,113.45578230,73.560853,258.301958
TRANSFORMMATRIX=-0.000004540,-0.999999999,0.000039908,0.000000000,1.000000000,-0.000004540,0.000000227,0.000000000,-0.000000226,0.000039908,0.999999999,0.000000000,-1.183716370,253.484139100,48.129625604,1.000000000
ENTITYNAME=Wire_Device
