OBJECTMODELPOINTER=33777c94-e4b9-4947-906f-f84480f3cb99.dev
BASEFAMILY=b91f456d-c262-41ac-a7bd-c1fff7f1389e.fam
BLHA=28.31515909,113.41015274,70.673124,0.896163
TRANSFORMMATRIX=0.000000533,-1.000000000,0.000005016,0.000000000,1.000000000,0.000000533,0.000001517,0.000000000,-0.000001518,0.000005016,1.000000000,0.000000000,-9.631072021,32.014869775,42.239786472,1.000000000
ENTITYNAME=Wire_Device
