ENTITYNAME=WIRE
BASEFAMILY=b938ae4d-6928-49dc-96df-60ecda8aa180.fam
OBJECTMODELPOINTER=81b82497-164d-48c0-b1cb-18fa700dacdf.dev
KVALUE=0.000369
SPLIT=4
POINT0.BLHA=28.48305469,113.41645050,246.976,229.813402
POINT0.MATRIX0=-0.763946986,-0.645279012,0.000000000,0.000000000,0.645279012,-0.763946986,-0.000000000,0.000000000,0.000000000,-0.000000000,1.000000000,0.000000000,-11.644572101,0.719458598,40.741101548,1.000000000
POINT0.MATRIX1=-0.763946986,-0.645279012,0.000000000,0.000000000,0.645279012,-0.763946986,-0.000000000,0.000000000,0.000000000,-0.000000000,1.000000000,0.000000000,-11.644572101,0.719458598,41.191102311,1.000000000
POINT0.MATRIX2=-0.763946986,-0.645279012,0.000000000,0.000000000,0.645279012,-0.763946986,-0.000000000,0.000000000,0.000000000,-0.000000000,1.000000000,0.000000000,-12.094592131,0.720279525,41.191102312,1.000000000
POINT0.MATRIX3=-0.763946986,-0.645279012,0.000000000,0.000000000,0.645279012,-0.763946986,-0.000000000,0.000000000,0.000000000,-0.000000000,1.000000000,0.000000000,-12.094592131,0.720279525,40.741101549,1.000000000
POINT1.BLHA=28.47949059,113.41307678,290.814,229.813402
POINT1.MATRIX0=-0.763946986,-0.645279012,-0.000000000,0.000000000,0.645279012,-0.763946986,-0.000000000,0.000000000,0.000000000,-0.000000000,1.000000000,0.000000000,-12.505277217,-0.720439603,40.741099386,1.000000000
POINT1.MATRIX1=-0.763946986,-0.645279012,-0.000000000,0.000000000,0.645279012,-0.763946986,-0.000000000,0.000000000,0.000000000,-0.000000000,1.000000000,0.000000000,-12.505277217,-0.720439603,41.191100149,1.000000000
POINT1.MATRIX2=-0.763946986,-0.645279012,-0.000000000,0.000000000,0.645279012,-0.763946986,-0.000000000,0.000000000,0.000000000,-0.000000000,1.000000000,0.000000000,-12.955297247,-0.719618676,41.191100149,1.000000000
POINT1.MATRIX3=-0.763946986,-0.645279012,-0.000000000,0.000000000,0.645279012,-0.763946986,-0.000000000,0.000000000,0.000000000,-0.000000000,1.000000000,0.000000000,-12.955297247,-0.719618677,40.741099386,1.000000000
