OBJECTMODELPOINTER=33777c94-e4b9-4947-906f-f84480f3cb99.dev
BASEFAMILY=b93f1f96-3d58-4120-84e8-690ffd8d921d.fam
BLHA=28.73032666,113.45294372,113.432437,258.301958
TRANSFORMMATRIX=0.010738977,-0.999942335,0.000016796,0.000000000,0.999942336,0.010738977,-0.000001994,0.000000000,0.000001814,0.000016816,1.000000000,0.000000000,11.683985608,106.825146449,39.640177770,1.000000000
ENTITYNAME=Wire_Device
