OBJECTMODELPOINTER=33777c94-e4b9-4947-906f-f84480f3cb99.dev
BASEFAMILY=b9504819-802c-4df7-8dc3-c3e78ba32fd2.fam
BLHA=28.79327466,113.49529712,200.216421,221.400685
TRANSFORMMATRIX=-0.000021700,-0.999999999,0.000051174,0.000000000,1.000000000,-0.000021699,0.000002349,0.000000000,-0.000002348,0.000051174,0.999999999,0.000000000,-14.112409253,325.888371276,5.824813209,1.000000000
ENTITYNAME=Wire_Device
