OBJECTMODELPOINTER=33777c94-e4b9-4947-906f-f84480f3cb99.dev
BASEFAMILY=b98a9a8c-9557-445f-92bd-a7d112c95942.fam
BLHA=28.49972812,113.43660808,222.066271,200.251669
TRANSFORMMATRIX=0.003528644,-0.999993774,0.000028753,0.000000000,0.999993774,0.003528644,0.000000189,0.000000000,-0.000000291,0.000028752,1.000000000,0.000000000,-1.535670137,183.417137601,62.032818120,1.000000000
ENTITYNAME=Wire_Device
