OBJECTMODELPOINTER=33777c94-e4b9-4947-906f-f84480f3cb99.dev
BASEFAMILY=b98dd167-827b-47dd-9dd1-ae482ff1eda9.fam
BLHA=28.44721846,113.39002654,265.559825,242.026912
TRANSFORMMATRIX=-0.000013797,-0.999999999,0.000051679,0.000000000,1.000000000,-0.000013797,0.000000377,0.000000000,-0.000000376,0.000051679,0.999999999,0.000000000,-1.691592476,328.544780953,23.120362181,1.000000000
ENTITYNAME=Wire_Device
