OBJECTMODELPOINTER=33777c94-e4b9-4947-906f-f84480f3cb99.dev
BASEFAMILY=b994ce70-5f38-400c-aac7-db5d6b630739.fam
BLHA=28.58307238,113.48148471,281.708531,287.849619
TRANSFORMMATRIX=-0.015168706,-0.999884947,0.000047924,0.000000000,0.999884949,-0.015168706,0.000002226,0.000000000,-0.000001500,0.000047952,0.999999999,0.000000000,-10.026660688,304.676995561,8.365961793,1.000000000
ENTITYNAME=Wire_Device
