OBJECTMODELPOINTER=33777c94-e4b9-4947-906f-f84480f3cb99.dev
BASEFAMILY=b99a3eaa-7200-4219-becf-91b3031f1fed.fam
BLHA=28.63338498,113.46540590,167.944131,275.523589
TRANSFORMMATRIX=-0.000004193,-1.000000000,-0.000000070,0.000000000,1.000000000,-0.000004193,-0.000001175,0.000000000,0.000001176,-0.000000070,1.000000000,0.000000000,7.501850227,-0.446409223,37.434774853,1.000000000
ENTITYNAME=Wire_Device
