OBJECTMODELPOINTER=33777c94-e4b9-4947-906f-f84480f3cb99.dev
BASEFAMILY=b9daa06f-e96e-4325-b05c-91f31fa2027f.fam
BLHA=28.47144509,113.40546217,294.357908,229.813402
TRANSFORMMATRIX=-0.012542560,-0.999921339,0.000005358,0.000000000,0.999921339,-0.012542560,0.000002041,0.000000000,-0.000001973,0.000005384,1.000000000,0.000000000,-12.480124573,34.227856805,34.471536898,1.000000000
ENTITYNAME=Wire_Device
