OBJECTMODELPOINTER=33777c94-e4b9-4947-906f-f84480f3cb99.dev
BASEFAMILY=b9df68f4-9449-44e7-abc9-0d951bdc5ec4.fam
BLHA=28.77096466,113.47401910,153.559218,236.227775
TRANSFORMMATRIX=-0.000002130,-1.000000000,0.000004460,0.000000000,1.000000000,-0.000002130,0.000000034,0.000000000,-0.000000035,0.000004460,1.000000000,0.000000000,-0.150595250,28.366801956,38.072831935,1.000000000
ENTITYNAME=Wire_Device
