OBJECTMODELPOINTER=33777c94-e4b9-4947-906f-f84480f3cb99.dev
BASEFAMILY=b9f0f6e8-c28c-4849-a5c5-23fd7b8d01e8.fam
BLHA=28.74846038,113.45710577,102.803547,427.264866
TRANSFORMMATRIX=-0.189798027,0.981823152,0.000086467,0.000000000,-0.981823156,-0.189798027,0.000000657,0.000000000,0.000017056,-0.000084770,0.999999996,0.000000000,107.793068853,-538.533977259,10.741755453,1.000000000
ENTITYNAME=Wire_Device
