OBJECTMODELPOINTER=33777c94-e4b9-4947-906f-f84480f3cb99.dev
BASEFAMILY=b9f4a11a-8037-45ee-80da-c2f576dc7564.fam
BLHA=28.27757020,113.46637333,93.774105,312.669055
TRANSFORMMATRIX=-0.000891917,-0.999999601,0.000053120,0.000000000,0.999999602,-0.000891917,0.000001227,0.000000000,-0.000001180,0.000053121,0.999999999,0.000000000,-8.392562667,338.141038917,44.203944503,1.000000000
ENTITYNAME=Wire_Device
