OBJECTMODELPOINTER=33777c94-e4b9-4947-906f-f84480f3cb99.dev
BASEFAMILY=b9f5a8ce-985f-49d8-ab28-98b010fa4df1.fam
BLHA=28.48504373,113.41833342,235.006355,407.385386
TRANSFORMMATRIX=-0.037820330,0.999284555,0.000006860,0.000000000,-0.999284555,-0.037820330,0.000000260,0.000000000,0.000000519,-0.000006845,1.000000000,0.000000000,3.192087831,-43.563923249,35.548104548,1.000000000
ENTITYNAME=Wire_Device
