OBJECTMODELPOINTER=33777c94-e4b9-4947-906f-f84480f3cb99.dev
BASEFAMILY=ba0e1c92-ad2e-4bdb-9971-a56f41fb8ab5.fam
BLHA=28.70103226,113.45527961,136.730850,277.425083
TRANSFORMMATRIX=0.000003940,-0.999999999,0.000040901,0.000000000,1.000000000,0.000003940,0.000002018,0.000000000,-0.000002018,0.000040901,0.999999999,0.000000000,-13.056089867,259.763222372,32.221318783,1.000000000
ENTITYNAME=Wire_Device
