OBJECTMODELPOINTER=33777c94-e4b9-4947-906f-f84480f3cb99.dev
BASEFAMILY=ba10d22e-a889-463c-9c7e-3d9d35e69e6e.fam
BLHA=28.31294059,113.42646212,52.368358,335.449580
TRANSFORMMATRIX=0.000026313,-0.999999998,0.000050924,0.000000000,1.000000000,0.000026313,0.000001632,0.000000000,-0.000001633,0.000050924,0.999999999,0.000000000,-11.015921035,324.779057899,36.985927763,1.000000000
ENTITYNAME=Wire_Device
