OBJECTMODELPOINTER=33777c94-e4b9-4947-906f-f84480f3cb99.dev
BASEFAMILY=ba12c7dd-fc2e-4e87-b6fb-2c35e792148f.fam
BLHA=28.34247838,113.36303113,107.750676,278.143009
TRANSFORMMATRIX=-0.003124177,-0.999995120,0.000016216,0.000000000,0.999995120,-0.003124178,-0.000001786,0.000000000,0.000001837,0.000016210,1.000000000,0.000000000,11.645110059,102.936186433,16.561698676,1.000000000
ENTITYNAME=Wire_Device
