ENTITYNAME=WIRE
BASEFAMILY=ba1af462-8635-4a28-bbd7-fc63b4db58b2.fam
OBJECTMODELPOINTER=81b82497-164d-48c0-b1cb-18fa700dacdf.dev
KVALUE=0.000371
SPLIT=4
POINT0.BLHA=28.40635362,113.37217651,164.659,254.006183
POINT0.MATRIX0=-0.961291434,-0.275533624,0.000000000,0.000000000,0.275533624,-0.961291434,0.000000000,0.000000000,0.000000000,0.000000000,1.000000000,0.000000000,0.249043603,10.713906423,36.578494635,1.000000000
POINT0.MATRIX1=-0.961291434,-0.275533624,0.000000000,0.000000000,0.275533624,-0.961291434,0.000000000,0.000000000,0.000000000,0.000000000,1.000000000,0.000000000,0.250008993,10.047761922,37.158496465,1.000000000
POINT0.MATRIX2=-0.961291434,-0.275533624,0.000000000,0.000000000,0.275533624,-0.961291434,0.000000000,0.000000000,0.000000000,0.000000000,1.000000000,0.000000000,-0.250270570,10.047607413,37.158496465,1.000000000
POINT0.MATRIX3=-0.961291434,-0.275533624,0.000000000,0.000000000,0.275533624,-0.961291434,0.000000000,0.000000000,0.000000000,0.000000000,1.000000000,0.000000000,-0.250766579,10.713886451,36.578258123,1.000000000
POINT1.BLHA=28.40337100,113.37122865,129.379,254.006183
POINT1.MATRIX0=-0.961291434,-0.275533624,-0.000000000,0.000000000,0.275533624,-0.961291434,-0.000000000,0.000000000,0.000000000,-0.000000000,1.000000000,0.000000000,0.182221982,-0.119396435,53.478132391,1.000000000
POINT1.MATRIX1=-0.961291434,-0.275533624,-0.000000000,0.000000000,0.275533624,-0.961291434,-0.000000000,0.000000000,0.000000000,-0.000000000,1.000000000,0.000000000,0.215422478,-0.120039083,53.926908636,1.000000000
POINT1.MATRIX2=-0.961291434,-0.275533624,-0.000000000,0.000000000,0.275533624,-0.961291434,-0.000000000,0.000000000,0.000000000,-0.000000000,1.000000000,0.000000000,-0.233213204,-0.119613382,53.960172796,1.000000000
POINT1.MATRIX3=-0.961291434,-0.275533624,-0.000000000,0.000000000,0.275533624,-0.961291434,-0.000000000,0.000000000,0.000000000,-0.000000000,1.000000000,0.000000000,-0.266614005,-0.120044033,53.511396552,1.000000000
