OBJECTMODELPOINTER=33777c94-e4b9-4947-906f-f84480f3cb99.dev
BASEFAMILY=ba390584-1667-4118-888d-db60d9ecb14c.fam
BLHA=28.80679371,113.51083278,186.898436,227.348291
TRANSFORMMATRIX=-0.000018547,-0.999999998,0.000055397,0.000000000,1.000000000,-0.000018547,-0.000001493,0.000000000,0.000001494,0.000055397,0.999999998,0.000000000,10.419005915,352.654781047,49.796702693,1.000000000
ENTITYNAME=Wire_Device
