OBJECTMODELPOINTER=33777c94-e4b9-4947-906f-f84480f3cb99.dev
BASEFAMILY=ba4519fe-c8cc-4786-8b93-b4bbb168c89c.fam
BLHA=28.53088729,113.50245510,443.024878,210.734491
TRANSFORMMATRIX=-0.000015877,-0.999999999,0.000028375,0.000000000,1.000000000,-0.000015877,-0.000001684,0.000000000,0.000001684,0.000028375,1.000000000,0.000000000,11.120042575,180.908526558,43.784443428,1.000000000
ENTITYNAME=Wire_Device
