OBJECTMODELPOINTER=33777c94-e4b9-4947-906f-f84480f3cb99.dev
BASEFAMILY=ba4c08ea-f0bc-4e7b-8682-e23746fd79b0.fam
BLHA=28.76565082,113.47002463,165.077698,236.227775
TRANSFORMMATRIX=-0.012116649,-0.999926591,0.000004304,0.000000000,0.999926591,-0.012116649,0.000002219,0.000000000,-0.000002166,0.000004330,1.000000000,0.000000000,-13.739638162,27.511277007,41.601548095,1.000000000
ENTITYNAME=Wire_Device
