ENTITYNAME=WIRE
BASEFAMILY=ba53d1fa-a5ef-46f5-a370-e4c59ca58969.fam
OBJECTMODELPOINTER=81b82497-164d-48c0-b1cb-18fa700dacdf.dev
KVALUE=0.000000
SPLIT=4
POINT0.BLHA=28.65418328,113.46214797,157.582,277.610658
POINT0.MATRIX0=-0.991190922,0.132440763,-0.000000000,0.000000000,-0.132440763,-0.991190922,-0.000000000,0.000000000,-0.000000000,0.000000000,1.000000000,0.000000000,12.094991353,0.000123152,40.000003712,1.000000000
POINT0.MATRIX1=-0.991190922,0.132440763,-0.000000000,0.000000000,-0.132440763,-0.991190922,-0.000000000,0.000000000,-0.000000000,0.000000000,1.000000000,0.000000000,12.094991353,0.000123151,40.450000660,1.000000000
POINT0.MATRIX2=-0.991190922,0.132440763,-0.000000000,0.000000000,-0.132440763,-0.991190922,-0.000000000,0.000000000,-0.000000000,0.000000000,1.000000000,0.000000000,11.645098791,-0.000848166,40.450000660,1.000000000
POINT0.MATRIX3=-0.991190922,0.132440763,-0.000000000,0.000000000,-0.132440763,-0.991190922,-0.000000000,0.000000000,-0.000000000,0.000000000,1.000000000,0.000000000,11.645098791,-0.000848166,40.000003712,1.000000000
POINT1.BLHA=28.65418328,113.46214797,157.582,277.610658
POINT1.MATRIX0=-0.991190922,0.132440763,-0.000000000,0.000000000,-0.132440763,-0.991190922,-0.000000000,0.000000000,-0.000000000,0.000000000,1.000000000,0.000000000,12.094990585,0.110116238,40.000003711,1.000000000
POINT1.MATRIX1=-0.991190922,0.132440763,-0.000000000,0.000000000,-0.132440763,-0.991190922,-0.000000000,0.000000000,-0.000000000,0.000000000,1.000000000,0.000000000,12.094990585,0.110116238,40.450000659,1.000000000
POINT1.MATRIX2=-0.991190922,0.132440763,-0.000000000,0.000000000,-0.132440763,-0.991190922,-0.000000000,0.000000000,-0.000000000,0.000000000,1.000000000,0.000000000,11.645098023,0.109144921,40.450000660,1.000000000
POINT1.MATRIX3=-0.991190922,0.132440763,-0.000000000,0.000000000,-0.132440763,-0.991190922,-0.000000000,0.000000000,-0.000000000,0.000000000,1.000000000,0.000000000,11.645098023,0.109144921,40.000003712,1.000000000
