OBJECTMODELPOINTER=33777c94-e4b9-4947-906f-f84480f3cb99.dev
BASEFAMILY=ba548529-21b2-4a4d-8486-41736d361efa.fam
BLHA=28.56335436,113.50003182,213.977894,312.996987
TRANSFORMMATRIX=0.000323329,-0.999999947,0.000025776,0.000000000,0.999999948,0.000323329,0.000000041,0.000000000,-0.000000049,0.000025776,1.000000000,0.000000000,-0.736095054,164.083237838,34.737872032,1.000000000
ENTITYNAME=Wire_Device
