OBJECTMODELPOINTER=33777c94-e4b9-4947-906f-f84480f3cb99.dev
BASEFAMILY=ba5c10c9-21c0-4d7a-9b19-70b6517c2db8.fam
BLHA=28.56112925,113.50240150,222.763342,308.993779
TRANSFORMMATRIX=-0.061112101,-0.998130909,0.000007737,0.000000000,0.998130909,-0.061112101,0.000001548,0.000000000,-0.000001073,0.000007817,1.000000000,0.000000000,-6.959570419,49.757209744,33.404132011,1.000000000
ENTITYNAME=Wire_Device
