OBJECTMODELPOINTER=33777c94-e4b9-4947-906f-f84480f3cb99.dev
BASEFAMILY=ba702abd-a032-4f83-9d1e-701c93ab9de9.fam
BLHA=28.65418328,113.46214797,157.582490,277.610658
TRANSFORMMATRIX=0.000001316,-1.000000000,0.000024988,0.000000000,1.000000000,0.000001316,0.000000095,0.000000000,-0.000000095,0.000024988,1.000000000,0.000000000,-0.714295791,158.693014927,33.170674449,1.000000000
ENTITYNAME=Wire_Device
