ENTITYNAME=WIRE
BASEFAMILY=ba8444c2-844d-41df-bc26-9eb32bd8784f.fam
OBJECTMODELPOINTER=81b82497-164d-48c0-b1cb-18fa700dacdf.dev
KVALUE=0.000000
SPLIT=4
POINT0.BLHA=28.56585701,113.49736639,238.962,312.996987
POINT0.MATRIX0=-0.731389569,0.681959895,-0.000000000,0.000000000,-0.681959895,-0.731389569,-0.000000000,0.000000000,-0.000000000,0.000000000,1.000000000,0.000000000,-13.094918318,-0.000218153,51.999999697,1.000000000
POINT0.MATRIX1=-0.731389569,0.681959895,-0.000000000,0.000000000,-0.681959895,-0.731389569,-0.000000000,0.000000000,-0.000000000,0.000000000,1.000000000,0.000000000,-13.094918317,-0.000218153,52.450000460,1.000000000
POINT0.MATRIX2=-0.731389569,0.681959895,-0.000000000,0.000000000,-0.681959895,-0.731389569,-0.000000000,0.000000000,-0.000000000,0.000000000,1.000000000,0.000000000,-13.544736376,-0.000057841,52.450000460,1.000000000
POINT0.MATRIX3=-0.731389569,0.681959895,-0.000000000,0.000000000,-0.681959895,-0.731389569,-0.000000000,0.000000000,-0.000000000,0.000000000,1.000000000,0.000000000,-13.544736376,-0.000057841,51.999999697,1.000000000
POINT1.BLHA=28.56585701,113.49736639,238.962,312.996987
POINT1.MATRIX0=-0.731389569,0.681959895,-0.000000000,0.000000000,-0.681959895,-0.731389569,-0.000000000,0.000000000,-0.000000000,0.000000000,1.000000000,0.000000000,-13.094846549,0.109786734,51.999999697,1.000000000
POINT1.MATRIX1=-0.731389569,0.681959895,-0.000000000,0.000000000,-0.681959895,-0.731389569,-0.000000000,0.000000000,-0.000000000,0.000000000,1.000000000,0.000000000,-13.094846548,0.109786734,52.450000460,1.000000000
POINT1.MATRIX2=-0.731389569,0.681959895,-0.000000000,0.000000000,-0.681959895,-0.731389569,-0.000000000,0.000000000,-0.000000000,0.000000000,1.000000000,0.000000000,-13.544664607,0.109947047,52.450000460,1.000000000
POINT1.MATRIX3=-0.731389569,0.681959895,-0.000000000,0.000000000,-0.681959895,-0.731389569,-0.000000000,0.000000000,-0.000000000,0.000000000,1.000000000,0.000000000,-13.544664607,0.109947047,51.999999696,1.000000000
