ENTITYNAME=WIRE
BASEFAMILY=baa6e9cf-9de3-4120-8e47-56b0e24644a5.fam
OBJECTMODELPOINTER=81b82497-164d-48c0-b1cb-18fa700dacdf.dev
KVALUE=0.000370
SPLIT=4
POINT0.BLHA=28.27757020,113.46637333,93.774,312.669055
POINT0.MATRIX0=-0.735280751,0.677762655,0.000000000,0.000000000,-0.677762655,-0.735280751,0.000000000,0.000000000,-0.000000000,-0.000000000,1.000000000,0.000000000,-7.067624472,0.130910267,77.066973688,1.000000000
POINT0.MATRIX1=-0.735280751,0.677762655,0.000000000,0.000000000,-0.677762655,-0.735280751,0.000000000,0.000000000,-0.000000000,-0.000000000,1.000000000,0.000000000,-6.884957814,0.129879688,77.532076837,1.000000000
POINT0.MATRIX2=-0.735280751,0.677762655,0.000000000,0.000000000,-0.677762655,-0.735280751,0.000000000,0.000000000,-0.000000000,-0.000000000,1.000000000,0.000000000,-7.349578574,0.130490985,77.715609552,1.000000000
POINT0.MATRIX3=-0.735280751,0.677762655,0.000000000,0.000000000,-0.677762655,-0.735280751,0.000000000,0.000000000,-0.000000000,-0.000000000,1.000000000,0.000000000,-7.533568987,0.130085468,77.250506403,1.000000000
POINT1.BLHA=28.27407839,113.47004129,94.945,312.669055
POINT1.MATRIX0=-0.735280751,0.677762655,0.000000000,0.000000000,-0.677762655,-0.735280751,0.000000000,0.000000000,0.000000000,0.000000000,1.000000000,0.000000000,-6.588197043,-0.129732269,61.366806930,1.000000000
POINT1.MATRIX1=-0.735280751,0.677762655,0.000000000,0.000000000,-0.677762655,-0.735280751,0.000000000,0.000000000,0.000000000,0.000000000,1.000000000,0.000000000,-6.402591023,-0.130815977,61.830658860,1.000000000
POINT1.MATRIX2=-0.735280751,0.677762655,0.000000000,0.000000000,-0.677762655,-0.735280751,0.000000000,0.000000000,0.000000000,0.000000000,1.000000000,0.000000000,-6.866493735,-0.130866557,62.017319626,1.000000000
POINT1.MATRIX3=-0.735280751,0.677762655,0.000000000,0.000000000,-0.677762655,-0.735280751,0.000000000,0.000000000,0.000000000,0.000000000,1.000000000,0.000000000,-7.052099756,-0.129782849,61.553467697,1.000000000
