OBJECTMODELPOINTER=33777c94-e4b9-4947-906f-f84480f3cb99.dev
BASEFAMILY=bab85b05-b4bc-4e04-939b-c2ef6d70be6f.fam
BLHA=28.72596649,113.45194319,126.516960,450.796525
TRANSFORMMATRIX=-0.212660765,0.977126091,0.000028573,0.000000000,-0.977126092,-0.212660766,0.000000266,0.000000000,0.000006337,-0.000027863,1.000000000,0.000000000,40.461454600,-176.940104251,33.079453791,1.000000000
ENTITYNAME=Wire_Device
