OBJECTMODELPOINTER=33777c94-e4b9-4947-906f-f84480f3cb99.dev
BASEFAMILY=bac7adf2-3086-4e77-bfb5-47b551dda911.fam
BLHA=28.50709200,113.45758686,253.896568,210.734491
TRANSFORMMATRIX=-0.005269847,-0.999986114,0.000031645,0.000000000,0.999986114,-0.005269847,0.000000220,0.000000000,-0.000000053,0.000031646,0.999999999,0.000000000,0.122922856,201.731915952,52.593007655,1.000000000
ENTITYNAME=Wire_Device
