OBJECTMODELPOINTER=33777c94-e4b9-4947-906f-f84480f3cb99.dev
BASEFAMILY=bac960ae-b2e8-480f-86ce-d4c865866b0e.fam
BLHA=28.34583559,113.36246769,78.593273,278.143009
TRANSFORMMATRIX=-0.003869574,-0.999992513,0.000018974,0.000000000,0.999992513,-0.003869574,0.000002174,0.000000000,-0.000002100,0.000018983,1.000000000,0.000000000,-13.492826284,120.556962886,44.216886274,1.000000000
ENTITYNAME=Wire_Device
