OBJECTMODELPOINTER=33777c94-e4b9-4947-906f-f84480f3cb99.dev
BASEFAMILY=bace3ccf-d9c9-4f76-8350-98a78a9d6bbf.fam
BLHA=28.50118026,113.44100017,250.748283,200.251669
TRANSFORMMATRIX=-0.003182551,-0.999994935,0.000025954,0.000000000,0.999994936,-0.003182551,-0.000001703,0.000000000,0.000001786,0.000025948,1.000000000,0.000000000,11.621485323,165.552306699,19.119065275,1.000000000
ENTITYNAME=Wire_Device
