OBJECTMODELPOINTER=33777c94-e4b9-4947-906f-f84480f3cb99.dev
BASEFAMILY=bad5f20a-2765-4914-84e5-59faa1e4a9d6.fam
BLHA=28.54296028,113.51100370,560.594660,255.750198
TRANSFORMMATRIX=-0.000005145,-0.999999999,0.000052514,0.000000000,1.000000000,-0.000005145,-0.000001717,0.000000000,0.000001717,0.000052515,0.999999999,0.000000000,11.369621087,333.609876046,-22.715671348,1.000000000
ENTITYNAME=Wire_Device
