OBJECTMODELPOINTER=33777c94-e4b9-4947-906f-f84480f3cb99.dev
BASEFAMILY=baf534f9-d903-4b0f-b2d9-42e63bf731f7.fam
BLHA=28.26907527,113.47529619,67.190721,514.001895
TRANSFORMMATRIX=0.535650625,0.844439701,0.000000160,0.000000000,-0.844439701,0.535650625,-0.000001523,0.000000000,-0.000001372,0.000000681,1.000000000,0.000000000,-8.729331718,4.360393289,54.691332997,1.000000000
ENTITYNAME=Wire_Device
