OBJECTMODELPOINTER=33777c94-e4b9-4947-906f-f84480f3cb99.dev
BASEFAMILY=bb0270a5-22ac-48f6-bffc-1bbbb0cc72b2.fam
BLHA=28.44959265,113.39143584,231.811382,242.026912
TRANSFORMMATRIX=-0.000006689,-1.000000000,0.000029909,0.000000000,1.000000000,-0.000006689,0.000000219,0.000000000,-0.000000219,0.000029909,1.000000000,0.000000000,-0.987768756,190.140294783,64.226135681,1.000000000
ENTITYNAME=Wire_Device
