OBJECTMODELPOINTER=33777c94-e4b9-4947-906f-f84480f3cb99.dev
BASEFAMILY=bb154303-7d29-44d9-b832-de2c45d05755.fam
BLHA=28.41408598,113.37463405,174.728080,254.006183
TRANSFORMMATRIX=-0.000008553,-0.999999998,0.000057630,0.000000000,1.000000000,-0.000008553,0.000002465,0.000000000,-0.000002465,0.000057631,0.999999998,0.000000000,-15.220773576,366.079405741,41.948488027,1.000000000
ENTITYNAME=Wire_Device
