ENTITYNAME=WIRE
BASEFAMILY=bb1506c6-67ac-4b61-9ef3-cc6c7c4c7150.fam
OBJECTMODELPOINTER=81b82497-164d-48c0-b1cb-18fa700dacdf.dev
KVALUE=0.000369
SPLIT=4
POINT0.BLHA=28.54296028,113.51100370,560.595,255.750198
POINT0.MATRIX0=-0.969231762,-0.246149938,0.000000000,0.000000000,0.246149938,-0.969231762,0.000000000,0.000000000,-0.000000000,-0.000000000,1.000000000,0.000000000,0.225211021,0.110042344,27.999996873,1.000000000
POINT0.MATRIX1=-0.969231762,-0.246149938,0.000000000,0.000000000,0.246149938,-0.969231762,0.000000000,0.000000000,-0.000000000,-0.000000000,1.000000000,0.000000000,0.225211021,0.110042344,28.449978563,1.000000000
POINT0.MATRIX2=-0.969231762,-0.246149938,0.000000000,0.000000000,0.246149938,-0.969231762,0.000000000,0.000000000,-0.000000000,-0.000000000,1.000000000,0.000000000,-0.225149557,0.109962466,28.449978563,1.000000000
POINT0.MATRIX3=-0.969231762,-0.246149938,0.000000000,0.000000000,0.246149938,-0.969231762,0.000000000,0.000000000,-0.000000000,-0.000000000,1.000000000,0.000000000,-0.225149557,0.109962467,27.999996873,1.000000000
POINT1.BLHA=28.53971514,113.51008635,497.100,255.750198
POINT1.MATRIX0=-0.969231762,-0.246149938,-0.000000000,0.000000000,0.246149938,-0.969231762,-0.000000000,0.000000000,-0.000000000,-0.000000000,1.000000000,0.000000000,0.224951230,-0.110170283,40.000001144,1.000000000
POINT1.MATRIX1=-0.969231762,-0.246149938,-0.000000000,0.000000000,0.246149938,-0.969231762,-0.000000000,0.000000000,-0.000000000,-0.000000000,1.000000000,0.000000000,0.224951230,-0.110170283,40.450013352,1.000000000
POINT1.MATRIX2=-0.969231762,-0.246149938,-0.000000000,0.000000000,0.246149938,-0.969231762,-0.000000000,0.000000000,-0.000000000,-0.000000000,1.000000000,0.000000000,-0.225491979,-0.109924796,40.450013351,1.000000000
POINT1.MATRIX3=-0.969231762,-0.246149938,-0.000000000,0.000000000,0.246149938,-0.969231762,-0.000000000,0.000000000,-0.000000000,-0.000000000,1.000000000,0.000000000,-0.225491979,-0.109924796,40.000001143,1.000000000
