OBJECTMODELPOINTER=33777c94-e4b9-4947-906f-f84480f3cb99.dev
BASEFAMILY=bb267857-f13e-4d74-8d45-da2fd5dd9e92.fam
BLHA=28.33832123,113.36372877,73.392099,278.143009
TRANSFORMMATRIX=-0.017098322,-0.999853813,0.000005509,0.000000000,0.999853813,-0.017098322,0.000002114,0.000000000,-0.000002019,0.000005544,1.000000000,0.000000000,-12.916192869,35.217356087,52.102306719,1.000000000
ENTITYNAME=Wire_Device
