OBJECTMODELPOINTER=33777c94-e4b9-4947-906f-f84480f3cb99.dev
BASEFAMILY=bb27d6f4-e3d5-4f87-84d0-eba6d44d706d.fam
BLHA=28.31534552,113.42043692,48.733934,348.172871
TRANSFORMMATRIX=-0.189351868,-0.981909298,0.000001002,0.000000000,0.981909298,-0.189351868,-0.000001436,0.000000000,0.000001600,0.000000712,1.000000000,0.000000000,10.158651388,4.535324562,31.392617700,1.000000000
ENTITYNAME=Wire_Device
