ENTITYNAME=WIRE
BASEFAMILY=bb370c06-759f-4eb1-87e2-94b36f231a9b.fam
OBJECTMODELPOINTER=81b82497-164d-48c0-b1cb-18fa700dacdf.dev
KVALUE=0.000368
SPLIT=4
POINT0.BLHA=28.79327466,113.49529712,200.216,221.400685
POINT0.MATRIX0=-0.661320829,-0.750103167,-0.000000000,0.000000000,0.750103167,-0.661320829,0.000000000,0.000000000,-0.000000000,0.000000000,1.000000000,0.000000000,0.182108494,0.120214721,44.478131351,1.000000000
POINT0.MATRIX1=-0.661320829,-0.750103167,-0.000000000,0.000000000,0.750103167,-0.661320829,0.000000000,0.000000000,-0.000000000,0.000000000,1.000000000,0.000000000,0.215685057,0.119905131,44.926899967,1.000000000
POINT0.MATRIX2=-0.661320829,-0.750103167,-0.000000000,0.000000000,0.750103167,-0.661320829,0.000000000,0.000000000,-0.000000000,0.000000000,1.000000000,0.000000000,-0.234097392,0.120672361,44.960164127,1.000000000
POINT0.MATRIX3=-0.661320829,-0.750103167,-0.000000000,0.000000000,0.750103167,-0.661320829,0.000000000,0.000000000,-0.000000000,0.000000000,1.000000000,0.000000000,-0.266208910,0.119690309,44.511395512,1.000000000
POINT1.BLHA=28.79022096,113.49139881,176.212,221.400685
POINT1.MATRIX0=-0.661320829,-0.750103167,0.000000000,0.000000000,0.750103167,-0.661320829,-0.000000000,0.000000000,-0.000000000,0.000000000,1.000000000,0.000000000,0.182910132,-0.120670900,44.478132771,1.000000000
POINT1.MATRIX1=-0.661320829,-0.750103167,0.000000000,0.000000000,0.750103167,-0.661320829,-0.000000000,0.000000000,-0.000000000,0.000000000,1.000000000,0.000000000,0.216486696,-0.120980490,44.926901387,1.000000000
POINT1.MATRIX2=-0.661320829,-0.750103167,0.000000000,0.000000000,0.750103167,-0.661320829,-0.000000000,0.000000000,-0.000000000,0.000000000,1.000000000,0.000000000,-0.233295754,-0.120213259,44.960165548,1.000000000
POINT1.MATRIX3=-0.661320829,-0.750103167,0.000000000,0.000000000,0.750103167,-0.661320829,-0.000000000,0.000000000,-0.000000000,0.000000000,1.000000000,0.000000000,-0.265407272,-0.121195311,44.511396932,1.000000000
