OBJECTMODELPOINTER=33777c94-e4b9-4947-906f-f84480f3cb99.dev
BASEFAMILY=bb37ab0b-6f0f-4f5e-86ba-b6c9ad33f33a.fam
BLHA=28.34583559,113.36246769,78.593273,278.143009
TRANSFORMMATRIX=-0.003866947,-0.999992522,0.000053196,0.000000000,0.999992523,-0.003866947,0.000002329,0.000000000,-0.000002123,0.000053205,0.999999999,0.000000000,-13.799438715,337.891396196,55.591334002,1.000000000
ENTITYNAME=Wire_Device
