OBJECTMODELPOINTER=33777c94-e4b9-4947-906f-f84480f3cb99.dev
BASEFAMILY=bb3d81ae-88a0-4105-8ef2-02b7e36037ca.fam
BLHA=28.75355465,113.46093365,124.778931,236.227775
TRANSFORMMATRIX=0.004178325,-0.999991270,0.000027254,0.000000000,0.999991271,0.004178325,-0.000001902,0.000000000,0.000001787,0.000027262,1.000000000,0.000000000,11.809593342,173.428073377,31.104784859,1.000000000
ENTITYNAME=Wire_Device
