OBJECTMODELPOINTER=33777c94-e4b9-4947-906f-f84480f3cb99.dev
BASEFAMILY=bb42b479-3d8f-4474-b586-f305c8fd7bee.fam
BLHA=28.71973492,113.45364743,163.020408,283.291091
TRANSFORMMATRIX=-0.009353962,-0.999956251,0.000005781,0.000000000,0.999956251,-0.009353962,0.000001881,0.000000000,-0.000001827,0.000005799,1.000000000,0.000000000,-11.701160507,36.848798523,32.222175772,1.000000000
ENTITYNAME=Wire_Device
