ENTITYNAME=WIRE
BASEFAMILY=bb5bedfa-de39-41f7-a4b1-5235a63f6f52.fam
OBJECTMODELPOINTER=81b82497-164d-48c0-b1cb-18fa700dacdf.dev
KVALUE=0.000000
SPLIT=4
POINT0.BLHA=28.50118026,113.44100017,250.748,200.251669
POINT0.MATRIX0=-0.346144382,-0.938181255,0.000000000,0.000000000,0.938181255,-0.346144382,-0.000000000,0.000000000,0.000000000,-0.000000000,1.000000000,0.000000000,-11.644936952,-0.598889683,40.741100151,1.000000000
POINT0.MATRIX1=-0.346144382,-0.938181255,0.000000000,0.000000000,0.938181255,-0.346144382,-0.000000000,0.000000000,0.000000000,-0.000000000,1.000000000,0.000000000,-11.644936952,-0.598889683,41.191100913,1.000000000
POINT0.MATRIX2=-0.346144382,-0.938181255,0.000000000,0.000000000,0.938181255,-0.346144382,-0.000000000,0.000000000,0.000000000,-0.000000000,1.000000000,0.000000000,-12.095385015,-0.600989760,41.191100912,1.000000000
POINT0.MATRIX3=-0.346144382,-0.938181255,0.000000000,0.000000000,0.938181255,-0.346144382,-0.000000000,0.000000000,0.000000000,-0.000000000,1.000000000,0.000000000,-12.095385015,-0.600989760,40.741100150,1.000000000
POINT1.BLHA=28.50118026,113.44100017,250.748,200.251669
POINT1.MATRIX0=-0.346144382,-0.938181255,0.000000000,0.000000000,0.938181255,-0.346144382,-0.000000000,0.000000000,0.000000000,-0.000000000,1.000000000,0.000000000,-11.645541596,-0.478891206,40.741100151,1.000000000
POINT1.MATRIX1=-0.346144382,-0.938181255,0.000000000,0.000000000,0.938181255,-0.346144382,-0.000000000,0.000000000,0.000000000,-0.000000000,1.000000000,0.000000000,-11.645541597,-0.478891206,41.191100913,1.000000000
POINT1.MATRIX2=-0.346144382,-0.938181255,0.000000000,0.000000000,0.938181255,-0.346144382,-0.000000000,0.000000000,0.000000000,-0.000000000,1.000000000,0.000000000,-12.095989695,-0.480991334,41.191100913,1.000000000
POINT1.MATRIX3=-0.346144382,-0.938181255,0.000000000,0.000000000,0.938181255,-0.346144382,-0.000000000,0.000000000,0.000000000,-0.000000000,1.000000000,0.000000000,-12.095989695,-0.480991333,40.741100150,1.000000000
