ENTITYNAME=WIRE
BASEFAMILY=bba60384-cb98-4a3c-bc4f-c552982452df.fam
OBJECTMODELPOINTER=81b82497-164d-48c0-b1cb-18fa700dacdf.dev
KVALUE=0.000000
SPLIT=4
POINT0.BLHA=28.57663112,113.48588937,251.357,312.996987
POINT0.MATRIX0=-0.731389569,0.681959895,0.000000000,0.000000000,-0.681959895,-0.731389569,0.000000000,0.000000000,-0.000000000,0.000000000,1.000000000,0.000000000,13.544804875,0.001486346,58.000000482,1.000000000
POINT0.MATRIX1=-0.731389569,0.681959895,0.000000000,0.000000000,-0.681959895,-0.731389569,0.000000000,0.000000000,-0.000000000,0.000000000,1.000000000,0.000000000,13.544804875,0.001486346,58.449999338,1.000000000
POINT0.MATRIX2=-0.731389569,0.681959895,0.000000000,0.000000000,-0.681959895,-0.731389569,0.000000000,0.000000000,-0.000000000,0.000000000,1.000000000,0.000000000,13.095083360,-0.001113790,58.449999338,1.000000000
POINT0.MATRIX3=-0.731389569,0.681959895,0.000000000,0.000000000,-0.681959895,-0.731389569,0.000000000,0.000000000,-0.000000000,0.000000000,1.000000000,0.000000000,13.095083359,-0.001113790,58.000000482,1.000000000
POINT1.BLHA=28.57663112,113.48588937,251.357,312.996987
POINT1.MATRIX0=-0.731389569,0.681959895,0.000000000,0.000000000,-0.681959895,-0.731389569,0.000000000,0.000000000,-0.000000000,0.000000000,1.000000000,0.000000000,13.544250476,0.111490926,58.000000482,1.000000000
POINT1.MATRIX1=-0.731389569,0.681959895,0.000000000,0.000000000,-0.681959895,-0.731389569,0.000000000,0.000000000,-0.000000000,0.000000000,1.000000000,0.000000000,13.544250476,0.111490926,58.449999338,1.000000000
POINT1.MATRIX2=-0.731389569,0.681959895,0.000000000,0.000000000,-0.681959895,-0.731389569,0.000000000,0.000000000,-0.000000000,0.000000000,1.000000000,0.000000000,13.094528960,0.108890791,58.449999338,1.000000000
POINT1.MATRIX3=-0.731389569,0.681959895,0.000000000,0.000000000,-0.681959895,-0.731389569,0.000000000,0.000000000,-0.000000000,0.000000000,1.000000000,0.000000000,13.094528960,0.108890791,58.000000482,1.000000000
