OBJECTMODELPOINTER=33777c94-e4b9-4947-906f-f84480f3cb99.dev
BASEFAMILY=bbc48b1d-adb4-444a-b53a-43a2657812d0.fam
BLHA=28.49037109,113.42431436,249.696550,224.957371
TRANSFORMMATRIX=-0.000002617,-1.000000000,0.000005086,0.000000000,1.000000000,-0.000002617,-0.000001827,0.000000000,0.000001827,0.000005086,1.000000000,0.000000000,11.715003986,32.407923647,37.020779816,1.000000000
ENTITYNAME=Wire_Device
