OBJECTMODELPOINTER=33777c94-e4b9-4947-906f-f84480f3cb99.dev
BASEFAMILY=bbc767a7-6909-4818-9b2d-404e8439a59a.fam
BLHA=28.67734470,113.45869625,172.236825,275.673275
TRANSFORMMATRIX=0.003802018,-0.999992771,0.000045778,0.000000000,0.999992772,0.003802018,0.000002041,0.000000000,-0.000002216,0.000045769,0.999999999,0.000000000,-14.289022708,290.674408161,53.272238498,1.000000000
ENTITYNAME=Wire_Device
