ENTITYNAME=WIRE
BASEFAMILY=bbd3c7a6-f7c6-420e-a0de-587f15db6488.fam
OBJECTMODELPOINTER=81b82497-164d-48c0-b1cb-18fa700dacdf.dev
KVALUE=0.000375
SPLIT=4
POINT0.BLHA=28.31411764,113.38983103,66.772,527.133635
POINT0.MATRIX0=0.222677850,-0.974892084,0.000000000,0.000000000,0.974892084,0.222677850,-0.000000000,0.000000000,-0.000000000,-0.000000000,1.000000000,0.000000000,9.904737720,-8.996657596,54.133906461,1.000000000
POINT0.MATRIX1=0.222677850,-0.974892084,0.000000000,0.000000000,0.974892084,0.222677850,-0.000000000,0.000000000,-0.000000000,-0.000000000,1.000000000,0.000000000,10.122620713,-9.661112008,54.673518277,1.000000000
POINT0.MATRIX2=0.222677850,-0.974892084,0.000000000,0.000000000,0.974892084,0.222677850,-0.000000000,0.000000000,-0.000000000,-0.000000000,1.000000000,0.000000000,10.598377021,-9.507366063,54.673548795,1.000000000
POINT0.MATRIX3=0.222677850,-0.974892084,0.000000000,0.000000000,0.974892084,0.222677850,-0.000000000,0.000000000,-0.000000000,-0.000000000,1.000000000,0.000000000,10.380385299,-8.842435630,54.133906460,1.000000000
POINT1.BLHA=28.31435017,113.39267151,117.559,4.996372
POINT1.MATRIX0=0.087092668,0.996200214,0.000000000,0.000000000,-0.996200214,0.087092668,0.000000000,0.000000000,0.000000000,-0.000000000,1.000000000,0.000000000,-7.069653889,-0.129875786,65.066962784,1.000000000
POINT1.MATRIX1=0.087092668,0.996200214,0.000000000,0.000000000,-0.996200214,0.087092668,0.000000000,0.000000000,0.000000000,-0.000000000,1.000000000,0.000000000,-6.885396934,-0.130299828,65.532065933,1.000000000
POINT1.MATRIX2=0.087092668,0.996200214,0.000000000,0.000000000,-0.996200214,0.087092668,0.000000000,0.000000000,0.000000000,-0.000000000,1.000000000,0.000000000,-7.350058308,-0.130358797,65.715598648,1.000000000
POINT1.MATRIX3=0.087092668,0.996200214,0.000000000,0.000000000,-0.996200214,0.087092668,0.000000000,0.000000000,0.000000000,-0.000000000,1.000000000,0.000000000,-7.534315264,-0.129934756,65.250495498,1.000000000
