ENTITYNAME=WIRE
BASEFAMILY=bbe17573-8b58-4e03-98be-5657a00f5ead.fam
OBJECTMODELPOINTER=31970f28-780e-4bf1-8adb-439f78c329a3.dev
KVALUE=0.000239
SPLIT=1
POINT0.BLHA=28.32474464,113.37442409,71.723,330.514691
POINT0.MATRIX0=-0.492200384,0.870481925,0.000000000,0.000000000,-0.870481925,-0.492200384,0.000000000,0.000000000,0.000000000,0.000000000,1.000000000,0.000000000,12.714898164,1.028739080,61.475564503,1.000000000
POINT1.BLHA=28.32292443,113.37625760,67.776,311.415680
POINT1.MATRIX0=-0.749930065,0.661517118,0.000000000,0.000000000,-0.661517118,-0.749930065,0.000000000,0.000000000,-0.000000000,0.000000000,1.000000000,0.000000000,10.799318218,-0.310789381,72.558004794,1.000000000
