OBJECTMODELPOINTER=33777c94-e4b9-4947-906f-f84480f3cb99.dev
BASEFAMILY=bbeb3871-b06a-4160-a461-4c294bf2016c.fam
BLHA=28.33513056,113.36426418,74.466119,467.201749
TRANSFORMMATRIX=-0.147028948,0.989132188,0.000058031,0.000000000,-0.989132189,-0.147028949,-0.000000999,0.000000000,0.000007544,-0.000057547,0.999999998,0.000000000,48.671715685,-365.658512455,23.999388538,1.000000000
ENTITYNAME=Wire_Device
