OBJECTMODELPOINTER=33777c94-e4b9-4947-906f-f84480f3cb99.dev
BASEFAMILY=bbf3dc82-7384-4fc5-a860-54f2471bd4cb.fam
BLHA=28.28368001,113.45281448,67.001736,340.232800
TRANSFORMMATRIX=0.000030951,-0.999999998,0.000059564,0.000000000,1.000000000,0.000030951,-0.000000848,0.000000000,0.000000846,0.000059564,0.999999998,0.000000000,4.743655067,379.968683396,73.848020215,1.000000000
ENTITYNAME=Wire_Device
