OBJECTMODELPOINTER=33777c94-e4b9-4947-906f-f84480f3cb99.dev
BASEFAMILY=bbf8caa4-a88e-4ba0-ac0a-1c906ddbfb06.fam
BLHA=28.39632770,113.36872548,122.542167,249.667673
TRANSFORMMATRIX=-0.000007293,-0.999999999,0.000037381,0.000000000,1.000000000,-0.000007293,-0.000001829,0.000000000,0.000001830,0.000037381,0.999999999,0.000000000,12.075192628,237.536666130,39.071862666,1.000000000
ENTITYNAME=Wire_Device
