ENTITYNAME=WIRE
BASEFAMILY=bc053dbe-15da-4ff8-9082-0308f30e6b08.fam
OBJECTMODELPOINTER=31970f28-780e-4bf1-8adb-439f78c329a3.dev
KVALUE=0.000239
SPLIT=1
POINT0.BLHA=28.75811652,113.46436186,140.285,236.227775
POINT0.MATRIX0=-0.831254041,-0.555892723,-0.000000000,0.000000000,0.555892723,-0.831254041,-0.000000000,0.000000000,-0.000000000,-0.000000000,1.000000000,0.000000000,-10.609292957,0.309241316,48.558004922,1.000000000
POINT1.BLHA=28.75355465,113.46093365,124.779,236.227775
POINT1.MATRIX0=-0.831254041,-0.555892723,0.000000000,0.000000000,0.555892723,-0.831254041,0.000000000,0.000000000,-0.000000000,0.000000000,1.000000000,0.000000000,-11.319924861,-0.309740977,63.558006833,1.000000000
