OBJECTMODELPOINTER=33777c94-e4b9-4947-906f-f84480f3cb99.dev
BASEFAMILY=bc0adf57-c1d8-41a5-9b4e-103f4e138521.fam
BLHA=28.68956538,113.45703476,163.838478,277.425083
TRANSFORMMATRIX=0.005023584,-0.999987381,0.000039141,0.000000000,0.999987382,0.005023584,-0.000001937,0.000000000,0.000001740,0.000039150,0.999999999,0.000000000,10.941292704,248.633521522,46.128160722,1.000000000
ENTITYNAME=Wire_Device
