OBJECTMODELPOINTER=33777c94-e4b9-4947-906f-f84480f3cb99.dev
BASEFAMILY=bc0dc3c1-9a6d-40c2-8540-8d905aaaed18.fam
BLHA=28.30070252,113.44082959,73.741833,287.794387
TRANSFORMMATRIX=-0.001845578,-0.999998297,0.000027666,0.000000000,0.999998297,-0.001845579,-0.000001358,0.000000000,0.000001409,0.000027663,1.000000000,0.000000000,8.721547517,175.731034413,44.745473591,1.000000000
ENTITYNAME=Wire_Device
