OBJECTMODELPOINTER=33777c94-e4b9-4947-906f-f84480f3cb99.dev
BASEFAMILY=bc17db91-9140-4f65-be56-4b9f1747d0a2.fam
BLHA=28.42674606,113.37865854,204.106778,254.006183
TRANSFORMMATRIX=-0.001561453,-0.999998781,0.000027882,0.000000000,0.999998781,-0.001561453,-0.000001678,0.000000000,0.000001722,0.000027881,1.000000000,0.000000000,11.230552423,177.124871744,10.351989597,1.000000000
ENTITYNAME=Wire_Device
