OBJECTMODELPOINTER=33777c94-e4b9-4947-906f-f84480f3cb99.dev
BASEFAMILY=bc1a2dba-c3ea-4ad0-a6b3-a5a188175a10.fam
BLHA=28.32292443,113.37625760,67.775568,311.415680
TRANSFORMMATRIX=-0.003064656,-0.999995303,0.000037166,0.000000000,0.999995304,-0.003064656,-0.000001368,0.000000000,0.000001482,0.000037162,0.999999999,0.000000000,8.823971928,236.487295981,22.188093770,1.000000000
ENTITYNAME=Wire_Device
