OBJECTMODELPOINTER=33777c94-e4b9-4947-906f-f84480f3cb99.dev
BASEFAMILY=bc1cf6c4-f538-4739-a5f2-2696794bc511.fam
BLHA=28.66842498,113.45991630,145.503245,277.610658
TRANSFORMMATRIX=0.000002736,-0.999999999,0.000040676,0.000000000,1.000000000,0.000002736,0.000000155,0.000000000,-0.000000156,0.000040677,0.999999999,0.000000000,-1.168278948,258.330236815,59.275421894,1.000000000
ENTITYNAME=Wire_Device
