ENTITYNAME=WIRE
BASEFAMILY=bc31596c-4d3a-4821-b725-abcae927ab50.fam
OBJECTMODELPOINTER=81b82497-164d-48c0-b1cb-18fa700dacdf.dev
KVALUE=0.000377
SPLIT=4
POINT0.BLHA=28.68060600,113.45831192,164.595,275.673275
POINT0.MATRIX0=-0.995101789,0.098855601,0.000000000,0.000000000,-0.098855601,-0.995101789,0.000000000,0.000000000,0.000000000,0.000000000,1.000000000,0.000000000,12.955265393,0.719102762,43.741102483,1.000000000
POINT0.MATRIX1=-0.995101789,0.098855601,0.000000000,0.000000000,-0.098855601,-0.995101789,0.000000000,0.000000000,0.000000000,0.000000000,1.000000000,0.000000000,12.955265393,0.719102762,44.191099431,1.000000000
POINT0.MATRIX2=-0.995101789,0.098855601,0.000000000,0.000000000,-0.098855601,-0.995101789,0.000000000,0.000000000,0.000000000,0.000000000,1.000000000,0.000000000,12.505214033,0.720631597,44.191099430,1.000000000
POINT0.MATRIX3=-0.995101789,0.098855601,0.000000000,0.000000000,-0.098855601,-0.995101789,0.000000000,0.000000000,0.000000000,0.000000000,1.000000000,0.000000000,12.505214033,0.720631598,43.741102482,1.000000000
POINT1.BLHA=28.67734470,113.45869625,172.237,275.673275
POINT1.MATRIX0=-0.995101789,0.098855601,0.000000000,0.000000000,-0.098855601,-0.995101789,0.000000000,0.000000000,0.000000000,-0.000000000,1.000000000,0.000000000,12.094717028,-0.721128831,40.741104044,1.000000000
POINT1.MATRIX1=-0.995101789,0.098855601,0.000000000,0.000000000,-0.098855601,-0.995101789,0.000000000,0.000000000,0.000000000,-0.000000000,1.000000000,0.000000000,12.094717028,-0.721128831,41.191100992,1.000000000
POINT1.MATRIX2=-0.995101789,0.098855601,0.000000000,0.000000000,-0.098855601,-0.995101789,0.000000000,0.000000000,0.000000000,-0.000000000,1.000000000,0.000000000,11.644665669,-0.719599994,41.191100993,1.000000000
POINT1.MATRIX3=-0.995101789,0.098855601,0.000000000,0.000000000,-0.098855601,-0.995101789,0.000000000,0.000000000,0.000000000,-0.000000000,1.000000000,0.000000000,11.644665669,-0.719599994,40.741104045,1.000000000
