OBJECTMODELPOINTER=33777c94-e4b9-4947-906f-f84480f3cb99.dev
BASEFAMILY=bc490aa4-3784-4e6d-b5d0-70c51b7f7aca.fam
BLHA=28.63338498,113.46540590,167.944131,275.523589
TRANSFORMMATRIX=-0.018834077,-0.999822623,0.000007143,0.000000000,0.999822623,-0.018834077,0.000001207,0.000000000,-0.000001071,0.000007164,1.000000000,0.000000000,-6.863878182,45.502130302,26.755283215,1.000000000
ENTITYNAME=Wire_Device
