OBJECTMODELPOINTER=33777c94-e4b9-4947-906f-f84480f3cb99.dev
BASEFAMILY=bc4dfeb1-6f19-4ada-bc9f-b9155107c163.fam
BLHA=28.30961923,113.43478171,54.752520,501.227736
TRANSFORMMATRIX=0.251733689,0.967796543,0.000033167,0.000000000,-0.967796544,0.251733689,0.000001485,0.000000000,-0.000006913,-0.000032473,0.999999999,0.000000000,-43.454974653,-206.740186561,41.425055245,1.000000000
ENTITYNAME=Wire_Device
