OBJECTMODELPOINTER=33777c94-e4b9-4947-906f-f84480f3cb99.dev
BASEFAMILY=bc4daa64-0595-49ea-9115-374ebb8961a7.fam
BLHA=28.31411764,113.38983103,66.771612,527.133635
TRANSFORMMATRIX=-0.313212298,0.949683135,0.000017232,0.000000000,-0.949683135,-0.313212298,-0.000001756,0.000000000,0.000003730,-0.000016915,1.000000000,0.000000000,23.807583226,-107.969754443,58.498012507,1.000000000
ENTITYNAME=Wire_Device
