OBJECTMODELPOINTER=33777c94-e4b9-4947-906f-f84480f3cb99.dev
BASEFAMILY=bc7313bd-7c38-4126-b0d6-b1873e3b81a2.fam
BLHA=28.36995278,113.36656265,67.148041,253.042546
TRANSFORMMATRIX=-0.701494394,-0.712674971,-0.000000312,0.000000000,0.712674971,-0.701494394,0.000001512,0.000000000,-0.000001297,0.000000838,1.000000000,0.000000000,-8.260229044,5.314713270,25.324360158,1.000000000
ENTITYNAME=Wire_Device
