ENTITYNAME=WIRE
BASEFAMILY=bc8452a0-7d72-49dc-90e9-e42d274120b8.fam
OBJECTMODELPOINTER=31970f28-780e-4bf1-8adb-439f78c329a3.dev
KVALUE=0.000227
SPLIT=1
POINT0.BLHA=28.28240757,113.45687165,86.867,340.232800
POINT0.MATRIX0=-0.338199241,0.941074531,-0.000000000,0.000000000,-0.941074531,-0.338199241,-0.000000000,0.000000000,0.000000000,-0.000000000,1.000000000,0.000000000,-10.798320218,0.310482764,69.558004690,1.000000000
POINT1.BLHA=28.28149698,113.45977476,95.758,340.232800
POINT1.MATRIX0=-0.338199241,0.941074531,-0.000000000,0.000000000,-0.941074531,-0.338199241,0.000000000,0.000000000,-0.000000000,0.000000000,1.000000000,0.000000000,-11.501539000,-0.310128646,78.658000283,1.000000000
