OBJECTMODELPOINTER=33777c94-e4b9-4947-906f-f84480f3cb99.dev
BASEFAMILY=bc9acf17-27b1-45dd-b7b4-93eaeb3285ca.fam
BLHA=28.51918695,113.48038702,399.659330,210.734491
TRANSFORMMATRIX=-0.000038286,-0.999999996,0.000082765,0.000000000,0.999999999,-0.000038286,0.000000551,0.000000000,-0.000000548,0.000082765,0.999999996,0.000000000,-2.284457229,527.599110904,0.508101023,1.000000000
ENTITYNAME=Wire_Device
