OBJECTMODELPOINTER=33777c94-e4b9-4947-906f-f84480f3cb99.dev
BASEFAMILY=bc9d04ad-5bf2-4047-bda6-090278f7b4ee.fam
BLHA=28.56585701,113.49736639,238.961591,312.996987
TRANSFORMMATRIX=-0.001548408,-0.999998801,0.000004782,0.000000000,0.999998801,-0.001548408,0.000002099,0.000000000,-0.000002092,0.000004786,1.000000000,0.000000000,-13.400765939,30.495195323,45.541080018,1.000000000
ENTITYNAME=Wire_Device
