OBJECTMODELPOINTER=33777c94-e4b9-4947-906f-f84480f3cb99.dev
BASEFAMILY=bca29366-e4a7-4e99-9cdc-e0ab08a0f979.fam
BLHA=28.81044857,113.51462416,146.504318,227.348291
TRANSFORMMATRIX=-0.000005657,-1.000000000,0.000015378,0.000000000,1.000000000,-0.000005657,0.000001966,0.000000000,-0.000001966,0.000015379,1.000000000,0.000000000,-12.269248676,97.858708994,43.487888819,1.000000000
ENTITYNAME=Wire_Device
