OBJECTMODELPOINTER=33777c94-e4b9-4947-906f-f84480f3cb99.dev
BASEFAMILY=bca25999-1848-424b-99e8-c0a83071e1c1.fam
BLHA=28.67276970,113.45923535,192.994115,456.641966
TRANSFORMMATRIX=-0.014099163,0.999900601,0.000028575,0.000000000,-0.999900602,-0.014099163,0.000000324,0.000000000,0.000000727,-0.000028567,1.000000000,0.000000000,4.745011740,-181.424713401,6.849407277,1.000000000
ENTITYNAME=Wire_Device
