ENTITYNAME=WIRE
BASEFAMILY=bca441a9-91af-4416-a79a-6242397e2b23.fam
OBJECTMODELPOINTER=81b82497-164d-48c0-b1cb-18fa700dacdf.dev
KVALUE=0.088980
SPLIT=4
POINT0.BLHA=28.28033977,113.46346380,83.899,326.450928
POINT0.MATRIX0=-0.552650983,0.833412797,-0.000000000,0.000000000,-0.833412797,-0.552650983,-0.000000000,0.000000000,-0.000000000,0.000000000,1.000000000,0.000000000,-10.274957237,0.001120235,55.090010087,1.000000000
POINT0.MATRIX1=-0.552650983,0.833412797,-0.000000000,0.000000000,-0.833412797,-0.552650983,-0.000000000,0.000000000,-0.000000000,0.000000000,1.000000000,0.000000000,-10.274957236,0.001120235,55.540010075,1.000000000
POINT0.MATRIX2=-0.552650983,0.833412797,-0.000000000,0.000000000,-0.833412797,-0.552650983,-0.000000000,0.000000000,-0.000000000,0.000000000,1.000000000,0.000000000,-10.724957134,0.001120073,55.540010075,1.000000000
POINT0.MATRIX3=-0.552650983,0.833412797,-0.000000000,0.000000000,-0.833412797,-0.552650983,-0.000000000,0.000000000,-0.000000000,0.000000000,1.000000000,0.000000000,-10.724957134,0.001120073,55.090010087,1.000000000
POINT1.BLHA=28.28033977,113.46346380,83.899,326.450928
POINT1.MATRIX0=-0.552650983,0.833412797,-0.000000000,0.000000000,-0.833412797,-0.552650983,-0.000000000,0.000000000,-0.000000000,0.000000000,1.000000000,0.000000000,-6.052804319,8.427994590,58.294161659,1.000000000
POINT1.MATRIX1=-0.552650983,0.833412797,-0.000000000,0.000000000,-0.833412797,-0.552650983,-0.000000000,0.000000000,-0.000000000,0.000000000,1.000000000,0.000000000,-5.832867943,9.171277411,58.753286939,1.000000000
POINT1.MATRIX2=-0.552650983,0.833412797,-0.000000000,0.000000000,-0.833412797,-0.552650983,-0.000000000,0.000000000,-0.000000000,0.000000000,1.000000000,0.000000000,-6.316578635,9.292860803,58.753286939,1.000000000
POINT1.MATRIX3=-0.552650983,0.833412797,-0.000000000,0.000000000,-0.833412797,-0.552650983,-0.000000000,0.000000000,-0.000000000,0.000000000,1.000000000,0.000000000,-6.536515011,8.549577981,58.294283729,1.000000000
