OBJECTMODELPOINTER=33777c94-e4b9-4947-906f-f84480f3cb99.dev
BASEFAMILY=bcc7b09f-54e0-49de-8f13-527f963e49fb.fam
BLHA=28.51511181,113.47270360,348.782405,210.734491
TRANSFORMMATRIX=0.001180308,-0.999999302,0.000061327,0.000000000,0.999999303,0.001180308,-0.000001683,0.000000000,0.000001610,0.000061329,0.999999998,0.000000000,11.130096174,390.982083043,49.130156896,1.000000000
ENTITYNAME=Wire_Device
