OBJECTMODELPOINTER=33777c94-e4b9-4947-906f-f84480f3cb99.dev
BASEFAMILY=bce4e350-f59e-417b-8132-ef7777477cd7.fam
BLHA=28.74269478,113.45578230,73.560853,258.301958
TRANSFORMMATRIX=-0.000008166,-0.999999997,0.000073416,0.000000000,1.000000000,-0.000008165,0.000000414,0.000000000,-0.000000413,0.000073416,0.999999997,0.000000000,-2.155700973,466.311025602,74.880161607,1.000000000
ENTITYNAME=Wire_Device
