OBJECTMODELPOINTER=33777c94-e4b9-4947-906f-f84480f3cb99.dev
BASEFAMILY=bd10f014-9c1f-4cbe-bba2-616abf4d896b.fam
BLHA=28.28149698,113.45977476,95.758412,340.232800
TRANSFORMMATRIX=0.003164449,-0.999994993,0.000005914,0.000000000,0.999994993,0.003164449,0.000001151,0.000000000,-0.000001171,0.000005910,1.000000000,0.000000000,-7.496749965,37.714277510,64.140622878,1.000000000
ENTITYNAME=Wire_Device
