OBJECTMODELPOINTER=33777c94-e4b9-4947-906f-f84480f3cb99.dev
BASEFAMILY=bd18fe2a-54d7-40d2-bbfe-7cab0f1e167f.fam
BLHA=28.71274605,113.45447194,199.234978,264.887951
TRANSFORMMATRIX=0.009806112,-0.999951918,0.000051526,0.000000000,0.999951919,0.009806112,-0.000001604,0.000000000,0.000001099,0.000051540,0.999999999,0.000000000,7.163660360,327.309504612,-5.017381783,1.000000000
ENTITYNAME=Wire_Device
