OBJECTMODELPOINTER=33777c94-e4b9-4947-906f-f84480f3cb99.dev
BASEFAMILY=bd1ef62c-6a6f-4fce-8326-bb2646d92c1f.fam
BLHA=28.28912608,113.44509395,57.000023,477.961117
TRANSFORMMATRIX=-0.094839835,0.995492544,0.000000858,0.000000000,-0.995492544,-0.094839835,0.000001785,0.000000000,0.000001858,-0.000000685,1.000000000,0.000000000,11.857582645,-4.382246021,36.631154799,1.000000000
ENTITYNAME=Wire_Device
