OBJECTMODELPOINTER=33777c94-e4b9-4947-906f-f84480f3cb99.dev
BASEFAMILY=bd2915cb-33bd-4b04-9f57-c28801ca44d1.fam
BLHA=28.48698475,113.42051247,234.671308,224.957371
TRANSFORMMATRIX=0.014363937,-0.999896833,0.000039629,0.000000000,0.999896833,0.014363937,-0.000001571,0.000000000,0.000001002,0.000039648,0.999999999,0.000000000,7.034454026,252.443204247,27.376785087,1.000000000
ENTITYNAME=Wire_Device
