OBJECTMODELPOINTER=33777c94-e4b9-4947-906f-f84480f3cb99.dev
BASEFAMILY=bd2df36c-5518-4765-a07d-92561beaf105.fam
BLHA=28.31775016,113.38284517,61.633463,329.270898
TRANSFORMMATRIX=0.001042229,-0.999999455,0.000065932,0.000000000,0.999999457,0.001042229,-0.000000904,0.000000000,0.000000835,0.000065933,0.999999998,0.000000000,4.352287536,420.273899202,68.968853418,1.000000000
ENTITYNAME=Wire_Device
