ENTITYNAME=WIRE
BASEFAMILY=bd343d16-fcaa-4a74-920d-a5483afa88cf.fam
OBJECTMODELPOINTER=81b82497-164d-48c0-b1cb-18fa700dacdf.dev
KVALUE=0.000373
SPLIT=4
POINT0.BLHA=28.28240757,113.45687165,86.867,340.232800
POINT0.MATRIX0=-0.338199241,0.941074531,-0.000000000,0.000000000,-0.941074531,-0.338199241,-0.000000000,0.000000000,0.000000000,-0.000000000,1.000000000,0.000000000,7.349061959,0.130175286,36.866811049,1.000000000
POINT0.MATRIX1=-0.338199241,0.941074531,-0.000000000,0.000000000,-0.941074531,-0.338199241,-0.000000000,0.000000000,0.000000000,-0.000000000,1.000000000,0.000000000,7.535829089,0.130232827,37.330662948,1.000000000
POINT0.MATRIX2=-0.338199241,0.941074531,-0.000000000,0.000000000,-0.941074531,-0.338199241,-0.000000000,0.000000000,0.000000000,-0.000000000,1.000000000,0.000000000,7.071058930,0.129887941,37.517323718,1.000000000
POINT0.MATRIX3=-0.338199241,0.941074531,-0.000000000,0.000000000,-0.941074531,-0.338199241,-0.000000000,0.000000000,0.000000000,-0.000000000,1.000000000,0.000000000,6.884291799,0.129830400,37.053471816,1.000000000
POINT1.BLHA=28.28149698,113.45977476,95.758,340.232800
POINT1.MATRIX0=-0.338199241,0.941074531,-0.000000000,0.000000000,-0.941074531,-0.338199241,0.000000000,0.000000000,-0.000000000,0.000000000,1.000000000,0.000000000,8.001753034,-0.129561237,46.466974549,1.000000000
POINT1.MATRIX1=-0.338199241,0.941074531,-0.000000000,0.000000000,-0.941074531,-0.338199241,0.000000000,0.000000000,-0.000000000,0.000000000,1.000000000,0.000000000,8.184472534,-0.129790892,46.932077698,1.000000000
POINT1.MATRIX2=-0.338199241,0.941074531,-0.000000000,0.000000000,-0.941074531,-0.338199241,0.000000000,0.000000000,-0.000000000,0.000000000,1.000000000,0.000000000,7.719578523,-0.129791146,47.115610413,1.000000000
POINT1.MATRIX3=-0.338199241,0.941074531,-0.000000000,0.000000000,-0.941074531,-0.338199241,0.000000000,0.000000000,-0.000000000,0.000000000,1.000000000,0.000000000,7.534979702,-0.130107159,46.650507264,1.000000000
