OBJECTMODELPOINTER=33777c94-e4b9-4947-906f-f84480f3cb99.dev
BASEFAMILY=bd389304-6cf2-4678-9919-c6ebfe52ee9c.fam
BLHA=28.38483527,113.36398740,139.075387,249.667673
TRANSFORMMATRIX=0.004152386,-0.999991378,0.000026039,0.000000000,0.999991379,0.004152386,0.000000184,0.000000000,-0.000000292,0.000026038,1.000000000,0.000000000,-1.585559216,165.439389291,12.738990148,1.000000000
ENTITYNAME=Wire_Device
