OBJECTMODELPOINTER=33777c94-e4b9-4947-906f-f84480f3cb99.dev
BASEFAMILY=bd4f6d50-8212-4549-b90d-6788da2efcf4.fam
BLHA=28.49972812,113.43660808,222.066271,200.251669
TRANSFORMMATRIX=0.017830433,-0.999841025,0.000029006,0.000000000,0.999841025,0.017830433,-0.000001910,0.000000000,0.000001392,0.000029035,1.000000000,0.000000000,9.160397893,185.242034578,57.288891025,1.000000000
ENTITYNAME=Wire_Device
