OBJECTMODELPOINTER=33777c94-e4b9-4947-906f-f84480f3cb99.dev
BASEFAMILY=bd74f681-3b7f-4092-bb78-68742d99a01e.fam
BLHA=28.76146332,113.46687719,133.774448,236.227775
TRANSFORMMATRIX=-0.001938197,-0.999998122,0.000005618,0.000000000,0.999998122,-0.001938197,-0.000001824,0.000000000,0.000001835,0.000005614,1.000000000,0.000000000,11.778739011,35.738456339,37.874484848,1.000000000
ENTITYNAME=Wire_Device
