OBJECTMODELPOINTER=33777c94-e4b9-4947-906f-f84480f3cb99.dev
BASEFAMILY=bd8b7e63-0cfd-4b6a-a626-22df48b497b7.fam
BLHA=28.31515909,113.41015274,70.673124,0.896163
TRANSFORMMATRIX=0.000005955,-1.000000000,0.000015035,0.000000000,1.000000000,0.000005955,-0.000001375,0.000000000,0.000001375,0.000015035,1.000000000,0.000000000,8.740491383,95.968109766,31.575864091,1.000000000
ENTITYNAME=Wire_Device
