ENTITYNAME=WIRE
BASEFAMILY=bda49b74-1da9-4064-9edb-21eeb2b78c65.fam
OBJECTMODELPOINTER=81b82497-164d-48c0-b1cb-18fa700dacdf.dev
KVALUE=0.000000
SPLIT=4
POINT0.BLHA=28.30572385,113.43813150,65.831,307.005893
POINT0.MATRIX0=-0.798573609,0.601897160,0.000000000,0.000000000,-0.601897160,-0.798573609,0.000000000,0.000000000,-0.000000000,0.000000000,1.000000000,0.000000000,9.349000268,0.000539655,48.416811557,1.000000000
POINT0.MATRIX1=-0.798573609,0.601897160,0.000000000,0.000000000,-0.601897160,-0.798573609,0.000000000,0.000000000,-0.000000000,0.000000000,1.000000000,0.000000000,9.536209612,0.001291593,48.880663486,1.000000000
POINT0.MATRIX2=-0.798573609,0.601897160,0.000000000,0.000000000,-0.601897160,-0.798573609,0.000000000,0.000000000,-0.000000000,0.000000000,1.000000000,0.000000000,9.072292093,0.001208647,49.067324252,1.000000000
POINT0.MATRIX3=-0.798573609,0.601897160,0.000000000,0.000000000,-0.601897160,-0.798573609,0.000000000,0.000000000,-0.000000000,0.000000000,1.000000000,0.000000000,8.885082750,0.000456709,48.603472323,1.000000000
POINT1.BLHA=28.30572385,113.43813150,65.831,307.005893
POINT1.MATRIX0=-0.798573609,0.601897160,0.000000000,0.000000000,-0.601897160,-0.798573609,0.000000000,0.000000000,-0.000000000,0.000000000,1.000000000,0.000000000,9.349003668,0.130544896,48.416811556,1.000000000
POINT1.MATRIX1=-0.798573609,0.601897160,0.000000000,0.000000000,-0.601897160,-0.798573609,0.000000000,0.000000000,-0.000000000,0.000000000,1.000000000,0.000000000,9.536213012,0.131296834,48.880663485,1.000000000
POINT1.MATRIX2=-0.798573609,0.601897160,0.000000000,0.000000000,-0.601897160,-0.798573609,0.000000000,0.000000000,-0.000000000,0.000000000,1.000000000,0.000000000,9.072295493,0.131213888,49.067324252,1.000000000
POINT1.MATRIX3=-0.798573609,0.601897160,0.000000000,0.000000000,-0.601897160,-0.798573609,0.000000000,0.000000000,-0.000000000,0.000000000,1.000000000,0.000000000,8.885086149,0.130461950,48.603472323,1.000000000
