OBJECTMODELPOINTER=33777c94-e4b9-4947-906f-f84480f3cb99.dev
BASEFAMILY=bdaf4694-d7bc-49ea-8ef6-69c8ad7925a8.fam
BLHA=28.32854622,113.36798434,68.151851,482.460958
TRANSFORMMATRIX=-0.105585573,0.994410220,0.000030787,0.000000000,-0.994410221,-0.105585573,0.000001238,0.000000000,0.000004481,-0.000030485,1.000000000,0.000000000,29.020720528,-193.929652308,11.807050418,1.000000000
ENTITYNAME=Wire_Device
