OBJECTMODELPOINTER=33777c94-e4b9-4947-906f-f84480f3cb99.dev
BASEFAMILY=bdbe490f-6854-4193-9e83-e29dff533efe.fam
BLHA=28.73821142,113.45475326,97.655295,258.301958
TRANSFORMMATRIX=0.008227733,-0.999966151,0.000028305,0.000000000,0.999966152,0.008227733,-0.000001930,0.000000000,0.000001697,0.000028320,1.000000000,0.000000000,11.017809177,179.888202137,48.141740732,1.000000000
ENTITYNAME=Wire_Device
