OBJECTMODELPOINTER=33777c94-e4b9-4947-906f-f84480f3cb99.dev
BASEFAMILY=bdbefa69-20d3-4793-b0b8-85e7773660df.fam
BLHA=28.76435807,113.46905293,179.070265,236.227775
TRANSFORMMATRIX=-0.000011148,-0.999999999,0.000035085,0.000000000,1.000000000,-0.000011148,0.000002103,0.000000000,-0.000002103,0.000035084,0.999999999,0.000000000,-12.865542625,223.126061903,-2.703658559,1.000000000
ENTITYNAME=Wire_Device
