OBJECTMODELPOINTER=33777c94-e4b9-4947-906f-f84480f3cb99.dev
BASEFAMILY=bdc17bd4-110e-4335-9a3d-f399261ce19e.fam
BLHA=28.31435017,113.39267151,117.559440,4.996372
TRANSFORMMATRIX=0.000018885,-0.999999999,0.000038903,0.000000000,1.000000000,0.000018885,0.000001349,0.000000000,-0.000001350,0.000038904,0.999999999,0.000000000,-8.457687273,248.308803873,41.113447503,1.000000000
ENTITYNAME=Wire_Device
