OBJECTMODELPOINTER=33777c94-e4b9-4947-906f-f84480f3cb99.dev
BASEFAMILY=bdca0b3a-6866-4620-ba7a-ccb7aa31a494.fam
BLHA=28.73433869,113.45386444,142.659000,258.301958
TRANSFORMMATRIX=0.874773964,-0.484531228,-0.000000189,0.000000000,0.484531228,0.874773964,-0.000001335,0.000000000,0.000000812,0.000001076,1.000000000,0.000000000,5.189031343,6.838807230,36.339909013,1.000000000
ENTITYNAME=Wire_Device
