ENTITYNAME=WIRE
BASEFAMILY=bdcbbb94-e495-45b6-af51-136c1851c03d.fam
OBJECTMODELPOINTER=81b82497-164d-48c0-b1cb-18fa700dacdf.dev
KVALUE=0.000000
SPLIT=4
POINT0.BLHA=28.39913011,113.36988101,173.073,251.836928
POINT0.MATRIX0=-0.950173157,-0.311722587,0.000000000,0.000000000,0.311722587,-0.950173157,0.000000000,0.000000000,0.000000000,-0.000000000,1.000000000,0.000000000,7.724945095,-4.000879281,38.789995430,1.000000000
POINT0.MATRIX1=-0.950173157,-0.311722587,0.000000000,0.000000000,0.311722587,-0.950173157,0.000000000,0.000000000,0.000000000,-0.000000000,1.000000000,0.000000000,7.724945095,-4.000879281,39.239995477,1.000000000
POINT0.MATRIX2=-0.950173157,-0.311722587,0.000000000,0.000000000,0.311722587,-0.950173157,0.000000000,0.000000000,0.000000000,-0.000000000,1.000000000,0.000000000,7.274945136,-4.000879188,39.239995477,1.000000000
POINT0.MATRIX3=-0.950173157,-0.311722587,0.000000000,0.000000000,0.311722587,-0.950173157,0.000000000,0.000000000,0.000000000,-0.000000000,1.000000000,0.000000000,7.274945136,-4.000879188,38.789995430,1.000000000
POINT1.BLHA=28.39913011,113.36988101,173.073,251.836928
POINT1.MATRIX0=-0.950173157,-0.311722587,0.000000000,0.000000000,0.311722587,-0.950173157,0.000000000,0.000000000,0.000000000,-0.000000000,1.000000000,0.000000000,7.724945161,-3.998879418,38.789995430,1.000000000
POINT1.MATRIX1=-0.950173157,-0.311722587,0.000000000,0.000000000,0.311722587,-0.950173157,0.000000000,0.000000000,0.000000000,-0.000000000,1.000000000,0.000000000,7.724945161,-3.998879418,39.239995478,1.000000000
POINT1.MATRIX2=-0.950173157,-0.311722587,0.000000000,0.000000000,0.311722587,-0.950173157,0.000000000,0.000000000,0.000000000,-0.000000000,1.000000000,0.000000000,7.274945013,-3.998879135,39.239995478,1.000000000
POINT1.MATRIX3=-0.950173157,-0.311722587,0.000000000,0.000000000,0.311722587,-0.950173157,0.000000000,0.000000000,0.000000000,-0.000000000,1.000000000,0.000000000,7.274945013,-3.998879135,38.789995430,1.000000000
