OBJECTMODELPOINTER=33777c94-e4b9-4947-906f-f84480f3cb99.dev
BASEFAMILY=bdce6c46-2b90-44b9-9025-a67f59ac6f4d.fam
BLHA=28.77621013,113.47796265,180.198107,236.227775
TRANSFORMMATRIX=-0.000007823,-1.000000000,0.000016525,0.000000000,1.000000000,-0.000007823,0.000000116,0.000000000,-0.000000115,0.000016525,1.000000000,0.000000000,-0.486337465,105.106200980,46.375806632,1.000000000
ENTITYNAME=Wire_Device
