OBJECTMODELPOINTER=33777c94-e4b9-4947-906f-f84480f3cb99.dev
BASEFAMILY=bdd4a30e-702e-468f-b70d-ec32d56b0880.fam
BLHA=28.50118026,113.44100017,250.748283,200.251669
TRANSFORMMATRIX=-0.003177440,-0.999994952,0.000015909,0.000000000,0.999994952,-0.003177440,-0.000001767,0.000000000,0.000001817,0.000015903,1.000000000,0.000000000,11.716738008,101.472416653,25.196964930,1.000000000
ENTITYNAME=Wire_Device
