OBJECTMODELPOINTER=33777c94-e4b9-4947-906f-f84480f3cb99.dev
BASEFAMILY=bddd05e6-9006-4041-b5bf-b0f472a30958.fam
BLHA=28.80418340,113.50812520,199.973454,227.348291
TRANSFORMMATRIX=-0.000008724,-1.000000000,0.000017757,0.000000000,1.000000000,-0.000008724,0.000001983,0.000000000,-0.000001983,0.000017757,1.000000000,0.000000000,-12.337315423,113.002473469,34.837077526,1.000000000
ENTITYNAME=Wire_Device
