OBJECTMODELPOINTER=33777c94-e4b9-4947-906f-f84480f3cb99.dev
BASEFAMILY=bde61d68-83e7-40b2-b1e8-c25071c5e416.fam
BLHA=28.60573334,113.47075261,228.044876,294.633001
TRANSFORMMATRIX=0.001846321,-0.999998294,0.000047188,0.000000000,0.999998296,0.001846321,-0.000001882,0.000000000,0.000001795,0.000047192,0.999999999,0.000000000,10.853499090,299.925339140,5.602447413,1.000000000
ENTITYNAME=Wire_Device
