ENTITYNAME=WIRE
BASEFAMILY=bdecec40-d078-4a23-b5e6-f5cc08c1274a.fam
OBJECTMODELPOINTER=81b82497-164d-48c0-b1cb-18fa700dacdf.dev
KVALUE=0.095042
SPLIT=4
POINT0.BLHA=28.54843684,113.51255198,454.586,280.370385
POINT0.MATRIX0=-0.983664647,0.180010728,0.000000000,0.000000000,-0.180010728,-0.983664647,-0.000000000,0.000000000,0.000000000,0.000000000,1.000000000,0.000000000,-11.275059918,2.040022281,25.790007845,1.000000000
POINT0.MATRIX1=-0.983664647,0.180010728,0.000000000,0.000000000,-0.180010728,-0.983664647,-0.000000000,0.000000000,0.000000000,0.000000000,1.000000000,0.000000000,-11.275059918,2.040022281,26.240007848,1.000000000
POINT0.MATRIX2=-0.983664647,0.180010728,0.000000000,0.000000000,-0.180010728,-0.983664647,-0.000000000,0.000000000,0.000000000,0.000000000,1.000000000,0.000000000,-11.725059915,2.040022492,26.240007849,1.000000000
POINT0.MATRIX3=-0.983664647,0.180010728,0.000000000,0.000000000,-0.180010728,-0.983664647,-0.000000000,0.000000000,0.000000000,0.000000000,1.000000000,0.000000000,-11.725059915,2.040022492,25.790007846,1.000000000
POINT1.BLHA=28.54843684,113.51255198,454.586,280.370385
POINT1.MATRIX0=-0.983664647,0.180010728,0.000000000,0.000000000,-0.180010728,-0.983664647,-0.000000000,0.000000000,0.000000000,0.000000000,1.000000000,0.000000000,-5.727498770,9.247397427,29.863356084,1.000000000
POINT1.MATRIX1=-0.983664647,0.180010728,0.000000000,0.000000000,-0.180010728,-0.983664647,-0.000000000,0.000000000,0.000000000,0.000000000,1.000000000,0.000000000,-5.400592400,9.894859410,30.403048009,1.000000000
POINT1.MATRIX2=-0.983664647,0.180010728,0.000000000,0.000000000,-0.180010728,-0.983664647,-0.000000000,0.000000000,0.000000000,0.000000000,1.000000000,0.000000000,-5.857301988,10.098129338,30.403032750,1.000000000
POINT1.MATRIX3=-0.983664647,0.180010728,0.000000000,0.000000000,-0.180010728,-0.983664647,-0.000000000,0.000000000,0.000000000,0.000000000,1.000000000,0.000000000,-6.184208476,9.450667377,29.863356083,1.000000000
