OBJECTMODELPOINTER=33777c94-e4b9-4947-906f-f84480f3cb99.dev
BASEFAMILY=be01d3de-2cb6-44f2-962e-6dde5df6d6dc.fam
BLHA=28.39913011,113.36988101,173.073049,251.836928
TRANSFORMMATRIX=-0.020270758,-0.999794527,0.000026729,0.000000000,0.999794527,-0.020270758,0.000001361,0.000000000,-0.000000819,0.000026752,1.000000000,0.000000000,-4.961897221,169.949119624,8.855868928,1.000000000
ENTITYNAME=Wire_Device
