OBJECTMODELPOINTER=33777c94-e4b9-4947-906f-f84480f3cb99.dev
BASEFAMILY=be02faa6-b814-4670-9233-cb4a1d0fec78.fam
BLHA=28.79022096,113.49139881,176.212376,221.400685
TRANSFORMMATRIX=0.000990779,-0.999999506,0.000084927,0.000000000,0.999999509,0.000990779,0.000002584,0.000000000,-0.000002667,0.000084924,0.999999996,0.000000000,-15.595509757,540.834021762,-8.226678150,1.000000000
ENTITYNAME=Wire_Device
