OBJECTMODELPOINTER=33777c94-e4b9-4947-906f-f84480f3cb99.dev
BASEFAMILY=be04b585-e801-4bae-8038-4a51fa8fbfd7.fam
BLHA=28.60915768,113.46895250,187.940881,294.633001
TRANSFORMMATRIX=0.001410030,-0.999999006,0.000005291,0.000000000,0.999999006,0.001410030,-0.000002076,0.000000000,0.000002068,0.000005294,1.000000000,0.000000000,13.123223586,33.621467130,55.480936577,1.000000000
ENTITYNAME=Wire_Device
