OBJECTMODELPOINTER=33777c94-e4b9-4947-906f-f84480f3cb99.dev
BASEFAMILY=be186227-0aec-4862-b86c-0a3e20c4b5c8.fam
BLHA=28.28368001,113.45281448,67.001736,340.232800
TRANSFORMMATRIX=0.000004001,-1.000000000,0.000005304,0.000000000,1.000000000,0.000004001,0.000001506,0.000000000,-0.000001507,0.000005303,1.000000000,0.000000000,-9.626881275,33.847843863,48.190898404,1.000000000
ENTITYNAME=Wire_Device
