OBJECTMODELPOINTER=33777c94-e4b9-4947-906f-f84480f3cb99.dev
BASEFAMILY=be2060ed-4f46-4b6e-8d22-0743442867be.fam
BLHA=28.31294059,113.42646212,52.368358,335.449580
TRANSFORMMATRIX=0.000015138,-0.999999999,0.000028147,0.000000000,1.000000000,0.000015138,0.000001569,0.000000000,-0.000001570,0.000028147,1.000000000,0.000000000,-10.326186193,179.521127533,33.871261312,1.000000000
ENTITYNAME=Wire_Device
