OBJECTMODELPOINTER=33777c94-e4b9-4947-906f-f84480f3cb99.dev
BASEFAMILY=be2fa2e7-a84e-4d84-9ebb-22285292a041.fam
BLHA=28.42674606,113.37865854,204.106778,254.006183
TRANSFORMMATRIX=-0.001562983,-0.999998778,0.000038328,0.000000000,0.999998779,-0.001562983,-0.000001610,0.000000000,0.000001670,0.000038326,0.999999999,0.000000000,10.991278934,243.482463600,10.747891479,1.000000000
ENTITYNAME=Wire_Device
