OBJECTMODELPOINTER=33777c94-e4b9-4947-906f-f84480f3cb99.dev
BASEFAMILY=be30586e-7166-4a14-bc7b-336a473dd2e2.fam
BLHA=28.50469488,113.45163258,174.515783,200.251669
TRANSFORMMATRIX=0.049867633,-0.998755836,0.000000357,0.000000000,0.998755836,0.049867633,-0.000001222,0.000000000,0.000001203,0.000000418,1.000000000,0.000000000,7.645875344,2.677921660,26.436545892,1.000000000
ENTITYNAME=Wire_Device
