OBJECTMODELPOINTER=33777c94-e4b9-4947-906f-f84480f3cb99.dev
BASEFAMILY=be459c49-d940-4642-b8ce-46dfd32a9879.fam
BLHA=28.58307238,113.48148471,281.708531,287.849619
TRANSFORMMATRIX=0.002539817,-0.999996774,0.000036669,0.000000000,0.999996775,0.002539817,0.000000106,0.000000000,-0.000000200,0.000036668,0.999999999,0.000000000,-1.624238413,232.973562337,16.963925000,1.000000000
ENTITYNAME=Wire_Device
