OBJECTMODELPOINTER=33777c94-e4b9-4947-906f-f84480f3cb99.dev
BASEFAMILY=be455d90-0d4e-4af8-a6f5-2d20e47262c9.fam
BLHA=28.68060600,113.45831192,164.595225,275.673275
TRANSFORMMATRIX=0.000001339,-0.999999999,0.000051486,0.000000000,1.000000000,0.000001339,0.000000210,0.000000000,-0.000000211,0.000051486,0.999999999,0.000000000,-1.508775140,326.968658044,43.761344141,1.000000000
ENTITYNAME=Wire_Device
