OBJECTMODELPOINTER=33777c94-e4b9-4947-906f-f84480f3cb99.dev
BASEFAMILY=be4e804d-4380-4e73-af58-39ce2da9ad07.fam
BLHA=28.65134658,113.46259240,159.100648,277.610658
TRANSFORMMATRIX=-0.000000492,-1.000000000,0.000004893,0.000000000,1.000000000,-0.000000492,-0.000001841,0.000000000,0.000001840,0.000004893,1.000000000,0.000000000,11.730473917,31.063850248,37.714411941,1.000000000
ENTITYNAME=Wire_Device
