OBJECTMODELPOINTER=33777c94-e4b9-4947-906f-f84480f3cb99.dev
BASEFAMILY=be60a8b5-cc36-4e8a-a58e-b7a3ab36ea35.fam
BLHA=28.34583559,113.36246769,78.593273,278.143009
TRANSFORMMATRIX=0.000001287,-0.999999999,0.000042637,0.000000000,1.000000000,0.000001287,0.000000197,0.000000000,-0.000000197,0.000042637,0.999999999,0.000000000,-1.455823768,270.769891585,48.473400819,1.000000000
ENTITYNAME=Wire_Device
