OBJECTMODELPOINTER=33777c94-e4b9-4947-906f-f84480f3cb99.dev
BASEFAMILY=be643dae-80cb-4ec9-93e9-63f6e27a9dcd.fam
BLHA=28.29509828,113.44289412,61.743516,287.794387
TRANSFORMMATRIX=0.000007474,-0.999999999,0.000037903,0.000000000,1.000000000,0.000007474,0.000001288,0.000000000,-0.000001288,0.000037903,0.999999999,0.000000000,-8.583708251,240.807156240,11.384036171,1.000000000
ENTITYNAME=Wire_Device
