OBJECTMODELPOINTER=33777c94-e4b9-4947-906f-f84480f3cb99.dev
BASEFAMILY=be674a2e-64cd-424f-b676-dc2c669182b6.fam
BLHA=28.31925198,113.37995663,64.126344,500.343289
TRANSFORMMATRIX=-0.158634781,0.987337331,0.000046504,0.000000000,-0.987337332,-0.158634781,-0.000001598,0.000000000,0.000005800,-0.000046169,0.999999999,0.000000000,37.658087045,-294.170146614,56.873868757,1.000000000
ENTITYNAME=Wire_Device
