ENTITYNAME=WIRE
BASEFAMILY=be68b5b6-3196-4347-be35-a1a2cd4d2fd9.fam
OBJECTMODELPOINTER=31970f28-780e-4bf1-8adb-439f78c329a3.dev
KVALUE=0.000242
SPLIT=1
POINT0.BLHA=28.57663112,113.48588937,251.357,312.996987
POINT0.MATRIX0=-0.731389569,0.681959895,0.000000000,0.000000000,-0.681959895,-0.731389569,0.000000000,0.000000000,-0.000000000,0.000000000,1.000000000,0.000000000,-11.318645081,0.310114508,69.557999140,1.000000000
POINT1.BLHA=28.57262295,113.49015944,261.229,312.996987
POINT1.MATRIX0=-0.731389569,0.681959895,0.000000000,0.000000000,-0.681959895,-0.731389569,0.000000000,0.000000000,0.000000000,-0.000000000,1.000000000,0.000000000,-11.320087233,-0.309868695,69.558000096,1.000000000
