OBJECTMODELPOINTER=33777c94-e4b9-4947-906f-f84480f3cb99.dev
BASEFAMILY=be8229db-710f-4b79-a0b9-c1432a2a8e08.fam
BLHA=28.52451102,113.49042735,376.991440,210.734491
TRANSFORMMATRIX=-0.005813545,-0.999983101,0.000023549,0.000000000,0.999983101,-0.005813545,0.000000158,0.000000000,-0.000000021,0.000023550,1.000000000,0.000000000,0.207056872,150.124241634,5.700927660,1.000000000
ENTITYNAME=Wire_Device
