OBJECTMODELPOINTER=33777c94-e4b9-4947-906f-f84480f3cb99.dev
BASEFAMILY=be93f556-373a-4c79-99b3-9abaabaa4438.fam
BLHA=28.31435017,113.39267151,117.559440,4.996372
TRANSFORMMATRIX=0.000035070,-0.999999997,0.000060371,0.000000000,0.999999999,0.000035070,-0.000001222,0.000000000,0.000001220,0.000060371,0.999999998,0.000000000,7.922531879,385.340801017,34.516261215,1.000000000
ENTITYNAME=Wire_Device
