OBJECTMODELPOINTER=33777c94-e4b9-4947-906f-f84480f3cb99.dev
BASEFAMILY=bea7cd15-8e07-477a-8f76-c91c884062e8.fam
BLHA=28.80679371,113.51083278,186.898436,227.348291
TRANSFORMMATRIX=-0.000011265,-0.999999999,0.000035707,0.000000000,1.000000000,-0.000011265,-0.000001625,0.000000000,0.000001626,0.000035708,0.999999999,0.000000000,10.934897007,227.322374513,36.798309798,1.000000000
ENTITYNAME=Wire_Device
