OBJECTMODELPOINTER=33777c94-e4b9-4947-906f-f84480f3cb99.dev
BASEFAMILY=bea8ea90-bfdd-409d-86d7-f5806eef56ee.fam
BLHA=28.31534552,113.42043692,48.733934,348.172871
TRANSFORMMATRIX=-0.196072565,-0.980589389,0.000001054,0.000000000,0.980589389,-0.196072565,-0.000001758,0.000000000,0.000001932,0.000000689,1.000000000,0.000000000,12.258371616,4.384285390,42.457648745,1.000000000
ENTITYNAME=Wire_Device
