ENTITYNAME=WIRE
BASEFAMILY=beaad5c8-54e7-49e1-b14f-b68b53c24340.fam
OBJECTMODELPOINTER=81b82497-164d-48c0-b1cb-18fa700dacdf.dev
KVALUE=0.000000
SPLIT=4
POINT0.BLHA=28.36788990,113.36378392,64.429,219.706007
POINT0.MATRIX0=-0.638848483,-0.769332578,0.000000000,0.000000000,0.769332578,-0.638848483,0.000000000,0.000000000,0.000000000,0.000000000,1.000000000,0.000000000,0.181419546,-0.120818280,37.762692534,1.000000000
POINT0.MATRIX1=-0.638848483,-0.769332578,0.000000000,0.000000000,0.769332578,-0.638848483,0.000000000,0.000000000,0.000000000,0.000000000,1.000000000,0.000000000,0.217740933,-0.119879910,38.211148345,1.000000000
POINT0.MATRIX2=-0.638848483,-0.769332578,0.000000000,0.000000000,0.769332578,-0.638848483,0.000000000,0.000000000,0.000000000,0.000000000,1.000000000,0.000000000,-0.229824592,-0.120782689,38.248410308,1.000000000
POINT0.MATRIX3=-0.638848483,-0.769332578,0.000000000,0.000000000,0.769332578,-0.638848483,0.000000000,0.000000000,0.000000000,0.000000000,1.000000000,0.000000000,-0.267336644,-0.120097657,37.799969756,1.000000000
POINT1.BLHA=28.36788990,113.36378392,64.429,219.706007
POINT1.MATRIX0=-0.638848483,-0.769332578,0.000000000,0.000000000,0.769332578,-0.638848483,0.000000000,0.000000000,0.000000000,0.000000000,1.000000000,0.000000000,0.181427866,-0.000810861,37.762692534,1.000000000
POINT1.MATRIX1=-0.638848483,-0.769332578,0.000000000,0.000000000,0.769332578,-0.638848483,0.000000000,0.000000000,0.000000000,0.000000000,1.000000000,0.000000000,0.217749253,0.000127509,38.211148345,1.000000000
POINT1.MATRIX2=-0.638848483,-0.769332578,0.000000000,0.000000000,0.769332578,-0.638848483,0.000000000,0.000000000,0.000000000,0.000000000,1.000000000,0.000000000,-0.229816272,-0.000775270,38.248410308,1.000000000
POINT1.MATRIX3=-0.638848483,-0.769332578,0.000000000,0.000000000,0.769332578,-0.638848483,0.000000000,0.000000000,0.000000000,0.000000000,1.000000000,0.000000000,-0.267328323,-0.000090239,37.799969755,1.000000000
