OBJECTMODELPOINTER=33777c94-e4b9-4947-906f-f84480f3cb99.dev
BASEFAMILY=bebf1b41-f65d-4e7a-9158-ac2421f08228.fam
BLHA=28.28033977,113.46346380,83.899072,326.450928
TRANSFORMMATRIX=-0.217004652,-0.976170570,0.000000960,0.000000000,0.976170570,-0.217004652,-0.000001196,0.000000000,0.000001376,0.000000678,1.000000000,0.000000000,8.742457424,4.298488726,54.842661623,1.000000000
ENTITYNAME=Wire_Device
