ENTITYNAME=WIRE
BASEFAMILY=bed32e5e-7c45-48ad-8d17-bd6ea0975113.fam
OBJECTMODELPOINTER=81b82497-164d-48c0-b1cb-18fa700dacdf.dev
KVALUE=0.000376
SPLIT=4
POINT0.BLHA=28.31502906,113.40300484,68.016,0.896163
POINT0.MATRIX0=0.015640353,0.999877682,-0.000000000,0.000000000,-0.999877682,0.015640353,-0.000000000,0.000000000,-0.000000000,-0.000000000,1.000000000,0.000000000,-7.335773404,0.129881261,39.866812876,1.000000000
POINT0.MATRIX1=0.015640353,0.999877682,-0.000000000,0.000000000,-0.999877682,0.015640353,-0.000000000,0.000000000,-0.000000000,-0.000000000,1.000000000,0.000000000,-7.150203403,0.129908571,40.330664804,1.000000000
POINT0.MATRIX2=0.015640353,0.999877682,-0.000000000,0.000000000,-0.999877682,0.015640353,-0.000000000,0.000000000,-0.000000000,-0.000000000,1.000000000,0.000000000,-7.613148143,0.130069133,40.517325571,1.000000000
POINT0.MATRIX3=0.015640353,0.999877682,-0.000000000,0.000000000,-0.999877682,0.015640353,-0.000000000,0.000000000,-0.000000000,-0.000000000,1.000000000,0.000000000,-7.800671030,0.130072369,40.053473642,1.000000000
POINT1.BLHA=28.31510010,113.40690744,78.265,0.896163
POINT1.MATRIX0=0.015640353,0.999877682,-0.000000000,0.000000000,-0.999877682,0.015640353,-0.000000000,0.000000000,0.000000000,-0.000000000,1.000000000,0.000000000,-8.003277535,-0.129845663,46.466949899,1.000000000
POINT1.MATRIX1=0.015640353,0.999877682,-0.000000000,0.000000000,-0.999877682,0.015640353,-0.000000000,0.000000000,0.000000000,-0.000000000,1.000000000,0.000000000,-7.819660420,-0.129787806,46.932037790,1.000000000
POINT1.MATRIX2=0.015640353,0.999877682,-0.000000000,0.000000000,-0.999877682,0.015640353,-0.000000000,0.000000000,0.000000000,-0.000000000,1.000000000,0.000000000,-8.284561864,-0.129840808,47.115570505,1.000000000
POINT1.MATRIX3=0.015640353,0.999877682,-0.000000000,0.000000000,-0.999877682,0.015640353,-0.000000000,0.000000000,0.000000000,-0.000000000,1.000000000,0.000000000,-8.468178979,-0.129898665,46.650467355,1.000000000
