OBJECTMODELPOINTER=33777c94-e4b9-4947-906f-f84480f3cb99.dev
BASEFAMILY=beda3121-1368-4908-84ea-e3e8dc3199d6.fam
BLHA=28.43346852,113.38186613,283.381825,242.026912
TRANSFORMMATRIX=0.002485552,-0.999996911,0.000017975,0.000000000,0.999996911,0.002485552,0.000000135,0.000000000,-0.000000179,0.000017975,1.000000000,0.000000000,-0.897032864,114.272249328,5.582788636,1.000000000
ENTITYNAME=Wire_Device
