OBJECTMODELPOINTER=33777c94-e4b9-4947-906f-f84480f3cb99.dev
BASEFAMILY=beef1dc4-bf87-4961-8878-5537a55be6d9.fam
BLHA=28.40337100,113.37122865,129.378598,254.006183
TRANSFORMMATRIX=-0.002792037,-0.999996102,0.000016569,0.000000000,0.999996102,-0.002792037,0.000000113,0.000000000,-0.000000067,0.000016569,1.000000000,0.000000000,-0.281714913,105.254444694,44.633637924,1.000000000
ENTITYNAME=Wire_Device
