OBJECTMODELPOINTER=33777c94-e4b9-4947-906f-f84480f3cb99.dev
BASEFAMILY=bef11329-a53f-4402-82e1-61167051e30a.fam
BLHA=28.43346852,113.38186613,283.381825,242.026912
TRANSFORMMATRIX=-0.011106253,-0.999938324,0.000018011,0.000000000,0.999938324,-0.011106253,0.000002130,0.000000000,-0.000001930,0.000018034,1.000000000,0.000000000,-12.054945965,114.620858979,3.362280832,1.000000000
ENTITYNAME=Wire_Device
