OBJECTMODELPOINTER=33777c94-e4b9-4947-906f-f84480f3cb99.dev
BASEFAMILY=bef4ed0e-3cd0-4f11-932d-375bfc8dcb3d.fam
BLHA=28.30786495,113.43629033,62.969533,307.005893
TRANSFORMMATRIX=0.000014777,-0.999999999,0.000040287,0.000000000,1.000000000,0.000014777,0.000001142,0.000000000,-0.000001143,0.000040286,0.999999999,0.000000000,-7.922912571,256.318144233,60.025526713,1.000000000
ENTITYNAME=Wire_Device
