OBJECTMODELPOINTER=33777c94-e4b9-4947-906f-f84480f3cb99.dev
BASEFAMILY=bef53da8-aa83-42fc-b932-7783c34b0fbd.fam
BLHA=28.70103226,113.45527961,136.730850,277.425083
TRANSFORMMATRIX=0.000001371,-1.000000000,0.000005648,0.000000000,1.000000000,0.000001371,0.000001882,0.000000000,-0.000001882,0.000005648,1.000000000,0.000000000,-12.033934831,35.878029668,38.728349525,1.000000000
ENTITYNAME=Wire_Device
