ENTITYNAME=WIRE
BASEFAMILY=befb2bdf-87d9-45a1-8065-a7a77b9d5ebb.fam
OBJECTMODELPOINTER=31970f28-780e-4bf1-8adb-439f78c329a3.dev
KVALUE=0.000235
SPLIT=1
POINT0.BLHA=28.40635362,113.37217651,164.659,254.006183
POINT0.MATRIX0=-0.961291434,-0.275533624,0.000000000,0.000000000,0.275533624,-0.961291434,0.000000000,0.000000000,0.000000000,0.000000000,1.000000000,0.000000000,4.780588505,1.699724483,44.715091313,1.000000000
POINT1.BLHA=28.40337100,113.37122865,129.379,254.006183
POINT1.MATRIX0=-0.961291434,-0.275533624,-0.000000000,0.000000000,0.275533624,-0.961291434,-0.000000000,0.000000000,0.000000000,-0.000000000,1.000000000,0.000000000,11.320249844,-0.309930489,63.558001900,1.000000000
