OBJECTMODELPOINTER=33777c94-e4b9-4947-906f-f84480f3cb99.dev
BASEFAMILY=bf06206a-5f0b-463d-b80a-391fa71bdd79.fam
BLHA=28.26907527,113.47529619,67.190721,514.001895
TRANSFORMMATRIX=0.328955244,0.944345513,-0.000001325,0.000000000,-0.944345513,0.328955244,0.000001635,0.000000000,0.000001980,0.000000714,1.000000000,0.000000000,12.577850535,4.525041670,42.562449382,1.000000000
ENTITYNAME=Wire_Device
