OBJECTMODELPOINTER=33777c94-e4b9-4947-906f-f84480f3cb99.dev
BASEFAMILY=bf0e1202-82eb-4d7e-a210-211f32fe67fc.fam
BLHA=28.26827851,113.48694026,97.359750,314.005848
TRANSFORMMATRIX=-0.811487719,-0.584369474,0.000006375,0.000000000,0.584369474,-0.811487719,-0.000000876,0.000000000,0.000005686,0.000003014,1.000000000,0.000000000,36.146627100,19.094466439,38.477799222,1.000000000
ENTITYNAME=Wire_Device
