OBJECTMODELPOINTER=33777c94-e4b9-4947-906f-f84480f3cb99.dev
BASEFAMILY=bf14c910-fa6c-41df-851f-d0bbcbee52a8.fam
BLHA=28.53408910,113.50849608,458.182485,233.242345
TRANSFORMMATRIX=0.489053550,-0.872253762,0.000000466,0.000000000,0.872253762,0.489053550,-0.000001329,0.000000000,0.000000932,0.000001056,1.000000000,0.000000000,5.952808782,6.736482130,35.270358277,1.000000000
ENTITYNAME=Wire_Device
