OBJECTMODELPOINTER=33777c94-e4b9-4947-906f-f84480f3cb99.dev
BASEFAMILY=bf235867-d367-4d52-abe3-edc46696ee3b.fam
BLHA=28.29768818,113.44194006,79.179744,287.794387
TRANSFORMMATRIX=-0.002216053,-0.999997544,0.000040840,0.000000000,0.999997545,-0.002216053,0.000001716,0.000000000,-0.000001626,0.000040843,0.999999999,0.000000000,-10.765811793,259.494083962,30.987959470,1.000000000
ENTITYNAME=Wire_Device
