OBJECTMODELPOINTER=33777c94-e4b9-4947-906f-f84480f3cb99.dev
BASEFAMILY=bf3c456b-8a5b-4129-9058-0b6d15b94b71.fam
BLHA=28.55813742,113.50479443,276.608256,304.990571
TRANSFORMMATRIX=-0.000926674,-0.999999567,0.000087320,0.000000000,0.999999571,-0.000926674,-0.000001945,0.000000000,0.000002026,0.000087318,0.999999996,0.000000000,11.554629613,555.417253121,76.141269480,1.000000000
ENTITYNAME=Wire_Device
