OBJECTMODELPOINTER=33777c94-e4b9-4947-906f-f84480f3cb99.dev
BASEFAMILY=bf432cc3-9680-4d86-8459-dd9e8b411168.fam
BLHA=28.27757020,113.46637333,93.774105,312.669055
TRANSFORMMATRIX=0.000891231,-0.999999602,0.000041518,0.000000000,0.999999603,0.000891231,-0.000001013,0.000000000,0.000000976,0.000041518,0.999999999,0.000000000,5.527988772,264.254713771,44.203591812,1.000000000
ENTITYNAME=Wire_Device
