OBJECTMODELPOINTER=33777c94-e4b9-4947-906f-f84480f3cb99.dev
BASEFAMILY=bf574dbf-5a0b-41ce-96dd-c098734000c9.fam
BLHA=28.31470596,113.39701913,83.588909,4.996372
TRANSFORMMATRIX=0.000943617,-0.999999554,0.000025231,0.000000000,0.999999555,0.000943617,0.000001273,0.000000000,-0.000001297,0.000025230,1.000000000,0.000000000,-8.162476107,161.035712407,57.357750208,1.000000000
ENTITYNAME=Wire_Device
