OBJECTMODELPOINTER=33777c94-e4b9-4947-906f-f84480f3cb99.dev
BASEFAMILY=bf57b709-52ea-446f-bd2e-0b90887ae3ee.fam
BLHA=28.26851271,113.48351910,83.112496,355.334735
TRANSFORMMATRIX=0.005698016,-0.999983766,0.000005045,0.000000000,0.999983766,0.005698016,-0.000001218,0.000000000,0.000001190,0.000005051,1.000000000,0.000000000,7.539626916,32.240825535,43.570267064,1.000000000
ENTITYNAME=Wire_Device
