OBJECTMODELPOINTER=33777c94-e4b9-4947-906f-f84480f3cb99.dev
BASEFAMILY=bf5ecbfd-c967-4943-89ca-394da83804a8.fam
BLHA=28.34247838,113.36303113,107.750676,278.143009
TRANSFORMMATRIX=-0.003121808,-0.999995126,0.000046925,0.000000000,0.999995127,-0.003121808,-0.000001646,0.000000000,0.000001793,0.000046920,0.999999999,0.000000000,11.225175869,297.957815986,8.766202082,1.000000000
ENTITYNAME=Wire_Device
