OBJECTMODELPOINTER=33777c94-e4b9-4947-906f-f84480f3cb99.dev
BASEFAMILY=bf7ec31e-6fed-45db-9e3d-8a288f089a34.fam
BLHA=28.76565082,113.47002463,165.077698,236.227775
TRANSFORMMATRIX=0.012118252,-0.999926571,0.000014029,0.000000000,0.999926571,0.012118252,-0.000002093,0.000000000,0.000001924,0.000014054,1.000000000,0.000000000,12.470474075,89.418564923,39.985608479,1.000000000
ENTITYNAME=Wire_Device
