OBJECTMODELPOINTER=33777c94-e4b9-4947-906f-f84480f3cb99.dev
BASEFAMILY=bf9ad8f0-bff5-4b2e-8e32-5b96ab7cd2ec.fam
BLHA=28.31498130,113.40038482,72.539572,2.946268
TRANSFORMMATRIX=-0.028929770,-0.999581447,0.000006271,0.000000000,0.999581447,-0.028929770,-0.000001380,0.000000000,0.000001561,0.000006229,1.000000000,0.000000000,9.924057767,39.757587733,32.786846867,1.000000000
ENTITYNAME=Wire_Device
