ENTITYNAME=WIRE
BASEFAMILY=bfaf9b22-52f6-41a0-8265-ffd53482aacc.fam
OBJECTMODELPOINTER=81b82497-164d-48c0-b1cb-18fa700dacdf.dev
KVALUE=0.000322
SPLIT=4
POINT0.BLHA=28.26827851,113.48694026,97.360,314.005848
POINT0.MATRIX0=-0.719268901,0.694731781,-0.000000000,0.000000000,-0.694731781,-0.719268901,-0.000000000,0.000000000,-0.000000000,0.000000000,1.000000000,0.000000000,17.938789190,5.462053994,44.433256350,1.000000000
POINT0.MATRIX1=-0.719268901,0.694731781,-0.000000000,0.000000000,-0.694731781,-0.719268901,-0.000000000,0.000000000,-0.000000000,0.000000000,1.000000000,0.000000000,18.632134567,5.962712101,44.658628665,1.000000000
POINT0.MATRIX2=-0.719268901,0.694731781,-0.000000000,0.000000000,-0.694731781,-0.719268901,-0.000000000,0.000000000,-0.000000000,0.000000000,1.000000000,0.000000000,18.340888090,6.368932825,44.658628665,1.000000000
POINT0.MATRIX3=-0.719268901,0.694731781,-0.000000000,0.000000000,-0.694731781,-0.719268901,-0.000000000,0.000000000,-0.000000000,0.000000000,1.000000000,0.000000000,17.648548235,5.870018929,44.432249270,1.000000000
POINT1.BLHA=28.26762350,113.48697800,100.998,272.676960
POINT1.MATRIX0=-0.998908737,0.046704776,-0.000000000,0.000000000,-0.046704776,-0.998908737,-0.000000000,0.000000000,-0.000000000,-0.000000000,1.000000000,0.000000000,20.951584247,-8.755759374,28.027704420,1.000000000
POINT1.MATRIX1=-0.998908737,0.046704776,-0.000000000,0.000000000,-0.046704776,-0.998908737,-0.000000000,0.000000000,-0.000000000,-0.000000000,1.000000000,0.000000000,20.630171089,-8.594087043,28.374902906,1.000000000
POINT1.MATRIX2=-0.998908737,0.046704776,-0.000000000,0.000000000,-0.046704776,-0.998908737,-0.000000000,0.000000000,-0.000000000,-0.000000000,1.000000000,0.000000000,20.134585382,-9.313913844,28.249506177,1.000000000
POINT1.MATRIX3=-0.998908737,0.046704776,-0.000000000,0.000000000,-0.046704776,-0.998908737,-0.000000000,0.000000000,-0.000000000,-0.000000000,1.000000000,0.000000000,20.456486050,-9.475608969,27.902292433,1.000000000
