OBJECTMODELPOINTER=33777c94-e4b9-4947-906f-f84480f3cb99.dev
BASEFAMILY=bfbd5914-bf92-405f-aec1-69171984f1b6.fam
BLHA=28.26827851,113.48694026,97.359750,314.005848
TRANSFORMMATRIX=0.691784311,-0.722104194,0.000000397,0.000000000,0.722104194,0.691784311,0.000001366,0.000000000,-0.000001260,-0.000000658,1.000000000,0.000000000,-8.018332701,-4.171470993,31.271395774,1.000000000
ENTITYNAME=Wire_Device
