OBJECTMODELPOINTER=33777c94-e4b9-4947-906f-f84480f3cb99.dev
BASEFAMILY=bfc1a0d1-7bab-4d4f-b0ab-412830d2eb90.fam
BLHA=28.30399811,113.43961542,62.139238,477.400140
TRANSFORMMATRIX=0.170946068,0.985280387,0.000043889,0.000000000,-0.985280387,0.170946068,0.000001558,0.000000000,-0.000005968,-0.000043510,0.999999999,0.000000000,-37.461553043,-276.503613458,34.286633799,1.000000000
ENTITYNAME=Wire_Device
