ENTITYNAME=WIRE
BASEFAMILY=bfccded1-862b-47d0-a9ae-c4c895e2e1d4.fam
OBJECTMODELPOINTER=81b82497-164d-48c0-b1cb-18fa700dacdf.dev
KVALUE=0.000377
SPLIT=4
POINT0.BLHA=28.67734470,113.45869625,172.237,275.673275
POINT0.MATRIX0=-0.995101789,0.098855601,0.000000000,0.000000000,-0.098855601,-0.995101789,0.000000000,0.000000000,0.000000000,-0.000000000,1.000000000,0.000000000,0.180417517,0.119398607,40.762688316,1.000000000
POINT0.MATRIX1=-0.995101789,0.098855601,0.000000000,0.000000000,-0.098855601,-0.995101789,0.000000000,0.000000000,0.000000000,-0.000000000,1.000000000,0.000000000,0.217609806,0.119629322,41.211144128,1.000000000
POINT0.MATRIX2=-0.995101789,0.098855601,0.000000000,0.000000000,-0.098855601,-0.995101789,0.000000000,0.000000000,0.000000000,-0.000000000,1.000000000,0.000000000,-0.230716007,0.120005369,41.248413719,1.000000000
POINT0.MATRIX3=-0.995101789,0.098855601,0.000000000,0.000000000,-0.098855601,-0.995101789,0.000000000,0.000000000,0.000000000,-0.000000000,1.000000000,0.000000000,-0.268029767,0.119786722,40.799957909,1.000000000
POINT1.BLHA=28.67391263,113.45910068,183.694,275.673275
POINT1.MATRIX0=-0.995101789,0.098855601,0.000000000,0.000000000,-0.098855601,-0.995101789,0.000000000,0.000000000,-0.000000000,-0.000000000,1.000000000,0.000000000,0.182032021,-0.119987348,59.478136212,1.000000000
POINT1.MATRIX1=-0.995101789,0.098855601,0.000000000,0.000000000,-0.098855601,-0.995101789,0.000000000,0.000000000,-0.000000000,-0.000000000,1.000000000,0.000000000,0.215337193,-0.119370479,59.926904828,1.000000000
POINT1.MATRIX2=-0.995101789,0.098855601,0.000000000,0.000000000,-0.098855601,-0.995101789,0.000000000,0.000000000,-0.000000000,-0.000000000,1.000000000,0.000000000,-0.233449575,-0.119930009,59.960168989,1.000000000
POINT1.MATRIX3=-0.995101789,0.098855601,0.000000000,0.000000000,-0.098855601,-0.995101789,0.000000000,0.000000000,-0.000000000,-0.000000000,1.000000000,0.000000000,-0.266658208,-0.119575099,59.511400372,1.000000000
