OBJECTMODELPOINTER=33777c94-e4b9-4947-906f-f84480f3cb99.dev
BASEFAMILY=bfdb8933-6649-4e62-bfdb-c06b8b28e7fc.fam
BLHA=28.48305469,113.41645050,246.976349,229.813402
TRANSFORMMATRIX=-0.001682192,-0.999998585,0.000017873,0.000000000,0.999998585,-0.001682192,-0.000001731,0.000000000,0.000001761,0.000017870,1.000000000,0.000000000,11.506806423,113.751923001,33.836683844,1.000000000
ENTITYNAME=Wire_Device
