OBJECTMODELPOINTER=33777c94-e4b9-4947-906f-f84480f3cb99.dev
BASEFAMILY=bfdc7b1d-c905-4601-b886-70026fe9ef52.fam
BLHA=28.31925198,113.37995663,64.126344,500.343289
TRANSFORMMATRIX=-0.145808204,0.989312877,0.000000458,0.000000000,-0.989312877,-0.145808204,-0.000001757,0.000000000,-0.000001671,-0.000000709,1.000000000,0.000000000,-10.627505085,-4.488913839,42.526758682,1.000000000
ENTITYNAME=Wire_Device
