ENTITYNAME=WIRE
BASEFAMILY=bfe47686-22a3-4447-a9bd-30980dea90fe.fam
OBJECTMODELPOINTER=31970f28-780e-4bf1-8adb-439f78c329a3.dev
KVALUE=0.000245
SPLIT=1
POINT0.BLHA=28.62772353,113.46582002,199.213,273.436520
POINT0.MATRIX0=-0.998201823,0.059942640,-0.000000000,0.000000000,-0.059942640,-0.998201823,-0.000000000,0.000000000,-0.000000000,-0.000000000,1.000000000,0.000000000,-9.870416564,0.309715663,45.558000330,1.000000000
POINT1.BLHA=28.62257154,113.46619683,208.116,273.436520
POINT1.MATRIX0=-0.998201823,0.059942640,-0.000000000,0.000000000,-0.059942640,-0.998201823,0.000000000,0.000000000,0.000000000,-0.000000000,1.000000000,0.000000000,-10.610043419,-0.309234134,54.558001842,1.000000000
