OBJECTMODELPOINTER=33777c94-e4b9-4947-906f-f84480f3cb99.dev
BASEFAMILY=bffa56a9-d934-4da2-a6b5-0b01e803b44d.fam
BLHA=28.27757020,113.46637333,93.774105,312.669055
TRANSFORMMATRIX=-0.001253742,-0.999999213,0.000041498,0.000000000,0.999999214,-0.001253742,0.000001668,0.000000000,-0.000001616,0.000041500,0.999999999,0.000000000,-10.974784490,264.180925871,31.228483876,1.000000000
ENTITYNAME=Wire_Device
