OBJECTMODELPOINTER=33777c94-e4b9-4947-906f-f84480f3cb99.dev
BASEFAMILY=c02a529b-1c80-4723-86ab-93710ae050cb.fam
BLHA=28.61307891,113.46689101,233.448700,464.034761
TRANSFORMMATRIX=-0.196533389,0.980497132,0.000017952,0.000000000,-0.980497133,-0.196533389,0.000001168,0.000000000,0.000004672,-0.000017373,1.000000000,0.000000000,29.956585198,-110.392484765,10.845230317,1.000000000
ENTITYNAME=Wire_Device
