OBJECTMODELPOINTER=33777c94-e4b9-4947-906f-f84480f3cb99.dev
BASEFAMILY=c04cd625-b97e-45f3-b19a-4bc791a06f59.fam
BLHA=28.44311633,113.38759173,262.560023,242.026912
TRANSFORMMATRIX=-0.000011254,-0.999999999,0.000047232,0.000000000,1.000000000,-0.000011254,0.000002204,0.000000000,-0.000002202,0.000047233,0.999999999,0.000000000,-13.398776377,300.250380982,68.092590167,1.000000000
ENTITYNAME=Wire_Device
