ENTITYNAME=WIRE
BASEFAMILY=c04ee014-1405-4795-aef7-8cb16be342c1.fam
OBJECTMODELPOINTER=81b82497-164d-48c0-b1cb-18fa700dacdf.dev
KVALUE=0.000372
SPLIT=4
POINT0.BLHA=28.49972812,113.43660808,222.066,200.251669
POINT0.MATRIX0=-0.346144382,-0.938181255,0.000000000,0.000000000,0.938181255,-0.346144382,0.000000000,0.000000000,0.000000000,-0.000000000,1.000000000,0.000000000,13.546838345,0.716078468,58.741103406,1.000000000
POINT0.MATRIX1=-0.346144382,-0.938181255,0.000000000,0.000000000,0.938181255,-0.346144382,0.000000000,0.000000000,0.000000000,-0.000000000,1.000000000,0.000000000,13.546838345,0.716078468,59.191100354,1.000000000
POINT0.MATRIX2=-0.346144382,-0.938181255,0.000000000,0.000000000,0.938181255,-0.346144382,0.000000000,0.000000000,0.000000000,-0.000000000,1.000000000,0.000000000,13.096977125,0.724032730,59.191100355,1.000000000
POINT0.MATRIX3=-0.346144382,-0.938181255,0.000000000,0.000000000,0.938181255,-0.346144382,0.000000000,0.000000000,0.000000000,-0.000000000,1.000000000,0.000000000,13.096977125,0.724032730,58.741103406,1.000000000
POINT1.BLHA=28.49878841,113.43376617,260.860,392.604520
POINT1.MATRIX0=0.538837238,0.842409895,0.000000000,0.000000000,-0.842409895,0.538837238,-0.000000000,0.000000000,0.000000000,-0.000000000,1.000000000,0.000000000,-6.572298530,9.345968845,28.529126127,1.000000000
POINT1.MATRIX1=0.538837238,0.842409895,0.000000000,0.000000000,-0.842409895,0.538837238,-0.000000000,0.000000000,0.000000000,-0.000000000,1.000000000,0.000000000,-6.412110980,10.147358479,28.864565809,1.000000000
POINT1.MATRIX2=0.538837238,0.842409895,0.000000000,0.000000000,-0.842409895,0.538837238,-0.000000000,0.000000000,0.000000000,-0.000000000,1.000000000,0.000000000,-5.921956158,10.049167341,28.864535292,1.000000000
POINT1.MATRIX3=0.538837238,0.842409895,0.000000000,0.000000000,-0.842409895,0.538837238,-0.000000000,0.000000000,0.000000000,-0.000000000,1.000000000,0.000000000,-6.082653706,9.247886562,28.529156645,1.000000000
