ENTITYNAME=WIRE
BASEFAMILY=c0564a24-a248-4c46-b075-be38b138259d.fam
OBJECTMODELPOINTER=31970f28-780e-4bf1-8adb-439f78c329a3.dev
KVALUE=0.000240
SPLIT=1
POINT0.BLHA=28.52451102,113.49042735,376.991,210.734491
POINT0.MATRIX0=-0.511060437,-0.859544780,0.000000000,0.000000000,0.859544780,-0.511060437,0.000000000,0.000000000,0.000000000,0.000000000,1.000000000,0.000000000,10.616223387,0.634638529,54.558005082,1.000000000
POINT1.BLHA=28.52337409,113.48828309,330.017,210.734491
POINT1.MATRIX0=-0.511060437,-0.859544780,-0.000000000,0.000000000,0.859544780,-0.511060437,-0.000000000,0.000000000,-0.000000000,0.000000000,1.000000000,0.000000000,5.513580259,-1.554915360,44.115635641,1.000000000
