OBJECTMODELPOINTER=33777c94-e4b9-4947-906f-f84480f3cb99.dev
BASEFAMILY=c059313b-8c94-481e-a9ab-163acc619b62.fam
BLHA=28.38255325,113.36304670,117.224132,441.473487
TRANSFORMMATRIX=-0.204735546,0.978817325,0.000030961,0.000000000,-0.978817325,-0.204735546,-0.000001368,0.000000000,0.000005000,-0.000030585,0.999999999,0.000000000,31.759090004,-194.212663065,6.554613352,1.000000000
ENTITYNAME=Wire_Device
