OBJECTMODELPOINTER=33777c94-e4b9-4947-906f-f84480f3cb99.dev
BASEFAMILY=c05a3905-9a5e-493c-9286-1dca8301bcd9.fam
BLHA=28.53408910,113.50849608,458.182485,233.242345
TRANSFORMMATRIX=-0.390562184,-0.920576548,0.000021057,0.000000000,0.920576548,-0.390562184,-0.000000822,0.000000000,0.000008981,0.000019064,1.000000000,0.000000000,57.525584689,121.431080721,2.656511292,1.000000000
ENTITYNAME=Wire_Device
