ENTITYNAME=WIRE
BASEFAMILY=c0725524-5f7f-4f6a-a061-f4efb9970415.fam
OBJECTMODELPOINTER=31970f28-780e-4bf1-8adb-439f78c329a3.dev
KVALUE=0.000238
SPLIT=1
POINT0.BLHA=28.41408598,113.37463405,174.728,254.006183
POINT0.MATRIX0=-0.961291434,-0.275533624,0.000000000,0.000000000,0.275533624,-0.961291434,0.000000000,0.000000000,0.000000000,-0.000000000,1.000000000,0.000000000,11.319891590,0.310538968,66.558006966,1.000000000
POINT1.BLHA=28.41010958,113.37337020,176.662,254.006183
POINT1.MATRIX0=-0.961291434,-0.275533624,-0.000000000,0.000000000,0.275533624,-0.961291434,-0.000000000,0.000000000,0.000000000,-0.000000000,1.000000000,0.000000000,11.317464388,-0.309604212,63.558001457,1.000000000
