OBJECTMODELPOINTER=33777c94-e4b9-4947-906f-f84480f3cb99.dev
BASEFAMILY=c074a5e9-8ac2-4efa-a787-5aff9202af2c.fam
BLHA=28.51511181,113.47270360,348.782405,210.734491
TRANSFORMMATRIX=-0.001237135,-0.999999233,0.000061317,0.000000000,0.999999235,-0.001237134,0.000002506,0.000000000,-0.000002431,0.000061321,0.999999998,0.000000000,-14.565023127,390.869169813,49.130161846,1.000000000
ENTITYNAME=Wire_Device
