ENTITYNAME=WIRE
BASEFAMILY=c077130d-8017-4ed5-8e8b-9f53b5f32719.fam
OBJECTMODELPOINTER=81b82497-164d-48c0-b1cb-18fa700dacdf.dev
KVALUE=0.000000
SPLIT=4
POINT0.BLHA=28.27757020,113.46637333,93.774,312.669055
POINT0.MATRIX0=-0.735280751,0.677762655,0.000000000,0.000000000,-0.677762655,-0.735280751,0.000000000,0.000000000,-0.000000000,-0.000000000,1.000000000,0.000000000,-8.003339028,-0.129854553,52.466967585,1.000000000
POINT0.MATRIX1=-0.735280751,0.677762655,0.000000000,0.000000000,-0.677762655,-0.735280751,0.000000000,0.000000000,-0.000000000,-0.000000000,1.000000000,0.000000000,-7.820672369,-0.130885131,52.932070734,1.000000000
POINT0.MATRIX2=-0.735280751,0.677762655,0.000000000,0.000000000,-0.677762655,-0.735280751,0.000000000,0.000000000,-0.000000000,-0.000000000,1.000000000,0.000000000,-8.285293129,-0.130273835,53.115603449,1.000000000
POINT0.MATRIX3=-0.735280751,0.677762655,0.000000000,0.000000000,-0.677762655,-0.735280751,0.000000000,0.000000000,-0.000000000,-0.000000000,1.000000000,0.000000000,-8.469283543,-0.130679352,52.650500299,1.000000000
POINT1.BLHA=28.27757020,113.46637333,93.774,312.669055
POINT1.MATRIX0=-0.735280751,0.677762655,0.000000000,0.000000000,-0.677762655,-0.735280751,0.000000000,0.000000000,-0.000000000,-0.000000000,1.000000000,0.000000000,-8.003339116,0.000138125,52.466967584,1.000000000
POINT1.MATRIX1=-0.735280751,0.677762655,0.000000000,0.000000000,-0.677762655,-0.735280751,0.000000000,0.000000000,-0.000000000,-0.000000000,1.000000000,0.000000000,-7.820672458,-0.000892453,52.932070734,1.000000000
POINT1.MATRIX2=-0.735280751,0.677762655,0.000000000,0.000000000,-0.677762655,-0.735280751,0.000000000,0.000000000,-0.000000000,-0.000000000,1.000000000,0.000000000,-8.285293217,-0.000281156,53.115603449,1.000000000
POINT1.MATRIX3=-0.735280751,0.677762655,0.000000000,0.000000000,-0.677762655,-0.735280751,0.000000000,0.000000000,-0.000000000,-0.000000000,1.000000000,0.000000000,-8.469283631,-0.000686673,52.650500299,1.000000000
