OBJECTMODELPOINTER=33777c94-e4b9-4947-906f-f84480f3cb99.dev
BASEFAMILY=c084750e-df3e-4e9e-9304-9d8e283f5548.fam
BLHA=28.30399811,113.43961542,62.139238,477.400140
TRANSFORMMATRIX=0.164767135,0.986332495,0.000020520,0.000000000,-0.986332495,0.164767135,-0.000001078,0.000000000,-0.000004444,-0.000020061,1.000000000,0.000000000,-28.061949064,-127.469261545,51.607285835,1.000000000
ENTITYNAME=Wire_Device
