OBJECTMODELPOINTER=33777c94-e4b9-4947-906f-f84480f3cb99.dev
BASEFAMILY=c08cd943-0f0a-4b9c-a150-4344e83b503c.fam
BLHA=28.60573334,113.47075261,228.044876,294.633001
TRANSFORMMATRIX=-0.001831745,-0.999998322,0.000016213,0.000000000,0.999998322,-0.001831745,0.000002036,0.000000000,-0.000002006,0.000016216,1.000000000,0.000000000,-12.997058930,103.097867311,22.750438711,1.000000000
ENTITYNAME=Wire_Device
