OBJECTMODELPOINTER=33777c94-e4b9-4947-906f-f84480f3cb99.dev
BASEFAMILY=c097df1b-8a4d-4d00-ab96-5a2929a7ec53.fam
BLHA=28.81479133,113.52057006,101.431429,372.952022
TRANSFORMMATRIX=0.562684239,0.826671910,0.000000344,0.000000000,-0.826671910,0.562684239,0.000001331,0.000000000,0.000000907,-0.000001033,1.000000000,0.000000000,5.750972366,-6.585792714,36.724740466,1.000000000
ENTITYNAME=Wire_Device
