OBJECTMODELPOINTER=33777c94-e4b9-4947-906f-f84480f3cb99.dev
BASEFAMILY=c0a02461-f8f5-484e-a77c-c776074399ca.fam
BLHA=28.26907527,113.47529619,67.190721,514.001895
TRANSFORMMATRIX=0.394771530,0.918779320,0.000000083,0.000000000,-0.918779320,0.394771530,-0.000001953,0.000000000,-0.000001828,0.000000694,1.000000000,0.000000000,-11.623799112,4.452085440,42.491912924,1.000000000
ENTITYNAME=Wire_Device
