ENTITYNAME=WIRE
BASEFAMILY=c0abe6bf-ae6e-4f1c-81e9-9cb45af0f348.fam
OBJECTMODELPOINTER=81b82497-164d-48c0-b1cb-18fa700dacdf.dev
KVALUE=0.000000
SPLIT=4
POINT0.BLHA=28.58307238,113.48148471,281.709,287.849619
POINT0.MATRIX0=-0.951864299,0.306519749,-0.000000000,0.000000000,-0.306519749,-0.951864299,-0.000000000,0.000000000,0.000000000,0.000000000,1.000000000,0.000000000,13.545264535,-0.719471369,52.741100621,1.000000000
POINT0.MATRIX1=-0.951864299,0.306519749,-0.000000000,0.000000000,-0.306519749,-0.951864299,-0.000000000,0.000000000,0.000000000,0.000000000,1.000000000,0.000000000,13.545264535,-0.719471369,53.191101384,1.000000000
POINT0.MATRIX2=-0.951864299,0.306519749,-0.000000000,0.000000000,-0.306519749,-0.951864299,-0.000000000,0.000000000,0.000000000,0.000000000,1.000000000,0.000000000,13.095149009,-0.720209475,53.191101384,1.000000000
POINT0.MATRIX3=-0.951864299,0.306519749,-0.000000000,0.000000000,-0.306519749,-0.951864299,-0.000000000,0.000000000,0.000000000,0.000000000,1.000000000,0.000000000,13.095149009,-0.720209475,52.741100621,1.000000000
POINT1.BLHA=28.58307238,113.48148471,281.709,287.849619
POINT1.MATRIX0=-0.951864299,0.306519749,-0.000000000,0.000000000,-0.306519749,-0.951864299,-0.000000000,0.000000000,0.000000000,0.000000000,1.000000000,0.000000000,13.544998926,-0.599478261,52.741100620,1.000000000
POINT1.MATRIX1=-0.951864299,0.306519749,-0.000000000,0.000000000,-0.306519749,-0.951864299,-0.000000000,0.000000000,0.000000000,0.000000000,1.000000000,0.000000000,13.544998926,-0.599478261,53.191101383,1.000000000
POINT1.MATRIX2=-0.951864299,0.306519749,-0.000000000,0.000000000,-0.306519749,-0.951864299,-0.000000000,0.000000000,0.000000000,0.000000000,1.000000000,0.000000000,13.094883400,-0.600216366,53.191101384,1.000000000
POINT1.MATRIX3=-0.951864299,0.306519749,-0.000000000,0.000000000,-0.306519749,-0.951864299,-0.000000000,0.000000000,0.000000000,0.000000000,1.000000000,0.000000000,13.094883400,-0.600216366,52.741100621,1.000000000
