OBJECTMODELPOINTER=33777c94-e4b9-4947-906f-f84480f3cb99.dev
BASEFAMILY=c0b2fda4-5c44-4dc1-994f-48cc81d26cbc.fam
BLHA=28.40635362,113.37217651,164.659139,254.006183
TRANSFORMMATRIX=0.010502504,-0.999944846,0.000048803,0.000000000,0.999944847,0.010502504,0.000001840,0.000000000,-0.000002352,0.000048781,0.999999999,0.000000000,-14.584864227,309.861672886,15.056277016,1.000000000
ENTITYNAME=Wire_Device
