OBJECTMODELPOINTER=33777c94-e4b9-4947-906f-f84480f3cb99.dev
BASEFAMILY=c0bfce00-176b-4309-a79e-896b7e1a9ca8.fam
BLHA=28.26885822,113.47846971,85.176990,355.334735
TRANSFORMMATRIX=0.000035292,-0.999999997,0.000062263,0.000000000,0.999999999,0.000035292,0.000001377,0.000000000,-0.000001379,0.000062264,0.999999998,0.000000000,-8.922441103,397.422343236,56.205436417,1.000000000
ENTITYNAME=Wire_Device
