OBJECTMODELPOINTER=33777c94-e4b9-4947-906f-f84480f3cb99.dev
BASEFAMILY=c0cdc800-ad63-4be6-ad9e-7de153892442.fam
BLHA=28.65774704,113.46158959,182.997853,277.610658
TRANSFORMMATRIX=0.000001265,-1.000000000,0.000026382,0.000000000,1.000000000,0.000001265,-0.000001759,0.000000000,0.000001759,0.000026382,1.000000000,0.000000000,11.115156325,167.539122862,8.243615546,1.000000000
ENTITYNAME=Wire_Device
