OBJECTMODELPOINTER=33777c94-e4b9-4947-906f-f84480f3cb99.dev
BASEFAMILY=c0d04221-0579-4aa3-9b84-c10aab4da6ec.fam
BLHA=28.62772353,113.46582002,199.212660,273.436520
TRANSFORMMATRIX=-0.001503254,-0.999998870,0.000028851,0.000000000,0.999998870,-0.001503254,-0.000001740,0.000000000,0.000001783,0.000028848,1.000000000,0.000000000,11.327099243,183.195700040,13.694097257,1.000000000
ENTITYNAME=Wire_Device
