OBJECTMODELPOINTER=33777c94-e4b9-4947-906f-f84480f3cb99.dev
BASEFAMILY=c0e42838-b118-4847-8f33-d35c510b834c.fam
BLHA=28.31523299,113.41422428,48.000024,0.896163
TRANSFORMMATRIX=0.000018235,-0.999999999,0.000037388,0.000000000,1.000000000,0.000018236,0.000001244,0.000000000,-0.000001245,0.000037387,0.999999999,0.000000000,-7.884310257,238.645701760,47.557546467,1.000000000
ENTITYNAME=Wire_Device
