OBJECTMODELPOINTER=33777c94-e4b9-4947-906f-f84480f3cb99.dev
BASEFAMILY=c0e7ff27-545a-44a1-9466-3dcd54c77d52.fam
BLHA=28.64674167,113.46331381,165.940967,277.610658
TRANSFORMMATRIX=0.000003127,-0.999999998,0.000062529,0.000000000,1.000000000,0.000003127,-0.000001623,0.000000000,0.000001623,0.000062528,0.999999998,0.000000000,10.087111360,397.102387035,12.572659035,1.000000000
ENTITYNAME=Wire_Device
