OBJECTMODELPOINTER=33777c94-e4b9-4947-906f-f84480f3cb99.dev
BASEFAMILY=c0fd2f0e-b15e-4419-b864-5320fcc3a26c.fam
BLHA=28.45855791,113.39675815,237.532667,242.026912
TRANSFORMMATRIX=-0.004364856,-0.999990474,0.000026278,0.000000000,0.999990474,-0.004364856,0.000002278,0.000000000,-0.000002164,0.000026288,1.000000000,0.000000000,-13.433483157,167.094743934,47.424384656,1.000000000
ENTITYNAME=Wire_Device
