OBJECTMODELPOINTER=33777c94-e4b9-4947-906f-f84480f3cb99.dev
BASEFAMILY=c0fd8d3e-4c46-46fe-9532-09d188bf1944.fam
BLHA=28.74846038,113.45710577,102.803547,427.264866
TRANSFORMMATRIX=-0.200718330,0.979648991,0.000074326,0.000000000,-0.979648994,-0.200718331,0.000001532,0.000000000,0.000016419,-0.000072505,0.999999997,0.000000000,103.874922927,-460.595666203,-1.797071576,1.000000000
ENTITYNAME=Wire_Device
