OBJECTMODELPOINTER=33777c94-e4b9-4947-906f-f84480f3cb99.dev
BASEFAMILY=c1153243-c77b-4791-95a7-10a97ed3f220.fam
BLHA=28.63338498,113.46540590,167.944131,275.523589
TRANSFORMMATRIX=-0.032756764,-0.999463352,0.000051988,0.000000000,0.999463353,-0.032756764,0.000000004,0.000000000,0.000001698,0.000051960,0.999999999,0.000000000,10.677886180,329.973256492,41.289873490,1.000000000
ENTITYNAME=Wire_Device
