OBJECTMODELPOINTER=33777c94-e4b9-4947-906f-f84480f3cb99.dev
BASEFAMILY=c121a7e9-2402-4f56-9f80-b3c162a1a645.fam
BLHA=28.36075913,113.35996262,84.531423,278.143009
TRANSFORMMATRIX=0.000007340,-0.999999998,0.000060787,0.000000000,1.000000000,0.000007340,0.000000280,0.000000000,-0.000000280,0.000060787,0.999999998,0.000000000,-2.074026594,386.036243324,24.507709529,1.000000000
ENTITYNAME=Wire_Device
