OBJECTMODELPOINTER=33777c94-e4b9-4947-906f-f84480f3cb99.dev
BASEFAMILY=c1282356-2fbf-4b4d-ba56-a4bf79c52aee.fam
BLHA=28.31402241,113.42375188,48.067305,335.449580
TRANSFORMMATRIX=-0.002287956,-0.999997382,0.000029246,0.000000000,0.999997383,-0.002287955,0.000001363,0.000000000,-0.000001296,0.000029249,1.000000000,0.000000000,-8.604122079,186.549190063,36.953502512,1.000000000
ENTITYNAME=Wire_Device
