OBJECTMODELPOINTER=33777c94-e4b9-4947-906f-f84480f3cb99.dev
BASEFAMILY=c13cabbc-0c6d-4168-a5c1-23af2bd0c4cd.fam
BLHA=28.31498130,113.40038482,72.539572,2.946268
TRANSFORMMATRIX=-0.041844384,-0.999124140,0.000034811,0.000000000,0.999124140,-0.041844384,0.000001599,0.000000000,-0.000000141,0.000034848,0.999999999,0.000000000,-0.832316121,222.429265320,32.821514804,1.000000000
ENTITYNAME=Wire_Device
