OBJECTMODELPOINTER=33777c94-e4b9-4947-906f-f84480f3cb99.dev
BASEFAMILY=c13ea626-a3e9-4258-8657-dd0717c60179.fam
BLHA=28.51918695,113.48038702,399.659330,210.734491
TRANSFORMMATRIX=-0.000017852,-0.999999999,0.000039417,0.000000000,1.000000000,-0.000017852,0.000002128,0.000000000,-0.000002128,0.000039417,0.999999999,0.000000000,-12.958396956,251.243665600,-5.906625097,1.000000000
ENTITYNAME=Wire_Device
