OBJECTMODELPOINTER=33777c94-e4b9-4947-906f-f84480f3cb99.dev
BASEFAMILY=c1415e1a-c994-4d69-a838-a445b1313008.fam
BLHA=28.67734470,113.45869625,172.236825,275.673275
TRANSFORMMATRIX=0.003802508,-0.999992769,0.000054190,0.000000000,0.999992770,0.003802508,0.000002075,0.000000000,-0.000002280,0.000054181,0.999999998,0.000000000,-14.734153028,344.097473536,62.489013352,1.000000000
ENTITYNAME=Wire_Device
