OBJECTMODELPOINTER=33777c94-e4b9-4947-906f-f84480f3cb99.dev
BASEFAMILY=c14247fd-ae87-4789-9c89-6811a45ab8a8.fam
BLHA=28.81363020,113.51792493,127.559863,396.804576
TRANSFORMMATRIX=-0.192609364,0.981275511,0.000069181,0.000000000,-0.981275513,-0.192609364,0.000001587,0.000000000,0.000014881,-0.000067580,0.999999998,0.000000000,93.618048604,-430.348819393,53.458388766,1.000000000
ENTITYNAME=Wire_Device
