OBJECTMODELPOINTER=33777c94-e4b9-4947-906f-f84480f3cb99.dev
BASEFAMILY=c145e42f-e2fa-46d5-937d-8f7dbeb9cf68.fam
BLHA=28.49379582,113.42815973,297.068153,224.957371
TRANSFORMMATRIX=-0.002741220,-0.999996241,0.000057051,0.000000000,0.999996243,-0.002741220,0.000002514,0.000000000,-0.000002357,0.000057058,0.999999998,0.000000000,-14.063553140,363.235595645,-6.587271547,1.000000000
ENTITYNAME=Wire_Device
