OBJECTMODELPOINTER=33777c94-e4b9-4947-906f-f84480f3cb99.dev
BASEFAMILY=c1608ba3-d0c7-42ac-ad17-695e0b4bcfca.fam
BLHA=28.68698006,113.45743042,187.111712,277.425083
TRANSFORMMATRIX=-0.003300553,-0.999994552,0.000048351,0.000000000,0.999994553,-0.003300553,0.000000187,0.000000000,-0.000000028,0.000048350,0.999999999,0.000000000,-0.381802960,307.070560926,24.118860051,1.000000000
ENTITYNAME=Wire_Device
