OBJECTMODELPOINTER=33777c94-e4b9-4947-906f-f84480f3cb99.dev
BASEFAMILY=c185091d-8d19-4300-a16f-296cb80edfe8.fam
BLHA=28.72353047,113.45260943,123.369332,283.291091
TRANSFORMMATRIX=0.000001239,-1.000000000,0.000028585,0.000000000,1.000000000,0.000001239,-0.000001762,0.000000000,0.000001762,0.000028586,1.000000000,0.000000000,11.035894672,181.562802804,40.397945197,1.000000000
ENTITYNAME=Wire_Device
