OBJECTMODELPOINTER=33777c94-e4b9-4947-906f-f84480f3cb99.dev
BASEFAMILY=c1869c1e-b37c-4685-ada9-a06bc576525d.fam
BLHA=28.30961923,113.43478171,54.752520,501.227736
TRANSFORMMATRIX=0.281041564,0.959695597,0.000000310,0.000000000,-0.959695597,0.281041564,0.000001404,0.000000000,0.000001259,-0.000000692,1.000000000,0.000000000,8.028286510,-4.429159804,31.526675700,1.000000000
ENTITYNAME=Wire_Device
