OBJECTMODELPOINTER=33777c94-e4b9-4947-906f-f84480f3cb99.dev
BASEFAMILY=c187fcb9-6178-40f1-b217-07e6db3e54bf.fam
BLHA=28.60915768,113.46895250,187.940881,294.633001
TRANSFORMMATRIX=-0.001397103,-0.999999023,0.000050001,0.000000000,0.999999024,-0.001397103,0.000002211,0.000000000,-0.000002141,0.000050004,0.999999999,0.000000000,-14.282043852,317.853599186,65.479625305,1.000000000
ENTITYNAME=Wire_Device
