OBJECTMODELPOINTER=33777c94-e4b9-4947-906f-f84480f3cb99.dev
BASEFAMILY=c18de68c-5a2a-44af-ac75-07af2abd48fd.fam
BLHA=28.46688419,113.40170203,216.340862,242.026912
TRANSFORMMATRIX=-0.001874709,-0.999998243,0.000006249,0.000000000,0.999998243,-0.001874709,0.000002233,0.000000000,-0.000002221,0.000006253,1.000000000,0.000000000,-14.074930910,39.722622220,40.261821242,1.000000000
ENTITYNAME=Wire_Device
