OBJECTMODELPOINTER=33777c94-e4b9-4947-906f-f84480f3cb99.dev
BASEFAMILY=c1add3f3-e762-499b-9929-72c9ebaae10d.fam
BLHA=28.52807252,113.49714509,416.575795,210.734491
TRANSFORMMATRIX=-0.003519110,-0.999993808,0.000015577,0.000000000,0.999993808,-0.003519110,-0.000001766,0.000000000,0.000001820,0.000015570,1.000000000,0.000000000,11.802389284,99.284195703,17.443033447,1.000000000
ENTITYNAME=Wire_Device
