OBJECTMODELPOINTER=33777c94-e4b9-4947-906f-f84480f3cb99.dev
BASEFAMILY=c1c99ad6-9b92-48aa-825a-fb294a7261b5.fam
BLHA=28.55813742,113.50479443,276.608256,304.990571
TRANSFORMMATRIX=0.000001926,-1.000000000,0.000006252,0.000000000,1.000000000,0.000001926,0.000000010,0.000000000,-0.000000010,0.000006252,1.000000000,0.000000000,-0.164407635,39.770696069,51.996760488,1.000000000
ENTITYNAME=Wire_Device
