OBJECTMODELPOINTER=33777c94-e4b9-4947-906f-f84480f3cb99.dev
BASEFAMILY=c1cf26ef-69f1-46bd-a0ea-4b378303fb64.fam
BLHA=28.31135450,113.43043530,49.303319,335.449580
TRANSFORMMATRIX=-0.004739539,-0.999988768,0.000005742,0.000000000,0.999988768,-0.004739539,-0.000001118,0.000000000,0.000001145,0.000005737,1.000000000,0.000000000,7.209870601,36.569496773,34.474580351,1.000000000
ENTITYNAME=Wire_Device
