OBJECTMODELPOINTER=33777c94-e4b9-4947-906f-f84480f3cb99.dev
BASEFAMILY=c1d0f568-908e-4fd8-9a9d-e55ddbff36c8.fam
BLHA=28.67276970,113.45923535,192.994115,456.641966
TRANSFORMMATRIX=-0.014099928,0.999900590,0.000039063,0.000000000,-0.999900591,-0.014099928,0.000000364,0.000000000,0.000000915,-0.000039054,0.999999999,0.000000000,5.985692281,-248.028291699,1.828679789,1.000000000
ENTITYNAME=Wire_Device
