OBJECTMODELPOINTER=33777c94-e4b9-4947-906f-f84480f3cb99.dev
BASEFAMILY=c1ffa4b5-ea32-40c4-b57a-17bf84a3fe7f.fam
BLHA=28.77096466,113.47401910,153.559218,236.227775
TRANSFORMMATRIX=0.001716803,-0.999998526,0.000037768,0.000000000,0.999998526,0.001716804,0.000002254,0.000000000,-0.000002320,0.000037763,0.999999999,0.000000000,-14.206108661,240.161074262,5.592601410,1.000000000
ENTITYNAME=Wire_Device
