ENTITYNAME=WIRE
BASEFAMILY=c22cac2d-147f-4839-b125-2bef01255359.fam
OBJECTMODELPOINTER=81b82497-164d-48c0-b1cb-18fa700dacdf.dev
KVALUE=0.000000
SPLIT=4
POINT0.BLHA=28.32292443,113.37625760,67.776,311.415680
POINT0.MATRIX0=-0.749930065,0.661517118,0.000000000,0.000000000,-0.661517118,-0.749930065,0.000000000,0.000000000,-0.000000000,0.000000000,1.000000000,0.000000000,-9.157176306,-0.000089094,53.604046759,1.000000000
POINT0.MATRIX1=-0.749930065,0.661517118,0.000000000,0.000000000,-0.661517118,-0.749930065,0.000000000,0.000000000,-0.000000000,0.000000000,1.000000000,0.000000000,-9.127411917,-0.000300317,54.053082404,1.000000000
POINT0.MATRIX2=-0.749930065,0.661517118,0.000000000,0.000000000,-0.661517118,-0.749930065,0.000000000,0.000000000,-0.000000000,0.000000000,1.000000000,0.000000000,-9.576461796,-0.000061385,54.082577643,1.000000000
POINT0.MATRIX3=-0.749930065,0.661517118,0.000000000,0.000000000,-0.661517118,-0.749930065,0.000000000,0.000000000,-0.000000000,0.000000000,1.000000000,0.000000000,-9.605860009,-0.000173169,53.633541998,1.000000000
POINT1.BLHA=28.32292443,113.37625760,67.776,311.415680
POINT1.MATRIX0=-0.749930065,0.661517118,0.000000000,0.000000000,-0.661517118,-0.749930065,0.000000000,0.000000000,-0.000000000,0.000000000,1.000000000,0.000000000,-9.157168802,0.119910594,53.604046759,1.000000000
POINT1.MATRIX1=-0.749930065,0.661517118,0.000000000,0.000000000,-0.661517118,-0.749930065,0.000000000,0.000000000,-0.000000000,0.000000000,1.000000000,0.000000000,-9.127404414,0.119699371,54.053082404,1.000000000
POINT1.MATRIX2=-0.749930065,0.661517118,0.000000000,0.000000000,-0.661517118,-0.749930065,0.000000000,0.000000000,-0.000000000,0.000000000,1.000000000,0.000000000,-9.576454292,0.119938303,54.082577644,1.000000000
POINT1.MATRIX3=-0.749930065,0.661517118,0.000000000,0.000000000,-0.661517118,-0.749930065,0.000000000,0.000000000,-0.000000000,0.000000000,1.000000000,0.000000000,-9.605852505,0.119826520,53.633541999,1.000000000
