OBJECTMODELPOINTER=33777c94-e4b9-4947-906f-f84480f3cb99.dev
BASEFAMILY=c23adabe-a578-425f-b0e2-ae8a91d84d8c.fam
BLHA=28.26907527,113.47529619,67.190721,514.001895
TRANSFORMMATRIX=-0.371977718,0.928241659,0.000016185,0.000000000,-0.928241659,-0.371977718,-0.000001921,0.000000000,0.000004237,-0.000015739,1.000000000,0.000000000,27.139130133,-100.413469934,50.617001272,1.000000000
ENTITYNAME=Wire_Device
