OBJECTMODELPOINTER=33777c94-e4b9-4947-906f-f84480f3cb99.dev
BASEFAMILY=c244960d-23e1-459e-bc62-a26a09455c32.fam
BLHA=28.63338498,113.46540590,167.944131,275.523589
TRANSFORMMATRIX=-0.032758418,-0.999463299,0.000007232,0.000000000,0.999463299,-0.032758418,-0.000000180,0.000000000,0.000000417,0.000007222,1.000000000,0.000000000,2.637371379,45.865896658,32.919757481,1.000000000
ENTITYNAME=Wire_Device
