ENTITYNAME=WIRE
BASEFAMILY=c2469fe8-b9ee-4380-bb0a-16136753f205.fam
OBJECTMODELPOINTER=81b82497-164d-48c0-b1cb-18fa700dacdf.dev
KVALUE=0.094461
SPLIT=4
POINT0.BLHA=28.74846038,113.45710577,102.804,427.264866
POINT0.MATRIX0=0.922301280,0.386471667,0.000000000,0.000000000,-0.386471667,0.922301280,0.000000000,0.000000000,0.000000000,-0.000000000,1.000000000,0.000000000,9.177342485,8.864764069,29.336829497,1.000000000
POINT0.MATRIX1=0.922301280,0.386471667,0.000000000,0.000000000,-0.386471667,0.922301280,0.000000000,0.000000000,0.000000000,-0.000000000,1.000000000,0.000000000,9.368257150,9.598519374,29.828325106,1.000000000
POINT0.MATRIX2=0.922301280,0.386471667,0.000000000,0.000000000,-0.386471667,0.922301280,0.000000000,0.000000000,0.000000000,-0.000000000,1.000000000,0.000000000,9.856928726,9.498343560,29.828172518,1.000000000
POINT0.MATRIX3=0.922301280,0.386471667,0.000000000,0.000000000,-0.386471667,0.922301280,0.000000000,0.000000000,0.000000000,-0.000000000,1.000000000,0.000000000,9.666431130,8.762645355,29.336768462,1.000000000
POINT1.BLHA=28.74846038,113.45710577,102.804,427.264866
POINT1.MATRIX0=0.922301280,0.386471667,0.000000000,0.000000000,-0.386471667,0.922301280,0.000000000,0.000000000,0.000000000,-0.000000000,1.000000000,0.000000000,7.585619929,-0.000567070,25.790012000,1.000000000
POINT1.MATRIX1=0.922301280,0.386471667,0.000000000,0.000000000,-0.386471667,0.922301280,0.000000000,0.000000000,0.000000000,-0.000000000,1.000000000,0.000000000,7.585619928,-0.000567070,26.240012003,1.000000000
POINT1.MATRIX2=0.922301280,0.386471667,0.000000000,0.000000000,-0.386471667,0.922301280,0.000000000,0.000000000,0.000000000,-0.000000000,1.000000000,0.000000000,8.035619951,-0.000567359,26.240012004,1.000000000
POINT1.MATRIX3=0.922301280,0.386471667,0.000000000,0.000000000,-0.386471667,0.922301280,0.000000000,0.000000000,0.000000000,-0.000000000,1.000000000,0.000000000,8.035619952,-0.000567359,25.790012001,1.000000000
