OBJECTMODELPOINTER=33777c94-e4b9-4947-906f-f84480f3cb99.dev
BASEFAMILY=c2569b54-166e-43ab-ab2c-b255bce38cca.fam
BLHA=28.68327588,113.45799727,190.105481,276.549179
TRANSFORMMATRIX=-0.010590198,-0.999943922,0.000007046,0.000000000,0.999943922,-0.010590198,-0.000000187,0.000000000,0.000000262,0.000007044,1.000000000,0.000000000,1.641647931,44.729333356,30.240677250,1.000000000
ENTITYNAME=Wire_Device
