ENTITYNAME=WIRE
BASEFAMILY=c2699885-e17d-420a-9975-cbd7f98737c2.fam
OBJECTMODELPOINTER=81b82497-164d-48c0-b1cb-18fa700dacdf.dev
KVALUE=0.000000
SPLIT=4
POINT0.BLHA=28.57953661,113.48279374,260.581,480.423303
POINT0.MATRIX0=0.862307788,-0.506384517,0.000000000,0.000000000,0.506384517,0.862307788,0.000000000,0.000000000,-0.000000000,-0.000000000,1.000000000,0.000000000,-10.225314353,0.001030771,25.789998990,1.000000000
POINT0.MATRIX1=0.862307788,-0.506384517,0.000000000,0.000000000,0.506384517,0.862307788,0.000000000,0.000000000,-0.000000000,-0.000000000,1.000000000,0.000000000,-10.225314353,0.001030771,26.239998994,1.000000000
POINT0.MATRIX2=0.862307788,-0.506384517,0.000000000,0.000000000,0.506384517,0.862307788,0.000000000,0.000000000,-0.000000000,-0.000000000,1.000000000,0.000000000,-9.775314488,0.001030637,26.239998994,1.000000000
POINT0.MATRIX3=0.862307788,-0.506384517,0.000000000,0.000000000,0.506384517,0.862307788,0.000000000,0.000000000,-0.000000000,-0.000000000,1.000000000,0.000000000,-9.775314487,0.001030637,25.789998990,1.000000000
POINT1.BLHA=28.57953661,113.48279374,260.581,480.423303
POINT1.MATRIX0=0.862307788,-0.506384517,0.000000000,0.000000000,0.506384517,0.862307788,0.000000000,0.000000000,-0.000000000,-0.000000000,1.000000000,0.000000000,-10.225314403,-0.000969321,25.789998990,1.000000000
POINT1.MATRIX1=0.862307788,-0.506384517,0.000000000,0.000000000,0.506384517,0.862307788,0.000000000,0.000000000,-0.000000000,-0.000000000,1.000000000,0.000000000,-10.225314403,-0.000969321,26.239998994,1.000000000
POINT1.MATRIX2=0.862307788,-0.506384517,0.000000000,0.000000000,0.506384517,0.862307788,0.000000000,0.000000000,-0.000000000,-0.000000000,1.000000000,0.000000000,-9.775314270,-0.000969059,26.239998994,1.000000000
POINT1.MATRIX3=0.862307788,-0.506384517,0.000000000,0.000000000,0.506384517,0.862307788,0.000000000,0.000000000,-0.000000000,-0.000000000,1.000000000,0.000000000,-9.775314270,-0.000969059,25.789998991,1.000000000
