OBJECTMODELPOINTER=33777c94-e4b9-4947-906f-f84480f3cb99.dev
BASEFAMILY=c271c3b0-3d90-4e2a-8cc5-07c4533215d8.fam
BLHA=28.31925198,113.37995663,64.126344,500.343289
TRANSFORMMATRIX=-0.158851125,0.987302547,0.000026453,0.000000000,-0.987302547,-0.158851125,-0.000001351,0.000000000,0.000002868,-0.000026332,1.000000000,0.000000000,18.677719891,-167.770108560,33.250407707,1.000000000
ENTITYNAME=Wire_Device
