OBJECTMODELPOINTER=33777c94-e4b9-4947-906f-f84480f3cb99.dev
BASEFAMILY=c272ada0-c135-4e40-a621-4da31d27e5b8.fam
BLHA=28.53971514,113.51008635,497.099735,255.750198
TRANSFORMMATRIX=-0.007010863,-0.999975420,0.000084107,0.000000000,0.999975424,-0.007010863,0.000002444,0.000000000,-0.000001855,0.000084121,0.999999996,0.000000000,-11.173350247,534.368706740,-22.433583643,1.000000000
ENTITYNAME=Wire_Device
