OBJECTMODELPOINTER=33777c94-e4b9-4947-906f-f84480f3cb99.dev
BASEFAMILY=c27261f2-19ef-4ecc-8981-3056f5412032.fam
BLHA=28.52041531,113.48270330,362.655379,210.734491
TRANSFORMMATRIX=-0.000009642,-1.000000000,0.000026544,0.000000000,1.000000000,-0.000009642,0.000002042,0.000000000,-0.000002042,0.000026545,1.000000000,0.000000000,-12.599702511,169.182953538,56.011718276,1.000000000
ENTITYNAME=Wire_Device
