OBJECTMODELPOINTER=33777c94-e4b9-4947-906f-f84480f3cb99.dev
BASEFAMILY=c291ecf6-ba81-4f83-ad42-4b093a83ff66.fam
BLHA=28.32292443,113.37625760,67.775568,311.415680
TRANSFORMMATRIX=-0.001736145,-0.999998492,0.000037129,0.000000000,0.999998493,-0.001736145,-0.000000936,0.000000000,0.000001001,0.000037128,0.999999999,0.000000000,5.763091174,236.278125239,34.768834817,1.000000000
ENTITYNAME=Wire_Device
