OBJECTMODELPOINTER=33777c94-e4b9-4947-906f-f84480f3cb99.dev
BASEFAMILY=c292fa0f-0623-4c20-89a9-eead176d4597.fam
BLHA=28.52807252,113.49714509,416.575795,210.734491
TRANSFORMMATRIX=-0.003514275,-0.999993825,0.000005211,0.000000000,0.999993825,-0.003514275,-0.000001833,0.000000000,0.000001851,0.000005204,1.000000000,0.000000000,11.847356812,33.201390502,29.808938981,1.000000000
ENTITYNAME=Wire_Device
