OBJECTMODELPOINTER=33777c94-e4b9-4947-906f-f84480f3cb99.dev
BASEFAMILY=c29b0f3b-284d-4795-9841-ac2a7d0a195a.fam
BLHA=28.58865070,113.47941927,287.208654,287.849619
TRANSFORMMATRIX=-0.002223672,-0.999997525,0.000073677,0.000000000,0.999997528,-0.002223672,-0.000001653,0.000000000,0.000001817,0.000073673,0.999999997,0.000000000,10.879504736,468.059190873,15.096097037,1.000000000
ENTITYNAME=Wire_Device
