OBJECTMODELPOINTER=33777c94-e4b9-4947-906f-f84480f3cb99.dev
BASEFAMILY=c29dd758-31fd-45b6-9f43-57974fe5eb05.fam
BLHA=28.39913011,113.36988101,173.073049,251.836928
TRANSFORMMATRIX=-0.033728233,-0.999431041,0.000006655,0.000000000,0.999431041,-0.033728233,-0.000000164,0.000000000,0.000000388,0.000006647,1.000000000,0.000000000,2.542223020,42.227239513,29.149486367,1.000000000
ENTITYNAME=Wire_Device
