OBJECTMODELPOINTER=33777c94-e4b9-4947-906f-f84480f3cb99.dev
BASEFAMILY=c2b8e72b-e56e-4f0a-9ecb-8c4cae6de7c3.fam
BLHA=28.39175425,113.36683981,143.500019,249.667673
TRANSFORMMATRIX=-0.000001562,-1.000000000,0.000005235,0.000000000,1.000000000,-0.000001562,0.000000040,0.000000000,-0.000000040,0.000005235,1.000000000,0.000000000,-0.200695553,33.264049582,45.929363194,1.000000000
ENTITYNAME=Wire_Device
