OBJECTMODELPOINTER=33777c94-e4b9-4947-906f-f84480f3cb99.dev
BASEFAMILY=c2c6b837-2bda-4013-9cdd-eb2b706a653f.fam
BLHA=28.42958283,113.37956045,205.551749,428.016547
TRANSFORMMATRIX=-0.100569918,0.994929993,0.000026516,0.000000000,-0.994929993,-0.100569919,0.000000367,0.000000000,0.000003032,-0.000026343,1.000000000,0.000000000,19.037306616,-167.376779381,18.982410833,1.000000000
ENTITYNAME=Wire_Device
