OBJECTMODELPOINTER=33777c94-e4b9-4947-906f-f84480f3cb99.dev
BASEFAMILY=c2ce4dad-ce6c-4b68-b32b-ce1141152e93.fam
BLHA=28.39175425,113.36683981,143.500019,249.667673
TRANSFORMMATRIX=0.002621937,-0.999996562,0.000048696,0.000000000,0.999996563,0.002621937,-0.000001751,0.000000000,0.000001623,0.000048700,0.999999999,0.000000000,10.881549290,309.457849428,12.822170143,1.000000000
ENTITYNAME=Wire_Device
