OBJECTMODELPOINTER=33777c94-e4b9-4947-906f-f84480f3cb99.dev
BASEFAMILY=c2f72587-2d8d-43f8-99c6-b2bc342e009d.fam
BLHA=28.49972812,113.43660808,222.066271,200.251669
TRANSFORMMATRIX=0.003523632,-0.999993791,0.000038631,0.000000000,0.999993792,0.003523632,0.000000252,0.000000000,-0.000000388,0.000038629,0.999999999,0.000000000,-2.054551307,246.425827497,68.607452221,1.000000000
ENTITYNAME=Wire_Device
