OBJECTMODELPOINTER=33777c94-e4b9-4947-906f-f84480f3cb99.dev
BASEFAMILY=c30d3343-cc2d-4efb-baef-dae2c55480bf.fam
BLHA=28.46688419,113.40170203,216.340862,242.026912
TRANSFORMMATRIX=-0.001877804,-0.999998237,0.000018540,0.000000000,0.999998237,-0.001877804,0.000002320,0.000000000,-0.000002285,0.000018545,1.000000000,0.000000000,-14.317396949,117.866031524,30.271034364,1.000000000
ENTITYNAME=Wire_Device
