OBJECTMODELPOINTER=33777c94-e4b9-4947-906f-f84480f3cb99.dev
BASEFAMILY=c31b3f2d-5050-4a52-b6f3-43ad66d1690b.fam
BLHA=28.46688419,113.40170203,216.340862,242.026912
TRANSFORMMATRIX=-0.001886057,-0.999998220,0.000051318,0.000000000,0.999998221,-0.001886057,0.000002554,0.000000000,-0.000002457,0.000051322,0.999999999,0.000000000,-14.963992535,326.248388185,25.737228609,1.000000000
ENTITYNAME=Wire_Device
