ENTITYNAME=WIRE
BASEFAMILY=c340ab4a-5a9f-4b49-a088-806bdb64d8a1.fam
OBJECTMODELPOINTER=81b82497-164d-48c0-b1cb-18fa700dacdf.dev
KVALUE=0.000367
SPLIT=4
POINT0.BLHA=28.58865070,113.47941927,287.209,287.849619
POINT0.MATRIX0=-0.951864299,0.306519749,0.000000000,0.000000000,-0.306519749,-0.951864299,-0.000000000,0.000000000,0.000000000,0.000000000,1.000000000,0.000000000,-11.644746308,0.719145045,43.741099690,1.000000000
POINT0.MATRIX1=-0.951864299,0.306519749,0.000000000,0.000000000,-0.306519749,-0.951864299,-0.000000000,0.000000000,0.000000000,0.000000000,1.000000000,0.000000000,-11.644746308,0.719145045,44.191100453,1.000000000
POINT0.MATRIX2=-0.951864299,0.306519749,0.000000000,0.000000000,-0.306519749,-0.951864299,-0.000000000,0.000000000,0.000000000,0.000000000,1.000000000,0.000000000,-12.094727941,0.720415717,44.191100453,1.000000000
POINT0.MATRIX3=-0.951864299,0.306519749,0.000000000,0.000000000,-0.306519749,-0.951864299,-0.000000000,0.000000000,0.000000000,0.000000000,1.000000000,0.000000000,-12.094727941,0.720415717,43.741099690,1.000000000
POINT1.BLHA=28.58307238,113.48148471,281.709,287.849619
POINT1.MATRIX0=-0.951864299,0.306519749,-0.000000000,0.000000000,-0.306519749,-0.951864299,-0.000000000,0.000000000,0.000000000,0.000000000,1.000000000,0.000000000,-13.095439882,-0.720809014,52.741100620,1.000000000
POINT1.MATRIX1=-0.951864299,0.306519749,-0.000000000,0.000000000,-0.306519749,-0.951864299,-0.000000000,0.000000000,0.000000000,0.000000000,1.000000000,0.000000000,-13.095439882,-0.720809014,53.191101383,1.000000000
POINT1.MATRIX2=-0.951864299,0.306519749,-0.000000000,0.000000000,-0.306519749,-0.951864299,-0.000000000,0.000000000,0.000000000,0.000000000,1.000000000,0.000000000,-13.545421515,-0.719538342,53.191101383,1.000000000
POINT1.MATRIX3=-0.951864299,0.306519749,-0.000000000,0.000000000,-0.306519749,-0.951864299,-0.000000000,0.000000000,0.000000000,0.000000000,1.000000000,0.000000000,-13.545421515,-0.719538341,52.741100621,1.000000000
