OBJECTMODELPOINTER=33777c94-e4b9-4947-906f-f84480f3cb99.dev
BASEFAMILY=c3693879-af24-42d1-8dc3-9990dcb554f9.fam
BLHA=28.30961923,113.43478171,54.752520,501.227736
TRANSFORMMATRIX=0.248497144,0.968632628,0.000033172,0.000000000,-0.968632629,0.248497144,0.000001240,0.000000000,-0.000007043,-0.000032439,0.999999999,0.000000000,-44.284952464,-206.525591721,65.761078312,1.000000000
ENTITYNAME=Wire_Device
