ENTITYNAME=WIRE
BASEFAMILY=c37a5124-57d3-4e6c-bc7c-fd7227c5816c.fam
OBJECTMODELPOINTER=81b82497-164d-48c0-b1cb-18fa700dacdf.dev
KVALUE=0.000000
SPLIT=4
POINT0.BLHA=28.67391263,113.45910068,183.694,275.673275
POINT0.MATRIX0=-0.995101789,0.098855601,0.000000000,0.000000000,-0.098855601,-0.995101789,0.000000000,0.000000000,-0.000000000,-0.000000000,1.000000000,0.000000000,0.182031293,0.000015808,59.478136212,1.000000000
POINT0.MATRIX1=-0.995101789,0.098855601,0.000000000,0.000000000,-0.098855601,-0.995101789,0.000000000,0.000000000,-0.000000000,-0.000000000,1.000000000,0.000000000,0.215336464,0.000632676,59.926904828,1.000000000
POINT0.MATRIX2=-0.995101789,0.098855601,0.000000000,0.000000000,-0.098855601,-0.995101789,0.000000000,0.000000000,-0.000000000,-0.000000000,1.000000000,0.000000000,-0.233450304,0.000073147,59.960168989,1.000000000
POINT0.MATRIX3=-0.995101789,0.098855601,0.000000000,0.000000000,-0.098855601,-0.995101789,0.000000000,0.000000000,-0.000000000,-0.000000000,1.000000000,0.000000000,-0.266658936,0.000428057,59.511400372,1.000000000
POINT1.BLHA=28.67391263,113.45910068,183.694,275.673275
POINT1.MATRIX0=-0.995101789,0.098855601,0.000000000,0.000000000,-0.098855601,-0.995101789,0.000000000,0.000000000,-0.000000000,-0.000000000,1.000000000,0.000000000,0.182031612,0.120015026,59.478136212,1.000000000
POINT1.MATRIX1=-0.995101789,0.098855601,0.000000000,0.000000000,-0.098855601,-0.995101789,0.000000000,0.000000000,-0.000000000,-0.000000000,1.000000000,0.000000000,0.215336783,0.120631895,59.926904828,1.000000000
POINT1.MATRIX2=-0.995101789,0.098855601,0.000000000,0.000000000,-0.098855601,-0.995101789,0.000000000,0.000000000,-0.000000000,-0.000000000,1.000000000,0.000000000,-0.233449985,0.120072365,59.960168988,1.000000000
POINT1.MATRIX3=-0.995101789,0.098855601,0.000000000,0.000000000,-0.098855601,-0.995101789,0.000000000,0.000000000,-0.000000000,-0.000000000,1.000000000,0.000000000,-0.266658618,0.120427275,59.511400373,1.000000000
