OBJECTMODELPOINTER=33777c94-e4b9-4947-906f-f84480f3cb99.dev
BASEFAMILY=c3992147-b195-4c3f-9073-c00781570bf2.fam
BLHA=28.73821142,113.45475326,97.655295,258.301958
TRANSFORMMATRIX=0.008230110,-0.999966132,0.000005397,0.000000000,0.999966132,0.008230110,-0.000002057,0.000000000,0.000002013,0.000005415,1.000000000,0.000000000,12.881215767,34.402678355,54.473249947,1.000000000
ENTITYNAME=Wire_Device
