OBJECTMODELPOINTER=33777c94-e4b9-4947-906f-f84480f3cb99.dev
BASEFAMILY=c3b7c6b4-0007-408f-84be-1f03a519f2a7.fam
BLHA=28.59994740,113.47379389,183.494205,294.633001
TRANSFORMMATRIX=-0.001011399,-0.999999486,0.000073987,0.000000000,0.999999489,-0.001011399,0.000002267,0.000000000,-0.000002192,0.000073989,0.999999997,0.000000000,-14.903426235,470.305063652,57.040761212,1.000000000
ENTITYNAME=Wire_Device
