OBJECTMODELPOINTER=33777c94-e4b9-4947-906f-f84480f3cb99.dev
BASEFAMILY=c3b81ab3-0c09-48d9-a113-20409e275e1f.fam
BLHA=28.31135450,113.43043530,49.303319,335.449580
TRANSFORMMATRIX=0.001555847,-0.999998789,0.000025969,0.000000000,0.999998790,0.001555847,0.000001130,0.000000000,-0.000001170,0.000025968,1.000000000,0.000000000,-7.762200288,165.617136646,45.985628429,1.000000000
ENTITYNAME=Wire_Device
