OBJECTMODELPOINTER=33777c94-e4b9-4947-906f-f84480f3cb99.dev
BASEFAMILY=c3bc969c-2b30-48a8-a83e-8dec9ac26e03.fam
BLHA=28.27160371,113.47264060,64.950919,312.669055
TRANSFORMMATRIX=-0.001740941,-0.999998483,0.000052234,0.000000000,0.999998485,-0.001740941,0.000001370,0.000000000,-0.000001279,0.000052236,0.999999999,0.000000000,-9.008092914,332.508122294,33.598326478,1.000000000
ENTITYNAME=Wire_Device
