OBJECTMODELPOINTER=33777c94-e4b9-4947-906f-f84480f3cb99.dev
BASEFAMILY=c3c231d5-302d-422d-93d1-22f7f2ab25a4.fam
BLHA=28.30399811,113.43961542,62.139238,477.400140
TRANSFORMMATRIX=0.170725570,0.985318618,0.000030834,0.000000000,-0.985318618,0.170725570,0.000001817,0.000000000,-0.000003474,-0.000030692,1.000000000,0.000000000,-21.733442116,-195.056974700,39.951651475,1.000000000
ENTITYNAME=Wire_Device
