OBJECTMODELPOINTER=33777c94-e4b9-4947-906f-f84480f3cb99.dev
BASEFAMILY=c3d2f468-d976-4cbf-9bd7-ee3cd1a2d366.fam
BLHA=28.55813742,113.50479443,276.608256,304.990571
TRANSFORMMATRIX=-0.000933816,-0.999999562,0.000064459,0.000000000,0.999999564,-0.000933816,-0.000001982,0.000000000,0.000002043,0.000064457,0.999999998,0.000000000,12.016745204,409.992306518,49.541500406,1.000000000
ENTITYNAME=Wire_Device
