OBJECTMODELPOINTER=33777c94-e4b9-4947-906f-f84480f3cb99.dev
BASEFAMILY=c3d4b742-9ccb-490a-9872-ee607f886729.fam
BLHA=28.65774704,113.46158959,182.997853,277.610658
TRANSFORMMATRIX=0.000003446,-0.999999999,0.000036402,0.000000000,1.000000000,0.000003446,0.000001998,0.000000000,-0.000001999,0.000036402,0.999999999,0.000000000,-12.912012960,231.194967307,6.102678124,1.000000000
ENTITYNAME=Wire_Device
