OBJECTMODELPOINTER=33777c94-e4b9-4947-906f-f84480f3cb99.dev
BASEFAMILY=c3d8b42c-d0ee-40d3-a7b0-b7880f5a3734.fam
BLHA=28.31534552,113.42043692,48.733934,348.172871
TRANSFORMMATRIX=0.132963286,-0.991120964,-0.000000979,0.000000000,0.991120964,0.132963286,-0.000001786,0.000000000,0.000001901,-0.000000733,1.000000000,0.000000000,12.073682129,-4.686912303,42.512839702,1.000000000
ENTITYNAME=Wire_Device
