OBJECTMODELPOINTER=33777c94-e4b9-4947-906f-f84480f3cb99.dev
BASEFAMILY=c3dc7f4a-7928-4530-9efc-bc0b58543b8d.fam
BLHA=28.27160371,113.47264060,64.950919,312.669055
TRANSFORMMATRIX=-0.001298582,-0.999999157,0.000005802,0.000000000,0.999999157,-0.001298582,0.000001603,0.000000000,-0.000001595,0.000005805,1.000000000,0.000000000,-10.257059452,36.972380855,52.821868414,1.000000000
ENTITYNAME=Wire_Device
