OBJECTMODELPOINTER=33777c94-e4b9-4947-906f-f84480f3cb99.dev
BASEFAMILY=c3e22c30-de33-42f3-b2f6-b0ff59d81376.fam
BLHA=28.31435017,113.39267151,117.559440,4.996372
TRANSFORMMATRIX=0.000001013,-1.000000000,0.000005390,0.000000000,1.000000000,0.000001013,-0.000001208,0.000000000,0.000001208,0.000005390,1.000000000,0.000000000,7.686168736,34.406033761,34.677253116,1.000000000
ENTITYNAME=Wire_Device
