ENTITYNAME=WIRE
BASEFAMILY=c4045ddb-7de7-418e-a9d7-7b7fdd771087.fam
OBJECTMODELPOINTER=31970f28-780e-4bf1-8adb-439f78c329a3.dev
KVALUE=0.000237
SPLIT=1
POINT0.BLHA=28.65774704,113.46158959,182.998,277.610658
POINT0.MATRIX0=-0.991190922,0.132440763,-0.000000000,0.000000000,-0.132440763,-0.991190922,0.000000000,0.000000000,-0.000000000,-0.000000000,1.000000000,0.000000000,9.870522437,0.309765324,39.558002681,1.000000000
POINT1.BLHA=28.65418328,113.46214797,157.582,277.610658
POINT1.MATRIX0=-0.991190922,0.132440763,-0.000000000,0.000000000,-0.132440763,-0.991190922,-0.000000000,0.000000000,-0.000000000,0.000000000,1.000000000,0.000000000,9.869916602,-0.310107206,51.558005468,1.000000000
