OBJECTMODELPOINTER=33777c94-e4b9-4947-906f-f84480f3cb99.dev
BASEFAMILY=c4159de8-7008-4713-b5e8-502f6a9aa50e.fam
BLHA=28.31135450,113.43043530,49.303319,335.449580
TRANSFORMMATRIX=-0.004972760,-0.999987635,0.000041407,0.000000000,0.999987636,-0.004972760,-0.000001336,0.000000000,0.000001543,0.000041399,0.999999999,0.000000000,9.283301413,263.998509787,32.457724176,1.000000000
ENTITYNAME=Wire_Device
