ENTITYNAME=WIRE
BASEFAMILY=c436772e-4050-4659-a417-68b98a5030e5.fam
OBJECTMODELPOINTER=81b82497-164d-48c0-b1cb-18fa700dacdf.dev
KVALUE=0.000357
SPLIT=4
POINT0.BLHA=28.50595381,113.45544189,275.038,205.493080
POINT0.MATRIX0=-0.430402079,-0.902637275,0.000000000,0.000000000,0.902637275,-0.430402079,0.000000000,0.000000000,0.000000000,0.000000000,1.000000000,0.000000000,8.476669714,8.833298882,26.591002525,1.000000000
POINT0.MATRIX1=-0.430402079,-0.902637275,0.000000000,0.000000000,0.902637275,-0.430402079,0.000000000,0.000000000,0.000000000,0.000000000,1.000000000,0.000000000,8.556725597,9.702298488,26.727305473,1.000000000
POINT0.MATRIX2=-0.430402079,-0.902637275,0.000000000,0.000000000,0.902637275,-0.430402079,0.000000000,0.000000000,0.000000000,0.000000000,1.000000000,0.000000000,8.058452513,9.748122066,26.727377953,1.000000000
POINT0.MATRIX3=-0.430402079,-0.902637275,0.000000000,0.000000000,0.902637275,-0.430402079,0.000000000,0.000000000,0.000000000,0.000000000,1.000000000,0.000000000,7.978396629,8.879122459,26.591033043,1.000000000
POINT1.BLHA=28.50469488,113.45163258,174.516,200.251669
POINT1.MATRIX0=-0.346144382,-0.938181255,0.000000000,0.000000000,0.938181255,-0.346144382,0.000000000,0.000000000,-0.000000000,-0.000000000,1.000000000,0.000000000,7.475024963,-4.714715276,30.193406345,1.000000000
POINT1.MATRIX1=-0.346144382,-0.938181255,0.000000000,0.000000000,0.938181255,-0.346144382,0.000000000,0.000000000,-0.000000000,-0.000000000,1.000000000,0.000000000,7.524802328,-4.665275216,30.637902500,1.000000000
POINT1.MATRIX2=-0.346144382,-0.938181255,0.000000000,0.000000000,0.938181255,-0.346144382,0.000000000,0.000000000,-0.000000000,-0.000000000,1.000000000,0.000000000,7.524667283,-5.112524050,30.687661410,1.000000000
POINT1.MATRIX3=-0.346144382,-0.938181255,0.000000000,0.000000000,0.938181255,-0.346144382,0.000000000,0.000000000,-0.000000000,-0.000000000,1.000000000,0.000000000,7.474889918,-5.161964109,30.243165256,1.000000000
