OBJECTMODELPOINTER=33777c94-e4b9-4947-906f-f84480f3cb99.dev
BASEFAMILY=c43e04ad-c08a-4206-b2a6-becac3f035c0.fam
BLHA=28.74846038,113.45710577,102.803547,427.264866
TRANSFORMMATRIX=-0.200725053,0.979647617,0.000007807,0.000000000,-0.979647617,-0.200725053,0.000001164,0.000000000,0.000002708,-0.000007414,1.000000000,0.000000000,17.183314439,-47.085660002,19.426079954,1.000000000
ENTITYNAME=Wire_Device
