OBJECTMODELPOINTER=33777c94-e4b9-4947-906f-f84480f3cb99.dev
BASEFAMILY=c454ee55-ae7b-49d3-a055-bd24045a7ce8.fam
BLHA=28.66573943,113.46033717,166.408962,277.610658
TRANSFORMMATRIX=0.000005933,-0.999999997,0.000081731,0.000000000,1.000000000,0.000005933,0.000000312,0.000000000,-0.000000312,0.000081730,0.999999997,0.000000000,-2.345123180,519.062975891,25.273634313,1.000000000
ENTITYNAME=Wire_Device
