OBJECTMODELPOINTER=33777c94-e4b9-4947-906f-f84480f3cb99.dev
BASEFAMILY=c456aac7-3d55-4e2c-835a-c1443ab97299.fam
BLHA=28.37974338,113.36324559,104.024514,459.829193
TRANSFORMMATRIX=0.297276595,0.954791405,-0.000000348,0.000000000,-0.954791405,0.297276595,-0.000001722,0.000000000,-0.000001541,0.000000844,1.000000000,0.000000000,-9.839981990,5.370742783,16.465604838,1.000000000
ENTITYNAME=Wire_Device
