ENTITYNAME=WIRE
BASEFAMILY=c460b8a7-dfc4-4710-b389-a61ef9f06544.fam
OBJECTMODELPOINTER=81b82497-164d-48c0-b1cb-18fa700dacdf.dev
KVALUE=0.000000
SPLIT=4
POINT0.BLHA=28.60573334,113.47075261,228.045,294.633001
POINT0.MATRIX0=-0.908996188,0.416804426,0.000000000,0.000000000,-0.416804426,-0.908996188,-0.000000000,0.000000000,-0.000000000,-0.000000000,1.000000000,0.000000000,0.224985067,-0.000209482,42.999999075,1.000000000
POINT0.MATRIX1=-0.908996188,0.416804426,0.000000000,0.000000000,-0.416804426,-0.908996188,-0.000000000,0.000000000,-0.000000000,-0.000000000,1.000000000,0.000000000,0.224985067,-0.000209482,43.449999837,1.000000000
POINT0.MATRIX2=-0.908996188,0.416804426,0.000000000,0.000000000,-0.416804426,-0.908996188,-0.000000000,0.000000000,-0.000000000,-0.000000000,1.000000000,0.000000000,-0.225108539,-0.000098363,43.449999838,1.000000000
POINT0.MATRIX3=-0.908996188,0.416804426,0.000000000,0.000000000,-0.416804426,-0.908996188,-0.000000000,0.000000000,-0.000000000,-0.000000000,1.000000000,0.000000000,-0.225108539,-0.000098362,42.999999075,1.000000000
POINT1.BLHA=28.60573334,113.47075261,228.045,294.633001
POINT1.MATRIX0=-0.908996188,0.416804426,0.000000000,0.000000000,-0.416804426,-0.908996188,-0.000000000,0.000000000,-0.000000000,-0.000000000,1.000000000,0.000000000,0.224988734,0.109790227,42.999999075,1.000000000
POINT1.MATRIX1=-0.908996188,0.416804426,0.000000000,0.000000000,-0.416804426,-0.908996188,-0.000000000,0.000000000,-0.000000000,-0.000000000,1.000000000,0.000000000,0.224988734,0.109790227,43.449999837,1.000000000
POINT1.MATRIX2=-0.908996188,0.416804426,0.000000000,0.000000000,-0.416804426,-0.908996188,-0.000000000,0.000000000,-0.000000000,-0.000000000,1.000000000,0.000000000,-0.225104872,0.109901346,43.449999837,1.000000000
POINT1.MATRIX3=-0.908996188,0.416804426,0.000000000,0.000000000,-0.416804426,-0.908996188,-0.000000000,0.000000000,-0.000000000,-0.000000000,1.000000000,0.000000000,-0.225104872,0.109901346,42.999999074,1.000000000
