OBJECTMODELPOINTER=33777c94-e4b9-4947-906f-f84480f3cb99.dev
BASEFAMILY=c464dcdb-93d5-4a21-91b7-b1dd10b7fa12.fam
BLHA=28.45588678,113.39517230,249.934153,242.026912
TRANSFORMMATRIX=0.017836401,-0.999840918,0.000023857,0.000000000,0.999840919,0.017836401,-0.000001694,0.000000000,0.000001268,0.000023882,1.000000000,0.000000000,8.411937454,151.854493599,1.917890357,1.000000000
ENTITYNAME=Wire_Device
