ENTITYNAME=WIRE
BASEFAMILY=c47220a1-1bf4-4957-a6db-6d9b1c87edac.fam
OBJECTMODELPOINTER=81b82497-164d-48c0-b1cb-18fa700dacdf.dev
KVALUE=0.000000
SPLIT=4
POINT0.BLHA=28.31135450,113.43043530,49.303,335.449580
POINT0.MATRIX0=-0.415493846,0.909595989,-0.000000000,0.000000000,-0.909595989,-0.415493846,-0.000000000,0.000000000,-0.000000000,-0.000000000,1.000000000,0.000000000,7.348246658,-0.000098900,39.866815474,1.000000000
POINT0.MATRIX1=-0.415493846,0.909595989,-0.000000000,0.000000000,-0.909595989,-0.415493846,-0.000000000,0.000000000,-0.000000000,-0.000000000,1.000000000,0.000000000,7.535013773,-0.000004419,40.330667403,1.000000000
POINT0.MATRIX2=-0.415493846,0.909595989,-0.000000000,0.000000000,-0.909595989,-0.415493846,-0.000000000,0.000000000,-0.000000000,-0.000000000,1.000000000,0.000000000,7.071242652,-0.000078182,40.517328169,1.000000000
POINT0.MATRIX3=-0.415493846,0.909595989,-0.000000000,0.000000000,-0.909595989,-0.415493846,-0.000000000,0.000000000,-0.000000000,-0.000000000,1.000000000,0.000000000,6.884424817,-0.000061627,40.053476241,1.000000000
POINT1.BLHA=28.31135450,113.43043530,49.303,335.449580
POINT1.MATRIX0=-0.415493846,0.909595989,-0.000000000,0.000000000,-0.909595989,-0.415493846,-0.000000000,0.000000000,-0.000000000,-0.000000000,1.000000000,0.000000000,7.348245018,0.129909297,39.866815474,1.000000000
POINT1.MATRIX1=-0.415493846,0.909595989,-0.000000000,0.000000000,-0.909595989,-0.415493846,-0.000000000,0.000000000,-0.000000000,-0.000000000,1.000000000,0.000000000,7.535012133,0.130003777,40.330667403,1.000000000
POINT1.MATRIX2=-0.415493846,0.909595989,-0.000000000,0.000000000,-0.909595989,-0.415493846,-0.000000000,0.000000000,-0.000000000,-0.000000000,1.000000000,0.000000000,7.071241011,0.129930014,40.517328169,1.000000000
POINT1.MATRIX3=-0.415493846,0.909595989,-0.000000000,0.000000000,-0.909595989,-0.415493846,-0.000000000,0.000000000,-0.000000000,-0.000000000,1.000000000,0.000000000,6.884423177,0.129946569,40.053476240,1.000000000
