OBJECTMODELPOINTER=33777c94-e4b9-4947-906f-f84480f3cb99.dev
BASEFAMILY=c477bec4-b975-4840-b60f-1a66a055600e.fam
BLHA=28.64674167,113.46331381,165.940967,277.610658
TRANSFORMMATRIX=0.000003933,-0.999999999,0.000052796,0.000000000,1.000000000,0.000003933,0.000000200,0.000000000,-0.000000200,0.000052796,0.999999999,0.000000000,-1.505619307,335.302673665,8.736603076,1.000000000
ENTITYNAME=Wire_Device
