OBJECTMODELPOINTER=33777c94-e4b9-4947-906f-f84480f3cb99.dev
BASEFAMILY=c479df21-b97c-4b49-8cbb-b75e95d3ea0e.fam
BLHA=28.73433869,113.45386444,142.659000,258.301958
TRANSFORMMATRIX=-0.000000264,-1.000000000,-0.000000081,0.000000000,1.000000000,-0.000000264,0.000001614,0.000000000,-0.000001613,-0.000000081,1.000000000,0.000000000,-10.297890292,-0.525263300,39.234761019,1.000000000
ENTITYNAME=Wire_Device
