OBJECTMODELPOINTER=33777c94-e4b9-4947-906f-f84480f3cb99.dev
BASEFAMILY=c48999cd-a149-41b6-9fe3-eed2772c55bd.fam
BLHA=28.60573334,113.47075261,228.044876,294.633001
TRANSFORMMATRIX=0.001849026,-0.999998289,0.000058978,0.000000000,0.999998291,0.001849026,-0.000001853,0.000000000,0.000001744,0.000058981,0.999999998,0.000000000,10.384476353,374.865152345,6.580639298,1.000000000
ENTITYNAME=Wire_Device
