OBJECTMODELPOINTER=33777c94-e4b9-4947-906f-f84480f3cb99.dev
BASEFAMILY=c491f9f5-aa2a-4ba6-ba37-813e940a2e28.fam
BLHA=28.48504373,113.41833342,235.006355,407.385386
TRANSFORMMATRIX=-0.027197003,0.999630093,0.000029397,0.000000000,-0.999630093,-0.027197003,-0.000000963,0.000000000,-0.000000164,-0.000029412,1.000000000,0.000000000,-1.523685498,-187.223157367,38.025674023,1.000000000
ENTITYNAME=Wire_Device
