OBJECTMODELPOINTER=33777c94-e4b9-4947-906f-f84480f3cb99.dev
BASEFAMILY=c4936634-6622-4cee-88b6-a7e3c55fabb3.fam
BLHA=28.79022096,113.49139881,176.212376,221.400685
TRANSFORMMATRIX=-0.001049427,-0.999999447,0.000061448,0.000000000,0.999999449,-0.001049427,-0.000001578,0.000000000,0.000001643,0.000061446,0.999999998,0.000000000,11.458268156,391.368912822,-15.623201859,1.000000000
ENTITYNAME=Wire_Device
