OBJECTMODELPOINTER=33777c94-e4b9-4947-906f-f84480f3cb99.dev
BASEFAMILY=c4bbd975-5385-4dd5-81e9-171b01138716.fam
BLHA=28.70605444,113.45451077,165.912680,277.425083
TRANSFORMMATRIX=0.000004777,-0.999999997,0.000072509,0.000000000,1.000000000,0.000004777,0.000000282,0.000000000,-0.000000282,0.000072509,0.999999997,0.000000000,-2.105762421,460.498280459,3.590484289,1.000000000
ENTITYNAME=Wire_Device
