OBJECTMODELPOINTER=33777c94-e4b9-4947-906f-f84480f3cb99.dev
BASEFAMILY=c4c80b62-38d2-4bd8-9f2f-17337f76064a.fam
BLHA=28.51626918,113.47488562,373.286539,210.734491
TRANSFORMMATRIX=0.005811273,-0.999983114,0.000033610,0.000000000,0.999983114,0.005811273,0.000002092,0.000000000,-0.000002287,0.000033597,0.999999999,0.000000000,-14.054564231,214.145614689,32.302702566,1.000000000
ENTITYNAME=Wire_Device
