OBJECTMODELPOINTER=33777c94-e4b9-4947-906f-f84480f3cb99.dev
BASEFAMILY=c4d92c82-5b0e-46e4-8552-cdc609d4a3c2.fam
BLHA=28.31435017,113.39267151,117.559440,4.996372
TRANSFORMMATRIX=0.000013103,-0.999999999,0.000028173,0.000000000,1.000000000,0.000013103,0.000001752,0.000000000,-0.000001752,0.000028174,1.000000000,0.000000000,-11.048424639,179.820821575,30.182501303,1.000000000
ENTITYNAME=Wire_Device
