OBJECTMODELPOINTER=33777c94-e4b9-4947-906f-f84480f3cb99.dev
BASEFAMILY=c5118000-fe02-490d-b20b-df1f34ba2b88.fam
BLHA=28.77883021,113.47993260,194.739259,236.227775
TRANSFORMMATRIX=-0.004170128,-0.999991305,0.000005502,0.000000000,0.999991305,-0.004170128,-0.000001825,0.000000000,0.000001848,0.000005494,1.000000000,0.000000000,11.861723127,34.974272876,38.634303449,1.000000000
ENTITYNAME=Wire_Device
