OBJECTMODELPOINTER=33777c94-e4b9-4947-906f-f84480f3cb99.dev
BASEFAMILY=c52a6eb1-e904-4d9f-942d-909e00c700ef.fam
BLHA=28.40337100,113.37122865,129.378598,254.006183
TRANSFORMMATRIX=-0.002798451,-0.999996083,0.000060200,0.000000000,0.999996084,-0.002798451,0.000000401,0.000000000,-0.000000233,0.000060201,0.999999998,0.000000000,-0.955342940,382.427747172,60.006084112,1.000000000
ENTITYNAME=Wire_Device
