OBJECTMODELPOINTER=33777c94-e4b9-4947-906f-f84480f3cb99.dev
BASEFAMILY=c5381904-aacc-4245-9c01-a07ca26837ba.fam
BLHA=28.52041531,113.48270330,362.655379,210.734491
TRANSFORMMATRIX=-0.000009630,-1.000000000,0.000014944,0.000000000,1.000000000,-0.000009630,-0.000001768,0.000000000,0.000001768,0.000014945,1.000000000,0.000000000,11.459398048,95.293479045,46.506031968,1.000000000
ENTITYNAME=Wire_Device
