OBJECTMODELPOINTER=33777c94-e4b9-4947-906f-f84480f3cb99.dev
BASEFAMILY=c539fbec-3a9e-4d0f-9c49-baf3ac15108b.fam
BLHA=28.31529425,113.41760444,47.126172,0.896163
TRANSFORMMATRIX=-0.002517037,-0.999996832,0.000005036,0.000000000,0.999996832,-0.002517037,-0.000000993,0.000000000,0.000001005,0.000005034,1.000000000,0.000000000,6.387675144,32.129640293,53.364105974,1.000000000
ENTITYNAME=Wire_Device
