OBJECTMODELPOINTER=33777c94-e4b9-4947-906f-f84480f3cb99.dev
BASEFAMILY=c542e6e1-9870-4998-b402-a0f481b6d674.fam
BLHA=28.31498130,113.40038482,72.539572,2.946268
TRANSFORMMATRIX=-0.028887444,-0.999582670,0.000026330,0.000000000,0.999582671,-0.028887444,-0.000001594,0.000000000,0.000002354,0.000026273,1.000000000,0.000000000,14.993514749,167.701808593,41.553641251,1.000000000
ENTITYNAME=Wire_Device
