OBJECTMODELPOINTER=33777c94-e4b9-4947-906f-f84480f3cb99.dev
BASEFAMILY=c5472f7d-f182-4730-939f-c0b52d56f399.fam
BLHA=28.77401473,113.47631208,189.623101,236.227775
TRANSFORMMATRIX=-0.000000374,-1.000000000,0.000005116,0.000000000,1.000000000,-0.000000374,0.000000039,0.000000000,-0.000000038,0.000005116,1.000000000,0.000000000,-0.168004815,32.539378685,36.669796617,1.000000000
ENTITYNAME=Wire_Device
