OBJECTMODELPOINTER=33777c94-e4b9-4947-906f-f84480f3cb99.dev
BASEFAMILY=c54a5d22-8259-43bf-8fb0-6e87962e9f23.fam
BLHA=28.31498130,113.40038482,72.539572,2.946268
TRANSFORMMATRIX=-0.028893269,-0.999582502,0.000015509,0.000000000,0.999582502,-0.028893269,-0.000001649,0.000000000,0.000002097,0.000015455,1.000000000,0.000000000,13.340000307,98.651921059,41.258327982,1.000000000
ENTITYNAME=Wire_Device
