OBJECTMODELPOINTER=33777c94-e4b9-4947-906f-f84480f3cb99.dev
BASEFAMILY=c553c87f-4001-4880-9514-df4cb773ba01.fam
BLHA=28.62772353,113.46582002,199.212660,273.436520
TRANSFORMMATRIX=-0.001502516,-0.999998870,0.000050468,0.000000000,0.999998871,-0.001502516,-0.000001651,0.000000000,0.000001726,0.000050465,0.999999999,0.000000000,10.920294109,320.470484023,14.491777009,1.000000000
ENTITYNAME=Wire_Device
