OBJECTMODELPOINTER=33777c94-e4b9-4947-906f-f84480f3cb99.dev
BASEFAMILY=c56f6d4c-783d-4043-be65-2e68c4c2909f.fam
BLHA=28.32854622,113.36798434,68.151851,482.460958
TRANSFORMMATRIX=-0.106449981,0.994318058,0.000042290,0.000000000,-0.994318058,-0.106449982,-0.000001073,0.000000000,0.000003434,-0.000042164,0.999999999,0.000000000,22.523389816,-268.192126631,11.028649198,1.000000000
ENTITYNAME=Wire_Device
