OBJECTMODELPOINTER=33777c94-e4b9-4947-906f-f84480f3cb99.dev
BASEFAMILY=c5783932-0a38-449c-a957-aa82bb3aa59f.fam
BLHA=28.72596649,113.45194319,126.516960,450.796525
TRANSFORMMATRIX=-0.212658079,0.977126676,0.000006719,0.000000000,-0.977126676,-0.212658079,0.000000191,0.000000000,0.000001616,-0.000006525,1.000000000,0.000000000,10.318085391,-41.436892644,33.979592987,1.000000000
ENTITYNAME=Wire_Device
