OBJECTMODELPOINTER=33777c94-e4b9-4947-906f-f84480f3cb99.dev
BASEFAMILY=c5796363-6ea7-4553-90c7-a56077b804ba.fam
BLHA=28.65418328,113.46214797,157.582490,277.610658
TRANSFORMMATRIX=-0.000000171,-1.000000000,0.000005011,0.000000000,1.000000000,-0.000000171,0.000000019,0.000000000,-0.000000019,0.000005012,1.000000000,0.000000000,-0.143289633,31.826973235,37.323676509,1.000000000
ENTITYNAME=Wire_Device
