OBJECTMODELPOINTER=33777c94-e4b9-4947-906f-f84480f3cb99.dev
BASEFAMILY=c57c4a24-d9f8-4de4-8305-cc7659ee260e.fam
BLHA=28.26851271,113.48351910,83.112496,355.334735
TRANSFORMMATRIX=-0.001464750,-0.999998927,0.000016804,0.000000000,0.999998927,-0.001464750,0.000001662,0.000000000,-0.000001637,0.000016807,1.000000000,0.000000000,-10.442992333,107.278900616,49.829869803,1.000000000
ENTITYNAME=Wire_Device
