OBJECTMODELPOINTER=33777c94-e4b9-4947-906f-f84480f3cb99.dev
BASEFAMILY=c585a408-8669-418a-9529-a3a8f75e8fa2.fam
BLHA=28.64054809,113.46428400,121.846877,277.610658
TRANSFORMMATRIX=-0.002764856,-0.999996177,0.000041245,0.000000000,0.999996178,-0.002764856,0.000002243,0.000000000,-0.000002129,0.000041251,0.999999999,0.000000000,-13.768738821,261.988482857,34.165967330,1.000000000
ENTITYNAME=Wire_Device
