OBJECTMODELPOINTER=33777c94-e4b9-4947-906f-f84480f3cb99.dev
BASEFAMILY=c592e1b5-1d99-4287-8d29-7343f985e83e.fam
BLHA=28.52807252,113.49714509,416.575795,210.734491
TRANSFORMMATRIX=-0.000002695,-1.000000000,0.000005200,0.000000000,1.000000000,-0.000002695,0.000000034,0.000000000,-0.000000034,0.000005200,1.000000000,0.000000000,-0.138942535,33.151110558,29.808998347,1.000000000
ENTITYNAME=Wire_Device
