OBJECTMODELPOINTER=33777c94-e4b9-4947-906f-f84480f3cb99.dev
BASEFAMILY=c59e74e7-6ae4-4aac-a667-d95ba5127390.fam
BLHA=28.53408910,113.50849608,458.182485,233.242345
TRANSFORMMATRIX=-0.390586893,-0.920566061,0.000078425,0.000000000,0.920566064,-0.390586894,-0.000000454,0.000000000,0.000031050,0.000072018,0.999999997,0.000000000,198.977438257,458.687199839,-6.367320887,1.000000000
ENTITYNAME=Wire_Device
