OBJECTMODELPOINTER=33777c94-e4b9-4947-906f-f84480f3cb99.dev
BASEFAMILY=c5c70319-29d0-4926-9292-e82a390073c5.fam
BLHA=28.44721846,113.39002654,265.559825,242.026912
TRANSFORMMATRIX=-0.000002062,-1.000000000,0.000004862,0.000000000,1.000000000,-0.000002062,0.000000039,0.000000000,-0.000000039,0.000004862,1.000000000,0.000000000,-0.182478062,30.909633847,47.438518030,1.000000000
ENTITYNAME=Wire_Device
