OBJECTMODELPOINTER=33777c94-e4b9-4947-906f-f84480f3cb99.dev
BASEFAMILY=c5dff551-2843-4d3a-bc99-d9ea0574be44.fam
BLHA=28.31411764,113.38983103,66.771612,527.133635
TRANSFORMMATRIX=-0.217039403,0.976162844,0.000001127,0.000000000,-0.976162844,-0.217039403,0.000001760,0.000000000,0.000001963,-0.000000718,1.000000000,0.000000000,12.473076511,-4.593632410,37.269850983,1.000000000
ENTITYNAME=Wire_Device
