OBJECTMODELPOINTER=33777c94-e4b9-4947-906f-f84480f3cb99.dev
BASEFAMILY=c5e5b24c-5ba9-432c-898d-e9632385e381.fam
BLHA=28.59525170,113.47626182,222.708449,294.633001
TRANSFORMMATRIX=-0.009236615,-0.999957340,0.000059028,0.000000000,0.999957342,-0.009236614,0.000002139,0.000000000,-0.000001594,0.000059046,0.999999998,0.000000000,-10.901208180,375.311319741,7.677395257,1.000000000
ENTITYNAME=Wire_Device
