OBJECTMODELPOINTER=33777c94-e4b9-4947-906f-f84480f3cb99.dev
BASEFAMILY=c5ed4d63-db21-45e2-907b-c04b1f3b7f4b.fam
BLHA=28.68698006,113.45743042,187.111712,277.425083
TRANSFORMMATRIX=0.010621459,-0.999943589,0.000057290,0.000000000,0.999943591,0.010621459,-0.000001642,0.000000000,0.000001033,0.000057303,0.999999998,0.000000000,6.353952925,363.927767280,25.380882376,1.000000000
ENTITYNAME=Wire_Device
