OBJECTMODELPOINTER=33777c94-e4b9-4947-906f-f84480f3cb99.dev
BASEFAMILY=c600bb34-48b6-4407-af8b-cab2446e22e0.fam
BLHA=28.33513056,113.36426418,74.466119,467.201749
TRANSFORMMATRIX=-0.147019292,0.989133625,0.000016491,0.000000000,-0.989133625,-0.147019292,-0.000001132,0.000000000,0.000001304,-0.000016478,1.000000000,0.000000000,8.478507827,-104.693582525,17.944071837,1.000000000
ENTITYNAME=Wire_Device
