OBJECTMODELPOINTER=33777c94-e4b9-4947-906f-f84480f3cb99.dev
BASEFAMILY=c60f4566-9de5-4f06-8f2a-adbd3b6fa3bd.fam
BLHA=28.39913011,113.36988101,173.073049,251.836928
TRANSFORMMATRIX=-0.033733925,-0.999430848,0.000037900,0.000000000,0.999430849,-0.033733925,0.000000051,0.000000000,0.000001227,0.000037880,0.999999999,0.000000000,8.200017340,240.673536827,8.795301493,1.000000000
ENTITYNAME=Wire_Device
