ENTITYNAME=WIRE
BASEFAMILY=c610f9d5-903d-4d3c-a3cb-c2f65905a76c.fam
OBJECTMODELPOINTER=81b82497-164d-48c0-b1cb-18fa700dacdf.dev
KVALUE=0.000000
SPLIT=4
POINT0.BLHA=28.41010958,113.37337020,176.662,254.006183
POINT0.MATRIX0=-0.961291434,-0.275533624,-0.000000000,0.000000000,0.275533624,-0.961291434,-0.000000000,0.000000000,0.000000000,-0.000000000,1.000000000,0.000000000,13.544380732,-0.000405725,52.000001846,1.000000000
POINT0.MATRIX1=-0.961291434,-0.275533624,-0.000000000,0.000000000,0.275533624,-0.961291434,-0.000000000,0.000000000,0.000000000,-0.000000000,1.000000000,0.000000000,13.544380733,-0.000405725,52.449998794,1.000000000
POINT0.MATRIX2=-0.961291434,-0.275533624,-0.000000000,0.000000000,0.275533624,-0.961291434,-0.000000000,0.000000000,0.000000000,-0.000000000,1.000000000,0.000000000,13.095006594,0.000824199,52.449998795,1.000000000
POINT0.MATRIX3=-0.961291434,-0.275533624,-0.000000000,0.000000000,0.275533624,-0.961291434,-0.000000000,0.000000000,0.000000000,-0.000000000,1.000000000,0.000000000,13.095006594,0.000824199,52.000001846,1.000000000
POINT1.BLHA=28.41010958,113.37337020,176.662,254.006183
POINT1.MATRIX0=-0.961291434,-0.275533624,-0.000000000,0.000000000,0.275533624,-0.961291434,-0.000000000,0.000000000,0.000000000,-0.000000000,1.000000000,0.000000000,13.544823810,0.109595693,52.000001846,1.000000000
POINT1.MATRIX1=-0.961291434,-0.275533624,-0.000000000,0.000000000,0.275533624,-0.961291434,-0.000000000,0.000000000,0.000000000,-0.000000000,1.000000000,0.000000000,13.544823810,0.109595693,52.449998794,1.000000000
POINT1.MATRIX2=-0.961291434,-0.275533624,-0.000000000,0.000000000,0.275533624,-0.961291434,-0.000000000,0.000000000,0.000000000,-0.000000000,1.000000000,0.000000000,13.095449671,0.110825617,52.449998794,1.000000000
POINT1.MATRIX3=-0.961291434,-0.275533624,-0.000000000,0.000000000,0.275533624,-0.961291434,-0.000000000,0.000000000,0.000000000,-0.000000000,1.000000000,0.000000000,13.095449671,0.110825617,52.000001846,1.000000000
