OBJECTMODELPOINTER=33777c94-e4b9-4947-906f-f84480f3cb99.dev
BASEFAMILY=c62be518-fc61-4c91-b982-185025939a74.fam
BLHA=28.39632770,113.36872548,122.542167,249.667673
TRANSFORMMATRIX=-0.000009270,-0.999999999,0.000047546,0.000000000,1.000000000,-0.000009270,0.000000333,0.000000000,-0.000000332,0.000047547,0.999999999,0.000000000,-1.608986822,302.106090647,41.486994693,1.000000000
ENTITYNAME=Wire_Device
