OBJECTMODELPOINTER=33777c94-e4b9-4947-906f-f84480f3cb99.dev
BASEFAMILY=c63259fc-78b0-411f-9bd0-c1ec8602c123.fam
BLHA=28.30399811,113.43961542,62.139238,477.400140
TRANSFORMMATRIX=0.162987034,0.986628210,0.000031144,0.000000000,-0.986628211,0.162987034,-0.000001584,0.000000000,-0.000006639,-0.000030469,0.999999999,0.000000000,-41.917124176,-193.598348904,40.216444274,1.000000000
ENTITYNAME=Wire_Device
