OBJECTMODELPOINTER=33777c94-e4b9-4947-906f-f84480f3cb99.dev
BASEFAMILY=c6563608-0886-4714-b369-8b224fa038a5.fam
BLHA=28.79669223,113.49966037,193.055862,221.400685
TRANSFORMMATRIX=-0.000020472,-0.999999999,0.000050125,0.000000000,1.000000000,-0.000020472,-0.000001660,0.000000000,0.000001660,0.000050125,0.999999999,0.000000000,11.387093819,319.265886405,17.700334424,1.000000000
ENTITYNAME=Wire_Device
