OBJECTMODELPOINTER=33777c94-e4b9-4947-906f-f84480f3cb99.dev
BASEFAMILY=c663442b-2bbe-4076-98f2-76053a2fb61b.fam
BLHA=28.34583559,113.36246769,78.593273,278.143009
TRANSFORMMATRIX=-0.000000579,-1.000000000,0.000018960,0.000000000,1.000000000,-0.000000579,0.000000090,0.000000000,-0.000000090,0.000018960,1.000000000,0.000000000,-0.661785276,120.408150256,44.668981669,1.000000000
ENTITYNAME=Wire_Device
