OBJECTMODELPOINTER=33777c94-e4b9-4947-906f-f84480f3cb99.dev
BASEFAMILY=c6654654-537e-49a3-a8df-a4939f77cce4.fam
BLHA=28.80679371,113.51083278,186.898436,227.348291
TRANSFORMMATRIX=-0.000007040,-1.000000000,0.000014785,0.000000000,1.000000000,-0.000007040,0.000000103,0.000000000,-0.000000103,0.000014786,1.000000000,0.000000000,-0.412014938,94.113373887,36.663709731,1.000000000
ENTITYNAME=Wire_Device
