OBJECTMODELPOINTER=33777c94-e4b9-4947-906f-f84480f3cb99.dev
BASEFAMILY=c666817a-c26e-4f90-962f-03d563bbf6dd.fam
BLHA=28.31135450,113.43043530,49.303319,335.449580
TRANSFORMMATRIX=0.001565758,-0.999998773,0.000046156,0.000000000,0.999998774,0.001565758,0.000001185,0.000000000,-0.000001257,0.000046154,0.999999999,0.000000000,-8.567719044,294.353639957,45.568162037,1.000000000
ENTITYNAME=Wire_Device
