OBJECTMODELPOINTER=33777c94-e4b9-4947-906f-f84480f3cb99.dev
BASEFAMILY=c6692d61-dde5-4495-8f18-9cde0a89c404.fam
BLHA=28.73433869,113.45386444,142.659000,258.301958
TRANSFORMMATRIX=-0.007944579,-0.999968441,0.000018345,0.000000000,0.999968441,-0.007944579,-0.000001419,0.000000000,0.000001565,0.000018334,1.000000000,0.000000000,10.108318436,116.457954823,15.347616705,1.000000000
ENTITYNAME=Wire_Device
