OBJECTMODELPOINTER=33777c94-e4b9-4947-906f-f84480f3cb99.dev
BASEFAMILY=c671576c-933b-4ba6-b88f-0c67490a15b6.fam
BLHA=28.36995278,113.36656265,67.148041,253.042546
TRANSFORMMATRIX=0.659929731,-0.751327325,0.000000155,0.000000000,0.751327325,0.659929731,0.000001566,0.000000000,-0.000001280,-0.000000918,1.000000000,0.000000000,-8.169196278,-5.838870372,25.472025859,1.000000000
ENTITYNAME=Wire_Device
