OBJECTMODELPOINTER=33777c94-e4b9-4947-906f-f84480f3cb99.dev
BASEFAMILY=c67a1579-5a12-4c7d-ad68-7f21b7231f9f.fam
BLHA=28.26851271,113.48351910,83.112496,355.334735
TRANSFORMMATRIX=-0.001453497,-0.999998943,0.000037796,0.000000000,0.999998944,-0.001453497,0.000001742,0.000000000,-0.000001687,0.000037799,0.999999999,0.000000000,-10.817504070,241.269186959,51.154023005,1.000000000
ENTITYNAME=Wire_Device
