OBJECTMODELPOINTER=33777c94-e4b9-4947-906f-f84480f3cb99.dev
BASEFAMILY=c696e9c9-f354-482d-b25a-ec7be0b76daf.fam
BLHA=28.45588678,113.39517230,249.934153,242.026912
TRANSFORMMATRIX=0.017834422,-0.999840954,0.000032028,0.000000000,0.999840954,0.017834422,-0.000001636,0.000000000,0.000001064,0.000032052,0.999999999,0.000000000,7.223837190,203.786121633,-8.525193408,1.000000000
ENTITYNAME=Wire_Device
