OBJECTMODELPOINTER=33777c94-e4b9-4947-906f-f84480f3cb99.dev
BASEFAMILY=c697cfff-1413-4f75-9dad-4579a9d779d1.fam
BLHA=28.31566161,113.38686189,71.437616,329.270898
TRANSFORMMATRIX=-0.007543512,-0.999971547,0.000026049,0.000000000,0.999971547,-0.007543512,-0.000001376,0.000000000,0.000001572,0.000026038,1.000000000,0.000000000,9.619530142,165.955104834,33.402689870,1.000000000
ENTITYNAME=Wire_Device
