OBJECTMODELPOINTER=33777c94-e4b9-4947-906f-f84480f3cb99.dev
BASEFAMILY=c6b0af39-945f-4a85-a218-3d9cfda875d0.fam
BLHA=28.65774704,113.46158959,182.997853,277.610658
TRANSFORMMATRIX=0.000000424,-1.000000000,0.000015087,0.000000000,1.000000000,0.000000424,-0.000001802,0.000000000,0.000001802,0.000015087,1.000000000,0.000000000,11.438454502,95.806617058,14.252615112,1.000000000
ENTITYNAME=Wire_Device
