ENTITYNAME=WIRE
BASEFAMILY=c6c993fd-17bc-43b4-a392-6c53c523447a.fam
OBJECTMODELPOINTER=81b82497-164d-48c0-b1cb-18fa700dacdf.dev
KVALUE=0.000000
SPLIT=4
POINT0.BLHA=28.63586389,113.46501767,148.650,277.610658
POINT0.MATRIX0=-0.991190922,0.132440763,-0.000000000,0.000000000,-0.132440763,-0.991190922,0.000000000,0.000000000,0.000000000,0.000000000,1.000000000,0.000000000,-11.645032157,0.001223481,36.999996657,1.000000000
POINT0.MATRIX1=-0.991190922,0.132440763,-0.000000000,0.000000000,-0.132440763,-0.991190922,0.000000000,0.000000000,0.000000000,0.000000000,1.000000000,0.000000000,-11.645032157,0.001223481,37.450008864,1.000000000
POINT0.MATRIX2=-0.991190922,0.132440763,-0.000000000,0.000000000,-0.132440763,-0.991190922,0.000000000,0.000000000,0.000000000,0.000000000,1.000000000,0.000000000,-12.095183391,-0.001683755,37.450008865,1.000000000
POINT0.MATRIX3=-0.991190922,0.132440763,-0.000000000,0.000000000,-0.132440763,-0.991190922,0.000000000,0.000000000,0.000000000,0.000000000,1.000000000,0.000000000,-12.095183391,-0.001683755,36.999996658,1.000000000
POINT1.BLHA=28.63586389,113.46501767,148.650,277.610658
POINT1.MATRIX0=-0.991190922,0.132440763,-0.000000000,0.000000000,-0.132440763,-0.991190922,0.000000000,0.000000000,0.000000000,0.000000000,1.000000000,0.000000000,-11.645827866,0.111215026,36.999996658,1.000000000
POINT1.MATRIX1=-0.991190922,0.132440763,-0.000000000,0.000000000,-0.132440763,-0.991190922,0.000000000,0.000000000,0.000000000,0.000000000,1.000000000,0.000000000,-11.645827866,0.111215026,37.450008865,1.000000000
POINT1.MATRIX2=-0.991190922,0.132440763,-0.000000000,0.000000000,-0.132440763,-0.991190922,0.000000000,0.000000000,0.000000000,0.000000000,1.000000000,0.000000000,-12.095979101,0.108307789,37.450008865,1.000000000
POINT1.MATRIX3=-0.991190922,0.132440763,-0.000000000,0.000000000,-0.132440763,-0.991190922,0.000000000,0.000000000,0.000000000,0.000000000,1.000000000,0.000000000,-12.095979101,0.108307789,36.999996658,1.000000000
