ENTITYNAME=WIRE
BASEFAMILY=c72ed3d1-2d16-491a-aa5e-a9ea834db5f5.fam
OBJECTMODELPOINTER=81b82497-164d-48c0-b1cb-18fa700dacdf.dev
KVALUE=0.000375
SPLIT=4
POINT0.BLHA=28.31411764,113.38983103,66.772,527.133635
POINT0.MATRIX0=0.222677850,-0.974892084,0.000000000,0.000000000,0.974892084,0.222677850,-0.000000000,0.000000000,-0.000000000,-0.000000000,1.000000000,0.000000000,-7.545315172,-9.424340293,30.746329404,1.000000000
POINT0.MATRIX1=0.222677850,-0.974892084,0.000000000,0.000000000,0.974892084,0.222677850,-0.000000000,0.000000000,-0.000000000,-0.000000000,1.000000000,0.000000000,-7.322754173,-10.091733041,31.278830625,1.000000000
POINT0.MATRIX2=0.222677850,-0.974892084,0.000000000,0.000000000,0.974892084,0.222677850,-0.000000000,0.000000000,-0.000000000,-0.000000000,1.000000000,0.000000000,-6.847650241,-9.935130968,31.278769589,1.000000000
POINT0.MATRIX3=0.222677850,-0.974892084,0.000000000,0.000000000,0.974892084,0.222677850,-0.000000000,0.000000000,-0.000000000,-0.000000000,1.000000000,0.000000000,-7.068198425,-9.267779323,30.746314145,1.000000000
POINT1.BLHA=28.31435017,113.39267151,117.559,4.996372
POINT1.MATRIX0=0.087092668,0.996200214,0.000000000,0.000000000,-0.996200214,0.087092668,0.000000000,0.000000000,0.000000000,-0.000000000,1.000000000,0.000000000,7.999332675,-0.129773643,40.466971939,1.000000000
POINT1.MATRIX1=0.087092668,0.996200214,0.000000000,0.000000000,-0.996200214,0.087092668,0.000000000,0.000000000,0.000000000,-0.000000000,1.000000000,0.000000000,8.183589630,-0.130197684,40.932075088,1.000000000
POINT1.MATRIX2=0.087092668,0.996200214,0.000000000,0.000000000,-0.996200214,0.087092668,0.000000000,0.000000000,0.000000000,-0.000000000,1.000000000,0.000000000,7.718928256,-0.130256654,41.115607803,1.000000000
POINT1.MATRIX3=0.087092668,0.996200214,0.000000000,0.000000000,-0.996200214,0.087092668,0.000000000,0.000000000,0.000000000,-0.000000000,1.000000000,0.000000000,7.534671300,-0.129832612,40.650504654,1.000000000
