OBJECTMODELPOINTER=33777c94-e4b9-4947-906f-f84480f3cb99.dev
BASEFAMILY=c74d1440-0102-4e92-9a1c-68b316e166e5.fam
BLHA=28.74846038,113.45710577,102.803547,427.264866
TRANSFORMMATRIX=-0.200723831,0.979647867,0.000019901,0.000000000,-0.979647867,-0.200723831,0.000001231,0.000000000,0.000005201,-0.000019248,1.000000000,0.000000000,32.945433891,-122.269314969,5.777296736,1.000000000
ENTITYNAME=Wire_Device
