OBJECTMODELPOINTER=33777c94-e4b9-4947-906f-f84480f3cb99.dev
BASEFAMILY=c767d5ea-512c-4b5c-addd-f3d5cb12c9f0.fam
BLHA=28.28240757,113.45687165,86.867380,340.232800
TRANSFORMMATRIX=-0.001512987,-0.999998855,0.000030316,0.000000000,0.999998855,-0.001512987,-0.000000932,0.000000000,0.000000977,0.000030315,1.000000000,0.000000000,5.889722692,193.377848559,65.727385629,1.000000000
ENTITYNAME=Wire_Device
