OBJECTMODELPOINTER=33777c94-e4b9-4947-906f-f84480f3cb99.dev
BASEFAMILY=c76b90fe-5deb-45eb-9fe7-a40473221e63.fam
BLHA=28.33513056,113.36426418,74.466119,467.201749
TRANSFORMMATRIX=0.630088258,0.776523527,0.000000311,0.000000000,-0.776523527,0.630088258,0.000001310,0.000000000,0.000000821,-0.000001067,1.000000000,0.000000000,5.250172785,-6.788066402,35.645177217,1.000000000
ENTITYNAME=Wire_Device
