OBJECTMODELPOINTER=33777c94-e4b9-4947-906f-f84480f3cb99.dev
BASEFAMILY=c78d36ee-30b5-4fa0-9385-6893a08926c1.fam
BLHA=28.45391595,113.39400228,204.515406,242.026912
TRANSFORMMATRIX=0.002598466,-0.999996622,0.000068401,0.000000000,0.999996624,0.002598466,0.000000273,0.000000000,-0.000000451,0.000068400,0.999999998,0.000000000,-1.939147977,434.842123220,47.411642187,1.000000000
ENTITYNAME=Wire_Device
