OBJECTMODELPOINTER=33777c94-e4b9-4947-906f-f84480f3cb99.dev
BASEFAMILY=c7a8dadc-3a5c-4dfc-b7e8-f227d3808b9b.fam
BLHA=28.31510010,113.40690744,78.265120,0.896163
TRANSFORMMATRIX=-0.002095272,-0.999997805,0.000015956,0.000000000,0.999997805,-0.002095272,0.000001677,0.000000000,-0.000001644,0.000015960,1.000000000,0.000000000,-10.430055631,101.869876408,44.556779027,1.000000000
ENTITYNAME=Wire_Device
