OBJECTMODELPOINTER=33777c94-e4b9-4947-906f-f84480f3cb99.dev
BASEFAMILY=c7afb766-b516-4e10-aa42-f7c132a65056.fam
BLHA=28.81363020,113.51792493,127.559863,396.804576
TRANSFORMMATRIX=-0.180709076,0.983536593,0.000017802,0.000000000,-0.983536593,-0.180709076,0.000000295,0.000000000,0.000003507,-0.000017455,1.000000000,0.000000000,22.038340995,-111.160533957,27.827353443,1.000000000
ENTITYNAME=Wire_Device
