OBJECTMODELPOINTER=33777c94-e4b9-4947-906f-f84480f3cb99.dev
BASEFAMILY=c7d422fe-db80-406d-a5bb-f5a5cc3bc050.fam
BLHA=28.39175425,113.36683981,143.500019,249.667673
TRANSFORMMATRIX=-0.000003484,-1.000000000,0.000015668,0.000000000,1.000000000,-0.000003484,0.000000113,0.000000000,-0.000000113,0.000015668,1.000000000,0.000000000,-0.548982043,99.552236598,32.842061695,1.000000000
ENTITYNAME=Wire_Device
