OBJECTMODELPOINTER=33777c94-e4b9-4947-906f-f84480f3cb99.dev
BASEFAMILY=c80dcc76-b333-4b07-85ef-baf98e1492eb.fam
BLHA=28.31435017,113.39267151,117.559440,4.996372
TRANSFORMMATRIX=0.000006656,-1.000000000,0.000016107,0.000000000,1.000000000,0.000006656,0.000001224,0.000000000,-0.000001224,0.000016107,1.000000000,0.000000000,-7.726459668,102.803486632,49.715259244,1.000000000
ENTITYNAME=Wire_Device
