OBJECTMODELPOINTER=33777c94-e4b9-4947-906f-f84480f3cb99.dev
BASEFAMILY=c81c6498-a5dd-46dd-a022-e3339c17fd5b.fam
BLHA=28.31294059,113.42646212,52.368358,335.449580
TRANSFORMMATRIX=0.000003893,-1.000000000,0.000005372,0.000000000,1.000000000,0.000003893,0.000001191,0.000000000,-0.000001191,0.000005372,1.000000000,0.000000000,-7.635528853,34.273406505,34.928581491,1.000000000
ENTITYNAME=Wire_Device
