OBJECTMODELPOINTER=33777c94-e4b9-4947-906f-f84480f3cb99.dev
BASEFAMILY=c81d7842-6bab-47c9-9a14-42906fcc5cc0.fam
BLHA=28.71274605,113.45447194,199.234978,264.887951
TRANSFORMMATRIX=0.002797903,-0.999996086,0.000005423,0.000000000,0.999996086,0.002797903,0.000000027,0.000000000,-0.000000042,0.000005422,1.000000000,0.000000000,-0.253294561,34.436789673,26.882941302,1.000000000
ENTITYNAME=Wire_Device
