OBJECTMODELPOINTER=33777c94-e4b9-4947-906f-f84480f3cb99.dev
BASEFAMILY=c81e0c81-b128-492d-aece-441ec193b713.fam
BLHA=28.37691435,113.36420413,70.521818,286.379084
TRANSFORMMATRIX=0.000001425,-1.000000000,0.000005113,0.000000000,1.000000000,0.000001425,-0.000001841,0.000000000,0.000001841,0.000005114,1.000000000,0.000000000,11.698229302,32.464120135,36.757687661,1.000000000
ENTITYNAME=Wire_Device
