ENTITYNAME=WIRE
BASEFAMILY=c834ceb9-67c8-4442-a17f-382249bebbe6.fam
OBJECTMODELPOINTER=31970f28-780e-4bf1-8adb-439f78c329a3.dev
KVALUE=0.000239
SPLIT=1
POINT0.BLHA=28.77621013,113.47796265,180.198,236.227775
POINT0.MATRIX0=-0.831254041,-0.555892723,-0.000000000,0.000000000,0.555892723,-0.831254041,-0.000000000,0.000000000,0.000000000,0.000000000,1.000000000,0.000000000,-11.319931034,0.309589967,63.558004552,1.000000000
POINT1.BLHA=28.77401473,113.47631208,189.623,236.227775
POINT1.MATRIX0=-0.831254041,-0.555892723,0.000000000,0.000000000,0.555892723,-0.831254041,-0.000000000,0.000000000,-0.000000000,-0.000000000,1.000000000,0.000000000,-9.869651072,-0.310216800,54.558005973,1.000000000
