ENTITYNAME=WIRE
BASEFAMILY=c83570ef-f19e-423e-91f8-1d68357f2cf3.fam
OBJECTMODELPOINTER=81b82497-164d-48c0-b1cb-18fa700dacdf.dev
KVALUE=0.000000
SPLIT=4
POINT0.BLHA=28.50885387,113.46090739,244.702,210.734491
POINT0.MATRIX0=-0.511060437,-0.859544780,0.000000000,0.000000000,0.859544780,-0.511060437,0.000000000,0.000000000,0.000000000,-0.000000000,1.000000000,0.000000000,-11.644984458,0.480034928,43.741100840,1.000000000
POINT0.MATRIX1=-0.511060437,-0.859544780,0.000000000,0.000000000,0.859544780,-0.511060437,0.000000000,0.000000000,0.000000000,-0.000000000,1.000000000,0.000000000,-11.644984458,0.480034928,44.191101602,1.000000000
POINT0.MATRIX2=-0.511060437,-0.859544780,0.000000000,0.000000000,0.859544780,-0.511060437,0.000000000,0.000000000,0.000000000,-0.000000000,1.000000000,0.000000000,-12.094920458,0.479993072,44.191101602,1.000000000
POINT0.MATRIX3=-0.511060437,-0.859544780,0.000000000,0.000000000,0.859544780,-0.511060437,0.000000000,0.000000000,0.000000000,-0.000000000,1.000000000,0.000000000,-12.094920459,0.479993073,43.741100840,1.000000000
POINT1.BLHA=28.50885387,113.46090739,244.702,210.734491
POINT1.MATRIX0=-0.511060437,-0.859544780,0.000000000,0.000000000,0.859544780,-0.511060437,0.000000000,0.000000000,0.000000000,-0.000000000,1.000000000,0.000000000,-11.644984486,0.600034933,43.741100840,1.000000000
POINT1.MATRIX1=-0.511060437,-0.859544780,0.000000000,0.000000000,0.859544780,-0.511060437,0.000000000,0.000000000,0.000000000,-0.000000000,1.000000000,0.000000000,-11.644984486,0.600034933,44.191101603,1.000000000
POINT1.MATRIX2=-0.511060437,-0.859544780,0.000000000,0.000000000,0.859544780,-0.511060437,0.000000000,0.000000000,0.000000000,-0.000000000,1.000000000,0.000000000,-12.094920487,0.599993075,44.191101603,1.000000000
POINT1.MATRIX3=-0.511060437,-0.859544780,0.000000000,0.000000000,0.859544780,-0.511060437,0.000000000,0.000000000,0.000000000,-0.000000000,1.000000000,0.000000000,-12.094920488,0.599993075,43.741100841,1.000000000
