OBJECTMODELPOINTER=33777c94-e4b9-4947-906f-f84480f3cb99.dev
BASEFAMILY=c852afb0-8277-4e9e-986d-eeb99e868597.fam
BLHA=28.28492071,113.44885804,59.682173,504.180323
TRANSFORMMATRIX=-0.418112134,0.908395423,0.000000056,0.000000000,-0.908395423,-0.418112134,-0.000001502,0.000000000,-0.000001341,-0.000000679,1.000000000,0.000000000,-8.516910847,-4.305977609,54.606452544,1.000000000
ENTITYNAME=Wire_Device
