ENTITYNAME=WIRE
BASEFAMILY=c8549e1b-b4c2-4563-bb5c-835fdcab9761.fam
OBJECTMODELPOINTER=31970f28-780e-4bf1-8adb-439f78c329a3.dev
KVALUE=0.000235
SPLIT=1
POINT0.BLHA=28.27407839,113.47004129,94.945,312.669055
POINT0.MATRIX0=-0.735280751,0.677762655,0.000000000,0.000000000,-0.677762655,-0.735280751,0.000000000,0.000000000,0.000000000,0.000000000,1.000000000,0.000000000,-10.800393362,0.309671731,69.558001466,1.000000000
POINT1.BLHA=28.27160371,113.47264060,64.951,312.669055
POINT1.MATRIX0=-0.735280751,0.677762655,-0.000000000,0.000000000,-0.677762655,-0.735280751,-0.000000000,0.000000000,-0.000000000,0.000000000,1.000000000,0.000000000,-11.499651075,-0.309545615,78.657998404,1.000000000
