OBJECTMODELPOINTER=33777c94-e4b9-4947-906f-f84480f3cb99.dev
BASEFAMILY=c86d744b-cde1-4749-8196-c5057ab9022d.fam
BLHA=28.55813742,113.50479443,276.608256,304.990571
TRANSFORMMATRIX=-0.000930570,-0.999999564,0.000074850,0.000000000,0.999999567,-0.000930570,-0.000001965,0.000000000,0.000002035,0.000074849,0.999999997,0.000000000,11.806687574,476.094254793,59.684333801,1.000000000
ENTITYNAME=Wire_Device
