OBJECTMODELPOINTER=33777c94-e4b9-4947-906f-f84480f3cb99.dev
BASEFAMILY=c8764043-61ed-4afa-8198-0d188cf5be65.fam
BLHA=28.32854622,113.36798434,68.151851,482.460958
TRANSFORMMATRIX=-0.105593470,0.994409381,0.000054363,0.000000000,-0.994409382,-0.105593471,0.000001301,0.000000000,0.000007033,-0.000053922,0.999999999,0.000000000,45.638734035,-343.018032844,15.360278970,1.000000000
ENTITYNAME=Wire_Device
