ENTITYNAME=WIRE
BASEFAMILY=c885f28a-a5f1-4209-9195-0ff9f6acec0a.fam
OBJECTMODELPOINTER=81b82497-164d-48c0-b1cb-18fa700dacdf.dev
KVALUE=0.094413
SPLIT=4
POINT0.BLHA=28.31534552,113.42043692,48.734,348.172871
POINT0.MATRIX0=-0.204959508,0.978770453,-0.000000000,0.000000000,-0.978770453,-0.204959508,-0.000000000,0.000000000,0.000000000,0.000000000,1.000000000,0.000000000,-12.190299286,0.000885941,42.789999162,1.000000000
POINT0.MATRIX1=-0.204959508,0.978770453,-0.000000000,0.000000000,-0.978770453,-0.204959508,-0.000000000,0.000000000,0.000000000,0.000000000,1.000000000,0.000000000,-12.190299286,0.000885941,43.239999150,1.000000000
POINT0.MATRIX2=-0.204959508,0.978770453,-0.000000000,0.000000000,-0.978770453,-0.204959508,-0.000000000,0.000000000,0.000000000,0.000000000,1.000000000,0.000000000,-12.640299261,0.000885674,43.239999149,1.000000000
POINT0.MATRIX3=-0.204959508,0.978770453,-0.000000000,0.000000000,-0.978770453,-0.204959508,-0.000000000,0.000000000,0.000000000,0.000000000,1.000000000,0.000000000,-12.640299261,0.000885674,42.789999162,1.000000000
POINT1.BLHA=28.31534552,113.42043692,48.734,348.172871
POINT1.MATRIX0=-0.204959508,0.978770453,-0.000000000,0.000000000,-0.978770453,-0.204959508,-0.000000000,0.000000000,0.000000000,0.000000000,1.000000000,0.000000000,-9.781524192,8.552116925,45.813880537,1.000000000
POINT1.MATRIX1=-0.204959508,0.978770453,-0.000000000,0.000000000,-0.978770453,-0.204959508,-0.000000000,0.000000000,0.000000000,0.000000000,1.000000000,0.000000000,-9.573854661,9.310703487,46.255255793,1.000000000
POINT1.MATRIX2=-0.204959508,0.978770453,-0.000000000,0.000000000,-0.978770453,-0.204959508,-0.000000000,0.000000000,0.000000000,0.000000000,1.000000000,0.000000000,-10.060443552,9.423573731,46.255255793,1.000000000
POINT1.MATRIX3=-0.204959508,0.978770453,-0.000000000,0.000000000,-0.978770453,-0.204959508,-0.000000000,0.000000000,0.000000000,0.000000000,1.000000000,0.000000000,-10.271886482,8.663947562,45.813865280,1.000000000
