OBJECTMODELPOINTER=33777c94-e4b9-4947-906f-f84480f3cb99.dev
BASEFAMILY=c896d7d2-6ffd-4e81-b2ed-cd6d69f96301.fam
BLHA=28.32854622,113.36798434,68.151851,482.460958
TRANSFORMMATRIX=-0.033769574,0.999429645,0.000000735,0.000000000,-0.999429645,-0.033769574,0.000001224,0.000000000,0.000001247,-0.000000693,1.000000000,0.000000000,7.964070139,-4.425766873,25.282870708,1.000000000
ENTITYNAME=Wire_Device
