OBJECTMODELPOINTER=33777c94-e4b9-4947-906f-f84480f3cb99.dev
BASEFAMILY=c8bf1e46-ffe8-4e9a-ac20-b2342b5f65f7.fam
BLHA=28.77096466,113.47401910,153.559218,236.227775
TRANSFORMMATRIX=-0.001746803,-0.999998473,0.000059981,0.000000000,0.999998474,-0.001746803,-0.000001589,0.000000000,0.000001693,0.000059978,0.999999998,0.000000000,11.703383659,381.517959081,3.445126744,1.000000000
ENTITYNAME=Wire_Device
