OBJECTMODELPOINTER=33777c94-e4b9-4947-906f-f84480f3cb99.dev
BASEFAMILY=c8c390d0-d1ed-44ac-a3c5-08086e8d5545.fam
BLHA=28.51174980,113.46636581,279.463297,210.734491
TRANSFORMMATRIX=0.007008424,-0.999975440,0.000049604,0.000000000,0.999975441,0.007008424,0.000001515,0.000000000,-0.000001862,0.000049592,0.999999999,0.000000000,-11.121312720,316.104861814,-16.298893666,1.000000000
ENTITYNAME=Wire_Device
