ENTITYNAME=WIRE
BASEFAMILY=c8dabeee-731d-4ac6-93ac-cbc0df19e91e.fam
OBJECTMODELPOINTER=81b82497-164d-48c0-b1cb-18fa700dacdf.dev
KVALUE=0.000376
SPLIT=4
POINT0.BLHA=28.31523299,113.41422428,48.000,0.896163
POINT0.MATRIX0=0.015640353,0.999877682,-0.000000000,0.000000000,-0.999877682,0.015640353,-0.000000000,0.000000000,-0.000000000,-0.000000000,1.000000000,0.000000000,-6.588461947,0.129993178,58.366735230,1.000000000
POINT0.MATRIX1=0.015640353,0.999877682,-0.000000000,0.000000000,-0.999877682,0.015640353,-0.000000000,0.000000000,-0.000000000,-0.000000000,1.000000000,0.000000000,-6.402891946,0.130020487,58.830587159,1.000000000
POINT0.MATRIX2=0.015640353,0.999877682,-0.000000000,0.000000000,-0.999877682,0.015640353,-0.000000000,0.000000000,-0.000000000,-0.000000000,1.000000000,0.000000000,-6.865836686,0.130181049,59.017247924,1.000000000
POINT0.MATRIX3=0.015640353,0.999877682,-0.000000000,0.000000000,-0.999877682,0.015640353,-0.000000000,0.000000000,-0.000000000,-0.000000000,1.000000000,0.000000000,-7.053359573,0.130184286,58.553395995,1.000000000
POINT1.BLHA=28.31529425,113.41760444,47.126,0.896163
POINT1.MATRIX0=0.015640353,0.999877682,0.000000000,0.000000000,-0.999877682,0.015640353,0.000000000,0.000000000,0.000000000,-0.000000000,1.000000000,0.000000000,-6.587833886,-0.130140286,55.366731639,1.000000000
POINT1.MATRIX1=0.015640353,0.999877682,0.000000000,0.000000000,-0.999877682,0.015640353,0.000000000,0.000000000,0.000000000,-0.000000000,1.000000000,0.000000000,-6.402263885,-0.130112976,55.830583567,1.000000000
POINT1.MATRIX2=0.015640353,0.999877682,0.000000000,0.000000000,-0.999877682,0.015640353,0.000000000,0.000000000,0.000000000,-0.000000000,1.000000000,0.000000000,-6.865208624,-0.129952416,56.017244334,1.000000000
POINT1.MATRIX3=0.015640353,0.999877682,0.000000000,0.000000000,-0.999877682,0.015640353,0.000000000,0.000000000,0.000000000,-0.000000000,1.000000000,0.000000000,-7.052731511,-0.129949178,55.553392406,1.000000000
