OBJECTMODELPOINTER=33777c94-e4b9-4947-906f-f84480f3cb99.dev
BASEFAMILY=c8de0591-1682-488a-bcbf-e6a82f06cfef.fam
BLHA=28.31502906,113.40300484,68.016258,0.896163
TRANSFORMMATRIX=0.001756317,-0.999998458,0.000014400,0.000000000,0.999998458,0.001756317,0.000001565,0.000000000,-0.000001590,0.000014397,1.000000000,0.000000000,-10.089790724,91.898781653,45.728361375,1.000000000
ENTITYNAME=Wire_Device
