OBJECTMODELPOINTER=33777c94-e4b9-4947-906f-f84480f3cb99.dev
BASEFAMILY=c8f145df-a559-4bcf-9c3c-fe8e5425e028.fam
BLHA=28.64279778,113.46393161,145.776199,277.610658
TRANSFORMMATRIX=-0.005766468,-0.999983374,0.000014293,0.000000000,0.999983374,-0.005766468,-0.000001805,0.000000000,0.000001888,0.000014283,1.000000000,0.000000000,11.985135134,90.700836530,29.694222203,1.000000000
ENTITYNAME=Wire_Device
