OBJECTMODELPOINTER=33777c94-e4b9-4947-906f-f84480f3cb99.dev
BASEFAMILY=c8fed48e-95f5-4c39-9a36-631724dfe8b9.fam
BLHA=28.79327466,113.49529712,200.216421,221.400685
TRANSFORMMATRIX=-0.000017114,-0.999999999,0.000039983,0.000000000,1.000000000,-0.000017114,0.000002273,0.000000000,-0.000002272,0.000039983,0.999999999,0.000000000,-13.810133924,254.612675730,7.300650181,1.000000000
ENTITYNAME=Wire_Device
