OBJECTMODELPOINTER=33777c94-e4b9-4947-906f-f84480f3cb99.dev
BASEFAMILY=c9041b69-885b-4507-a07d-7f4f7a91ae19.fam
BLHA=28.40337100,113.37122865,129.378598,254.006183
TRANSFORMMATRIX=0.012029133,-0.999927646,0.000060212,0.000000000,0.999927647,0.012029133,-0.000001695,0.000000000,0.000000970,0.000060228,0.999999998,0.000000000,6.718320471,382.612282916,54.327035015,1.000000000
ENTITYNAME=Wire_Device
