OBJECTMODELPOINTER=33777c94-e4b9-4947-906f-f84480f3cb99.dev
BASEFAMILY=c9391ef3-7c46-4753-b833-2a44854450dc.fam
BLHA=28.48698475,113.42051247,234.671308,224.957371
TRANSFORMMATRIX=0.014376713,-0.999896650,0.000005607,0.000000000,0.999896650,0.014376713,-0.000001824,0.000000000,0.000001743,0.000005633,1.000000000,0.000000000,11.193578507,35.893590384,36.237378105,1.000000000
ENTITYNAME=Wire_Device
