OBJECTMODELPOINTER=33777c94-e4b9-4947-906f-f84480f3cb99.dev
BASEFAMILY=c945669f-c387-4205-90ec-ec37d30b72b5.fam
BLHA=28.62257154,113.46619683,208.116407,273.436520
TRANSFORMMATRIX=0.000000510,-1.000000000,0.000019209,0.000000000,1.000000000,0.000000510,-0.000001915,0.000000000,0.000001915,0.000019209,1.000000000,0.000000000,12.185765775,121.978857887,18.725745853,1.000000000
ENTITYNAME=Wire_Device
