OBJECTMODELPOINTER=33777c94-e4b9-4947-906f-f84480f3cb99.dev
BASEFAMILY=c94b5926-8ffa-4e8a-9463-e2295b4006d0.fam
BLHA=28.64054809,113.46428400,121.846877,277.610658
TRANSFORMMATRIX=0.000004321,-0.999999998,0.000066008,0.000000000,1.000000000,0.000004321,0.000000249,0.000000000,-0.000000249,0.000066008,0.999999998,0.000000000,-1.878414545,419.206607930,45.933248848,1.000000000
ENTITYNAME=Wire_Device
