ENTITYNAME=WIRE
BASEFAMILY=c958c633-cc0e-4cac-9229-f47f262602b7.fam
OBJECTMODELPOINTER=81b82497-164d-48c0-b1cb-18fa700dacdf.dev
KVALUE=0.000367
SPLIT=4
POINT0.BLHA=28.63009153,113.46564681,168.256,273.436520
POINT0.MATRIX0=-0.998201823,0.059942640,0.000000000,0.000000000,-0.059942640,-0.998201823,-0.000000000,0.000000000,0.000000000,-0.000000000,1.000000000,0.000000000,14.174201531,0.110914354,46.000001571,1.000000000
POINT0.MATRIX1=-0.998201823,0.059942640,0.000000000,0.000000000,-0.059942640,-0.998201823,-0.000000000,0.000000000,0.000000000,-0.000000000,1.000000000,0.000000000,14.174201531,0.110914354,46.449998519,1.000000000
POINT0.MATRIX2=-0.998201823,0.059942640,0.000000000,0.000000000,-0.059942640,-0.998201823,-0.000000000,0.000000000,0.000000000,-0.000000000,1.000000000,0.000000000,13.724034423,0.108597518,46.449998518,1.000000000
POINT0.MATRIX3=-0.998201823,0.059942640,0.000000000,0.000000000,-0.059942640,-0.998201823,-0.000000000,0.000000000,0.000000000,-0.000000000,1.000000000,0.000000000,13.724034424,0.108597518,46.000001570,1.000000000
POINT1.BLHA=28.62772353,113.46582002,199.213,273.436520
POINT1.MATRIX0=-0.998201823,0.059942640,-0.000000000,0.000000000,-0.059942640,-0.998201823,-0.000000000,0.000000000,-0.000000000,-0.000000000,1.000000000,0.000000000,12.094802604,-0.111103077,33.999998811,1.000000000
POINT1.MATRIX1=-0.998201823,0.059942640,-0.000000000,0.000000000,-0.059942640,-0.998201823,-0.000000000,0.000000000,-0.000000000,-0.000000000,1.000000000,0.000000000,12.094802604,-0.111103077,34.449995759,1.000000000
POINT1.MATRIX2=-0.998201823,0.059942640,-0.000000000,0.000000000,-0.059942640,-0.998201823,-0.000000000,0.000000000,-0.000000000,-0.000000000,1.000000000,0.000000000,11.644869648,-0.109520687,34.449995760,1.000000000
POINT1.MATRIX3=-0.998201823,0.059942640,-0.000000000,0.000000000,-0.059942640,-0.998201823,-0.000000000,0.000000000,-0.000000000,-0.000000000,1.000000000,0.000000000,11.644869648,-0.109520687,33.999998812,1.000000000
