OBJECTMODELPOINTER=33777c94-e4b9-4947-906f-f84480f3cb99.dev
BASEFAMILY=c967551d-50e2-4d01-af80-e4b86d0076b2.fam
BLHA=28.74269478,113.45578230,73.560853,258.301958
TRANSFORMMATRIX=-0.000002543,-1.000000000,0.000028792,0.000000000,1.000000000,-0.000002543,0.000002248,0.000000000,-0.000002247,0.000028792,1.000000000,0.000000000,-14.155070954,182.862065532,45.180110278,1.000000000
ENTITYNAME=Wire_Device
