OBJECTMODELPOINTER=33777c94-e4b9-4947-906f-f84480f3cb99.dev
BASEFAMILY=c974aa25-fb5a-41b9-b0c3-c95e7c5143a0.fam
BLHA=28.60573334,113.47075261,228.044876,294.633001
TRANSFORMMATRIX=-0.001834428,-0.999998317,0.000004422,0.000000000,0.999998317,-0.001834428,0.000002007,0.000000000,-0.000001999,0.000004426,1.000000000,0.000000000,-12.803292736,28.156779645,36.849354281,1.000000000
ENTITYNAME=Wire_Device
