OBJECTMODELPOINTER=33777c94-e4b9-4947-906f-f84480f3cb99.dev
BASEFAMILY=c9789c0a-8c65-411f-ad2b-89f1d49673ca.fam
BLHA=28.65774704,113.46158959,182.997853,277.610658
TRANSFORMMATRIX=0.000002698,-1.000000000,0.000026362,0.000000000,1.000000000,0.000002698,0.000001960,0.000000000,-0.000001960,0.000026362,1.000000000,0.000000000,-12.624692671,167.432730929,8.243634546,1.000000000
ENTITYNAME=Wire_Device
