OBJECTMODELPOINTER=33777c94-e4b9-4947-906f-f84480f3cb99.dev
BASEFAMILY=c97a0780-643a-41d1-970f-4c18fc440164.fam
BLHA=28.60189794,113.47276867,201.465001,294.633001
TRANSFORMMATRIX=-0.006082971,-0.999981498,0.000032256,0.000000000,0.999981499,-0.006082971,-0.000001782,0.000000000,0.000001978,0.000032244,0.999999999,0.000000000,12.214571252,204.924045157,35.150855640,1.000000000
ENTITYNAME=Wire_Device
