ENTITYNAME=WIRE
BASEFAMILY=c9900e5b-c609-459b-bd6a-10eb1095107e.fam
OBJECTMODELPOINTER=31970f28-780e-4bf1-8adb-439f78c329a3.dev
KVALUE=0.000240
SPLIT=1
POINT0.BLHA=28.44311633,113.38759173,262.560,242.026912
POINT0.MATRIX0=-0.883168008,-0.469056788,-0.000000000,0.000000000,0.469056788,-0.883168008,-0.000000000,0.000000000,0.000000000,0.000000000,1.000000000,0.000000000,-9.870112504,0.620208550,54.557999848,1.000000000
POINT1.BLHA=28.44044510,113.38600635,302.502,242.026912
POINT1.MATRIX0=-0.883168008,-0.469056788,0.000000000,0.000000000,0.469056788,-0.883168008,0.000000000,0.000000000,0.000000000,0.000000000,1.000000000,0.000000000,-9.869613032,-0.620126695,45.557998823,1.000000000
