OBJECTMODELPOINTER=33777c94-e4b9-4947-906f-f84480f3cb99.dev
BASEFAMILY=c9a466d3-1a02-49d2-b49c-34d01baff68a.fam
BLHA=28.31135450,113.43043530,49.303319,335.449580
TRANSFORMMATRIX=-0.004978346,-0.999987607,0.000029995,0.000000000,0.999987608,-0.004978346,-0.000001367,0.000000000,0.000001516,0.000029987,1.000000000,0.000000000,9.263027440,191.219266897,32.592044151,1.000000000
ENTITYNAME=Wire_Device
