OBJECTMODELPOINTER=33777c94-e4b9-4947-906f-f84480f3cb99.dev
BASEFAMILY=c9aa3e66-fdbd-4257-b5e0-34a47f482d51.fam
BLHA=28.26827851,113.48694026,97.359750,314.005848
TRANSFORMMATRIX=-0.707587784,-0.706625451,-0.000000471,0.000000000,0.706625451,-0.707587784,0.000001160,0.000000000,-0.000001152,0.000000489,1.000000000,0.000000000,-7.349527490,3.129894484,53.910073482,1.000000000
ENTITYNAME=Wire_Device
