OBJECTMODELPOINTER=33777c94-e4b9-4947-906f-f84480f3cb99.dev
BASEFAMILY=c9ba7fc6-dc10-482a-93ca-e2e86bfd1919.fam
BLHA=28.51174980,113.46636581,279.463297,210.734491
TRANSFORMMATRIX=0.000007877,-1.000000000,-0.000000048,0.000000000,1.000000000,0.000007877,-0.000001180,0.000000000,0.000001180,-0.000000047,1.000000000,0.000000000,7.501413936,-0.286155966,37.422533273,1.000000000
ENTITYNAME=Wire_Device
