OBJECTMODELPOINTER=33777c94-e4b9-4947-906f-f84480f3cb99.dev
BASEFAMILY=c9c5ad02-d42b-4834-8367-306733cb973c.fam
BLHA=28.59525170,113.47626182,222.708449,294.633001
TRANSFORMMATRIX=-0.009248662,-0.999957230,0.000005196,0.000000000,0.999957230,-0.009248662,0.000002009,0.000000000,-0.000001961,0.000005214,1.000000000,0.000000000,-12.569644122,33.165192958,33.141000957,1.000000000
ENTITYNAME=Wire_Device
