ENTITYNAME=WIRE
BASEFAMILY=c9d60c0b-6820-4415-b8ef-8ba2057650d5.fam
OBJECTMODELPOINTER=81b82497-164d-48c0-b1cb-18fa700dacdf.dev
KVALUE=0.000372
SPLIT=4
POINT0.BLHA=28.33513056,113.36426418,74.466,467.201749
POINT0.MATRIX0=0.955269333,-0.295737218,0.000000000,0.000000000,0.295737218,0.955269333,0.000000000,0.000000000,-0.000000000,-0.000000000,1.000000000,0.000000000,2.659725405,-10.512071310,35.144082765,1.000000000
POINT0.MATRIX1=0.955269333,-0.295737218,0.000000000,0.000000000,0.295737218,0.955269333,0.000000000,0.000000000,-0.000000000,-0.000000000,1.000000000,0.000000000,2.394219315,-9.865570359,35.684289675,1.000000000
POINT0.MATRIX2=0.955269333,-0.295737218,0.000000000,0.000000000,0.295737218,0.955269333,0.000000000,0.000000000,-0.000000000,-0.000000000,1.000000000,0.000000000,2.860159087,-9.821717001,35.861825685,1.000000000
POINT0.MATRIX3=0.955269333,-0.295737218,0.000000000,0.000000000,0.295737218,0.955269333,0.000000000,0.000000000,-0.000000000,-0.000000000,1.000000000,0.000000000,3.125087566,-10.470083713,35.321603518,1.000000000
POINT1.BLHA=28.33182616,113.36613124,59.967,296.260490
POINT1.MATRIX0=-0.896791752,0.442452882,-0.000000000,0.000000000,-0.442452882,-0.896791752,-0.000000000,0.000000000,0.000000000,-0.000000000,1.000000000,0.000000000,0.180637913,-0.119577093,43.762681341,1.000000000
POINT1.MATRIX1=-0.896791752,0.442452882,-0.000000000,0.000000000,-0.442452882,-0.896791752,-0.000000000,0.000000000,0.000000000,-0.000000000,1.000000000,0.000000000,0.217327528,-0.120255540,44.211137150,1.000000000
POINT1.MATRIX2=-0.896791752,0.442452882,-0.000000000,0.000000000,-0.442452882,-0.896791752,-0.000000000,0.000000000,0.000000000,-0.000000000,1.000000000,0.000000000,-0.231198053,-0.121111162,44.248399113,1.000000000
POINT1.MATRIX3=-0.896791752,0.442452882,-0.000000000,0.000000000,-0.442452882,-0.896791752,-0.000000000,0.000000000,0.000000000,-0.000000000,1.000000000,0.000000000,-0.268325554,-0.120216673,43.799958562,1.000000000
