ENTITYNAME=WIRE
BASEFAMILY=c9dc87be-fce6-4b05-b2b8-75ccd77332cc.fam
OBJECTMODELPOINTER=81b82497-164d-48c0-b1cb-18fa700dacdf.dev
KVALUE=0.135403
SPLIT=4
POINT0.BLHA=28.49878841,113.43376617,260.860,392.604520
POINT0.MATRIX0=0.538837238,0.842409895,0.000000000,0.000000000,-0.842409895,0.538837238,-0.000000000,0.000000000,0.000000000,-0.000000000,1.000000000,0.000000000,3.366320779,9.161589991,35.602733855,1.000000000
POINT0.MATRIX1=0.538837238,0.842409895,0.000000000,0.000000000,-0.842409895,0.538837238,-0.000000000,0.000000000,0.000000000,-0.000000000,1.000000000,0.000000000,3.560165863,9.196416401,36.062259932,1.000000000
POINT0.MATRIX2=0.538837238,0.842409895,0.000000000,0.000000000,-0.842409895,0.538837238,-0.000000000,0.000000000,0.000000000,-0.000000000,1.000000000,0.000000000,3.255264829,10.040702803,36.165376712,1.000000000
POINT0.MATRIX3=0.538837238,0.842409895,0.000000000,0.000000000,-0.842409895,0.538837238,-0.000000000,0.000000000,0.000000000,-0.000000000,1.000000000,0.000000000,3.061419745,10.005876392,35.705850660,1.000000000
POINT1.BLHA=28.49878841,113.43376617,260.860,392.604520
POINT1.MATRIX0=0.538837238,0.842409895,0.000000000,0.000000000,-0.842409895,0.538837238,-0.000000000,0.000000000,0.000000000,-0.000000000,1.000000000,0.000000000,7.274974714,4.000967021,38.789999683,1.000000000
POINT1.MATRIX1=0.538837238,0.842409895,0.000000000,0.000000000,-0.842409895,0.538837238,-0.000000000,0.000000000,0.000000000,-0.000000000,1.000000000,0.000000000,7.274974714,4.000967021,39.239999731,1.000000000
POINT1.MATRIX2=0.538837238,0.842409895,0.000000000,0.000000000,-0.842409895,0.538837238,-0.000000000,0.000000000,0.000000000,-0.000000000,1.000000000,0.000000000,7.724974829,4.000966952,39.239999731,1.000000000
POINT1.MATRIX3=0.538837238,0.842409895,0.000000000,0.000000000,-0.842409895,0.538837238,-0.000000000,0.000000000,0.000000000,-0.000000000,1.000000000,0.000000000,7.724974829,4.000966952,38.789999684,1.000000000
