OBJECTMODELPOINTER=33777c94-e4b9-4947-906f-f84480f3cb99.dev
BASEFAMILY=c9f41a6b-bb13-4a23-836b-15692d685c64.fam
BLHA=28.68698006,113.45743042,187.111712,277.425083
TRANSFORMMATRIX=0.010619060,-0.999943616,0.000026739,0.000000000,0.999943616,0.010619060,-0.000001758,0.000000000,0.000001474,0.000026756,1.000000000,0.000000000,9.295994156,169.920282391,13.081180268,1.000000000
ENTITYNAME=Wire_Device
