OBJECTMODELPOINTER=33777c94-e4b9-4947-906f-f84480f3cb99.dev
BASEFAMILY=c9fdd600-c686-41b8-8a40-e0441400ca9e.fam
BLHA=28.77621013,113.47796265,180.198107,236.227775
TRANSFORMMATRIX=-0.000004498,-1.000000000,0.000005521,0.000000000,1.000000000,-0.000004498,0.000000041,0.000000000,-0.000000041,0.000005521,1.000000000,0.000000000,-0.179551829,35.115257827,50.365100809,1.000000000
ENTITYNAME=Wire_Device
