OBJECTMODELPOINTER=33777c94-e4b9-4947-906f-f84480f3cb99.dev
BASEFAMILY=ca04ecc3-8ece-4f12-b0a0-4398b0bcea96.fam
BLHA=28.50709200,113.45758686,253.896568,210.734491
TRANSFORMMATRIX=-0.005257154,-0.999986181,0.000004432,0.000000000,0.999986181,-0.005257154,0.000000034,0.000000000,-0.000000011,0.000004432,1.000000000,0.000000000,-0.004940723,28.251766496,43.406257759,1.000000000
ENTITYNAME=Wire_Device
