OBJECTMODELPOINTER=33777c94-e4b9-4947-906f-f84480f3cb99.dev
BASEFAMILY=ca04ad86-5240-4376-b85e-53ad7dcb9c4e.fam
BLHA=28.32292443,113.37625760,67.775568,311.415680
TRANSFORMMATRIX=-0.003204957,-0.999994863,0.000057348,0.000000000,0.999994864,-0.003204957,-0.000001002,0.000000000,0.000001186,0.000057345,0.999999998,0.000000000,6.608875849,364.942075587,11.238236791,1.000000000
ENTITYNAME=Wire_Device
