OBJECTMODELPOINTER=33777c94-e4b9-4947-906f-f84480f3cb99.dev
BASEFAMILY=ca11a969-91b1-4cd6-93f2-e54a26856972.fam
BLHA=28.57663112,113.48588937,251.356728,312.996987
TRANSFORMMATRIX=0.000002420,-1.000000000,0.000005763,0.000000000,1.000000000,0.000002420,0.000000010,0.000000000,-0.000000010,0.000005763,1.000000000,0.000000000,-0.157354690,36.686160282,51.047333620,1.000000000
ENTITYNAME=Wire_Device
