OBJECTMODELPOINTER=33777c94-e4b9-4947-906f-f84480f3cb99.dev
BASEFAMILY=ca1290c4-86e8-4b7f-8a8a-070799dfc7bc.fam
BLHA=28.75811652,113.46436186,140.284510,236.227775
TRANSFORMMATRIX=-0.000027808,-0.999999996,0.000089606,0.000000000,1.000000000,-0.000027808,0.000000622,0.000000000,-0.000000620,0.000089606,0.999999996,0.000000000,-2.589111094,569.932294964,30.513535854,1.000000000
ENTITYNAME=Wire_Device
