OBJECTMODELPOINTER=33777c94-e4b9-4947-906f-f84480f3cb99.dev
BASEFAMILY=ca170c07-26e8-4077-84e9-1867f82f37df.fam
BLHA=28.39913011,113.36988101,173.073049,251.836928
TRANSFORMMATRIX=-0.033731905,-0.999430917,0.000026813,0.000000000,0.999430917,-0.033731905,-0.000000025,0.000000000,0.000000929,0.000026797,1.000000000,0.000000000,6.192407305,170.257167655,12.665501293,1.000000000
ENTITYNAME=Wire_Device
