OBJECTMODELPOINTER=33777c94-e4b9-4947-906f-f84480f3cb99.dev
BASEFAMILY=ca1f3538-8aec-41a1-af7b-4681b790e479.fam
BLHA=28.77096466,113.47401910,153.559218,236.227775
TRANSFORMMATRIX=-0.001740077,-0.999998485,0.000037775,0.000000000,0.999998486,-0.001740077,-0.000001740,0.000000000,0.000001805,0.000037771,0.999999999,0.000000000,12.083393834,240.276485676,5.592506121,1.000000000
ENTITYNAME=Wire_Device
