ENTITYNAME=WIRE
BASEFAMILY=ca24c06b-c242-4ee9-a531-11a505edece3.fam
OBJECTMODELPOINTER=31970f28-780e-4bf1-8adb-439f78c329a3.dev
KVALUE=0.000245
SPLIT=1
POINT0.BLHA=28.58307238,113.48148471,281.709,287.849619
POINT0.MATRIX0=-0.951864299,0.306519749,-0.000000000,0.000000000,-0.306519749,-0.951864299,-0.000000000,0.000000000,0.000000000,0.000000000,1.000000000,0.000000000,11.324037662,0.629876482,63.558000278,1.000000000
POINT1.BLHA=28.57953661,113.48279374,260.581,480.423303
POINT1.MATRIX0=0.862307788,-0.506384517,0.000000000,0.000000000,0.506384517,0.862307788,0.000000000,0.000000000,-0.000000000,-0.000000000,1.000000000,0.000000000,-5.863503319,1.551058835,43.998298225,1.000000000
