OBJECTMODELPOINTER=33777c94-e4b9-4947-906f-f84480f3cb99.dev
BASEFAMILY=ca327100-ac0d-4ad7-a5e4-8c7cf924d06a.fam
BLHA=28.42194077,113.37713088,216.761088,254.006183
TRANSFORMMATRIX=-0.001203464,-0.999999273,0.000071720,0.000000000,0.999999276,-0.001203464,-0.000001526,0.000000000,0.000001612,0.000071718,0.999999997,0.000000000,10.915370192,455.613128592,3.641531184,1.000000000
ENTITYNAME=Wire_Device
