ENTITYNAME=WIRE
BASEFAMILY=ca380f9e-457a-4c9f-8f57-cc6b3974a781.fam
OBJECTMODELPOINTER=81b82497-164d-48c0-b1cb-18fa700dacdf.dev
KVALUE=0.000369
SPLIT=4
POINT0.BLHA=28.46688419,113.40170203,216.341,242.026912
POINT0.MATRIX0=-0.883168008,-0.469056788,0.000000000,0.000000000,0.469056788,-0.883168008,0.000000000,0.000000000,0.000000000,-0.000000000,1.000000000,0.000000000,-13.725092170,0.720434931,46.741101468,1.000000000
POINT0.MATRIX1=-0.883168008,-0.469056788,0.000000000,0.000000000,0.469056788,-0.883168008,0.000000000,0.000000000,0.000000000,-0.000000000,1.000000000,0.000000000,-13.725092170,0.720434932,47.191098417,1.000000000
POINT0.MATRIX2=-0.883168008,-0.469056788,0.000000000,0.000000000,0.469056788,-0.883168008,0.000000000,0.000000000,0.000000000,-0.000000000,1.000000000,0.000000000,-14.175489855,0.720067400,47.191098416,1.000000000
POINT0.MATRIX3=-0.883168008,-0.469056788,0.000000000,0.000000000,0.469056788,-0.883168008,0.000000000,0.000000000,0.000000000,-0.000000000,1.000000000,0.000000000,-14.175489855,0.720067400,46.741101467,1.000000000
POINT1.BLHA=28.46166988,113.39860583,270.673,242.026912
POINT1.MATRIX0=-0.883168008,-0.469056788,0.000000000,0.000000000,0.469056788,-0.883168008,0.000000000,0.000000000,0.000000000,-0.000000000,1.000000000,0.000000000,-12.504838261,-0.719573273,28.741100478,1.000000000
POINT1.MATRIX1=-0.883168008,-0.469056788,0.000000000,0.000000000,0.469056788,-0.883168008,0.000000000,0.000000000,0.000000000,-0.000000000,1.000000000,0.000000000,-12.504838261,-0.719573273,29.191101242,1.000000000
POINT1.MATRIX2=-0.883168008,-0.469056788,0.000000000,0.000000000,0.469056788,-0.883168008,0.000000000,0.000000000,0.000000000,-0.000000000,1.000000000,0.000000000,-12.954804711,-0.719711772,29.191101241,1.000000000
POINT1.MATRIX3=-0.883168008,-0.469056788,0.000000000,0.000000000,0.469056788,-0.883168008,0.000000000,0.000000000,0.000000000,-0.000000000,1.000000000,0.000000000,-12.954804711,-0.719711773,28.741100478,1.000000000
