OBJECTMODELPOINTER=33777c94-e4b9-4947-906f-f84480f3cb99.dev
BASEFAMILY=ca74fe6f-1266-4650-b604-84ab615939c0.fam
BLHA=28.79959310,113.50336431,218.110050,224.374488
TRANSFORMMATRIX=0.000084743,-0.999999996,-0.000000074,0.000000000,0.999999996,0.000084743,-0.000001179,0.000000000,0.000001178,-0.000000073,1.000000000,0.000000000,7.501921645,-0.448038702,31.434657810,1.000000000
ENTITYNAME=Wire_Device
