OBJECTMODELPOINTER=33777c94-e4b9-4947-906f-f84480f3cb99.dev
BASEFAMILY=ca7be418-78ff-464b-9274-2e1b4eae5a58.fam
BLHA=28.79669223,113.49966037,193.055862,221.400685
TRANSFORMMATRIX=-0.000023712,-0.999999998,0.000060857,0.000000000,1.000000000,-0.000023712,0.000000417,0.000000000,-0.000000416,0.000060857,0.999999998,0.000000000,-1.655721797,387.588059788,23.486397209,1.000000000
ENTITYNAME=Wire_Device
