OBJECTMODELPOINTER=33777c94-e4b9-4947-906f-f84480f3cb99.dev
BASEFAMILY=cab98167-caab-4fd3-8279-3539d7750021.fam
BLHA=28.57663112,113.48588937,251.356728,312.996987
TRANSFORMMATRIX=0.000028075,-0.999999996,0.000080473,0.000000000,1.000000000,0.000028075,-0.000001957,0.000000000,0.000001955,0.000080474,0.999999997,0.000000000,11.121946361,512.234754675,47.971109583,1.000000000
ENTITYNAME=Wire_Device
