OBJECTMODELPOINTER=33777c94-e4b9-4947-906f-f84480f3cb99.dev
BASEFAMILY=cabac03e-774a-4130-ae42-3084c54aa974.fam
BLHA=28.38706938,113.36490839,130.458199,249.667673
TRANSFORMMATRIX=-0.000004962,-1.000000000,0.000026507,0.000000000,1.000000000,-0.000004962,0.000002045,0.000000000,-0.000002044,0.000026507,1.000000000,0.000000000,-12.757026445,168.401257335,37.861046022,1.000000000
ENTITYNAME=Wire_Device
