OBJECTMODELPOINTER=33777c94-e4b9-4947-906f-f84480f3cb99.dev
BASEFAMILY=cac53aae-ef3f-4b5c-b824-06af5048408c.fam
BLHA=28.75811652,113.46436186,140.284510,236.227775
TRANSFORMMATRIX=-0.000975140,-0.999999525,0.000005742,0.000000000,0.999999525,-0.000975140,-0.000001958,0.000000000,0.000001963,0.000005740,1.000000000,0.000000000,12.601371759,36.539025584,29.488935044,1.000000000
ENTITYNAME=Wire_Device
