OBJECTMODELPOINTER=33777c94-e4b9-4947-906f-f84480f3cb99.dev
BASEFAMILY=cacf3839-e7e9-4f47-ba57-1e4c98c8dc36.fam
BLHA=28.29768818,113.44194006,79.179744,287.794387
TRANSFORMMATRIX=0.002159685,-0.999997667,0.000030412,0.000000000,0.999997668,0.002159685,-0.000001139,0.000000000,0.000001073,0.000030414,1.000000000,0.000000000,6.551697010,193.211763054,21.623590414,1.000000000
ENTITYNAME=Wire_Device
