OBJECTMODELPOINTER=33777c94-e4b9-4947-906f-f84480f3cb99.dev
BASEFAMILY=cad54b0b-943a-4f32-b591-cc3f935bbe98.fam
BLHA=28.68327588,113.45799727,190.105481,276.549179
TRANSFORMMATRIX=0.002346323,-0.999997247,0.000030480,0.000000000,0.999997247,0.002346323,0.000001294,0.000000000,-0.000001366,0.000030477,1.000000000,0.000000000,-8.830385882,193.559687617,14.956081670,1.000000000
ENTITYNAME=Wire_Device
