OBJECTMODELPOINTER=33777c94-e4b9-4947-906f-f84480f3cb99.dev
BASEFAMILY=cae90f81-5095-4464-b33c-057c186f72db.fam
BLHA=28.43802035,113.38456732,303.277751,242.026912
TRANSFORMMATRIX=-0.001522431,-0.999998841,0.000028724,0.000000000,0.999998841,-0.001522431,-0.000001653,0.000000000,0.000001697,0.000028721,1.000000000,0.000000000,11.211325963,182.616755541,4.464235932,1.000000000
ENTITYNAME=Wire_Device
