ENTITYNAME=WIRE
BASEFAMILY=caf7ca0c-66b4-4b16-94d8-f5c51f40670c.fam
OBJECTMODELPOINTER=81b82497-164d-48c0-b1cb-18fa700dacdf.dev
KVALUE=0.089167
SPLIT=4
POINT0.BLHA=28.74846038,113.45710577,102.804,427.264866
POINT0.MATRIX0=0.922301280,0.386471667,0.000000000,0.000000000,-0.386471667,0.922301280,0.000000000,0.000000000,0.000000000,-0.000000000,1.000000000,0.000000000,-10.225729243,-0.118257407,25.741109206,1.000000000
POINT0.MATRIX1=0.922301280,0.386471667,0.000000000,0.000000000,-0.386471667,0.922301280,0.000000000,0.000000000,0.000000000,-0.000000000,1.000000000,0.000000000,-10.225729243,-0.118257408,26.191106155,1.000000000
POINT0.MATRIX2=0.922301280,0.386471667,0.000000000,0.000000000,-0.386471667,0.922301280,0.000000000,0.000000000,0.000000000,-0.000000000,1.000000000,0.000000000,-9.775003712,-0.119979841,26.191106154,1.000000000
POINT0.MATRIX3=0.922301280,0.386471667,0.000000000,0.000000000,-0.386471667,0.922301280,0.000000000,0.000000000,0.000000000,-0.000000000,1.000000000,0.000000000,-9.775003712,-0.119979841,25.741109206,1.000000000
POINT1.BLHA=28.74846038,113.45710577,102.804,427.264866
POINT1.MATRIX0=0.922301280,0.386471667,0.000000000,0.000000000,-0.386471667,0.922301280,0.000000000,0.000000000,0.000000000,-0.000000000,1.000000000,0.000000000,-7.070564576,-8.734038951,27.814195468,1.000000000
POINT1.MATRIX1=0.922301280,0.386471667,0.000000000,0.000000000,-0.386471667,0.922301280,0.000000000,0.000000000,0.000000000,-0.000000000,1.000000000,0.000000000,-6.953678046,-9.559276634,28.152831627,1.000000000
POINT1.MATRIX2=0.922301280,0.386471667,0.000000000,0.000000000,-0.386471667,0.922301280,0.000000000,0.000000000,0.000000000,-0.000000000,1.000000000,0.000000000,-6.461561698,-9.467419150,28.152358606,1.000000000
POINT1.MATRIX3=0.922301280,0.386471667,0.000000000,0.000000000,-0.386471667,0.922301280,0.000000000,0.000000000,0.000000000,-0.000000000,1.000000000,0.000000000,-6.579315613,-8.640427261,27.813691927,1.000000000
