OBJECTMODELPOINTER=33777c94-e4b9-4947-906f-f84480f3cb99.dev
BASEFAMILY=cafef55b-a9bc-4870-b1ae-7394dc313c7b.fam
BLHA=28.69273331,113.45654991,185.538391,277.425083
TRANSFORMMATRIX=-0.000000177,-1.000000000,0.000005592,0.000000000,1.000000000,-0.000000177,0.000000022,0.000000000,-0.000000022,0.000005592,1.000000000,0.000000000,-0.161838359,35.516728549,27.567657959,1.000000000
ENTITYNAME=Wire_Device
