OBJECTMODELPOINTER=33777c94-e4b9-4947-906f-f84480f3cb99.dev
BASEFAMILY=cb14c24d-a86a-42ad-8475-a437eedf7621.fam
BLHA=28.39175425,113.36683981,143.500019,249.667673
TRANSFORMMATRIX=-0.000007650,-0.999999999,0.000038272,0.000000000,1.000000000,-0.000007650,0.000000269,0.000000000,-0.000000269,0.000038272,0.999999999,0.000000000,-1.303574933,243.176119807,15.768035242,1.000000000
ENTITYNAME=Wire_Device
