OBJECTMODELPOINTER=33777c94-e4b9-4947-906f-f84480f3cb99.dev
BASEFAMILY=cb15828a-1dec-47b2-983c-6a6ca17b1bd7.fam
BLHA=28.65418328,113.46214797,157.582490,277.610658
TRANSFORMMATRIX=-0.000000004,-1.000000000,0.000016008,0.000000000,1.000000000,-0.000000004,-0.000001799,0.000000000,0.000001799,0.000016008,1.000000000,0.000000000,11.412533415,101.656238919,33.565708673,1.000000000
ENTITYNAME=Wire_Device
