OBJECTMODELPOINTER=33777c94-e4b9-4947-906f-f84480f3cb99.dev
BASEFAMILY=cb33dad4-8b27-4685-8a0c-d064b5dcee64.fam
BLHA=28.29509828,113.44289412,61.743516,287.794387
TRANSFORMMATRIX=0.000008832,-0.999999998,0.000060651,0.000000000,1.000000000,0.000008832,-0.000000944,0.000000000,0.000000943,0.000060651,0.999999998,0.000000000,5.434197072,385.302161478,16.723097455,1.000000000
ENTITYNAME=Wire_Device
