OBJECTMODELPOINTER=33777c94-e4b9-4947-906f-f84480f3cb99.dev
BASEFAMILY=cb4b4cce-339c-43e1-a478-038e5365e713.fam
BLHA=28.61307891,113.46689101,233.448700,464.034761
TRANSFORMMATRIX=-0.181615714,0.983369580,0.000038499,0.000000000,-0.983369581,-0.181615715,0.000000272,0.000000000,0.000007259,-0.000037809,0.999999999,0.000000000,46.620101090,-240.228560456,3.572775811,1.000000000
ENTITYNAME=Wire_Device
