OBJECTMODELPOINTER=33777c94-e4b9-4947-906f-f84480f3cb99.dev
BASEFAMILY=cb5d3cf2-02d2-4bba-b976-818fd9cdd886.fam
BLHA=28.31775016,113.38284517,61.633463,329.270898
TRANSFORMMATRIX=0.001426285,-0.999998983,0.000004328,0.000000000,0.999998983,0.001426285,-0.000001538,0.000000000,0.000001532,0.000004330,1.000000000,0.000000000,9.680041154,27.578960335,59.814531371,1.000000000
ENTITYNAME=Wire_Device
