OBJECTMODELPOINTER=33777c94-e4b9-4947-906f-f84480f3cb99.dev
BASEFAMILY=cb733a4a-ab5f-4e69-969e-013dd3a72d37.fam
BLHA=28.70605444,113.45451077,165.912680,277.425083
TRANSFORMMATRIX=0.002583339,-0.999996663,0.000028312,0.000000000,0.999996663,0.002583339,-0.000001977,0.000000000,0.000001904,0.000028318,1.000000000,0.000000000,12.033295331,179.832982380,14.393694301,1.000000000
ENTITYNAME=Wire_Device
