OBJECTMODELPOINTER=33777c94-e4b9-4947-906f-f84480f3cb99.dev
BASEFAMILY=cb813512-06ae-40fd-8f8c-0799b8a1e30b.fam
BLHA=28.48305469,113.41645050,246.976349,229.813402
TRANSFORMMATRIX=0.001658936,-0.999998623,0.000051756,0.000000000,0.999998624,0.001658936,0.000002248,0.000000000,-0.000002334,0.000051752,0.999999999,0.000000000,-14.020136777,329.310266627,46.408249570,1.000000000
ENTITYNAME=Wire_Device
