OBJECTMODELPOINTER=33777c94-e4b9-4947-906f-f84480f3cb99.dev
BASEFAMILY=cb861b88-91b8-4ef6-b628-e5bf51f3e508.fam
BLHA=28.61647630,113.46664258,210.970212,273.436520
TRANSFORMMATRIX=-0.014753700,-0.999891157,0.000051856,0.000000000,0.999891158,-0.014753699,0.000002212,0.000000000,-0.000001447,0.000051883,0.999999999,0.000000000,-9.338441608,329.480056606,45.814082314,1.000000000
ENTITYNAME=Wire_Device
