OBJECTMODELPOINTER=33777c94-e4b9-4947-906f-f84480f3cb99.dev
BASEFAMILY=cb878c2a-2050-472a-8fb5-be1423913e84.fam
BLHA=28.53971514,113.51008635,497.099735,255.750198
TRANSFORMMATRIX=0.010356173,-0.999946373,0.000017859,0.000000000,0.999946373,0.010356173,-0.000001901,0.000000000,0.000001716,0.000017877,1.000000000,0.000000000,11.092200665,113.583703963,9.227877347,1.000000000
ENTITYNAME=Wire_Device
