OBJECTMODELPOINTER=33777c94-e4b9-4947-906f-f84480f3cb99.dev
BASEFAMILY=cb936ef1-c6ec-44b8-8950-c7de070bf2e2.fam
BLHA=28.32474464,113.37442409,71.722945,330.514691
TRANSFORMMATRIX=-0.324343226,-0.945939465,0.000027906,0.000000000,0.945939465,-0.324343226,-0.000001205,0.000000000,0.000010191,0.000026007,1.000000000,0.000000000,64.422533722,165.647824289,29.500682522,1.000000000
ENTITYNAME=Wire_Device
