ENTITYNAME=WIRE
BASEFAMILY=cba83f33-5c31-46d9-9604-5a6f47aec0fa.fam
OBJECTMODELPOINTER=81b82497-164d-48c0-b1cb-18fa700dacdf.dev
KVALUE=0.000000
SPLIT=4
POINT0.BLHA=28.30961923,113.43478171,54.753,501.227736
POINT0.MATRIX0=0.626226468,-0.779641207,-0.000000000,0.000000000,0.779641207,0.626226468,0.000000000,0.000000000,-0.000000000,0.000000000,1.000000000,0.000000000,-10.724546214,0.001309017,55.090001417,1.000000000
POINT0.MATRIX1=0.626226468,-0.779641207,-0.000000000,0.000000000,0.779641207,0.626226468,0.000000000,0.000000000,-0.000000000,0.000000000,1.000000000,0.000000000,-10.724546214,0.001309017,55.540001405,1.000000000
POINT0.MATRIX2=0.626226468,-0.779641207,-0.000000000,0.000000000,0.779641207,0.626226468,0.000000000,0.000000000,-0.000000000,0.000000000,1.000000000,0.000000000,-10.274546177,0.001308398,55.540001405,1.000000000
POINT0.MATRIX3=0.626226468,-0.779641207,-0.000000000,0.000000000,0.779641207,0.626226468,0.000000000,0.000000000,-0.000000000,0.000000000,1.000000000,0.000000000,-10.274546177,0.001308398,55.090001417,1.000000000
POINT1.BLHA=28.30961923,113.43478171,54.753,501.227736
POINT1.MATRIX0=0.626226468,-0.779641207,-0.000000000,0.000000000,0.779641207,0.626226468,0.000000000,0.000000000,-0.000000000,0.000000000,1.000000000,0.000000000,-10.724546199,-0.000690939,55.090001418,1.000000000
POINT1.MATRIX1=0.626226468,-0.779641207,-0.000000000,0.000000000,0.779641207,0.626226468,0.000000000,0.000000000,-0.000000000,0.000000000,1.000000000,0.000000000,-10.724546198,-0.000690939,55.540001406,1.000000000
POINT1.MATRIX2=0.626226468,-0.779641207,-0.000000000,0.000000000,0.779641207,0.626226468,0.000000000,0.000000000,-0.000000000,0.000000000,1.000000000,0.000000000,-10.274546348,-0.000691707,55.540001406,1.000000000
POINT1.MATRIX3=0.626226468,-0.779641207,-0.000000000,0.000000000,0.779641207,0.626226468,0.000000000,0.000000000,-0.000000000,0.000000000,1.000000000,0.000000000,-10.274546348,-0.000691707,55.090001418,1.000000000
