OBJECTMODELPOINTER=33777c94-e4b9-4947-906f-f84480f3cb99.dev
BASEFAMILY=cbb94d3b-c9c8-48ea-ba3a-d07bb7223c23.fam
BLHA=28.28912608,113.44509395,57.000023,477.961117
TRANSFORMMATRIX=-0.183981127,0.982929776,0.000017170,0.000000000,-0.982929776,-0.183981127,-0.000001542,0.000000000,0.000001643,-0.000017160,1.000000000,0.000000000,10.709075579,-109.114004481,29.144723130,1.000000000
ENTITYNAME=Wire_Device
