OBJECTMODELPOINTER=33777c94-e4b9-4947-906f-f84480f3cb99.dev
BASEFAMILY=cbcc4117-89c5-49ae-96fe-a3abd6cb9632.fam
BLHA=28.54843684,113.51255198,454.586266,280.370385
TRANSFORMMATRIX=-0.406704162,-0.913559918,0.000028179,0.000000000,0.913559918,-0.406704162,0.000001637,0.000000000,0.000009964,0.000026408,1.000000000,0.000000000,63.443062004,167.679531236,45.256393269,1.000000000
ENTITYNAME=Wire_Device
