OBJECTMODELPOINTER=33777c94-e4b9-4947-906f-f84480f3cb99.dev
BASEFAMILY=cbe041ea-1587-4109-a758-05cb38c82dae.fam
BLHA=28.64054809,113.46428400,121.846877,277.610658
TRANSFORMMATRIX=0.002773869,-0.999996150,0.000075912,0.000000000,0.999996153,0.002773869,-0.000001801,0.000000000,0.000001591,0.000075915,0.999999997,0.000000000,9.824791355,482.125824923,55.787693276,1.000000000
ENTITYNAME=Wire_Device
