OBJECTMODELPOINTER=33777c94-e4b9-4947-906f-f84480f3cb99.dev
BASEFAMILY=cbe50e75-26d4-425b-80e3-dfaa09724848.fam
BLHA=28.61307891,113.46689101,233.448700,464.034761
TRANSFORMMATRIX=-0.173088541,0.984906268,0.000027988,0.000000000,-0.984906268,-0.173088541,-0.000001191,0.000000000,0.000003671,-0.000027771,1.000000000,0.000000000,23.644261852,-176.440021115,3.708691293,1.000000000
ENTITYNAME=Wire_Device
