OBJECTMODELPOINTER=33777c94-e4b9-4947-906f-f84480f3cb99.dev
BASEFAMILY=cc047d20-43d6-4b22-a69d-38ef1e3d669f.fam
BLHA=28.32292443,113.37625760,67.775568,311.415680
TRANSFORMMATRIX=0.001244729,-0.999999225,0.000005049,0.000000000,0.999999225,0.001244729,0.000001052,0.000000000,-0.000001058,0.000005048,1.000000000,0.000000000,-6.824724654,32.145192591,60.025462528,1.000000000
ENTITYNAME=Wire_Device
