ENTITYNAME=WIRE
BASEFAMILY=cc192e2d-e1d6-4808-b7b9-f3585cc2b027.fam
OBJECTMODELPOINTER=81b82497-164d-48c0-b1cb-18fa700dacdf.dev
KVALUE=0.000000
SPLIT=4
POINT0.BLHA=28.74269478,113.45578230,73.561,258.301958
POINT0.MATRIX0=-0.979229741,-0.202753828,-0.000000000,0.000000000,0.202753828,-0.979229741,-0.000000000,0.000000000,-0.000000000,0.000000000,1.000000000,0.000000000,13.544650065,0.601487432,57.999988490,1.000000000
POINT0.MATRIX1=-0.979229741,-0.202753828,-0.000000000,0.000000000,0.202753828,-0.979229741,-0.000000000,0.000000000,-0.000000000,0.000000000,1.000000000,0.000000000,13.544650064,0.601487432,58.450000697,1.000000000
POINT0.MATRIX2=-0.979229741,-0.202753828,-0.000000000,0.000000000,0.202753828,-0.979229741,-0.000000000,0.000000000,-0.000000000,0.000000000,1.000000000,0.000000000,13.094912982,0.600116799,58.450000696,1.000000000
POINT0.MATRIX3=-0.979229741,-0.202753828,-0.000000000,0.000000000,0.202753828,-0.979229741,-0.000000000,0.000000000,-0.000000000,0.000000000,1.000000000,0.000000000,13.094912982,0.600116799,57.999988490,1.000000000
POINT1.BLHA=28.74269478,113.45578230,73.561,258.301958
POINT1.MATRIX0=-0.979229741,-0.202753828,-0.000000000,0.000000000,0.202753828,-0.979229741,-0.000000000,0.000000000,-0.000000000,0.000000000,1.000000000,0.000000000,13.544652351,0.711484353,57.999988490,1.000000000
POINT1.MATRIX1=-0.979229741,-0.202753828,-0.000000000,0.000000000,0.202753828,-0.979229741,-0.000000000,0.000000000,-0.000000000,0.000000000,1.000000000,0.000000000,13.544652350,0.711484352,58.450000696,1.000000000
POINT1.MATRIX2=-0.979229741,-0.202753828,-0.000000000,0.000000000,0.202753828,-0.979229741,-0.000000000,0.000000000,-0.000000000,0.000000000,1.000000000,0.000000000,13.094915267,0.710113718,58.450000696,1.000000000
POINT1.MATRIX3=-0.979229741,-0.202753828,-0.000000000,0.000000000,0.202753828,-0.979229741,-0.000000000,0.000000000,-0.000000000,0.000000000,1.000000000,0.000000000,13.094915268,0.710113719,57.999988490,1.000000000
