OBJECTMODELPOINTER=33777c94-e4b9-4947-906f-f84480f3cb99.dev
BASEFAMILY=cc2b8e94-86f7-4ed7-b0eb-bd2a0ca7972a.fam
BLHA=28.41408598,113.37463405,174.728080,254.006183
TRANSFORMMATRIX=-0.000003465,-1.000000000,0.000025947,0.000000000,1.000000000,-0.000003465,0.000000170,0.000000000,-0.000000170,0.000025947,1.000000000,0.000000000,-0.856037471,164.826956401,36.974709398,1.000000000
ENTITYNAME=Wire_Device
