OBJECTMODELPOINTER=33777c94-e4b9-4947-906f-f84480f3cb99.dev
BASEFAMILY=cc300984-cb7d-4e35-b698-60bb276d720e.fam
BLHA=28.34247838,113.36303113,107.750676,278.143009
TRANSFORMMATRIX=0.000004327,-0.999999999,0.000036671,0.000000000,1.000000000,0.000004327,0.000000170,0.000000000,-0.000000170,0.000036671,0.999999999,0.000000000,-1.254571314,232.883611798,8.518535731,1.000000000
ENTITYNAME=Wire_Device
