OBJECTMODELPOINTER=33777c94-e4b9-4947-906f-f84480f3cb99.dev
BASEFAMILY=cc4bb236-ad22-4962-add2-e6905765a941.fam
BLHA=28.36557656,113.36066804,62.497212,414.735470
TRANSFORMMATRIX=-0.260795632,0.965394032,0.000041176,0.000000000,-0.965394033,-0.260795633,-0.000000963,0.000000000,0.000009809,-0.000040001,0.999999999,0.000000000,61.879547042,-254.298689807,26.265855912,1.000000000
ENTITYNAME=Wire_Device
