OBJECTMODELPOINTER=33777c94-e4b9-4947-906f-f84480f3cb99.dev
BASEFAMILY=cc58c62a-4aab-45b7-b2fc-806adf83c6ee.fam
BLHA=28.44044510,113.38600635,302.501930,242.026912
TRANSFORMMATRIX=-0.000011006,-0.999999999,0.000041038,0.000000000,1.000000000,-0.000011006,0.000000301,0.000000000,-0.000000301,0.000041038,0.999999999,0.000000000,-1.356746847,260.896072916,31.576166791,1.000000000
ENTITYNAME=Wire_Device
