OBJECTMODELPOINTER=33777c94-e4b9-4947-906f-f84480f3cb99.dev
BASEFAMILY=cc6ae428-17d5-4296-8b38-4dbfef066ed0.fam
BLHA=28.70103226,113.45527961,136.730850,277.425083
TRANSFORMMATRIX=0.000001900,-1.000000000,0.000029630,0.000000000,1.000000000,0.000001900,0.000000115,0.000000000,-0.000000115,0.000029630,1.000000000,0.000000000,-0.859086740,188.174137677,30.261294852,1.000000000
ENTITYNAME=Wire_Device
