OBJECTMODELPOINTER=33777c94-e4b9-4947-906f-f84480f3cb99.dev
BASEFAMILY=cc6d763d-a730-4d7d-9f0d-286bc9ae3c32.fam
BLHA=28.44311633,113.38759173,262.560023,242.026912
TRANSFORMMATRIX=-0.000009142,-0.999999999,0.000037855,0.000000000,1.000000000,-0.000009142,0.000000278,0.000000000,-0.000000278,0.000037855,0.999999999,0.000000000,-1.250538449,240.655788791,57.916157602,1.000000000
ENTITYNAME=Wire_Device
