OBJECTMODELPOINTER=33777c94-e4b9-4947-906f-f84480f3cb99.dev
BASEFAMILY=cc6ef426-8bd0-4bc7-8986-fa4bdd537758.fam
BLHA=28.55813742,113.50479443,276.608256,304.990571
TRANSFORMMATRIX=-0.000940957,-0.999999556,0.000041598,0.000000000,0.999999557,-0.000940957,-0.000002020,0.000000000,0.000002060,0.000041596,0.999999999,0.000000000,12.478914184,264.569238870,38.542687455,1.000000000
ENTITYNAME=Wire_Device
