OBJECTMODELPOINTER=33777c94-e4b9-4947-906f-f84480f3cb99.dev
BASEFAMILY=cc76ecda-0e8b-4828-bba9-e9405e485518.fam
BLHA=28.49573132,113.43033310,334.786047,224.957371
TRANSFORMMATRIX=-0.004829391,-0.999988338,0.000005794,0.000000000,0.999988338,-0.004829391,-0.000001821,0.000000000,0.000001849,0.000005785,1.000000000,0.000000000,11.868944360,36.863927335,29.762467591,1.000000000
ENTITYNAME=Wire_Device
