ENTITYNAME=WIRE
BASEFAMILY=cc79c282-d53f-4b60-8b65-1c68547c5ac6.fam
OBJECTMODELPOINTER=81b82497-164d-48c0-b1cb-18fa700dacdf.dev
KVALUE=0.094328
SPLIT=4
POINT0.BLHA=28.30399811,113.43961542,62.139,477.400140
POINT0.MATRIX0=0.887814260,-0.460201956,-0.000000000,0.000000000,0.460201956,0.887814260,-0.000000000,0.000000000,-0.000000000,0.000000000,1.000000000,0.000000000,11.079724435,-0.000535668,42.789999116,1.000000000
POINT0.MATRIX1=0.887814260,-0.460201956,-0.000000000,0.000000000,0.460201956,0.887814260,-0.000000000,0.000000000,-0.000000000,0.000000000,1.000000000,0.000000000,11.079724435,-0.000535669,43.239999104,1.000000000
POINT0.MATRIX2=0.887814260,-0.460201956,-0.000000000,0.000000000,0.460201956,0.887814260,-0.000000000,0.000000000,-0.000000000,0.000000000,1.000000000,0.000000000,11.529724359,-0.000535658,43.239999105,1.000000000
POINT0.MATRIX3=0.887814260,-0.460201956,-0.000000000,0.000000000,0.460201956,0.887814260,-0.000000000,0.000000000,-0.000000000,0.000000000,1.000000000,0.000000000,11.529724359,-0.000535657,42.789999117,1.000000000
POINT1.BLHA=28.30399811,113.43961542,62.139,477.400140
POINT1.MATRIX0=0.887814260,-0.460201956,-0.000000000,0.000000000,0.460201956,0.887814260,-0.000000000,0.000000000,-0.000000000,0.000000000,1.000000000,0.000000000,9.117520829,-8.677679372,45.834679890,1.000000000
POINT1.MATRIX1=0.887814260,-0.460201956,-0.000000000,0.000000000,0.460201956,0.887814260,-0.000000000,0.000000000,-0.000000000,0.000000000,1.000000000,0.000000000,8.947383867,-9.447853827,46.278650571,1.000000000
POINT1.MATRIX2=0.887814260,-0.460201956,-0.000000000,0.000000000,0.460201956,0.887814260,-0.000000000,0.000000000,-0.000000000,0.000000000,1.000000000,0.000000000,9.441133621,-9.532196752,46.278406430,1.000000000
POINT1.MATRIX3=0.887814260,-0.460201956,-0.000000000,0.000000000,0.460201956,0.887814260,-0.000000000,0.000000000,-0.000000000,0.000000000,1.000000000,0.000000000,9.609978942,-8.763552696,45.834924031,1.000000000
