OBJECTMODELPOINTER=33777c94-e4b9-4947-906f-f84480f3cb99.dev
BASEFAMILY=cc7930ce-bea3-4bb3-85d6-c7b15ecf7ca5.fam
BLHA=28.29096601,113.44441625,53.539724,287.794387
TRANSFORMMATRIX=0.005529329,-0.999984713,0.000016602,0.000000000,0.999984713,0.005529329,0.000001222,0.000000000,-0.000001314,0.000016595,1.000000000,0.000000000,-8.540752598,105.440721173,31.140709804,1.000000000
ENTITYNAME=Wire_Device
