OBJECTMODELPOINTER=33777c94-e4b9-4947-906f-f84480f3cb99.dev
BASEFAMILY=cc7c5c1a-01a2-4d99-8742-0afde5f67c5d.fam
BLHA=28.27757020,113.46637333,93.774105,312.669055
TRANSFORMMATRIX=0.000877881,-0.999999615,0.000005006,0.000000000,0.999999615,0.000877881,-0.000001078,0.000000000,0.000001074,0.000005007,1.000000000,0.000000000,6.757070489,31.852730583,70.648822169,1.000000000
ENTITYNAME=Wire_Device
