OBJECTMODELPOINTER=33777c94-e4b9-4947-906f-f84480f3cb99.dev
BASEFAMILY=cc83dd79-7821-4dfe-8684-60308bd9e36d.fam
BLHA=28.77621013,113.47796265,180.198107,236.227775
TRANSFORMMATRIX=-0.000011703,-1.000000000,0.000029363,0.000000000,1.000000000,-0.000011703,0.000000203,0.000000000,-0.000000202,0.000029362,1.000000000,0.000000000,-0.844249311,186.762321548,46.293173056,1.000000000
ENTITYNAME=Wire_Device
