OBJECTMODELPOINTER=33777c94-e4b9-4947-906f-f84480f3cb99.dev
BASEFAMILY=cc8ef0f3-c5b1-444d-b54c-2f48293562ea.fam
BLHA=28.28492071,113.44885804,59.682173,504.180323
TRANSFORMMATRIX=-0.274282745,0.961649091,0.000028255,0.000000000,-0.961649092,-0.274282746,0.000001724,0.000000000,0.000009407,-0.000026698,1.000000000,0.000000000,60.267008937,-170.262541524,36.956912577,1.000000000
ENTITYNAME=Wire_Device
