OBJECTMODELPOINTER=33777c94-e4b9-4947-906f-f84480f3cb99.dev
BASEFAMILY=cc8f9678-45f5-45ee-967c-add290c8e92f.fam
BLHA=28.37348418,113.36536629,69.677902,286.379084
TRANSFORMMATRIX=0.018749489,-0.999824213,0.000014890,0.000000000,0.999824213,0.018749489,-0.000001805,0.000000000,0.000001525,0.000014922,1.000000000,0.000000000,9.597894275,94.775961749,28.578735551,1.000000000
ENTITYNAME=Wire_Device
