ENTITYNAME=WIRE
BASEFAMILY=cc9170e5-e2b1-491e-a1f2-faa518184ad0.fam
OBJECTMODELPOINTER=31970f28-780e-4bf1-8adb-439f78c329a3.dev
KVALUE=0.000231
SPLIT=1
POINT0.BLHA=28.50469488,113.45163258,174.516,200.251669
POINT0.MATRIX0=-0.346144382,-0.938181255,0.000000000,0.000000000,0.938181255,-0.346144382,0.000000000,0.000000000,-0.000000000,-0.000000000,1.000000000,0.000000000,-5.507422279,1.562685261,43.945473434,1.000000000
POINT1.BLHA=28.50306305,113.44669559,173.869,200.251669
POINT1.MATRIX0=-0.346144382,-0.938181255,0.000000000,0.000000000,0.938181255,-0.346144382,0.000000000,0.000000000,-0.000000000,-0.000000000,1.000000000,0.000000000,-11.323572620,-0.629985336,63.558007600,1.000000000
