OBJECTMODELPOINTER=33777c94-e4b9-4947-906f-f84480f3cb99.dev
BASEFAMILY=cc9bde5b-0444-4553-9b86-71f045e93ec6.fam
BLHA=28.40635362,113.37217651,164.659139,254.006183
TRANSFORMMATRIX=0.874759367,-0.484557582,-0.000000188,0.000000000,0.484557582,0.874759367,-0.000001334,0.000000000,0.000000811,0.000001076,1.000000000,0.000000000,5.184279243,6.842622754,36.335421883,1.000000000
ENTITYNAME=Wire_Device
