OBJECTMODELPOINTER=33777c94-e4b9-4947-906f-f84480f3cb99.dev
BASEFAMILY=cca9c7e9-2dad-4933-8827-5fef3121380c.fam
BLHA=28.31775016,113.38284517,61.633463,329.270898
TRANSFORMMATRIX=-0.001454000,-0.999998943,0.000025796,0.000000000,0.999998943,-0.001454000,0.000001668,0.000000000,-0.000001630,0.000025798,1.000000000,0.000000000,-10.743026864,164.470166873,45.400056823,1.000000000
ENTITYNAME=Wire_Device
