OBJECTMODELPOINTER=33777c94-e4b9-4947-906f-f84480f3cb99.dev
BASEFAMILY=ccaa2cfd-2d8c-4355-8ab9-3b277389cfb4.fam
BLHA=28.28368001,113.45281448,67.001736,340.232800
TRANSFORMMATRIX=0.000010970,-1.000000000,0.000027798,0.000000000,1.000000000,0.000010970,0.000001139,0.000000000,-0.000001139,0.000027798,1.000000000,0.000000000,-7.529697851,177.343380200,55.553811289,1.000000000
ENTITYNAME=Wire_Device
