OBJECTMODELPOINTER=33777c94-e4b9-4947-906f-f84480f3cb99.dev
BASEFAMILY=ccb62c5f-884c-45ee-bad7-e4f65ab670ba.fam
BLHA=28.31925198,113.37995663,64.126344,500.343289
TRANSFORMMATRIX=-0.153404735,0.988163441,0.000006765,0.000000000,-0.988163442,-0.153404735,0.000001708,0.000000000,0.000002726,-0.000006423,1.000000000,0.000000000,17.447733186,-40.954862292,44.514435182,1.000000000
ENTITYNAME=Wire_Device
