OBJECTMODELPOINTER=33777c94-e4b9-4947-906f-f84480f3cb99.dev
BASEFAMILY=ccbc3837-8fea-4af3-b22d-683896f92d10.fam
BLHA=28.41010958,113.37337020,176.661664,254.006183
TRANSFORMMATRIX=-0.008342699,-0.999965199,0.000027896,0.000000000,0.999965199,-0.008342699,0.000002272,0.000000000,-0.000002039,0.000027914,1.000000000,0.000000000,-12.764511331,177.305617006,21.425928623,1.000000000
ENTITYNAME=Wire_Device
