OBJECTMODELPOINTER=33777c94-e4b9-4947-906f-f84480f3cb99.dev
BASEFAMILY=ccbfc905-39c3-40c6-9638-ecb94614705f.fam
BLHA=28.65418328,113.46214797,157.582490,277.610658
TRANSFORMMATRIX=0.000004572,-0.999999999,0.000044954,0.000000000,1.000000000,0.000004572,0.000002030,0.000000000,-0.000002030,0.000044954,0.999999999,0.000000000,-13.155314229,285.505834382,40.928689320,1.000000000
ENTITYNAME=Wire_Device
