OBJECTMODELPOINTER=33777c94-e4b9-4947-906f-f84480f3cb99.dev
BASEFAMILY=ccc120d3-1bda-45bc-a041-9143b53a3669.fam
BLHA=28.47322316,113.40714488,338.739938,229.813402
TRANSFORMMATRIX=-0.002323662,-0.999997300,0.000034624,0.000000000,0.999997300,-0.002323662,0.000002351,0.000000000,-0.000002271,0.000034630,0.999999999,0.000000000,-13.899669226,220.343642717,4.102441866,1.000000000
ENTITYNAME=Wire_Device
