OBJECTMODELPOINTER=33777c94-e4b9-4947-906f-f84480f3cb99.dev
BASEFAMILY=cccb954c-9bd7-45e9-bf18-52b23150851e.fam
BLHA=28.46688419,113.40170203,216.340862,242.026912
TRANSFORMMATRIX=-0.001880383,-0.999998232,0.000028783,0.000000000,0.999998232,-0.001880383,0.000002393,0.000000000,-0.000002339,0.000028788,1.000000000,0.000000000,-14.519457949,182.985457153,25.407406225,1.000000000
ENTITYNAME=Wire_Device
