OBJECTMODELPOINTER=33777c94-e4b9-4947-906f-f84480f3cb99.dev
BASEFAMILY=ccdcfda5-3719-4990-bb04-40b338a7d033.fam
BLHA=28.53408910,113.50849608,458.182485,233.242345
TRANSFORMMATRIX=-0.377952360,-0.925825042,0.000067445,0.000000000,0.925825044,-0.377952361,0.000001728,0.000000000,0.000023892,0.000063095,0.999999998,0.000000000,153.227796870,401.809105153,-12.867024603,1.000000000
ENTITYNAME=Wire_Device
