OBJECTMODELPOINTER=33777c94-e4b9-4947-906f-f84480f3cb99.dev
BASEFAMILY=cce98501-f24a-4b39-beff-9697a11cd7eb.fam
BLHA=28.57953661,113.48279374,260.580940,480.423303
TRANSFORMMATRIX=-0.206003537,0.978551245,0.000053103,0.000000000,-0.978551247,-0.206003537,-0.000001169,0.000000000,0.000009796,-0.000052205,0.999999999,0.000000000,63.198451805,-332.101991630,31.469418248,1.000000000
ENTITYNAME=Wire_Device
