OBJECTMODELPOINTER=33777c94-e4b9-4947-906f-f84480f3cb99.dev
BASEFAMILY=ccf4dc16-3291-41e8-82e7-aafb8f86d49d.fam
BLHA=28.37348418,113.36536629,69.677902,286.379084
TRANSFORMMATRIX=-0.001031693,-0.999999468,0.000005023,0.000000000,0.999999468,-0.001031693,0.000000019,0.000000000,-0.000000014,0.000005023,1.000000000,0.000000000,-0.134997286,31.908653003,38.073003289,1.000000000
ENTITYNAME=Wire_Device
