OBJECTMODELPOINTER=33777c94-e4b9-4947-906f-f84480f3cb99.dev
BASEFAMILY=ccf57941-accf-4013-9501-92629a927612.fam
BLHA=28.27407839,113.47004129,94.944746,312.669055
TRANSFORMMATRIX=-0.001732358,-0.999998499,0.000005913,0.000000000,0.999998499,-0.001732358,-0.000001436,0.000000000,0.000001446,0.000005911,1.000000000,0.000000000,9.110528321,37.596070575,42.011361815,1.000000000
ENTITYNAME=Wire_Device
