OBJECTMODELPOINTER=33777c94-e4b9-4947-906f-f84480f3cb99.dev
BASEFAMILY=cd0b9088-294a-41d3-bb2c-8157d615026e.fam
BLHA=28.32854622,113.36798434,68.151851,482.460958
TRANSFORMMATRIX=-0.663078264,0.748550075,-0.000000324,0.000000000,-0.748550075,-0.663078264,0.000001300,0.000000000,0.000000759,0.000001105,1.000000000,0.000000000,4.816016832,7.013845574,35.682383007,1.000000000
ENTITYNAME=Wire_Device
