OBJECTMODELPOINTER=33777c94-e4b9-4947-906f-f84480f3cb99.dev
BASEFAMILY=cd1184ba-83cc-4c3a-a8da-8363cc1b1987.fam
BLHA=28.36295604,113.35959378,63.083646,458.145379
TRANSFORMMATRIX=0.024377933,0.999702814,0.000033504,0.000000000,-0.999702814,0.024377933,-0.000001093,0.000000000,-0.000001909,-0.000033468,0.999999999,0.000000000,-12.030326126,-212.527152517,60.588962730,1.000000000
ENTITYNAME=Wire_Device
