OBJECTMODELPOINTER=33777c94-e4b9-4947-906f-f84480f3cb99.dev
BASEFAMILY=cd18bd19-f909-49ac-99b6-671cfab9e7be.fam
BLHA=28.74846038,113.45710577,102.803547,427.264866
TRANSFORMMATRIX=-0.183467938,0.983025691,0.000086349,0.000000000,-0.983025694,-0.183467939,-0.000000775,0.000000000,0.000015080,-0.000085025,0.999999996,0.000000000,95.188318826,-540.181453514,8.262422462,1.000000000
ENTITYNAME=Wire_Device
