ENTITYNAME=WIRE
BASEFAMILY=cd21475f-c755-4f39-ba8f-bb1491505e63.fam
OBJECTMODELPOINTER=81b82497-164d-48c0-b1cb-18fa700dacdf.dev
KVALUE=0.000000
SPLIT=4
POINT0.BLHA=28.56335436,113.50003182,213.978,312.996987
POINT0.MATRIX0=-0.731389569,0.681959895,-0.000000000,0.000000000,-0.681959895,-0.731389569,0.000000000,0.000000000,0.000000000,-0.000000000,1.000000000,0.000000000,12.954437350,-0.111088941,43.000000951,1.000000000
POINT0.MATRIX1=-0.731389569,0.681959895,-0.000000000,0.000000000,-0.681959895,-0.731389569,0.000000000,0.000000000,0.000000000,-0.000000000,1.000000000,0.000000000,12.954437349,-0.111088941,43.449997899,1.000000000
POINT0.MATRIX2=-0.731389569,0.681959895,-0.000000000,0.000000000,-0.681959895,-0.731389569,0.000000000,0.000000000,0.000000000,-0.000000000,1.000000000,0.000000000,12.504189761,-0.108525304,43.449997899,1.000000000
POINT0.MATRIX3=-0.731389569,0.681959895,-0.000000000,0.000000000,-0.681959895,-0.731389569,0.000000000,0.000000000,0.000000000,-0.000000000,1.000000000,0.000000000,12.504189761,-0.108525303,43.000000952,1.000000000
POINT1.BLHA=28.56335436,113.50003182,213.978,312.996987
POINT1.MATRIX0=-0.731389569,0.681959895,-0.000000000,0.000000000,-0.681959895,-0.731389569,0.000000000,0.000000000,0.000000000,-0.000000000,1.000000000,0.000000000,12.955005891,-0.001088272,43.000000951,1.000000000
POINT1.MATRIX1=-0.731389569,0.681959895,-0.000000000,0.000000000,-0.681959895,-0.731389569,0.000000000,0.000000000,0.000000000,-0.000000000,1.000000000,0.000000000,12.955005890,-0.001088272,43.449997899,1.000000000
POINT1.MATRIX2=-0.731389569,0.681959895,-0.000000000,0.000000000,-0.681959895,-0.731389569,0.000000000,0.000000000,0.000000000,-0.000000000,1.000000000,0.000000000,12.504758302,0.001475365,43.449997899,1.000000000
POINT1.MATRIX3=-0.731389569,0.681959895,-0.000000000,0.000000000,-0.681959895,-0.731389569,0.000000000,0.000000000,0.000000000,-0.000000000,1.000000000,0.000000000,12.504758302,0.001475366,43.000000951,1.000000000
