OBJECTMODELPOINTER=33777c94-e4b9-4947-906f-f84480f3cb99.dev
BASEFAMILY=cd4fb4ae-d1c1-4985-9d17-92e7e306f151.fam
BLHA=28.77883021,113.47993260,194.739259,236.227775
TRANSFORMMATRIX=0.004158889,-0.999991351,0.000027387,0.000000000,0.999991352,0.004158889,0.000002047,0.000000000,-0.000002161,0.000027378,1.000000000,0.000000000,-13.355430457,174.109861521,29.255385073,1.000000000
ENTITYNAME=Wire_Device
