OBJECTMODELPOINTER=33777c94-e4b9-4947-906f-f84480f3cb99.dev
BASEFAMILY=cd518e73-ef43-4a76-b752-c92db0a7dc98.fam
BLHA=28.36557656,113.36066804,62.497212,414.735470
TRANSFORMMATRIX=-0.260799722,0.965392928,0.000017953,0.000000000,-0.965392928,-0.260799722,-0.000001124,0.000000000,0.000003597,-0.000017625,1.000000000,0.000000000,22.642359311,-112.057284043,22.938666329,1.000000000
ENTITYNAME=Wire_Device
