OBJECTMODELPOINTER=33777c94-e4b9-4947-906f-f84480f3cb99.dev
BASEFAMILY=cd53d845-240e-4948-b0e1-2a0d57cdf256.fam
BLHA=28.65134658,113.46259240,159.100648,277.610658
TRANSFORMMATRIX=0.000003170,-0.999999999,0.000040563,0.000000000,1.000000000,0.000003170,0.000000154,0.000000000,-0.000000154,0.000040563,0.999999999,0.000000000,-1.158441649,257.611005925,19.045697025,1.000000000
ENTITYNAME=Wire_Device
