OBJECTMODELPOINTER=33777c94-e4b9-4947-906f-f84480f3cb99.dev
BASEFAMILY=cd548792-413e-44c7-913f-84ad2929c849.fam
BLHA=28.54843684,113.51255198,454.586266,280.370385
TRANSFORMMATRIX=-0.486024592,-0.873945133,-0.000000282,0.000000000,0.873945133,-0.486024592,-0.000001334,0.000000000,0.000001028,-0.000000895,1.000000000,0.000000000,6.569612272,-5.689002945,35.120803138,1.000000000
ENTITYNAME=Wire_Device
