ENTITYNAME=WIRE
BASEFAMILY=cd5b8f2e-cd37-4405-8230-99af55a2e7fe.fam
OBJECTMODELPOINTER=31970f28-780e-4bf1-8adb-439f78c329a3.dev
KVALUE=0.000245
SPLIT=1
POINT0.BLHA=28.63338498,113.46540590,167.944,275.523589
POINT0.MATRIX0=-0.995356654,0.096255554,-0.000000000,0.000000000,-0.096255554,-0.995356654,0.000000000,0.000000000,-0.000000000,0.000000000,1.000000000,0.000000000,5.536057284,1.563445158,43.966042703,1.000000000
POINT1.BLHA=28.63009153,113.46564681,168.256,273.436520
POINT1.MATRIX0=-0.998201823,0.059942640,0.000000000,0.000000000,-0.059942640,-0.998201823,-0.000000000,0.000000000,0.000000000,-0.000000000,1.000000000,0.000000000,11.952176433,-0.310146052,57.558002850,1.000000000
