OBJECTMODELPOINTER=33777c94-e4b9-4947-906f-f84480f3cb99.dev
BASEFAMILY=cd61ad8c-3893-4c69-8b2e-e749759e2762.fam
BLHA=28.30399811,113.43961542,62.139238,477.400140
TRANSFORMMATRIX=0.170948169,0.985280022,0.000030889,0.000000000,-0.985280023,0.170948169,0.000001517,0.000000000,-0.000003785,-0.000030694,1.000000000,0.000000000,-23.719803033,-195.063775400,28.718998093,1.000000000
ENTITYNAME=Wire_Device
