OBJECTMODELPOINTER=33777c94-e4b9-4947-906f-f84480f3cb99.dev
BASEFAMILY=cd64856b-c8f4-445a-9460-1757182910a4.fam
BLHA=28.63338498,113.46540590,167.944131,275.523589
TRANSFORMMATRIX=-0.032757963,-0.999463314,0.000019540,0.000000000,0.999463314,-0.032757963,-0.000000129,0.000000000,0.000000769,0.000019525,1.000000000,0.000000000,4.848495659,123.995231050,29.299002570,1.000000000
ENTITYNAME=Wire_Device
