OBJECTMODELPOINTER=33777c94-e4b9-4947-906f-f84480f3cb99.dev
BASEFAMILY=cd6cb9ee-250b-49a3-964a-bc2129c31cbf.fam
BLHA=28.26907527,113.47529619,67.190721,514.001895
TRANSFORMMATRIX=-0.372203395,0.928151190,0.000016304,0.000000000,-0.928151191,-0.372203395,-0.000001618,0.000000000,0.000004567,-0.000015735,1.000000000,0.000000000,29.232587589,-100.391388045,39.474457151,1.000000000
ENTITYNAME=Wire_Device
