ENTITYNAME=WIRE
BASEFAMILY=cd6f2e3d-b294-447f-9fa8-a88e6314a8b2.fam
OBJECTMODELPOINTER=31970f28-780e-4bf1-8adb-439f78c329a3.dev
KVALUE=0.000238
SPLIT=1
POINT0.BLHA=28.41763874,113.37576334,172.022,254.006183
POINT0.MATRIX0=-0.961291434,-0.275533624,-0.000000000,0.000000000,0.275533624,-0.961291434,-0.000000000,0.000000000,-0.000000000,0.000000000,1.000000000,0.000000000,11.320253884,0.309721376,63.558005078,1.000000000
POINT1.BLHA=28.41408598,113.37463405,174.728,254.006183
POINT1.MATRIX0=-0.961291434,-0.275533624,0.000000000,0.000000000,0.275533624,-0.961291434,0.000000000,0.000000000,0.000000000,-0.000000000,1.000000000,0.000000000,11.319829975,-0.309740582,66.558006965,1.000000000
