OBJECTMODELPOINTER=33777c94-e4b9-4947-906f-f84480f3cb99.dev
BASEFAMILY=cd74f455-b296-4f95-a5c0-6c3b570bb148.fam
BLHA=28.31534552,113.42043692,48.733934,348.172871
TRANSFORMMATRIX=-0.218411875,-0.975856676,0.000019186,0.000000000,0.975856676,-0.218411875,-0.000001287,0.000000000,0.000005447,0.000018441,1.000000000,0.000000000,34.468088552,117.650721753,27.991772043,1.000000000
ENTITYNAME=Wire_Device
