OBJECTMODELPOINTER=33777c94-e4b9-4947-906f-f84480f3cb99.dev
BASEFAMILY=cd755aad-517f-449f-bed0-f6a4b0c9aba3.fam
BLHA=28.53971514,113.51008635,497.099735,255.750198
TRANSFORMMATRIX=0.010349444,-0.999946441,0.000071430,0.000000000,0.999946443,0.010349444,-0.000001619,0.000000000,0.000000880,0.000071442,0.999999997,0.000000000,6.176806024,453.846362289,-25.866935789,1.000000000
ENTITYNAME=Wire_Device
