OBJECTMODELPOINTER=33777c94-e4b9-4947-906f-f84480f3cb99.dev
BASEFAMILY=cd7a716e-47ee-48a1-b850-af7dc612ae95.fam
BLHA=28.76146332,113.46687719,133.774448,236.227775
TRANSFORMMATRIX=0.001916714,-0.999998161,0.000062941,0.000000000,0.999998163,0.001916715,0.000002295,0.000000000,-0.000002415,0.000062936,0.999999998,0.000000000,-14.436488149,400.273387264,37.078794070,1.000000000
ENTITYNAME=Wire_Device
