OBJECTMODELPOINTER=33777c94-e4b9-4947-906f-f84480f3cb99.dev
BASEFAMILY=cdae2683-c63d-43fc-944d-a73ccf645543.fam
BLHA=28.32474464,113.37442409,71.722945,330.514691
TRANSFORMMATRIX=-0.324019325,-0.946050462,0.000016636,0.000000000,0.946050462,-0.324019325,-0.000001563,0.000000000,0.000006869,0.000015233,1.000000000,0.000000000,43.454269904,97.006318333,38.232217167,1.000000000
ENTITYNAME=Wire_Device
