OBJECTMODELPOINTER=33777c94-e4b9-4947-906f-f84480f3cb99.dev
BASEFAMILY=cdb86217-9ecf-440a-952e-52615db1ca2f.fam
BLHA=28.36788990,113.36378392,64.428624,219.706007
TRANSFORMMATRIX=-0.012347032,-0.999923771,0.000046173,0.000000000,0.999923773,-0.012347031,0.000002229,0.000000000,-0.000001659,0.000046197,0.999999999,0.000000000,-9.803858657,294.228141955,19.410102204,1.000000000
ENTITYNAME=Wire_Device
