OBJECTMODELPOINTER=33777c94-e4b9-4947-906f-f84480f3cb99.dev
BASEFAMILY=cdbf99e3-ae56-403e-8588-07dc11b29929.fam
BLHA=28.52337409,113.48828309,330.016596,210.734491
TRANSFORMMATRIX=0.002140039,-0.999997707,0.000084193,0.000000000,0.999997710,0.002140039,0.000000338,0.000000000,-0.000000518,0.000084193,0.999999996,0.000000000,-2.070336854,536.699571536,47.232321750,1.000000000
ENTITYNAME=Wire_Device
