OBJECTMODELPOINTER=33777c94-e4b9-4947-906f-f84480f3cb99.dev
BASEFAMILY=cdbf3248-a201-40bd-adac-bc88292c57f8.fam
BLHA=28.31515909,113.41015274,70.673124,0.896163
TRANSFORMMATRIX=0.000023442,-0.999999999,0.000047538,0.000000000,1.000000000,0.000023442,0.000001413,0.000000000,-0.000001414,0.000047538,0.999999999,0.000000000,-8.955526311,303.437109471,6.706040756,1.000000000
ENTITYNAME=Wire_Device
