OBJECTMODELPOINTER=33777c94-e4b9-4947-906f-f84480f3cb99.dev
BASEFAMILY=cdc94022-d6da-4af9-be23-3390a90de2e4.fam
BLHA=28.55813742,113.50479443,276.608256,304.990571
TRANSFORMMATRIX=0.000020130,-0.999999998,0.000064443,0.000000000,1.000000000,0.000020130,0.000000108,0.000000000,-0.000000108,0.000064443,0.999999998,0.000000000,-1.693698340,409.935813825,49.541574156,1.000000000
ENTITYNAME=Wire_Device
