OBJECTMODELPOINTER=33777c94-e4b9-4947-906f-f84480f3cb99.dev
BASEFAMILY=cdf7b5be-847e-4ebe-a15f-f37c9566b41c.fam
BLHA=28.71274605,113.45447194,199.234978,264.887951
TRANSFORMMATRIX=-0.010319202,-0.999946756,0.000005393,0.000000000,0.999946756,-0.010319202,0.000001887,0.000000000,-0.000001831,0.000005412,1.000000000,0.000000000,-11.673147594,34.363707331,26.330572629,1.000000000
ENTITYNAME=Wire_Device
