OBJECTMODELPOINTER=33777c94-e4b9-4947-906f-f84480f3cb99.dev
BASEFAMILY=ce00612a-5c6c-4153-a2e7-130d5863194f.fam
BLHA=28.66573943,113.46033717,166.408962,277.610658
TRANSFORMMATRIX=0.002353944,-0.999997226,0.000081725,0.000000000,0.999997229,0.002353945,0.000002170,0.000000000,-0.000002363,0.000081720,0.999999997,0.000000000,-15.432859647,519.004184594,25.273488147,1.000000000
ENTITYNAME=Wire_Device
