OBJECTMODELPOINTER=33777c94-e4b9-4947-906f-f84480f3cb99.dev
BASEFAMILY=ce0ce319-6e75-43ef-a78f-5c97a99413b7.fam
BLHA=28.32292443,113.37625760,67.775568,311.415680
TRANSFORMMATRIX=-0.003212163,-0.999994840,0.000037119,0.000000000,0.999994841,-0.003212163,-0.000001054,0.000000000,0.000001172,0.000037115,0.999999999,0.000000000,6.858593679,236.194720698,10.940569997,1.000000000
ENTITYNAME=Wire_Device
