OBJECTMODELPOINTER=33777c94-e4b9-4947-906f-f84480f3cb99.dev
BASEFAMILY=ce3500e5-4976-4a69-a28f-2c176576acfe.fam
BLHA=28.40337100,113.37122865,129.378598,254.006183
TRANSFORMMATRIX=-0.011887230,-0.999929343,0.000060264,0.000000000,0.999929344,-0.011887230,0.000002487,0.000000000,-0.000001771,0.000060289,0.999999998,0.000000000,-10.770509639,382.974832797,54.293250839,1.000000000
ENTITYNAME=Wire_Device
