OBJECTMODELPOINTER=33777c94-e4b9-4947-906f-f84480f3cb99.dev
BASEFAMILY=ce395196-a10a-46d3-959a-e457182b0b9a.fam
BLHA=28.46688419,113.40170203,216.340862,242.026912
TRANSFORMMATRIX=0.001849134,-0.999998286,0.000096402,0.000000000,0.999998290,0.001849134,-0.000001501,0.000000000,0.000001322,0.000096404,0.999999995,0.000000000,9.752652500,612.905866282,72.134749158,1.000000000
ENTITYNAME=Wire_Device
