ENTITYNAME=WIRE
BASEFAMILY=ce3b16ab-f622-4fe1-9d63-365b800c5781.fam
OBJECTMODELPOINTER=31970f28-780e-4bf1-8adb-439f78c329a3.dev
KVALUE=0.000235
SPLIT=1
POINT0.BLHA=28.70605444,113.45451077,165.913,277.425083
POINT0.MATRIX0=-0.991614682,0.129229724,-0.000000000,0.000000000,-0.129229724,-0.991614682,0.000000000,0.000000000,-0.000000000,-0.000000000,1.000000000,0.000000000,11.318219556,0.308333031,63.557999214,1.000000000
POINT1.BLHA=28.70103226,113.45527961,136.731,277.425083
POINT1.MATRIX0=-0.991614682,0.129229724,0.000000000,0.000000000,-0.129229724,-0.991614682,0.000000000,0.000000000,0.000000000,-0.000000000,1.000000000,0.000000000,9.869386655,-0.311154527,54.558006674,1.000000000
