ENTITYNAME=WIRE
BASEFAMILY=ce4b15fe-508a-4100-930b-48b50188e906.fam
OBJECTMODELPOINTER=81b82497-164d-48c0-b1cb-18fa700dacdf.dev
KVALUE=0.000000
SPLIT=4
POINT0.BLHA=28.31925198,113.37995663,64.126,500.343289
POINT0.MATRIX0=0.638186328,-0.769881946,-0.000000000,0.000000000,0.769881946,0.638186328,0.000000000,0.000000000,0.000000000,0.000000000,1.000000000,0.000000000,-11.529336173,0.001381993,42.789999440,1.000000000
POINT0.MATRIX1=0.638186328,-0.769881946,-0.000000000,0.000000000,0.769881946,0.638186328,0.000000000,0.000000000,0.000000000,0.000000000,1.000000000,0.000000000,-11.529336173,0.001381994,43.239999428,1.000000000
POINT0.MATRIX2=0.638186328,-0.769881946,-0.000000000,0.000000000,0.769881946,0.638186328,0.000000000,0.000000000,0.000000000,0.000000000,1.000000000,0.000000000,-11.079336018,0.001381614,43.239999428,1.000000000
POINT0.MATRIX3=0.638186328,-0.769881946,-0.000000000,0.000000000,0.769881946,0.638186328,0.000000000,0.000000000,0.000000000,0.000000000,1.000000000,0.000000000,-11.079336018,0.001381614,42.789999440,1.000000000
POINT1.BLHA=28.31925198,113.37995663,64.126,500.343289
POINT1.MATRIX0=0.638186328,-0.769881946,-0.000000000,0.000000000,0.769881946,0.638186328,0.000000000,0.000000000,0.000000000,0.000000000,1.000000000,0.000000000,-11.529335966,-0.000618071,42.789999440,1.000000000
POINT1.MATRIX1=0.638186328,-0.769881946,-0.000000000,0.000000000,0.769881946,0.638186328,0.000000000,0.000000000,0.000000000,0.000000000,1.000000000,0.000000000,-11.529335966,-0.000618071,43.239999428,1.000000000
POINT1.MATRIX2=0.638186328,-0.769881946,-0.000000000,0.000000000,0.769881946,0.638186328,0.000000000,0.000000000,0.000000000,0.000000000,1.000000000,0.000000000,-11.079336148,-0.000618419,43.239999429,1.000000000
POINT1.MATRIX3=0.638186328,-0.769881946,-0.000000000,0.000000000,0.769881946,0.638186328,0.000000000,0.000000000,0.000000000,0.000000000,1.000000000,0.000000000,-11.079336148,-0.000618419,42.789999441,1.000000000
