OBJECTMODELPOINTER=33777c94-e4b9-4947-906f-f84480f3cb99.dev
BASEFAMILY=ce4c6d05-9747-4de1-8626-dc47ffe68d68.fam
BLHA=28.31135450,113.43043530,49.303319,335.449580
TRANSFORMMATRIX=0.003284262,-0.999994607,0.000015875,0.000000000,0.999994607,0.003284262,0.000001220,0.000000000,-0.000001272,0.000015871,1.000000000,0.000000000,-8.281785436,101.231336091,26.586949239,1.000000000
ENTITYNAME=Wire_Device
