OBJECTMODELPOINTER=33777c94-e4b9-4947-906f-f84480f3cb99.dev
BASEFAMILY=ce62128e-9cd6-4245-b40c-88d50517493c.fam
BLHA=28.44721846,113.39002654,265.559825,242.026912
TRANSFORMMATRIX=0.002820498,-0.999996021,0.000051654,0.000000000,0.999996022,0.002820498,-0.000001717,0.000000000,0.000001571,0.000051659,0.999999999,0.000000000,10.726399433,328.439737526,22.929243939,1.000000000
ENTITYNAME=Wire_Device
