OBJECTMODELPOINTER=33777c94-e4b9-4947-906f-f84480f3cb99.dev
BASEFAMILY=ce97794b-e78e-4a13-888a-b98eae25d642.fam
BLHA=28.28492071,113.44885804,59.682173,504.180323
TRANSFORMMATRIX=-0.274293098,0.961646138,0.000049511,0.000000000,-0.961646139,-0.274293098,0.000001785,0.000000000,0.000015297,-0.000047122,0.999999999,0.000000000,98.051103713,-300.489437490,45.041051435,1.000000000
ENTITYNAME=Wire_Device
