ENTITYNAME=WIRE
BASEFAMILY=ceb5082c-75e9-4dec-b443-15f6eb0d9cc6.fam
OBJECTMODELPOINTER=81b82497-164d-48c0-b1cb-18fa700dacdf.dev
KVALUE=0.143485
SPLIT=4
POINT0.BLHA=28.32529000,113.37096013,66.626,509.137564
POINT0.MATRIX0=0.512978582,-0.858401406,0.000000000,0.000000000,0.858401406,0.512978582,0.000000000,0.000000000,0.000000000,-0.000000000,1.000000000,0.000000000,7.274528093,-3.999898093,38.790004051,1.000000000
POINT0.MATRIX1=0.512978582,-0.858401406,0.000000000,0.000000000,0.858401406,0.512978582,0.000000000,0.000000000,0.000000000,-0.000000000,1.000000000,0.000000000,7.274528093,-3.999898093,39.240004099,1.000000000
POINT0.MATRIX2=0.512978582,-0.858401406,0.000000000,0.000000000,0.858401406,0.512978582,0.000000000,0.000000000,0.000000000,-0.000000000,1.000000000,0.000000000,7.724527993,-3.999898112,39.240004099,1.000000000
POINT0.MATRIX3=0.512978582,-0.858401406,0.000000000,0.000000000,0.858401406,0.512978582,0.000000000,0.000000000,0.000000000,-0.000000000,1.000000000,0.000000000,7.724527993,-3.999898112,38.790004051,1.000000000
POINT1.BLHA=28.32529000,113.37096013,66.626,509.137564
POINT1.MATRIX0=0.512978582,-0.858401406,0.000000000,0.000000000,0.858401406,0.512978582,0.000000000,0.000000000,0.000000000,-0.000000000,1.000000000,0.000000000,4.312802130,-9.016699058,36.886640019,1.000000000
POINT1.MATRIX1=0.512978582,-0.858401406,0.000000000,0.000000000,0.858401406,0.512978582,0.000000000,0.000000000,0.000000000,-0.000000000,1.000000000,0.000000000,4.726578933,-8.863852209,37.120282566,1.000000000
POINT1.MATRIX2=0.512978582,-0.858401406,0.000000000,0.000000000,0.858401406,0.512978582,0.000000000,0.000000000,0.000000000,-0.000000000,1.000000000,0.000000000,5.246922478,-9.423897620,36.638262516,1.000000000
POINT1.MATRIX3=0.512978582,-0.858401406,0.000000000,0.000000000,0.858401406,0.512978582,0.000000000,0.000000000,0.000000000,-0.000000000,1.000000000,0.000000000,4.833145675,-9.576744469,36.404619930,1.000000000
