ENTITYNAME=WIRE
BASEFAMILY=cec75b49-eb70-487a-8a65-86495f234b52.fam
OBJECTMODELPOINTER=81b82497-164d-48c0-b1cb-18fa700dacdf.dev
KVALUE=0.000000
SPLIT=4
POINT0.BLHA=28.58865070,113.47941927,287.209,287.849619
POINT0.MATRIX0=-0.951864299,0.306519749,0.000000000,0.000000000,-0.306519749,-0.951864299,-0.000000000,0.000000000,0.000000000,0.000000000,1.000000000,0.000000000,12.095160323,-0.595559834,43.741100167,1.000000000
POINT0.MATRIX1=-0.951864299,0.306519749,0.000000000,0.000000000,-0.306519749,-0.951864299,-0.000000000,0.000000000,0.000000000,0.000000000,1.000000000,0.000000000,12.095160322,-0.595559834,44.191100929,1.000000000
POINT0.MATRIX2=-0.951864299,0.306519749,0.000000000,0.000000000,-0.306519749,-0.951864299,-0.000000000,0.000000000,0.000000000,0.000000000,1.000000000,0.000000000,11.644973998,-0.604482719,44.191100929,1.000000000
POINT0.MATRIX3=-0.951864299,0.306519749,0.000000000,0.000000000,-0.306519749,-0.951864299,-0.000000000,0.000000000,0.000000000,0.000000000,1.000000000,0.000000000,11.644973998,-0.604482719,43.741100167,1.000000000
POINT1.BLHA=28.58865070,113.47941927,287.209,287.849619
POINT1.MATRIX0=-0.951864299,0.306519749,0.000000000,0.000000000,-0.306519749,-0.951864299,-0.000000000,0.000000000,0.000000000,0.000000000,1.000000000,0.000000000,12.092876166,-0.475581597,43.741100168,1.000000000
POINT1.MATRIX1=-0.951864299,0.306519749,0.000000000,0.000000000,-0.306519749,-0.951864299,-0.000000000,0.000000000,0.000000000,0.000000000,1.000000000,0.000000000,12.092876166,-0.475581598,44.191100930,1.000000000
POINT1.MATRIX2=-0.951864299,0.306519749,0.000000000,0.000000000,-0.306519749,-0.951864299,-0.000000000,0.000000000,0.000000000,0.000000000,1.000000000,0.000000000,11.642689840,-0.484504482,44.191100930,1.000000000
POINT1.MATRIX3=-0.951864299,0.306519749,0.000000000,0.000000000,-0.306519749,-0.951864299,-0.000000000,0.000000000,0.000000000,0.000000000,1.000000000,0.000000000,11.642689841,-0.484504482,43.741100168,1.000000000
