OBJECTMODELPOINTER=33777c94-e4b9-4947-906f-f84480f3cb99.dev
BASEFAMILY=cef7fc77-8742-4c53-8b40-db80ab255644.fam
BLHA=28.71568525,113.45475484,179.580025,274.089521
TRANSFORMMATRIX=-0.173936826,-0.984756812,0.000046517,0.000000000,0.984756813,-0.173936826,-0.000000895,0.000000000,0.000008972,0.000045653,0.999999999,0.000000000,57.163394450,289.896935342,48.078859619,1.000000000
ENTITYNAME=Wire_Device
