OBJECTMODELPOINTER=33777c94-e4b9-4947-906f-f84480f3cb99.dev
BASEFAMILY=cf02b370-511f-4101-bac7-39935c775db4.fam
BLHA=28.46846127,113.40263855,250.773411,415.920157
TRANSFORMMATRIX=-0.139954653,0.990157914,0.000016937,0.000000000,-0.990157914,-0.139954653,0.000001262,0.000000000,0.000003620,-0.000016594,1.000000000,0.000000000,22.816279987,-105.489937354,16.998756798,1.000000000
ENTITYNAME=Wire_Device
