OBJECTMODELPOINTER=33777c94-e4b9-4947-906f-f84480f3cb99.dev
BASEFAMILY=cf095374-e8e4-44ba-be37-ee95dc256322.fam
BLHA=28.76435807,113.46905293,179.070265,236.227775
TRANSFORMMATRIX=-0.000014435,-0.999999999,0.000045969,0.000000000,1.000000000,-0.000014435,0.000002177,0.000000000,-0.000002177,0.000045969,0.999999999,0.000000000,-13.174131520,292.354098102,-4.795895602,1.000000000
ENTITYNAME=Wire_Device
