OBJECTMODELPOINTER=33777c94-e4b9-4947-906f-f84480f3cb99.dev
BASEFAMILY=cf0bdd0a-170d-43a2-96db-5849525a0c48.fam
BLHA=28.60573334,113.47075261,228.044876,294.633001
TRANSFORMMATRIX=0.001841588,-0.999998304,0.000026555,0.000000000,0.999998304,0.001841588,-0.000001932,0.000000000,0.000001883,0.000026559,1.000000000,0.000000000,11.674321930,168.780993547,13.851974985,1.000000000
ENTITYNAME=Wire_Device
