OBJECTMODELPOINTER=33777c94-e4b9-4947-906f-f84480f3cb99.dev
BASEFAMILY=cf148c5e-77c1-4d72-9cc9-fc58c3f74fa0.fam
BLHA=28.28368001,113.45281448,67.001736,340.232800
TRANSFORMMATRIX=0.000004955,-1.000000000,0.000015890,0.000000000,1.000000000,0.000004955,0.000001222,0.000000000,-0.000001222,0.000015890,1.000000000,0.000000000,-7.933289328,101.377739785,32.097458174,1.000000000
ENTITYNAME=Wire_Device
