OBJECTMODELPOINTER=33777c94-e4b9-4947-906f-f84480f3cb99.dev
BASEFAMILY=cf1abdf8-3a73-4d56-b945-3e6be402939d.fam
BLHA=28.55813742,113.50479443,276.608256,304.990571
TRANSFORMMATRIX=0.000005827,-1.000000000,0.000018722,0.000000000,1.000000000,0.000005827,0.000000031,0.000000000,-0.000000031,0.000018721,1.000000000,0.000000000,-0.492125118,119.091644816,43.020348445,1.000000000
ENTITYNAME=Wire_Device
