OBJECTMODELPOINTER=33777c94-e4b9-4947-906f-f84480f3cb99.dev
BASEFAMILY=cf284d0c-1a38-4211-81c2-8639e61bc2eb.fam
BLHA=28.30572385,113.43813150,65.831158,307.005893
TRANSFORMMATRIX=-0.003407183,-0.999994195,0.000023092,0.000000000,0.999994196,-0.003407183,-0.000000965,0.000000000,0.000001044,0.000023088,1.000000000,0.000000000,6.281030484,146.870708011,52.574410235,1.000000000
ENTITYNAME=Wire_Device
