OBJECTMODELPOINTER=33777c94-e4b9-4947-906f-f84480f3cb99.dev
BASEFAMILY=cf3158ea-b92b-4ba1-a3e1-918d51c6ea98.fam
BLHA=28.38255325,113.36304670,117.224132,441.473487
TRANSFORMMATRIX=-0.205540309,0.978648650,0.000040917,0.000000000,-0.978648651,-0.205540309,0.000001287,0.000000000,0.000009670,-0.000039779,0.999999999,0.000000000,61.520975478,-252.574182001,6.361757201,1.000000000
ENTITYNAME=Wire_Device
