OBJECTMODELPOINTER=33777c94-e4b9-4947-906f-f84480f3cb99.dev
BASEFAMILY=cf334d9c-5dc4-4dd3-9c5d-f5bc2b7a809d.fam
BLHA=28.60573334,113.47075261,228.044876,294.633001
TRANSFORMMATRIX=0.001839221,-0.999998309,0.000016238,0.000000000,0.999998309,0.001839221,-0.000001957,0.000000000,0.000001927,0.000016242,1.000000000,0.000000000,12.084749989,103.208777568,22.750405540,1.000000000
ENTITYNAME=Wire_Device
