OBJECTMODELPOINTER=33777c94-e4b9-4947-906f-f84480f3cb99.dev
BASEFAMILY=cf34aace-21af-4dbf-83dd-a4991dae9b2e.fam
BLHA=28.29768818,113.44194006,79.179744,287.794387
TRANSFORMMATRIX=0.002155304,-0.999997677,0.000017119,0.000000000,0.999997677,0.002155304,-0.000001493,0.000000000,0.000001456,0.000017122,1.000000000,0.000000000,9.123304120,108.763049397,40.762614329,1.000000000
ENTITYNAME=Wire_Device
