ENTITYNAME=WIRE
BASEFAMILY=cf47b25b-d206-462e-a6ae-404b34f28f98.fam
OBJECTMODELPOINTER=81b82497-164d-48c0-b1cb-18fa700dacdf.dev
KVALUE=0.000000
SPLIT=4
POINT0.BLHA=28.61307891,113.46689101,233.449,464.034761
POINT0.MATRIX0=0.970148776,-0.242510520,-0.000000000,0.000000000,0.242510520,0.970148776,-0.000000000,0.000000000,0.000000000,0.000000000,1.000000000,0.000000000,7.275048550,4.001271809,38.790000558,1.000000000
POINT0.MATRIX1=0.970148776,-0.242510520,-0.000000000,0.000000000,0.242510520,0.970148776,-0.000000000,0.000000000,0.000000000,0.000000000,1.000000000,0.000000000,7.275048550,4.001271809,39.240000606,1.000000000
POINT0.MATRIX2=0.970148776,-0.242510520,-0.000000000,0.000000000,0.242510520,0.970148776,-0.000000000,0.000000000,0.000000000,0.000000000,1.000000000,0.000000000,7.725048620,4.001271600,39.240000605,1.000000000
POINT0.MATRIX3=0.970148776,-0.242510520,-0.000000000,0.000000000,0.242510520,0.970148776,-0.000000000,0.000000000,0.000000000,0.000000000,1.000000000,0.000000000,7.725048620,4.001271601,38.790000558,1.000000000
POINT1.BLHA=28.61307891,113.46689101,233.449,464.034761
POINT1.MATRIX0=0.970148776,-0.242510520,-0.000000000,0.000000000,0.242510520,0.970148776,-0.000000000,0.000000000,0.000000000,0.000000000,1.000000000,0.000000000,7.275048485,3.999271874,38.790000558,1.000000000
POINT1.MATRIX1=0.970148776,-0.242510520,-0.000000000,0.000000000,0.242510520,0.970148776,-0.000000000,0.000000000,0.000000000,0.000000000,1.000000000,0.000000000,7.275048486,3.999271874,39.240000606,1.000000000
POINT1.MATRIX2=0.970148776,-0.242510520,-0.000000000,0.000000000,0.242510520,0.970148776,-0.000000000,0.000000000,0.000000000,0.000000000,1.000000000,0.000000000,7.725048556,3.999271665,39.240000605,1.000000000
POINT1.MATRIX3=0.970148776,-0.242510520,-0.000000000,0.000000000,0.242510520,0.970148776,-0.000000000,0.000000000,0.000000000,0.000000000,1.000000000,0.000000000,7.725048556,3.999271665,38.790000558,1.000000000
