ENTITYNAME=WIRE
BASEFAMILY=cf66bd7f-7067-4f24-b3df-fb16b699c744.fam
OBJECTMODELPOINTER=81b82497-164d-48c0-b1cb-18fa700dacdf.dev
KVALUE=0.000368
SPLIT=4
POINT0.BLHA=28.79669223,113.49966037,193.056,221.400685
POINT0.MATRIX0=-0.661320829,-0.750103167,-0.000000000,0.000000000,0.750103167,-0.661320829,-0.000000000,0.000000000,-0.000000000,0.000000000,1.000000000,0.000000000,-12.503607913,0.108124803,43.000005125,1.000000000
POINT0.MATRIX1=-0.661320829,-0.750103167,-0.000000000,0.000000000,0.750103167,-0.661320829,-0.000000000,0.000000000,-0.000000000,0.000000000,1.000000000,0.000000000,-12.503607913,0.108124803,43.450002073,1.000000000
POINT0.MATRIX2=-0.661320829,-0.750103167,-0.000000000,0.000000000,0.750103167,-0.661320829,-0.000000000,0.000000000,-0.000000000,0.000000000,1.000000000,0.000000000,-12.954209586,0.110916198,43.450002072,1.000000000
POINT0.MATRIX3=-0.661320829,-0.750103167,-0.000000000,0.000000000,0.750103167,-0.661320829,-0.000000000,0.000000000,-0.000000000,0.000000000,1.000000000,0.000000000,-12.954209586,0.110916198,43.000005125,1.000000000
POINT1.BLHA=28.79327466,113.49529712,200.216,221.400685
POINT1.MATRIX0=-0.661320829,-0.750103167,-0.000000000,0.000000000,0.750103167,-0.661320829,0.000000000,0.000000000,-0.000000000,0.000000000,1.000000000,0.000000000,-12.505661446,-0.109041818,43.000001011,1.000000000
POINT1.MATRIX1=-0.661320829,-0.750103167,-0.000000000,0.000000000,0.750103167,-0.661320829,0.000000000,0.000000000,-0.000000000,0.000000000,1.000000000,0.000000000,-12.505661446,-0.109041817,43.449997959,1.000000000
POINT1.MATRIX2=-0.661320829,-0.750103167,-0.000000000,0.000000000,0.750103167,-0.661320829,0.000000000,0.000000000,-0.000000000,0.000000000,1.000000000,0.000000000,-12.954624671,-0.110298752,43.449997959,1.000000000
POINT1.MATRIX3=-0.661320829,-0.750103167,-0.000000000,0.000000000,0.750103167,-0.661320829,0.000000000,0.000000000,-0.000000000,0.000000000,1.000000000,0.000000000,-12.954624671,-0.110298752,43.000001011,1.000000000
