OBJECTMODELPOINTER=33777c94-e4b9-4947-906f-f84480f3cb99.dev
BASEFAMILY=cf69b2d1-dea4-442e-99ad-dae9935cd3b9.fam
BLHA=28.67734470,113.45869625,172.236825,275.673275
TRANSFORMMATRIX=0.000002137,-1.000000000,0.000014463,0.000000000,1.000000000,0.000002137,0.000000062,0.000000000,-0.000000061,0.000014462,1.000000000,0.000000000,-0.441707903,91.846656641,38.177080170,1.000000000
ENTITYNAME=Wire_Device
