OBJECTMODELPOINTER=33777c94-e4b9-4947-906f-f84480f3cb99.dev
BASEFAMILY=cf76a37a-3f9f-44eb-98f4-a850c2826d30.fam
BLHA=28.26885822,113.47846971,85.176990,355.334735
TRANSFORMMATRIX=0.000012962,-0.999999999,0.000028037,0.000000000,1.000000000,0.000012962,-0.000000981,0.000000000,0.000000981,0.000028038,1.000000000,0.000000000,6.153163552,178.955320011,53.284479987,1.000000000
ENTITYNAME=Wire_Device
