OBJECTMODELPOINTER=33777c94-e4b9-4947-906f-f84480f3cb99.dev
BASEFAMILY=cf822678-5b33-4419-8095-218d948772d4.fam
BLHA=28.71973492,113.45364743,163.020408,283.291091
TRANSFORMMATRIX=-0.009346790,-0.999956316,0.000064185,0.000000000,0.999956318,-0.009346790,0.000002082,0.000000000,-0.000001482,0.000064202,0.999999998,0.000000000,-9.930154099,407.824593369,37.223792694,1.000000000
ENTITYNAME=Wire_Device
