OBJECTMODELPOINTER=33777c94-e4b9-4947-906f-f84480f3cb99.dev
BASEFAMILY=cf8b3ebf-2d20-4099-8d5c-1a31fdbff0de.fam
BLHA=28.29096601,113.44441625,53.539724,287.794387
TRANSFORMMATRIX=-0.013225936,-0.999912533,0.000005230,0.000000000,0.999912534,-0.013225936,-0.000001113,0.000000000,0.000001182,0.000005215,1.000000000,0.000000000,7.493744582,33.118889891,34.373870122,1.000000000
ENTITYNAME=Wire_Device
