OBJECTMODELPOINTER=33777c94-e4b9-4947-906f-f84480f3cb99.dev
BASEFAMILY=cf8c2c01-1609-4752-a53a-9c6d19fda714.fam
BLHA=28.39632770,113.36872548,122.542167,249.667673
TRANSFORMMATRIX=-0.000011735,-0.999999998,0.000069545,0.000000000,1.000000000,-0.000011735,0.000002569,0.000000000,-0.000002568,0.000069546,0.999999998,0.000000000,-15.635007535,441.861474459,55.316232453,1.000000000
ENTITYNAME=Wire_Device
