OBJECTMODELPOINTER=33777c94-e4b9-4947-906f-f84480f3cb99.dev
BASEFAMILY=cf96710d-450a-4b8c-b0fe-bb386a13468d.fam
BLHA=28.33182616,113.36613124,59.967362,296.260490
TRANSFORMMATRIX=0.010645569,-0.999943333,0.000056263,0.000000000,0.999943334,0.010645569,-0.000001687,0.000000000,0.000001088,0.000056277,0.999999998,0.000000000,6.197488296,357.706900129,32.367841136,1.000000000
ENTITYNAME=Wire_Device
