OBJECTMODELPOINTER=33777c94-e4b9-4947-906f-f84480f3cb99.dev
BASEFAMILY=cf9bddfc-dec9-45c5-98ba-9271d441f404.fam
BLHA=28.78112316,113.48165670,163.744709,236.227775
TRANSFORMMATRIX=-0.000012477,-0.999999999,0.000043117,0.000000000,1.000000000,-0.000012477,0.000002153,0.000000000,-0.000002153,0.000043118,0.999999999,0.000000000,-13.064327505,274.219013306,68.001424248,1.000000000
ENTITYNAME=Wire_Device
