OBJECTMODELPOINTER=33777c94-e4b9-4947-906f-f84480f3cb99.dev
BASEFAMILY=cf9d52e6-2a24-416b-80ba-f340f72ae5d5.fam
BLHA=28.30399811,113.43961542,62.139238,477.400140
TRANSFORMMATRIX=0.162984895,0.986628563,0.000044039,0.000000000,-0.986628564,0.162984895,-0.000001544,0.000000000,-0.000008701,-0.000043199,0.999999999,0.000000000,-54.895786123,-274.492279066,45.858945021,1.000000000
ENTITYNAME=Wire_Device
