OBJECTMODELPOINTER=33777c94-e4b9-4947-906f-f84480f3cb99.dev
BASEFAMILY=cfb96c8a-2b05-4d69-8b12-f1f47c9bcb32.fam
BLHA=28.35190910,113.36144828,128.122186,278.143009
TRANSFORMMATRIX=0.000005034,-0.999999999,0.000045874,0.000000000,1.000000000,0.000005034,0.000000212,0.000000000,-0.000000212,0.000045874,0.999999999,0.000000000,-1.567260794,291.329588167,15.441797654,1.000000000
ENTITYNAME=Wire_Device
