ENTITYNAME=WIRE
BASEFAMILY=cfbc4ec9-c611-47d9-b84a-567681332c81.fam
OBJECTMODELPOINTER=31970f28-780e-4bf1-8adb-439f78c329a3.dev
KVALUE=0.000235
SPLIT=1
POINT0.BLHA=28.68698006,113.45743042,187.112,277.425083
POINT0.MATRIX0=-0.991614682,0.129229724,0.000000000,0.000000000,-0.129229724,-0.991614682,-0.000000000,0.000000000,-0.000000000,0.000000000,1.000000000,0.000000000,9.872558098,0.309786515,36.558004288,1.000000000
POINT1.BLHA=28.68327588,113.45799727,190.105,276.549179
POINT1.MATRIX0=-0.993474323,0.114055990,-0.000000000,0.000000000,-0.114055990,-0.993474323,-0.000000000,0.000000000,-0.000000000,0.000000000,1.000000000,0.000000000,5.517134942,-1.559751014,43.919119912,1.000000000
