OBJECTMODELPOINTER=33777c94-e4b9-4947-906f-f84480f3cb99.dev
BASEFAMILY=cfc7ab64-ea89-4ffd-a3fb-9f413eae95a4.fam
BLHA=28.75355465,113.46093365,124.778931,236.227775
TRANSFORMMATRIX=0.004184862,-0.999991243,0.000005461,0.000000000,0.999991243,0.004184862,-0.000002052,0.000000000,0.000002029,0.000005470,1.000000000,0.000000000,13.017371504,34.821815208,46.212124145,1.000000000
ENTITYNAME=Wire_Device
