OBJECTMODELPOINTER=33777c94-e4b9-4947-906f-f84480f3cb99.dev
BASEFAMILY=cfd3d6cf-38ef-4c82-a29f-ecab27360923.fam
BLHA=28.31523299,113.41422428,48.000024,0.896163
TRANSFORMMATRIX=0.000012968,-1.000000000,0.000016635,0.000000000,1.000000000,0.000012968,-0.000000936,0.000000000,0.000000935,0.000016635,1.000000000,0.000000000,5.948026216,106.182866436,48.445900862,1.000000000
ENTITYNAME=Wire_Device
