OBJECTMODELPOINTER=33777c94-e4b9-4947-906f-f84480f3cb99.dev
BASEFAMILY=cfe1d657-249c-4410-95c5-b6368ce52850.fam
BLHA=28.53408910,113.50849608,458.182485,233.242345
TRANSFORMMATRIX=-0.381796043,-0.924246600,0.000054910,0.000000000,0.924246602,-0.381796044,0.000000231,0.000000000,0.000020751,0.000050839,0.999999998,0.000000000,133.025230779,323.778183135,-11.381839965,1.000000000
ENTITYNAME=Wire_Device
