OBJECTMODELPOINTER=33777c94-e4b9-4947-906f-f84480f3cb99.dev
BASEFAMILY=cfe2bbf0-13ec-4f8a-a3ac-5a40e79518a1.fam
BLHA=28.51918695,113.48038702,399.659330,210.734491
TRANSFORMMATRIX=-0.000028204,-0.999999998,0.000061093,0.000000000,1.000000000,-0.000028204,0.000000406,0.000000000,-0.000000405,0.000061093,0.999999998,0.000000000,-1.686270963,389.446615661,-9.719864751,1.000000000
ENTITYNAME=Wire_Device
