OBJECTMODELPOINTER=33777c94-e4b9-4947-906f-f84480f3cb99.dev
BASEFAMILY=d0078ac0-4877-4e94-aa81-b249500d3b75.fam
BLHA=28.45391595,113.39400228,204.515406,242.026912
TRANSFORMMATRIX=-0.008114506,-0.999967076,0.000043291,0.000000000,0.999967077,-0.008114506,-0.000000863,0.000000000,0.000001214,0.000043283,0.999999999,0.000000000,8.334988389,275.183568796,23.952118495,1.000000000
ENTITYNAME=Wire_Device
