OBJECTMODELPOINTER=33777c94-e4b9-4947-906f-f84480f3cb99.dev
BASEFAMILY=d02f313c-0fdd-49a8-a250-c897bb55838a.fam
BLHA=28.44959265,113.39143584,231.811382,242.026912
TRANSFORMMATRIX=0.004901266,-0.999987988,0.000029887,0.000000000,0.999987989,0.004901266,0.000002076,0.000000000,-0.000002222,0.000029876,1.000000000,0.000000000,-13.759211777,189.907207450,63.793203616,1.000000000
ENTITYNAME=Wire_Device
