OBJECTMODELPOINTER=33777c94-e4b9-4947-906f-f84480f3cb99.dev
BASEFAMILY=d052729b-e229-40b7-a8e6-3a4369114a38.fam
BLHA=28.76565082,113.47002463,165.077698,236.227775
TRANSFORMMATRIX=-0.012122126,-0.999926524,0.000022114,0.000000000,0.999926524,-0.012122126,0.000002341,0.000000000,-0.000002072,0.000022141,1.000000000,0.000000000,-12.871227147,140.798381459,40.791696230,1.000000000
ENTITYNAME=Wire_Device
