OBJECTMODELPOINTER=33777c94-e4b9-4947-906f-f84480f3cb99.dev
BASEFAMILY=d0632c85-f3e8-499b-9a59-32a094d048e8.fam
BLHA=28.62257154,113.46619683,208.116407,273.436520
TRANSFORMMATRIX=0.000002522,-0.999999997,0.000076754,0.000000000,1.000000000,0.000002522,-0.000001677,0.000000000,0.000001678,0.000076754,0.999999997,0.000000000,10.554564960,487.415254967,11.123515208,1.000000000
ENTITYNAME=Wire_Device
