OBJECTMODELPOINTER=33777c94-e4b9-4947-906f-f84480f3cb99.dev
BASEFAMILY=d06f6f4d-d53a-4680-aade-b1ba70d3c832.fam
BLHA=28.51918695,113.48038702,399.659330,210.734491
TRANSFORMMATRIX=-0.000033789,-0.999999997,0.000070948,0.000000000,0.999999999,-0.000033789,-0.000001394,0.000000000,0.000001397,0.000070948,0.999999997,0.000000000,9.912295829,452.294423763,-6.814442205,1.000000000
ENTITYNAME=Wire_Device
