OBJECTMODELPOINTER=33777c94-e4b9-4947-906f-f84480f3cb99.dev
BASEFAMILY=d06f8d90-920e-4fe6-92a0-b92118485944.fam
BLHA=28.79669223,113.49966037,193.055862,221.400685
TRANSFORMMATRIX=-0.000010513,-1.000000000,0.000028649,0.000000000,1.000000000,-0.000010513,0.000000198,0.000000000,-0.000000198,0.000028649,1.000000000,0.000000000,-0.792645887,182.457434477,20.934343557,1.000000000
ENTITYNAME=Wire_Device
