OBJECTMODELPOINTER=33777c94-e4b9-4947-906f-f84480f3cb99.dev
BASEFAMILY=d075edd7-6eb6-47ad-8c04-d926420ea961.fam
BLHA=28.72353047,113.45260943,123.369332,283.291091
TRANSFORMMATRIX=0.000002629,-0.999999999,0.000039464,0.000000000,1.000000000,0.000002629,-0.000001725,0.000000000,0.000001725,0.000039464,0.999999999,0.000000000,10.718731435,250.667472142,45.757278284,1.000000000
ENTITYNAME=Wire_Device
