OBJECTMODELPOINTER=33777c94-e4b9-4947-906f-f84480f3cb99.dev
BASEFAMILY=d07757a0-f1e9-45bb-a59f-79aab78ec733.fam
BLHA=28.77096466,113.47401910,153.559218,236.227775
TRANSFORMMATRIX=-0.001760254,-0.999998445,0.000104393,0.000000000,0.999998451,-0.001760254,-0.000001284,0.000000000,0.000001468,0.000104390,0.999999994,0.000000000,10.943507092,664.005196665,43.518222387,1.000000000
ENTITYNAME=Wire_Device
