OBJECTMODELPOINTER=33777c94-e4b9-4947-906f-f84480f3cb99.dev
BASEFAMILY=d08a388b-0ae8-496d-aecb-940d00246b01.fam
BLHA=28.31470596,113.39701913,83.588909,4.996372
TRANSFORMMATRIX=-0.003307750,-0.999994529,0.000016116,0.000000000,0.999994529,-0.003307750,-0.000001150,0.000000000,0.000001203,0.000016112,1.000000000,0.000000000,7.687053944,102.843495346,41.500490890,1.000000000
ENTITYNAME=Wire_Device
