OBJECTMODELPOINTER=33777c94-e4b9-4947-906f-f84480f3cb99.dev
BASEFAMILY=d0a40861-166a-4884-b2ad-acc74525977e.fam
BLHA=28.42958283,113.37956045,205.551749,428.016547
TRANSFORMMATRIX=-0.091189847,0.995833525,0.000046418,0.000000000,-0.995833526,-0.091189847,-0.000000879,0.000000000,0.000003357,-0.000046304,0.999999999,0.000000000,20.883508204,-294.217750761,20.625714464,1.000000000
ENTITYNAME=Wire_Device
