ENTITYNAME=WIRE
BASEFAMILY=d0a8f10e-6b20-4889-88ea-6446f0566fe3.fam
OBJECTMODELPOINTER=81b82497-164d-48c0-b1cb-18fa700dacdf.dev
KVALUE=0.000369
SPLIT=4
POINT0.BLHA=28.32292443,113.37625760,67.776,311.415680
POINT0.MATRIX0=-0.749930065,0.661517118,0.000000000,0.000000000,-0.661517118,-0.749930065,0.000000000,0.000000000,-0.000000000,0.000000000,1.000000000,0.000000000,-6.409393073,0.120788934,66.554043708,1.000000000
POINT0.MATRIX1=-0.749930065,0.661517118,0.000000000,0.000000000,-0.661517118,-0.749930065,0.000000000,0.000000000,-0.000000000,0.000000000,1.000000000,0.000000000,-6.379628685,0.120577710,67.003079353,1.000000000
POINT0.MATRIX2=-0.749930065,0.661517118,0.000000000,0.000000000,-0.661517118,-0.749930065,0.000000000,0.000000000,-0.000000000,0.000000000,1.000000000,0.000000000,-6.828678564,0.120816642,67.032574592,1.000000000
POINT0.MATRIX3=-0.749930065,0.661517118,0.000000000,0.000000000,-0.661517118,-0.749930065,0.000000000,0.000000000,-0.000000000,0.000000000,1.000000000,0.000000000,-6.858076775,0.120704859,66.583538948,1.000000000
POINT1.BLHA=28.31925198,113.37995663,64.126,500.343289
POINT1.MATRIX0=0.638186328,-0.769881946,-0.000000000,0.000000000,0.769881946,0.638186328,0.000000000,0.000000000,0.000000000,0.000000000,1.000000000,0.000000000,8.555590722,9.135984616,57.264722481,1.000000000
POINT1.MATRIX1=0.638186328,-0.769881946,-0.000000000,0.000000000,0.769881946,0.638186328,0.000000000,0.000000000,0.000000000,0.000000000,1.000000000,0.000000000,8.681378076,9.954396401,57.574781075,1.000000000
POINT1.MATRIX2=0.638186328,-0.769881946,-0.000000000,0.000000000,0.769881946,0.638186328,0.000000000,0.000000000,0.000000000,0.000000000,1.000000000,0.000000000,9.174819138,9.876342018,57.574536934,1.000000000
POINT1.MATRIX3=0.638186328,-0.769881946,-0.000000000,0.000000000,0.769881946,0.638186328,0.000000000,0.000000000,0.000000000,0.000000000,1.000000000,0.000000000,9.050792677,9.061926824,57.264371529,1.000000000
