OBJECTMODELPOINTER=33777c94-e4b9-4947-906f-f84480f3cb99.dev
BASEFAMILY=d0ae1c7c-5e1d-48eb-b11e-bf1525b94198.fam
BLHA=28.31435017,113.39267151,117.559440,4.996372
TRANSFORMMATRIX=0.000023560,-0.999999999,0.000038915,0.000000000,1.000000000,0.000023560,-0.000001339,0.000000000,0.000001338,0.000038916,0.999999999,0.000000000,8.611368342,248.394298013,28.113583360,1.000000000
ENTITYNAME=Wire_Device
