OBJECTMODELPOINTER=33777c94-e4b9-4947-906f-f84480f3cb99.dev
BASEFAMILY=d0ae7af7-aab9-4e5a-a39f-c43ca84f1baf.fam
BLHA=28.30399811,113.43961542,62.139238,477.400140
TRANSFORMMATRIX=0.164769266,0.986332139,0.000007600,0.000000000,-0.986332139,0.164769266,-0.000001118,0.000000000,-0.000002354,-0.000007312,1.000000000,0.000000000,-14.913260972,-46.449580302,54.905819104,1.000000000
ENTITYNAME=Wire_Device
