OBJECTMODELPOINTER=33777c94-e4b9-4947-906f-f84480f3cb99.dev
BASEFAMILY=d0b497cd-d6ad-4ab8-a1da-c01731b61437.fam
BLHA=28.77621013,113.47796265,180.198107,236.227775
TRANSFORMMATRIX=-0.004975801,-0.999987620,0.000029348,0.000000000,0.999987621,-0.004975801,0.000002289,0.000000000,-0.000002142,0.000029359,1.000000000,0.000000000,-13.211395618,186.711383171,45.254297449,1.000000000
ENTITYNAME=Wire_Device
