OBJECTMODELPOINTER=33777c94-e4b9-4947-906f-f84480f3cb99.dev
BASEFAMILY=d0c50aa5-1cfd-4dcc-8599-54ec3ce07cc7.fam
BLHA=28.72353047,113.45260943,123.369332,283.291091
TRANSFORMMATRIX=-0.000000325,-1.000000000,0.000016346,0.000000000,1.000000000,-0.000000325,-0.000001804,0.000000000,0.000001804,0.000016347,1.000000000,0.000000000,11.392717708,103.820261416,38.615124452,1.000000000
ENTITYNAME=Wire_Device
