OBJECTMODELPOINTER=33777c94-e4b9-4947-906f-f84480f3cb99.dev
BASEFAMILY=d0cf9694-a857-4913-b2d3-7da2df46e7bc.fam
BLHA=28.50595381,113.45544189,275.037773,205.493080
TRANSFORMMATRIX=-0.091671302,-0.995789321,0.000036419,0.000000000,0.995789321,-0.091671302,-0.000000934,0.000000000,0.000004268,0.000036180,0.999999999,0.000000000,27.595061623,230.777771281,-42.614728582,1.000000000
ENTITYNAME=Wire_Device
