OBJECTMODELPOINTER=33777c94-e4b9-4947-906f-f84480f3cb99.dev
BASEFAMILY=d0d5686b-56ec-4a26-91b5-4aa09a66ef94.fam
BLHA=28.60189794,113.47276867,201.465001,294.633001
TRANSFORMMATRIX=0.000001487,-1.000000000,0.000004512,0.000000000,1.000000000,0.000001487,0.000000011,0.000000000,-0.000000011,0.000004512,1.000000000,0.000000000,-0.126344452,28.680450759,37.660648895,1.000000000
ENTITYNAME=Wire_Device
