ENTITYNAME=WIRE
BASEFAMILY=d0dac6a9-0b80-4f2c-a7bb-ebbb67757530.fam
OBJECTMODELPOINTER=81b82497-164d-48c0-b1cb-18fa700dacdf.dev
KVALUE=0.145571
SPLIT=4
POINT0.BLHA=28.53408910,113.50849608,458.182,233.242345
POINT0.MATRIX0=-0.801173862,-0.598431653,0.000000000,0.000000000,0.598431653,-0.801173862,0.000000000,0.000000000,-0.000000000,0.000000000,1.000000000,0.000000000,7.724937704,4.000945174,38.790010724,1.000000000
POINT0.MATRIX1=-0.801173862,-0.598431653,0.000000000,0.000000000,0.598431653,-0.801173862,0.000000000,0.000000000,-0.000000000,0.000000000,1.000000000,0.000000000,7.724937704,4.000945174,39.240010772,1.000000000
POINT0.MATRIX2=-0.801173862,-0.598431653,0.000000000,0.000000000,0.598431653,-0.801173862,0.000000000,0.000000000,-0.000000000,0.000000000,1.000000000,0.000000000,7.274937675,4.000945474,39.240010772,1.000000000
POINT0.MATRIX3=-0.801173862,-0.598431653,0.000000000,0.000000000,0.598431653,-0.801173862,0.000000000,0.000000000,-0.000000000,0.000000000,1.000000000,0.000000000,7.274937675,4.000945474,38.790010724,1.000000000
POINT1.BLHA=28.53408910,113.50849608,458.182,233.242345
POINT1.MATRIX0=-0.801173862,-0.598431653,0.000000000,0.000000000,0.598431653,-0.801173862,0.000000000,0.000000000,-0.000000000,0.000000000,1.000000000,0.000000000,4.513864933,9.432726306,34.820853386,1.000000000
POINT1.MATRIX1=-0.801173862,-0.598431653,0.000000000,0.000000000,0.598431653,-0.801173862,0.000000000,0.000000000,-0.000000000,0.000000000,1.000000000,0.000000000,4.686462766,9.496206669,35.285941278,1.000000000
POINT1.MATRIX2=-0.801173862,-0.598431653,0.000000000,0.000000000,0.598431653,-0.801173862,0.000000000,0.000000000,-0.000000000,0.000000000,1.000000000,0.000000000,4.856676161,8.608877432,35.306041074,1.000000000
POINT1.MATRIX3=-0.801173862,-0.598431653,0.000000000,0.000000000,0.598431653,-0.801173862,0.000000000,0.000000000,-0.000000000,0.000000000,1.000000000,0.000000000,4.684469502,8.545689254,34.840953175,1.000000000
