OBJECTMODELPOINTER=33777c94-e4b9-4947-906f-f84480f3cb99.dev
BASEFAMILY=d0daf335-53f7-402f-97f9-fdfb9322c486.fam
BLHA=28.77096466,113.47401910,153.559218,236.227775
TRANSFORMMATRIX=-0.001733351,-0.999998498,0.000015569,0.000000000,0.999998498,-0.001733351,-0.000001892,0.000000000,0.000001918,0.000015565,1.000000000,0.000000000,12.463450658,99.035144543,22.506745475,1.000000000
ENTITYNAME=Wire_Device
