OBJECTMODELPOINTER=33777c94-e4b9-4947-906f-f84480f3cb99.dev
BASEFAMILY=d0e3fed5-eaba-4129-9f45-ee7ed3ee2811.fam
BLHA=28.66021577,113.46120276,152.793290,277.610658
TRANSFORMMATRIX=0.000000129,-1.000000000,0.000005232,0.000000000,1.000000000,0.000000129,0.000000020,0.000000000,-0.000000019,0.000005233,1.000000000,0.000000000,-0.149845263,33.229660565,55.270816752,1.000000000
ENTITYNAME=Wire_Device
