OBJECTMODELPOINTER=33777c94-e4b9-4947-906f-f84480f3cb99.dev
BASEFAMILY=d0e670d6-a642-48a2-9ecb-2d2ada59e3dc.fam
BLHA=28.55813742,113.50479443,276.608256,304.990571
TRANSFORMMATRIX=0.000956558,-0.999999542,0.000006240,0.000000000,0.999999542,0.000956558,0.000002101,0.000000000,-0.000002107,0.000006238,1.000000000,0.000000000,-13.521824987,39.715332023,51.996744376,1.000000000
ENTITYNAME=Wire_Device
