OBJECTMODELPOINTER=33777c94-e4b9-4947-906f-f84480f3cb99.dev
BASEFAMILY=d0ebcbca-cc8a-46cc-afe6-4013d70493a5.fam
BLHA=28.29096601,113.44441625,53.539724,287.794387
TRANSFORMMATRIX=0.005527390,-0.999984724,0.000005122,0.000000000,0.999984724,0.005527390,0.000001187,0.000000000,-0.000001215,0.000005116,1.000000000,0.000000000,-7.802541478,32.509372502,34.445490998,1.000000000
ENTITYNAME=Wire_Device
