OBJECTMODELPOINTER=33777c94-e4b9-4947-906f-f84480f3cb99.dev
BASEFAMILY=d0f188a1-b532-491d-991c-23254897b7bc.fam
BLHA=28.79022096,113.49139881,176.212376,221.400685
TRANSFORMMATRIX=-0.000023318,-0.999999998,0.000061442,0.000000000,1.000000000,-0.000023318,0.000000426,0.000000000,-0.000000424,0.000061442,0.999999998,0.000000000,-1.698340085,391.309225829,-14.127216209,1.000000000
ENTITYNAME=Wire_Device
