OBJECTMODELPOINTER=33777c94-e4b9-4947-906f-f84480f3cb99.dev
BASEFAMILY=d0f4ea06-0fae-4c3b-b598-0431ab263824.fam
BLHA=28.45391595,113.39400228,204.515406,242.026912
TRANSFORMMATRIX=-0.518487881,-0.855084976,-0.000000361,0.000000000,0.855084976,-0.518487881,-0.000001011,0.000000000,0.000000677,-0.000000833,1.000000000,0.000000000,4.308084194,-5.286012462,36.073925878,1.000000000
ENTITYNAME=Wire_Device
