OBJECTMODELPOINTER=33777c94-e4b9-4947-906f-f84480f3cb99.dev
BASEFAMILY=d0f411b2-15ea-4148-ac28-8ed092fc9010.fam
BLHA=28.72353047,113.45260943,123.369332,283.291091
TRANSFORMMATRIX=0.000003075,-1.000000000,0.000005446,0.000000000,1.000000000,0.000003075,0.000001878,0.000000000,-0.000001879,0.000005447,1.000000000,0.000000000,-12.028215197,34.607586705,40.800392346,1.000000000
ENTITYNAME=Wire_Device
