OBJECTMODELPOINTER=33777c94-e4b9-4947-906f-f84480f3cb99.dev
BASEFAMILY=d0fd1bdf-db03-47e7-baaa-efe6347912b4.fam
BLHA=28.79022096,113.49139881,176.212376,221.400685
TRANSFORMMATRIX=-0.001040537,-0.999999458,0.000039768,0.000000000,0.999999459,-0.001040538,-0.000001728,0.000000000,0.000001769,0.000039766,0.999999999,0.000000000,11.907189091,253.296907969,-7.839664790,1.000000000
ENTITYNAME=Wire_Device
