OBJECTMODELPOINTER=33777c94-e4b9-4947-906f-f84480f3cb99.dev
BASEFAMILY=d102e181-1621-4d2a-8557-352ba3328ed3.fam
BLHA=28.58865070,113.47941927,287.208654,287.849619
TRANSFORMMATRIX=0.000015057,-0.999999996,0.000085983,0.000000000,1.000000000,0.000015057,0.000000245,0.000000000,-0.000000246,0.000085984,0.999999996,0.000000000,-2.400489017,546.292476351,26.498147910,1.000000000
ENTITYNAME=Wire_Device
