ENTITYNAME=WIRE
BASEFAMILY=d10b3db7-6b70-4ee8-898f-7e15ea7f8c40.fam
OBJECTMODELPOINTER=81b82497-164d-48c0-b1cb-18fa700dacdf.dev
KVALUE=0.000000
SPLIT=4
POINT0.BLHA=28.47322316,113.40714488,338.740,229.813402
POINT0.MATRIX0=-0.763946986,-0.645279012,0.000000000,0.000000000,0.645279012,-0.763946986,0.000000000,0.000000000,-0.000000000,-0.000000000,1.000000000,0.000000000,-13.094968443,-0.599931402,52.741104315,1.000000000
POINT0.MATRIX1=-0.763946986,-0.645279012,0.000000000,0.000000000,0.645279012,-0.763946986,0.000000000,0.000000000,-0.000000000,-0.000000000,1.000000000,0.000000000,-13.094968443,-0.599931403,53.191101263,1.000000000
POINT0.MATRIX2=-0.763946986,-0.645279012,0.000000000,0.000000000,0.645279012,-0.763946986,0.000000000,0.000000000,-0.000000000,-0.000000000,1.000000000,0.000000000,-13.544731338,-0.600171595,53.191101263,1.000000000
POINT0.MATRIX3=-0.763946986,-0.645279012,0.000000000,0.000000000,0.645279012,-0.763946986,0.000000000,0.000000000,-0.000000000,-0.000000000,1.000000000,0.000000000,-13.544731338,-0.600171595,52.741104315,1.000000000
POINT1.BLHA=28.47322316,113.40714488,338.740,229.813402
POINT1.MATRIX0=-0.763946986,-0.645279012,0.000000000,0.000000000,0.645279012,-0.763946986,0.000000000,0.000000000,-0.000000000,-0.000000000,1.000000000,0.000000000,-13.094968476,-0.479931386,52.741104315,1.000000000
POINT1.MATRIX1=-0.763946986,-0.645279012,0.000000000,0.000000000,0.645279012,-0.763946986,0.000000000,0.000000000,-0.000000000,-0.000000000,1.000000000,0.000000000,-13.094968475,-0.479931386,53.191101263,1.000000000
POINT1.MATRIX2=-0.763946986,-0.645279012,0.000000000,0.000000000,0.645279012,-0.763946986,0.000000000,0.000000000,-0.000000000,-0.000000000,1.000000000,0.000000000,-13.544731371,-0.480171579,53.191101262,1.000000000
POINT1.MATRIX3=-0.763946986,-0.645279012,0.000000000,0.000000000,0.645279012,-0.763946986,0.000000000,0.000000000,-0.000000000,-0.000000000,1.000000000,0.000000000,-13.544731371,-0.480171579,52.741104314,1.000000000
