OBJECTMODELPOINTER=33777c94-e4b9-4947-906f-f84480f3cb99.dev
BASEFAMILY=d116232e-7280-4692-beb2-e0c6fec68712.fam
BLHA=28.28708442,113.44692142,57.763329,308.127846
TRANSFORMMATRIX=0.000581351,-0.999999831,0.000005542,0.000000000,0.999999831,0.000581351,0.000001290,0.000000000,-0.000001293,0.000005541,1.000000000,0.000000000,-8.325025374,35.276998300,42.170658079,1.000000000
ENTITYNAME=Wire_Device
