OBJECTMODELPOINTER=33777c94-e4b9-4947-906f-f84480f3cb99.dev
BASEFAMILY=d1282594-0cbe-4128-a3ba-9610d089cde4.fam
BLHA=28.30399811,113.43961542,62.139238,477.400140
TRANSFORMMATRIX=0.168882729,0.985636151,0.000030879,0.000000000,-0.985636152,0.168882729,0.000001274,0.000000000,-0.000003959,-0.000030650,1.000000000,0.000000000,-24.830447882,-194.790444594,52.471115446,1.000000000
ENTITYNAME=Wire_Device
