OBJECTMODELPOINTER=33777c94-e4b9-4947-906f-f84480f3cb99.dev
BASEFAMILY=d12b5cfe-141d-4959-82b5-42659b835016.fam
BLHA=28.31294059,113.42646212,52.368358,335.449580
TRANSFORMMATRIX=0.000015068,-0.999999999,0.000028149,0.000000000,1.000000000,0.000015068,0.000001254,0.000000000,-0.000001255,0.000028149,1.000000000,0.000000000,-8.325251160,179.530817831,22.321219246,1.000000000
ENTITYNAME=Wire_Device
