OBJECTMODELPOINTER=33777c94-e4b9-4947-906f-f84480f3cb99.dev
BASEFAMILY=d1447fa3-5d26-4b75-9fce-51219854d84f.fam
BLHA=28.39913011,113.36988101,173.073049,251.836928
TRANSFORMMATRIX=-0.255639044,-0.966772299,0.000000308,0.000000000,0.966772300,-0.255639044,0.000001443,0.000000000,-0.000001317,0.000000667,1.000000000,0.000000000,-8.393967148,4.221894785,25.096176989,1.000000000
ENTITYNAME=Wire_Device
