OBJECTMODELPOINTER=33777c94-e4b9-4947-906f-f84480f3cb99.dev
BASEFAMILY=d14939af-e0d9-41b1-a2af-8e59a493207d.fam
BLHA=28.30399811,113.43961542,62.139238,477.400140
TRANSFORMMATRIX=0.170727294,0.985318320,0.000020179,0.000000000,-0.985318320,0.170727294,0.000001784,0.000000000,-0.000001688,-0.000020187,1.000000000,0.000000000,-10.485559350,-128.305061025,39.098351132,1.000000000
ENTITYNAME=Wire_Device
