ENTITYNAME=WIRE
BASEFAMILY=d15cf803-cd6d-4122-8629-bac4bc0d0824.fam
OBJECTMODELPOINTER=81b82497-164d-48c0-b1cb-18fa700dacdf.dev
KVALUE=0.000336
SPLIT=4
POINT0.BLHA=28.81479053,113.52098652,97.065,179.643183
POINT0.MATRIX0=0.006227584,-0.999980608,-0.000000000,0.000000000,0.999980608,0.006227584,0.000000000,0.000000000,0.000000000,-0.000000000,1.000000000,0.000000000,-8.120241115,9.634983815,28.040864879,1.000000000
POINT0.MATRIX1=0.006227584,-0.999980608,-0.000000000,0.000000000,0.999980608,0.006227584,0.000000000,0.000000000,0.000000000,-0.000000000,1.000000000,0.000000000,-8.496206520,8.847959228,28.177781994,1.000000000
POINT0.MATRIX2=0.006227584,-0.999980608,-0.000000000,0.000000000,0.999980608,0.006227584,0.000000000,0.000000000,0.000000000,-0.000000000,1.000000000,0.000000000,-8.454845421,9.733487886,27.683565075,1.000000000
POINT0.MATRIX3=0.006227584,-0.999980608,-0.000000000,0.000000000,0.999980608,0.006227584,0.000000000,0.000000000,0.000000000,-0.000000000,1.000000000,0.000000000,-8.830807785,8.945975028,27.820482190,1.000000000
POINT1.BLHA=28.81479133,113.52057006,101.431,372.952022
POINT1.MATRIX0=0.224135070,0.974558090,0.000000000,0.000000000,-0.974558090,0.224135070,-0.000000000,0.000000000,-0.000000000,0.000000000,1.000000000,0.000000000,9.904750694,10.912184387,28.034198362,1.000000000
POINT1.MATRIX1=0.224135070,0.974558090,0.000000000,0.000000000,-0.974558090,0.224135070,-0.000000000,0.000000000,-0.000000000,0.000000000,1.000000000,0.000000000,10.384697195,10.768234337,28.034106808,1.000000000
POINT1.MATRIX2=0.224135070,0.974558090,0.000000000,0.000000000,-0.974558090,0.224135070,-0.000000000,0.000000000,-0.000000000,0.000000000,1.000000000,0.000000000,10.138699099,9.960035579,27.773288327,1.000000000
POINT1.MATRIX3=0.224135070,0.974558090,0.000000000,0.000000000,-0.974558090,0.224135070,-0.000000000,0.000000000,-0.000000000,0.000000000,1.000000000,0.000000000,9.658862039,10.104461488,27.773242550,1.000000000
