OBJECTMODELPOINTER=33777c94-e4b9-4947-906f-f84480f3cb99.dev
BASEFAMILY=d1638207-c35f-4e8b-861f-f884d9b1fa25.fam
BLHA=28.56335436,113.50003182,213.977894,312.996987
TRANSFORMMATRIX=0.009214823,-0.999957543,0.000005160,0.000000000,0.999957543,0.009214823,-0.000001991,0.000000000,0.000001944,0.000005179,1.000000000,0.000000000,12.291342146,32.932120590,39.114374804,1.000000000
ENTITYNAME=Wire_Device
