OBJECTMODELPOINTER=33777c94-e4b9-4947-906f-f84480f3cb99.dev
BASEFAMILY=d16c6ca3-906d-42c4-9d12-218ac4dc6210.fam
BLHA=28.66573943,113.46033717,166.408962,277.610658
TRANSFORMMATRIX=-0.002341175,-0.999997255,0.000091473,0.000000000,0.999997259,-0.002341175,-0.000001510,0.000000000,0.000001724,0.000091469,0.999999996,0.000000000,10.608544349,580.903532395,36.476025493,1.000000000
ENTITYNAME=Wire_Device
