ENTITYNAME=WIRE
BASEFAMILY=d183844d-31f6-47ec-93ca-2227685c9bb6.fam
OBJECTMODELPOINTER=31970f28-780e-4bf1-8adb-439f78c329a3.dev
KVALUE=0.000226
SPLIT=1
POINT0.BLHA=28.37348418,113.36536629,69.678,286.379084
POINT0.MATRIX0=-0.959416979,0.281991241,0.000000000,0.000000000,-0.281991241,-0.959416979,0.000000000,0.000000000,0.000000000,-0.000000000,1.000000000,0.000000000,-9.870966484,0.310215263,54.557999761,1.000000000
POINT1.BLHA=28.36995278,113.36656265,67.148,253.042546
POINT1.MATRIX0=-0.956521597,-0.291661508,0.000000000,0.000000000,0.291661508,-0.956521597,-0.000000000,0.000000000,0.000000000,0.000000000,1.000000000,0.000000000,-7.139521351,-1.455803766,43.959213911,1.000000000
