OBJECTMODELPOINTER=33777c94-e4b9-4947-906f-f84480f3cb99.dev
BASEFAMILY=d18572e7-ebc0-4378-8410-b53846248995.fam
BLHA=28.31515909,113.41015274,70.673124,0.896163
TRANSFORMMATRIX=0.000017404,-0.999999999,0.000036294,0.000000000,1.000000000,0.000017404,-0.000000955,0.000000000,0.000000954,0.000036294,0.999999999,0.000000000,6.077963178,231.664382806,7.640164314,1.000000000
ENTITYNAME=Wire_Device
