ENTITYNAME=WIRE
BASEFAMILY=d193d0b2-aa41-4732-9121-e819f5adea75.fam
OBJECTMODELPOINTER=81b82497-164d-48c0-b1cb-18fa700dacdf.dev
KVALUE=0.000320
SPLIT=4
POINT0.BLHA=28.38255325,113.36304670,117.224,441.473487
POINT0.MATRIX0=0.988947360,0.148267054,-0.000000000,0.000000000,-0.148267054,0.988947360,0.000000000,0.000000000,0.000000000,0.000000000,1.000000000,0.000000000,9.003736225,-10.414772974,22.508779039,1.000000000
POINT0.MATRIX1=0.988947360,0.148267054,-0.000000000,0.000000000,-0.148267054,0.988947360,0.000000000,0.000000000,0.000000000,0.000000000,1.000000000,0.000000000,9.172684220,-11.218924044,22.841893663,1.000000000
POINT0.MATRIX2=0.988947360,0.148267054,-0.000000000,0.000000000,-0.148267054,0.988947360,0.000000000,0.000000000,0.000000000,0.000000000,1.000000000,0.000000000,9.661848370,-11.115962242,22.841893663,1.000000000
POINT0.MATRIX3=0.988947360,0.148267054,-0.000000000,0.000000000,-0.148267054,0.988947360,0.000000000,0.000000000,0.000000000,0.000000000,1.000000000,0.000000000,9.493189959,-10.313742709,22.508779039,1.000000000
POINT1.BLHA=28.37974338,113.36324559,104.025,459.829193
POINT1.MATRIX0=0.985321048,-0.170711550,-0.000000000,0.000000000,0.170711550,0.985321048,-0.000000000,0.000000000,-0.000000000,0.000000000,1.000000000,0.000000000,8.225971260,10.626663172,20.410990008,1.000000000
POINT1.MATRIX1=0.985321048,-0.170711550,-0.000000000,0.000000000,0.170711550,0.985321048,-0.000000000,0.000000000,-0.000000000,0.000000000,1.000000000,0.000000000,8.314891461,11.400181658,20.828546830,1.000000000
POINT1.MATRIX2=0.985321048,-0.170711550,-0.000000000,0.000000000,0.170711550,0.985321048,-0.000000000,0.000000000,-0.000000000,0.000000000,1.000000000,0.000000000,8.811109958,11.343942777,20.828546831,1.000000000
POINT1.MATRIX3=0.985321048,-0.170711550,-0.000000000,0.000000000,0.170711550,0.985321048,-0.000000000,0.000000000,-0.000000000,0.000000000,1.000000000,0.000000000,8.722670871,10.570340935,20.410990008,1.000000000
