OBJECTMODELPOINTER=33777c94-e4b9-4947-906f-f84480f3cb99.dev
BASEFAMILY=d1a1b8a9-2eed-4b23-b5fc-e7573409de9b.fam
BLHA=28.36557656,113.36066804,62.497212,414.735470
TRANSFORMMATRIX=-0.257966973,0.966153735,0.000030627,0.000000000,-0.966153735,-0.257966974,0.000000370,0.000000000,0.000008258,-0.000029494,0.999999999,0.000000000,52.158508005,-187.484946775,30.445573288,1.000000000
ENTITYNAME=Wire_Device
