OBJECTMODELPOINTER=33777c94-e4b9-4947-906f-f84480f3cb99.dev
BASEFAMILY=d1ae426e-3220-4553-b1d1-c4150e8fb147.fam
BLHA=28.71568525,113.45475484,179.580025,274.089521
TRANSFORMMATRIX=0.628262894,-0.778001116,0.000000314,0.000000000,0.778001116,0.628262894,-0.000001310,0.000000000,0.000000822,0.000001068,1.000000000,0.000000000,5.246650663,6.777276026,36.269745060,1.000000000
ENTITYNAME=Wire_Device
