OBJECTMODELPOINTER=33777c94-e4b9-4947-906f-f84480f3cb99.dev
BASEFAMILY=d1afd348-e62b-4d02-8589-7e34ba5626c3.fam
BLHA=28.28492071,113.44885804,59.682173,504.180323
TRANSFORMMATRIX=-0.274548842,0.961573155,0.000038244,0.000000000,-0.961573155,-0.274548842,0.000001421,0.000000000,0.000011866,-0.000036384,0.999999999,0.000000000,76.055036184,-232.014113793,27.707614810,1.000000000
ENTITYNAME=Wire_Device
