OBJECTMODELPOINTER=33777c94-e4b9-4947-906f-f84480f3cb99.dev
BASEFAMILY=d1c34760-49bc-467f-bc5e-15a043c00021.fam
BLHA=28.51511181,113.47270360,348.782405,210.734491
TRANSFORMMATRIX=0.001190993,-0.999999290,0.000038337,0.000000000,0.999999291,0.001190993,-0.000001838,0.000000000,0.000001792,0.000038338,0.999999999,0.000000000,11.951173561,244.426591172,39.363682273,1.000000000
ENTITYNAME=Wire_Device
