OBJECTMODELPOINTER=33777c94-e4b9-4947-906f-f84480f3cb99.dev
BASEFAMILY=d1ca56dd-3a24-4aa8-a313-70aa90f2baab.fam
BLHA=28.56585701,113.49736639,238.961591,312.996987
TRANSFORMMATRIX=-0.001533316,-0.999998823,0.000045430,0.000000000,0.999998824,-0.001533315,0.000002164,0.000000000,-0.000002094,0.000045434,0.999999999,0.000000000,-14.084694010,289.244167238,16.626173551,1.000000000
ENTITYNAME=Wire_Device
