OBJECTMODELPOINTER=33777c94-e4b9-4947-906f-f84480f3cb99.dev
BASEFAMILY=d1e080b4-be90-49bd-bd33-ccb620dbe89b.fam
BLHA=28.45391595,113.39400228,204.515406,242.026912
TRANSFORMMATRIX=0.002601798,-0.999996614,0.000055045,0.000000000,0.999996615,0.002601798,0.000000177,0.000000000,-0.000000321,0.000055045,0.999999998,0.000000000,-1.289234161,349.938241773,34.411245572,1.000000000
ENTITYNAME=Wire_Device
