ENTITYNAME=WIRE
BASEFAMILY=d1e0314c-0ecc-457c-8275-9aa34af86a49.fam
OBJECTMODELPOINTER=81b82497-164d-48c0-b1cb-18fa700dacdf.dev
KVALUE=0.000369
SPLIT=4
POINT0.BLHA=28.48504373,113.41833342,235.006,407.385386
POINT0.MATRIX0=0.735924420,0.677063695,-0.000000000,0.000000000,-0.677063695,0.735924420,0.000000000,0.000000000,-0.000000000,0.000000000,1.000000000,0.000000000,-7.515400059,-9.581711506,29.533888077,1.000000000
POINT0.MATRIX1=0.735924420,0.677063695,-0.000000000,0.000000000,-0.677063695,0.735924420,0.000000000,0.000000000,-0.000000000,0.000000000,1.000000000,0.000000000,-7.493508650,-10.354446042,29.962496018,1.000000000
POINT0.MATRIX2=0.735924420,0.677063695,-0.000000000,0.000000000,-0.677063695,0.735924420,0.000000000,0.000000000,-0.000000000,0.000000000,1.000000000,0.000000000,-6.994089044,-10.340175331,29.962503648,1.000000000
POINT0.MATRIX3=0.735924420,0.677063695,-0.000000000,0.000000000,-0.677063695,0.735924420,0.000000000,0.000000000,-0.000000000,0.000000000,1.000000000,0.000000000,-7.015319258,-9.568159470,29.533895707,1.000000000
POINT1.BLHA=28.48305469,113.41645050,246.976,229.813402
POINT1.MATRIX0=-0.763946986,-0.645279012,0.000000000,0.000000000,0.645279012,-0.763946986,-0.000000000,0.000000000,0.000000000,-0.000000000,1.000000000,0.000000000,12.096658741,-0.716604200,40.741101072,1.000000000
POINT1.MATRIX1=-0.763946986,-0.645279012,0.000000000,0.000000000,0.645279012,-0.763946986,-0.000000000,0.000000000,0.000000000,-0.000000000,1.000000000,0.000000000,12.096658741,-0.716604200,41.191101834,1.000000000
POINT1.MATRIX2=-0.763946986,-0.645279012,0.000000000,0.000000000,0.645279012,-0.763946986,-0.000000000,0.000000000,0.000000000,-0.000000000,1.000000000,0.000000000,11.646689432,-0.723410302,41.191101834,1.000000000
POINT1.MATRIX3=-0.763946986,-0.645279012,0.000000000,0.000000000,0.645279012,-0.763946986,-0.000000000,0.000000000,0.000000000,-0.000000000,1.000000000,0.000000000,11.646689432,-0.723410302,40.741101071,1.000000000
