ENTITYNAME=WIRE
BASEFAMILY=d1ec4974-8b65-4cfd-8aa6-02d866b0c9e9.fam
OBJECTMODELPOINTER=81b82497-164d-48c0-b1cb-18fa700dacdf.dev
KVALUE=0.000369
SPLIT=4
POINT0.BLHA=28.75094621,113.45897359,113.767,236.227775
POINT0.MATRIX0=-0.831254041,-0.555892723,-0.000000000,0.000000000,0.555892723,-0.831254041,-0.000000000,0.000000000,0.000000000,0.000000000,1.000000000,0.000000000,-11.646665573,0.112854660,42.999991213,1.000000000
POINT0.MATRIX1=-0.831254041,-0.555892723,-0.000000000,0.000000000,0.555892723,-0.831254041,-0.000000000,0.000000000,0.000000000,0.000000000,1.000000000,0.000000000,-11.646665573,0.112854660,43.450003420,1.000000000
POINT0.MATRIX2=-0.831254041,-0.555892723,-0.000000000,0.000000000,0.555892723,-0.831254041,-0.000000000,0.000000000,0.000000000,0.000000000,1.000000000,0.000000000,-12.096202277,0.108282733,43.450003420,1.000000000
POINT0.MATRIX3=-0.831254041,-0.555892723,-0.000000000,0.000000000,0.555892723,-0.831254041,-0.000000000,0.000000000,0.000000000,0.000000000,1.000000000,0.000000000,-12.096202277,0.108282733,42.999991213,1.000000000
POINT1.BLHA=28.74846038,113.45710577,102.804,427.264866
POINT1.MATRIX0=0.922301280,0.386471667,0.000000000,0.000000000,-0.386471667,0.922301280,0.000000000,0.000000000,0.000000000,-0.000000000,1.000000000,0.000000000,9.025411120,9.430896470,29.388460948,1.000000000
POINT1.MATRIX1=0.922301280,0.386471667,0.000000000,0.000000000,-0.386471667,0.922301280,0.000000000,0.000000000,0.000000000,-0.000000000,1.000000000,0.000000000,9.186513455,10.192997211,29.803911998,1.000000000
POINT1.MATRIX2=0.922301280,0.386471667,0.000000000,0.000000000,-0.386471667,0.922301280,0.000000000,0.000000000,0.000000000,-0.000000000,1.000000000,0.000000000,9.675185030,10.092821396,29.803759410,1.000000000
POINT1.MATRIX3=0.922301280,0.386471667,0.000000000,0.000000000,-0.386471667,0.922301280,0.000000000,0.000000000,0.000000000,-0.000000000,1.000000000,0.000000000,9.514499765,9.328777756,29.388399913,1.000000000
