ENTITYNAME=WIRE
BASEFAMILY=d1fdd6e1-d195-4ff9-8a8a-1b0a79d5b2ef.fam
OBJECTMODELPOINTER=31970f28-780e-4bf1-8adb-439f78c329a3.dev
KVALUE=0.000219
SPLIT=1
POINT0.BLHA=28.32529000,113.37096013,66.626,509.137564
POINT0.MATRIX0=0.512978582,-0.858401406,0.000000000,0.000000000,0.858401406,0.512978582,0.000000000,0.000000000,0.000000000,-0.000000000,1.000000000,0.000000000,5.248338213,-1.517006126,43.992965735,1.000000000
POINT1.BLHA=28.32474464,113.37442409,71.723,330.514691
POINT1.MATRIX0=-0.492200384,0.870481925,0.000000000,0.000000000,-0.870481925,-0.492200384,0.000000000,0.000000000,0.000000000,0.000000000,1.000000000,0.000000000,-13.270292558,-1.017387872,61.407016896,1.000000000
