OBJECTMODELPOINTER=33777c94-e4b9-4947-906f-f84480f3cb99.dev
BASEFAMILY=d200abf1-d869-4913-88ea-88c573ce6f34.fam
BLHA=28.35569166,113.36081333,82.535643,278.143009
TRANSFORMMATRIX=0.000001429,-0.999999999,0.000050708,0.000000000,1.000000000,0.000001429,0.000000234,0.000000000,-0.000000234,0.000050707,0.999999999,0.000000000,-1.731476708,322.027822013,68.726339524,1.000000000
ENTITYNAME=Wire_Device
