ENTITYNAME=WIRE
BASEFAMILY=d20e7ed9-860b-4db8-8778-077ccc83abc0.fam
OBJECTMODELPOINTER=81b82497-164d-48c0-b1cb-18fa700dacdf.dev
KVALUE=0.000381
SPLIT=4
POINT0.BLHA=28.28912608,113.44509395,57.000,477.961117
POINT0.MATRIX0=0.883265993,-0.468872248,0.000000000,0.000000000,0.468872248,0.883265993,-0.000000000,0.000000000,-0.000000000,-0.000000000,1.000000000,0.000000000,-8.665570448,-9.686403732,29.363990960,1.000000000
POINT0.MATRIX1=0.883265993,-0.468872248,0.000000000,0.000000000,0.468872248,0.883265993,-0.000000000,0.000000000,-0.000000000,-0.000000000,1.000000000,0.000000000,-8.520708793,-10.451001814,29.777321038,1.000000000
POINT0.MATRIX2=0.883265993,-0.468872248,0.000000000,0.000000000,0.468872248,0.883265993,-0.000000000,0.000000000,-0.000000000,-0.000000000,1.000000000,0.000000000,-8.030830238,-10.361670524,29.777290519,1.000000000
POINT0.MATRIX3=0.883265993,-0.468872248,0.000000000,0.000000000,0.468872248,0.883265993,-0.000000000,0.000000000,-0.000000000,-0.000000000,1.000000000,0.000000000,-8.174506575,-9.595490401,29.363990959,1.000000000
POINT1.BLHA=28.28708442,113.44692142,57.763,308.127846
POINT1.MATRIX0=-0.786635049,0.617418254,0.000000000,0.000000000,-0.617418254,-0.786635049,-0.000000000,0.000000000,-0.000000000,0.000000000,1.000000000,0.000000000,8.001204742,-0.129205975,46.466970880,1.000000000
POINT1.MATRIX1=-0.786635049,0.617418254,0.000000000,0.000000000,-0.617418254,-0.786635049,-0.000000000,0.000000000,-0.000000000,0.000000000,1.000000000,0.000000000,8.184719969,-0.129236995,46.932074029,1.000000000
POINT1.MATRIX2=-0.786635049,0.617418254,0.000000000,0.000000000,-0.617418254,-0.786635049,-0.000000000,0.000000000,-0.000000000,0.000000000,1.000000000,0.000000000,7.719643110,-0.129189237,47.115606744,1.000000000
POINT1.MATRIX3=-0.786635049,0.617418254,0.000000000,0.000000000,-0.617418254,-0.786635049,-0.000000000,0.000000000,-0.000000000,0.000000000,1.000000000,0.000000000,7.536127883,-0.129158218,46.650503595,1.000000000
