OBJECTMODELPOINTER=33777c94-e4b9-4947-906f-f84480f3cb99.dev
BASEFAMILY=d23b6384-220a-4a31-b668-09e91641fb69.fam
BLHA=28.29096601,113.44441625,53.539724,287.794387
TRANSFORMMATRIX=-0.013234489,-0.999912420,0.000005254,0.000000000,0.999912420,-0.013234489,-0.000001427,0.000000000,0.000001496,0.000005234,1.000000000,0.000000000,9.494977272,33.239437054,45.824439796,1.000000000
ENTITYNAME=Wire_Device
