OBJECTMODELPOINTER=33777c94-e4b9-4947-906f-f84480f3cb99.dev
BASEFAMILY=d2588451-eb97-483d-a008-7d0bf1d2c22f.fam
BLHA=28.46688419,113.40170203,216.340862,242.026912
TRANSFORMMATRIX=-0.001894826,-0.999998201,0.000086144,0.000000000,0.999998205,-0.001894825,0.000002803,0.000000000,-0.000002640,0.000086149,0.999999996,0.000000000,-15.651032582,547.657325644,56.176096534,1.000000000
ENTITYNAME=Wire_Device
