OBJECTMODELPOINTER=33777c94-e4b9-4947-906f-f84480f3cb99.dev
BASEFAMILY=d267c855-ad0c-4f9c-a270-7464449d82d5.fam
BLHA=28.28240757,113.45687165,86.867380,340.232800
TRANSFORMMATRIX=0.001620337,-0.999998686,0.000040715,0.000000000,0.999998687,0.001620338,0.000001174,0.000000000,-0.000001240,0.000040713,0.999999999,0.000000000,-8.308264553,259.734476705,73.561014451,1.000000000
ENTITYNAME=Wire_Device
