OBJECTMODELPOINTER=33777c94-e4b9-4947-906f-f84480f3cb99.dev
BASEFAMILY=d26ab74d-6227-44ce-bdb9-6b1c93e18273.fam
BLHA=28.53088729,113.50245510,443.024878,210.734491
TRANSFORMMATRIX=-0.000017276,-0.999999999,0.000038118,0.000000000,1.000000000,-0.000017276,0.000000246,0.000000000,-0.000000245,0.000038118,0.999999999,0.000000000,-1.007902816,242.991959745,49.552087467,1.000000000
ENTITYNAME=Wire_Device
