OBJECTMODELPOINTER=33777c94-e4b9-4947-906f-f84480f3cb99.dev
BASEFAMILY=d278a8d0-97ca-4069-872f-0095fc7053ad.fam
BLHA=28.56335436,113.50003182,213.977894,312.996987
TRANSFORMMATRIX=-0.008708479,-0.999962080,0.000005153,0.000000000,0.999962080,-0.008708479,0.000002007,0.000000000,-0.000001962,0.000005170,1.000000000,0.000000000,-12.581849761,32.944470153,39.088595632,1.000000000
ENTITYNAME=Wire_Device
