OBJECTMODELPOINTER=33777c94-e4b9-4947-906f-f84480f3cb99.dev
BASEFAMILY=d27e20da-d8d1-4eb6-b4f8-d17f2ebc1fcc.fam
BLHA=28.63009153,113.46564681,168.255878,273.436520
TRANSFORMMATRIX=-0.007912091,-0.999968699,0.000004956,0.000000000,0.999968699,-0.007912091,0.000002206,0.000000000,-0.000002167,0.000004973,1.000000000,0.000000000,-13.841062551,31.582301864,45.814851388,1.000000000
ENTITYNAME=Wire_Device
