OBJECTMODELPOINTER=33777c94-e4b9-4947-906f-f84480f3cb99.dev
BASEFAMILY=d29d1940-88d9-457b-8f49-70403d7003ab.fam
BLHA=28.38706938,113.36490839,130.458199,249.667673
TRANSFORMMATRIX=-0.000006850,-1.000000000,0.000026520,0.000000000,1.000000000,-0.000006850,-0.000001676,0.000000000,0.000001677,0.000026520,1.000000000,0.000000000,10.981781842,168.527033981,37.861037029,1.000000000
ENTITYNAME=Wire_Device
