OBJECTMODELPOINTER=33777c94-e4b9-4947-906f-f84480f3cb99.dev
BASEFAMILY=d2b0f966-3165-4151-80a3-6d7a3018f86c.fam
BLHA=28.57953661,113.48279374,260.580940,480.423303
TRANSFORMMATRIX=-0.231474645,0.972840936,0.000041037,0.000000000,-0.972840937,-0.231474646,0.000001182,0.000000000,0.000010649,-0.000039649,0.999999999,0.000000000,68.454613657,-252.272198339,23.890174135,1.000000000
ENTITYNAME=Wire_Device
