OBJECTMODELPOINTER=33777c94-e4b9-4947-906f-f84480f3cb99.dev
BASEFAMILY=d2b1991e-9d0d-494b-990f-ba6aeaba2067.fam
BLHA=28.31435017,113.39267151,117.559440,4.996372
TRANSFORMMATRIX=0.000035047,-0.999999998,0.000060369,0.000000000,0.999999999,0.000035047,-0.000000760,0.000000000,0.000000758,0.000060369,0.999999998,0.000000000,4.987634770,385.326586433,47.516267343,1.000000000
ENTITYNAME=Wire_Device
