OBJECTMODELPOINTER=33777c94-e4b9-4947-906f-f84480f3cb99.dev
BASEFAMILY=d2c7ba80-129a-498f-a3df-74877bc65c1f.fam
BLHA=28.78468964,113.48433856,117.864116,408.814230
TRANSFORMMATRIX=0.640952304,0.767580709,0.000000288,0.000000000,-0.767580709,0.640952304,0.000001312,0.000000000,0.000000822,-0.000001062,1.000000000,0.000000000,5.220388228,-6.743785942,36.233384653,1.000000000
ENTITYNAME=Wire_Device
