OBJECTMODELPOINTER=33777c94-e4b9-4947-906f-f84480f3cb99.dev
BASEFAMILY=d2d7d623-c3f4-405f-b682-41de6a65bee0.fam
BLHA=28.29509828,113.44289412,61.743516,287.794387
TRANSFORMMATRIX=0.000001936,-1.000000000,0.000004560,0.000000000,1.000000000,0.000001936,0.000001185,0.000000000,-0.000001186,0.000004560,1.000000000,0.000000000,-7.607326210,28.981580278,31.789329265,1.000000000
ENTITYNAME=Wire_Device
