OBJECTMODELPOINTER=33777c94-e4b9-4947-906f-f84480f3cb99.dev
BASEFAMILY=d2e425f9-5206-439a-939c-43d8cd0d3026.fam
BLHA=28.31135450,113.43043530,49.303319,335.449580
TRANSFORMMATRIX=-0.003422966,-0.999994141,0.000030053,0.000000000,0.999994142,-0.003422966,-0.000000935,0.000000000,0.000001038,0.000030050,1.000000000,0.000000000,6.219048155,191.621318045,45.190586763,1.000000000
ENTITYNAME=Wire_Device
