OBJECTMODELPOINTER=33777c94-e4b9-4947-906f-f84480f3cb99.dev
BASEFAMILY=d2f68099-6357-4067-864b-b2e69598d5cd.fam
BLHA=28.31470596,113.39701913,83.588909,4.996372
TRANSFORMMATRIX=-0.003335201,-0.999994438,0.000016132,0.000000000,0.999994438,-0.003335201,-0.000001465,0.000000000,0.000001519,0.000016126,1.000000000,0.000000000,9.689480651,102.937813553,52.897369560,1.000000000
ENTITYNAME=Wire_Device
