OBJECTMODELPOINTER=33777c94-e4b9-4947-906f-f84480f3cb99.dev
BASEFAMILY=d2fedd4c-ae94-4e35-b227-f5b1a58aef0a.fam
BLHA=28.50118026,113.44100017,250.748283,200.251669
TRANSFORMMATRIX=0.003136907,-0.999995078,0.000066124,0.000000000,0.999995080,0.003136907,0.000002291,0.000000000,-0.000002498,0.000066116,0.999999998,0.000000000,-15.167976159,421.749681371,25.374295125,1.000000000
ENTITYNAME=Wire_Device
