OBJECTMODELPOINTER=33777c94-e4b9-4947-906f-f84480f3cb99.dev
BASEFAMILY=d3288b69-db02-475c-83dc-08bba84b3eed.fam
BLHA=28.30961923,113.43478171,54.752520,501.227736
TRANSFORMMATRIX=0.213235855,0.977000752,0.000001125,0.000000000,-0.977000752,0.213235855,-0.000001902,0.000000000,-0.000002099,-0.000000694,1.000000000,0.000000000,-13.338214028,-4.385520314,42.625338913,1.000000000
ENTITYNAME=Wire_Device
