OBJECTMODELPOINTER=33777c94-e4b9-4947-906f-f84480f3cb99.dev
BASEFAMILY=d32c7fdf-4bac-455b-acc0-ddb826ab2042.fam
BLHA=28.79022096,113.49139881,176.212376,221.400685
TRANSFORMMATRIX=-0.000014437,-0.999999999,0.000039763,0.000000000,1.000000000,-0.000014437,0.000000277,0.000000000,-0.000000275,0.000039763,0.999999999,0.000000000,-1.107881592,253.242457149,-6.343434611,1.000000000
ENTITYNAME=Wire_Device
