OBJECTMODELPOINTER=33777c94-e4b9-4947-906f-f84480f3cb99.dev
BASEFAMILY=d3395ffd-6bc8-4cf1-903d-a09c159d4f09.fam
BLHA=28.51511181,113.47270360,348.782405,210.734491
TRANSFORMMATRIX=-0.000028943,-0.999999998,0.000061325,0.000000000,1.000000000,-0.000028943,0.000000412,0.000000000,-0.000000410,0.000061325,0.999999998,0.000000000,-1.717199511,390.925597151,49.130202629,1.000000000
ENTITYNAME=Wire_Device
