OBJECTMODELPOINTER=33777c94-e4b9-4947-906f-f84480f3cb99.dev
BASEFAMILY=d33b1fc8-da39-4896-bca3-033f1795561f.fam
BLHA=28.32474464,113.37442409,71.722945,330.514691
TRANSFORMMATRIX=-0.324015490,-0.946051775,0.000027928,0.000000000,0.946051776,-0.324015490,-0.000001534,0.000000000,0.000010500,0.000025925,1.000000000,0.000000000,66.390096633,165.120687714,40.875718048,1.000000000
ENTITYNAME=Wire_Device
