OBJECTMODELPOINTER=33777c94-e4b9-4947-906f-f84480f3cb99.dev
BASEFAMILY=d34adb96-a6e0-4075-91a0-2e9167aa9a43.fam
BLHA=28.53088729,113.50245510,443.024878,210.734491
TRANSFORMMATRIX=-0.000012739,-1.000000000,0.000028371,0.000000000,1.000000000,-0.000012739,0.000000183,0.000000000,-0.000000183,0.000028371,1.000000000,0.000000000,-0.750177603,180.859175871,43.784449541,1.000000000
ENTITYNAME=Wire_Device
