OBJECTMODELPOINTER=33777c94-e4b9-4947-906f-f84480f3cb99.dev
BASEFAMILY=d3533b27-f8ac-4523-8f8d-185ee7a944b8.fam
BLHA=28.43802035,113.38456732,303.277751,242.026912
TRANSFORMMATRIX=0.001507430,-0.999998863,0.000028713,0.000000000,0.999998864,0.001507430,0.000002070,0.000000000,-0.000002112,0.000028710,1.000000000,0.000000000,-13.078760309,182.492823951,4.464252299,1.000000000
ENTITYNAME=Wire_Device
