ENTITYNAME=WIRE
BASEFAMILY=d3689072-610e-484b-b879-6525a7b425b2.fam
OBJECTMODELPOINTER=81b82497-164d-48c0-b1cb-18fa700dacdf.dev
KVALUE=0.000381
SPLIT=4
POINT0.BLHA=28.28708442,113.44692142,57.763,308.127846
POINT0.MATRIX0=-0.786635049,0.617418254,0.000000000,0.000000000,-0.617418254,-0.786635049,-0.000000000,0.000000000,-0.000000000,0.000000000,1.000000000,0.000000000,8.001205966,0.130797763,46.466971833,1.000000000
POINT0.MATRIX1=-0.786635049,0.617418254,0.000000000,0.000000000,-0.617418254,-0.786635049,-0.000000000,0.000000000,-0.000000000,0.000000000,1.000000000,0.000000000,8.184721194,0.130766743,46.932074982,1.000000000
POINT0.MATRIX2=-0.786635049,0.617418254,0.000000000,0.000000000,-0.617418254,-0.786635049,-0.000000000,0.000000000,-0.000000000,0.000000000,1.000000000,0.000000000,7.719644334,0.130814500,47.115607697,1.000000000
POINT0.MATRIX3=-0.786635049,0.617418254,0.000000000,0.000000000,-0.617418254,-0.786635049,-0.000000000,0.000000000,-0.000000000,0.000000000,1.000000000,0.000000000,7.536129107,0.130845520,46.650504548,1.000000000
POINT1.BLHA=28.28492071,113.44885804,59.682,504.180323
POINT1.MATRIX0=0.585236184,-0.810862879,-0.000000000,0.000000000,0.810862879,0.585236184,-0.000000000,0.000000000,-0.000000000,-0.000000000,1.000000000,0.000000000,-7.815489349,9.477270141,35.032286587,1.000000000
POINT1.MATRIX1=0.585236184,-0.810862879,-0.000000000,0.000000000,0.810862879,0.585236184,-0.000000000,0.000000000,-0.000000000,-0.000000000,1.000000000,0.000000000,-7.588208517,10.240322388,35.415389243,1.000000000
POINT1.MATRIX2=0.585236184,-0.810862879,-0.000000000,0.000000000,0.810862879,0.585236184,-0.000000000,0.000000000,-0.000000000,-0.000000000,1.000000000,0.000000000,-7.108956813,10.100264760,35.415221396,1.000000000
POINT1.MATRIX3=0.585236184,-0.810862879,-0.000000000,0.000000000,0.810862879,0.585236184,-0.000000000,0.000000000,-0.000000000,-0.000000000,1.000000000,0.000000000,-7.335523246,9.336222692,35.032286587,1.000000000
