OBJECTMODELPOINTER=33777c94-e4b9-4947-906f-f84480f3cb99.dev
BASEFAMILY=d36c6983-9db1-4129-9bd2-b504cfa731e2.fam
BLHA=28.62772353,113.46582002,199.212660,273.436520
TRANSFORMMATRIX=-0.001502146,-0.999998870,0.000061276,0.000000000,0.999998872,-0.001502146,-0.000001606,0.000000000,0.000001698,0.000061273,0.999999998,0.000000000,10.716909315,389.108206225,20.088907025,1.000000000
ENTITYNAME=Wire_Device
