OBJECTMODELPOINTER=33777c94-e4b9-4947-906f-f84480f3cb99.dev
BASEFAMILY=d37e279b-9efe-404e-83d6-f4fee23e6afe.fam
BLHA=28.28368001,113.45281448,67.001736,340.232800
TRANSFORMMATRIX=0.000020221,-0.999999999,0.000038395,0.000000000,1.000000000,0.000020221,-0.000000907,0.000000000,0.000000907,0.000038395,0.999999999,0.000000000,5.354813759,244.924767703,58.239364806,1.000000000
ENTITYNAME=Wire_Device
