OBJECTMODELPOINTER=33777c94-e4b9-4947-906f-f84480f3cb99.dev
BASEFAMILY=d3808d16-691a-494e-bb5e-26bf78693804.fam
BLHA=28.44311633,113.38759173,262.560023,242.026912
TRANSFORMMATRIX=-0.000007789,-1.000000000,0.000026299,0.000000000,1.000000000,-0.000007789,-0.000001671,0.000000000,0.000001672,0.000026300,1.000000000,0.000000000,11.018928285,167.219002836,49.157917081,1.000000000
ENTITYNAME=Wire_Device
