OBJECTMODELPOINTER=33777c94-e4b9-4947-906f-f84480f3cb99.dev
BASEFAMILY=d39bbac0-40d6-4ce9-a353-55cb81e61e26.fam
BLHA=28.35569166,113.36081333,82.535643,278.143009
TRANSFORMMATRIX=0.000002165,-0.999999998,0.000060045,0.000000000,1.000000000,0.000002165,0.000000277,0.000000000,-0.000000277,0.000060045,0.999999998,0.000000000,-2.045498194,381.327432580,79.937699455,1.000000000
ENTITYNAME=Wire_Device
