OBJECTMODELPOINTER=33777c94-e4b9-4947-906f-f84480f3cb99.dev
BASEFAMILY=d3a9e61e-9efa-45c8-b58b-3a789dcb618c.fam
BLHA=28.42674606,113.37865854,204.106778,254.006183
TRANSFORMMATRIX=0.001555758,-0.999998790,0.000015682,0.000000000,0.999998790,0.001555759,0.000001962,0.000000000,-0.000001987,0.000015679,1.000000000,0.000000000,-12.538451490,99.583528984,14.002642285,1.000000000
ENTITYNAME=Wire_Device
