OBJECTMODELPOINTER=33777c94-e4b9-4947-906f-f84480f3cb99.dev
BASEFAMILY=d3ad81a6-727a-404e-b9fa-6e10dcffe53d.fam
BLHA=28.30786495,113.43629033,62.969533,307.005893
TRANSFORMMATRIX=0.000001985,-1.000000000,0.000016890,0.000000000,1.000000000,0.000001985,-0.000001409,0.000000000,0.000001409,0.000016890,1.000000000,0.000000000,8.708800041,107.427546650,41.889476001,1.000000000
ENTITYNAME=Wire_Device
