OBJECTMODELPOINTER=33777c94-e4b9-4947-906f-f84480f3cb99.dev
BASEFAMILY=d3aef936-8ff6-4562-994f-63ea61d33165.fam
BLHA=28.80841146,113.51251091,171.150662,227.348291
TRANSFORMMATRIX=-0.000003765,-1.000000000,0.000004593,0.000000000,1.000000000,-0.000003765,0.000000035,0.000000000,-0.000000035,0.000004593,1.000000000,0.000000000,-0.145298964,29.235839166,43.567320255,1.000000000
ENTITYNAME=Wire_Device
