OBJECTMODELPOINTER=33777c94-e4b9-4947-906f-f84480f3cb99.dev
BASEFAMILY=d3c3acd1-514c-4d45-9b2c-2e0a04c0edb9.fam
BLHA=28.51511181,113.47270360,348.782405,210.734491
TRANSFORMMATRIX=0.001206665,-0.999999272,0.000004617,0.000000000,0.999999272,0.001206665,-0.000002064,0.000000000,0.000002058,0.000004620,1.000000000,0.000000000,13.155500885,29.479435702,53.633293158,1.000000000
ENTITYNAME=Wire_Device
