OBJECTMODELPOINTER=33777c94-e4b9-4947-906f-f84480f3cb99.dev
BASEFAMILY=d3c86cea-1900-4843-ba8e-02306df545a7.fam
BLHA=28.47949059,113.41307678,290.814083,229.813402
TRANSFORMMATRIX=-0.000017374,-0.999999999,0.000050064,0.000000000,1.000000000,-0.000017374,0.000000377,0.000000000,-0.000000377,0.000050064,0.999999999,0.000000000,-1.582119503,318.599868161,40.354447314,1.000000000
ENTITYNAME=Wire_Device
