ENTITYNAME=WIRE
BASEFAMILY=d3cbd895-5517-422b-a92f-8da28bbaa1c0.fam
OBJECTMODELPOINTER=81b82497-164d-48c0-b1cb-18fa700dacdf.dev
KVALUE=0.000368
SPLIT=4
POINT0.BLHA=28.60573334,113.47075261,228.045,294.633001
POINT0.MATRIX0=-0.908996188,0.416804426,0.000000000,0.000000000,-0.416804426,-0.908996188,-0.000000000,0.000000000,-0.000000000,-0.000000000,1.000000000,0.000000000,-12.505117882,0.110574283,42.999999074,1.000000000
POINT0.MATRIX1=-0.908996188,0.416804426,0.000000000,0.000000000,-0.416804426,-0.908996188,-0.000000000,0.000000000,-0.000000000,-0.000000000,1.000000000,0.000000000,-12.505117882,0.110574283,43.449999837,1.000000000
POINT0.MATRIX2=-0.908996188,0.416804426,0.000000000,0.000000000,-0.416804426,-0.908996188,-0.000000000,0.000000000,-0.000000000,-0.000000000,1.000000000,0.000000000,-12.955174678,0.109594193,43.449999837,1.000000000
POINT0.MATRIX3=-0.908996188,0.416804426,0.000000000,0.000000000,-0.416804426,-0.908996188,-0.000000000,0.000000000,-0.000000000,-0.000000000,1.000000000,0.000000000,-12.955174678,0.109594193,42.999999074,1.000000000
POINT1.BLHA=28.60189794,113.47276867,201.465,294.633001
POINT1.MATRIX0=-0.908996188,0.416804426,-0.000000000,0.000000000,-0.416804426,-0.908996188,0.000000000,0.000000000,-0.000000000,-0.000000000,1.000000000,0.000000000,-11.644953449,-0.110101648,40.000000035,1.000000000
POINT1.MATRIX1=-0.908996188,0.416804426,-0.000000000,0.000000000,-0.416804426,-0.908996188,0.000000000,0.000000000,-0.000000000,-0.000000000,1.000000000,0.000000000,-11.644953449,-0.110101648,40.449996984,1.000000000
POINT1.MATRIX2=-0.908996188,0.416804426,-0.000000000,0.000000000,-0.416804426,-0.908996188,0.000000000,0.000000000,-0.000000000,-0.000000000,1.000000000,0.000000000,-12.095047055,-0.109990529,40.449996983,1.000000000
POINT1.MATRIX3=-0.908996188,0.416804426,-0.000000000,0.000000000,-0.416804426,-0.908996188,0.000000000,0.000000000,-0.000000000,-0.000000000,1.000000000,0.000000000,-12.095047055,-0.109990529,40.000000035,1.000000000
