OBJECTMODELPOINTER=33777c94-e4b9-4947-906f-f84480f3cb99.dev
BASEFAMILY=d3cb94bc-ff4b-4046-8d2b-e7e8e7cacbbc.fam
BLHA=28.53088729,113.50245510,443.024878,210.734491
TRANSFORMMATRIX=-0.000002015,-1.000000000,0.000005333,0.000000000,1.000000000,-0.000002015,0.000000034,0.000000000,-0.000000034,0.000005333,1.000000000,0.000000000,-0.141002426,34.000359270,41.493070090,1.000000000
ENTITYNAME=Wire_Device
