ENTITYNAME=WIRE
BASEFAMILY=d3d1aa19-df64-4f94-8194-2ac8ca645954.fam
OBJECTMODELPOINTER=81b82497-164d-48c0-b1cb-18fa700dacdf.dev
KVALUE=0.000000
SPLIT=4
POINT0.BLHA=28.80679371,113.51083278,186.898,227.348291
POINT0.MATRIX0=-0.735485915,-0.677540012,0.000000000,0.000000000,0.677540012,-0.735485915,-0.000000000,0.000000000,0.000000000,-0.000000000,1.000000000,0.000000000,0.180769729,-0.000558593,43.762682915,1.000000000
POINT0.MATRIX1=-0.735485915,-0.677540012,0.000000000,0.000000000,0.677540012,-0.735485915,-0.000000000,0.000000000,0.000000000,-0.000000000,1.000000000,0.000000000,0.218083837,-0.000706555,44.211139201,1.000000000
POINT0.MATRIX2=-0.735485915,-0.677540012,0.000000000,0.000000000,0.677540012,-0.735485915,-0.000000000,0.000000000,0.000000000,-0.000000000,1.000000000,0.000000000,-0.230762824,0.000076503,44.248408794,1.000000000
POINT0.MATRIX3=-0.735485915,-0.677540012,0.000000000,0.000000000,0.677540012,-0.735485915,-0.000000000,0.000000000,0.000000000,-0.000000000,1.000000000,0.000000000,-0.268076931,0.000224465,43.799952506,1.000000000
POINT1.BLHA=28.80679371,113.51083278,186.898,227.348291
POINT1.MATRIX0=-0.735485915,-0.677540012,0.000000000,0.000000000,0.677540012,-0.735485915,-0.000000000,0.000000000,0.000000000,-0.000000000,1.000000000,0.000000000,0.180777557,0.119446614,43.762682914,1.000000000
POINT1.MATRIX1=-0.735485915,-0.677540012,0.000000000,0.000000000,0.677540012,-0.735485915,-0.000000000,0.000000000,0.000000000,-0.000000000,1.000000000,0.000000000,0.218091664,0.119298652,44.211139201,1.000000000
POINT1.MATRIX2=-0.735485915,-0.677540012,0.000000000,0.000000000,0.677540012,-0.735485915,-0.000000000,0.000000000,0.000000000,-0.000000000,1.000000000,0.000000000,-0.230754996,0.120081709,44.248408794,1.000000000
POINT1.MATRIX3=-0.735485915,-0.677540012,0.000000000,0.000000000,0.677540012,-0.735485915,-0.000000000,0.000000000,0.000000000,-0.000000000,1.000000000,0.000000000,-0.268069103,0.120229672,43.799952506,1.000000000
