OBJECTMODELPOINTER=33777c94-e4b9-4947-906f-f84480f3cb99.dev
BASEFAMILY=d3e7b237-5063-4025-92f3-1c457995db02.fam
BLHA=28.53088729,113.50245510,443.024878,210.734491
TRANSFORMMATRIX=-0.000006964,-1.000000000,0.000015966,0.000000000,1.000000000,-0.000006964,0.000000103,0.000000000,-0.000000103,0.000015966,1.000000000,0.000000000,-0.422160553,101.781311043,40.572763289,1.000000000
ENTITYNAME=Wire_Device
