OBJECTMODELPOINTER=33777c94-e4b9-4947-906f-f84480f3cb99.dev
BASEFAMILY=d3e81076-1b01-4c1f-b127-b682ac54cfe5.fam
BLHA=28.69702652,113.45589279,149.051008,277.425083
TRANSFORMMATRIX=0.000000317,-1.000000000,0.000027232,0.000000000,1.000000000,0.000000317,-0.000001754,0.000000000,0.000001754,0.000027232,1.000000000,0.000000000,11.081523732,172.936288373,32.318102432,1.000000000
ENTITYNAME=Wire_Device
