OBJECTMODELPOINTER=33777c94-e4b9-4947-906f-f84480f3cb99.dev
BASEFAMILY=d3f6ad61-ad93-4262-baa6-72cfec2e2ddc.fam
BLHA=28.81479133,113.52057006,101.431429,372.952022
TRANSFORMMATRIX=-0.230299013,0.973119912,0.000037727,0.000000000,-0.973119913,-0.230299013,0.000000402,0.000000000,0.000009079,-0.000036620,0.999999999,0.000000000,57.413600688,-233.629886240,55.376099204,1.000000000
ENTITYNAME=Wire_Device
