OBJECTMODELPOINTER=33777c94-e4b9-4947-906f-f84480f3cb99.dev
BASEFAMILY=d402b63b-9252-4ce6-85fd-ab5fa7188072.fam
BLHA=28.43802035,113.38456732,303.277751,242.026912
TRANSFORMMATRIX=-0.000003049,-1.000000000,0.000016141,0.000000000,1.000000000,-0.000003049,0.000000121,0.000000000,-0.000000121,0.000016142,1.000000000,0.000000000,-0.550230058,102.618012885,14.860177440,1.000000000
ENTITYNAME=Wire_Device
