OBJECTMODELPOINTER=33777c94-e4b9-4947-906f-f84480f3cb99.dev
BASEFAMILY=d403dccd-3989-4a0f-9081-b73e738fd577.fam
BLHA=28.26885822,113.47846971,85.176990,355.334735
TRANSFORMMATRIX=0.000036434,-0.999999997,0.000071599,0.000000000,0.999999999,0.000036434,0.000001875,0.000000000,-0.000001877,0.000071598,0.999999997,0.000000000,-12.113109890,457.007910171,50.178779779,1.000000000
ENTITYNAME=Wire_Device
