OBJECTMODELPOINTER=33777c94-e4b9-4947-906f-f84480f3cb99.dev
BASEFAMILY=d40392b6-a0e4-4e6a-9481-72f2f29c44a6.fam
BLHA=28.60189794,113.47276867,201.465001,294.633001
TRANSFORMMATRIX=-0.006084829,-0.999981487,0.000024015,0.000000000,0.999981487,-0.006084829,-0.000001802,0.000000000,0.000001948,0.000024003,1.000000000,0.000000000,12.126336914,152.543093539,33.507995141,1.000000000
ENTITYNAME=Wire_Device
