OBJECTMODELPOINTER=33777c94-e4b9-4947-906f-f84480f3cb99.dev
BASEFAMILY=d41db667-c556-4230-929d-4f05f145d08f.fam
BLHA=28.31566161,113.38686189,71.437616,329.270898
TRANSFORMMATRIX=-0.005464819,-0.999985067,0.000025962,0.000000000,0.999985068,-0.005464819,-0.000000944,0.000000000,0.000001086,0.000025956,1.000000000,0.000000000,6.528013999,165.438871510,46.099837158,1.000000000
ENTITYNAME=Wire_Device
