OBJECTMODELPOINTER=33777c94-e4b9-4947-906f-f84480f3cb99.dev
BASEFAMILY=d42adabf-44b5-48be-8bff-4a4649776dbf.fam
BLHA=28.31294059,113.42646212,52.368358,335.449580
TRANSFORMMATRIX=0.000003314,-1.000000000,0.000005390,0.000000000,1.000000000,0.000003314,-0.000001434,0.000000000,0.000001434,0.000005389,1.000000000,0.000000000,9.047962356,34.352685098,46.478608367,1.000000000
ENTITYNAME=Wire_Device
