OBJECTMODELPOINTER=33777c94-e4b9-4947-906f-f84480f3cb99.dev
BASEFAMILY=d42d8b25-70b1-41ce-9953-6e30c936661b.fam
BLHA=28.31523299,113.41422428,48.000024,0.896163
TRANSFORMMATRIX=0.000029185,-0.999999998,0.000046740,0.000000000,1.000000000,0.000029185,-0.000000787,0.000000000,0.000000786,0.000046740,0.999999999,0.000000000,5.015440290,298.346940707,51.473689665,1.000000000
ENTITYNAME=Wire_Device
