OBJECTMODELPOINTER=33777c94-e4b9-4947-906f-f84480f3cb99.dev
BASEFAMILY=d432974d-d9aa-4b84-b84a-0e0c23239330.fam
BLHA=28.26851271,113.48351910,83.112496,355.334735
TRANSFORMMATRIX=0.000403918,-0.999999918,0.000016727,0.000000000,0.999999918,0.000403918,0.000001347,0.000000000,-0.000001353,0.000016727,1.000000000,0.000000000,-8.642079462,106.763916435,38.507140356,1.000000000
ENTITYNAME=Wire_Device
