OBJECTMODELPOINTER=33777c94-e4b9-4947-906f-f84480f3cb99.dev
BASEFAMILY=d45341dc-a7d9-4a88-8e77-2f9f659ec81f.fam
BLHA=28.76565082,113.47002463,165.077698,236.227775
TRANSFORMMATRIX=-0.000003678,-1.000000000,0.000014049,0.000000000,1.000000000,-0.000003678,0.000000100,0.000000000,-0.000000100,0.000014049,1.000000000,0.000000000,-0.422542802,89.360618458,41.412729889,1.000000000
ENTITYNAME=Wire_Device
