OBJECTMODELPOINTER=33777c94-e4b9-4947-906f-f84480f3cb99.dev
BASEFAMILY=d45ae848-9087-45ba-b96b-aa8363516542.fam
BLHA=28.52337409,113.48828309,330.016596,210.734491
TRANSFORMMATRIX=-0.006895517,-0.999976224,0.000050744,0.000000000,0.999976226,-0.006895517,-0.000000846,0.000000000,0.000001195,0.000050737,0.999999999,0.000000000,8.336825062,323.449803983,14.304765435,1.000000000
ENTITYNAME=Wire_Device
