OBJECTMODELPOINTER=33777c94-e4b9-4947-906f-f84480f3cb99.dev
BASEFAMILY=d45b4117-31d9-4473-a4c9-502143204798.fam
BLHA=28.66021577,113.46120276,152.793290,277.610658
TRANSFORMMATRIX=0.005254497,-0.999986195,0.000015662,0.000000000,0.999986195,0.005254497,-0.000002028,0.000000000,0.000001946,0.000015673,1.000000000,0.000000000,12.349066904,99.526086374,51.801528287,1.000000000
ENTITYNAME=Wire_Device
