OBJECTMODELPOINTER=33777c94-e4b9-4947-906f-f84480f3cb99.dev
BASEFAMILY=d45d52d5-d5bb-4826-8366-1233bf0de884.fam
BLHA=28.31515909,113.41015274,70.673124,0.896163
TRANSFORMMATRIX=0.000023471,-0.999999999,0.000047551,0.000000000,1.000000000,0.000023471,-0.000001214,0.000000000,0.000001213,0.000047551,0.999999999,0.000000000,7.727492639,303.519172933,18.256073083,1.000000000
ENTITYNAME=Wire_Device
