OBJECTMODELPOINTER=33777c94-e4b9-4947-906f-f84480f3cb99.dev
BASEFAMILY=d45dbef1-9a09-431a-90a2-f2aef0e132b9.fam
BLHA=28.70605444,113.45451077,165.912680,277.425083
TRANSFORMMATRIX=-0.002579607,-0.999996673,0.000015914,0.000000000,0.999996673,-0.002579607,0.000002149,0.000000000,-0.000002108,0.000015919,1.000000000,0.000000000,-13.520924630,101.111573349,27.939345667,1.000000000
ENTITYNAME=Wire_Device
