OBJECTMODELPOINTER=33777c94-e4b9-4947-906f-f84480f3cb99.dev
BASEFAMILY=d4908c12-f836-4c18-9d71-6a89f6a6202c.fam
BLHA=28.52337409,113.48828309,330.016596,210.734491
TRANSFORMMATRIX=-0.006880809,-0.999976327,0.000019263,0.000000000,0.999976327,-0.006880809,-0.000001052,0.000000000,0.000001185,0.000019255,1.000000000,0.000000000,7.813638747,122.765188200,15.064007696,1.000000000
ENTITYNAME=Wire_Device
