OBJECTMODELPOINTER=33777c94-e4b9-4947-906f-f84480f3cb99.dev
BASEFAMILY=d4a2b2a1-2dcf-4ea3-9288-685b091e72e7.fam
BLHA=28.31515909,113.41015274,70.673124,0.896163
TRANSFORMMATRIX=0.000028336,-0.999999998,0.000047539,0.000000000,1.000000000,0.000028336,0.000001295,0.000000000,-0.000001297,0.000047539,0.999999999,0.000000000,-8.208934137,303.441960918,31.206008740,1.000000000
ENTITYNAME=Wire_Device
