OBJECTMODELPOINTER=33777c94-e4b9-4947-906f-f84480f3cb99.dev
BASEFAMILY=d4a87a48-8f57-488d-a5bf-9030f616b6ed.fam
BLHA=28.44721846,113.39002654,265.559825,242.026912
TRANSFORMMATRIX=0.002832142,-0.999995989,0.000004945,0.000000000,0.999995989,0.002832142,-0.000002054,0.000000000,0.000002040,0.000004951,1.000000000,0.000000000,13.073925241,31.505026259,46.754729345,1.000000000
ENTITYNAME=Wire_Device
