OBJECTMODELPOINTER=33777c94-e4b9-4947-906f-f84480f3cb99.dev
BASEFAMILY=d4aedc2b-72e9-4872-8d24-cfaef9223f88.fam
BLHA=28.71973492,113.45364743,163.020408,283.291091
TRANSFORMMATRIX=0.010072700,-0.999949268,0.000041192,0.000000000,0.999949269,0.010072700,-0.000001723,0.000000000,0.000001308,0.000041208,0.999999999,0.000000000,8.043808112,261.744500431,23.287025300,1.000000000
ENTITYNAME=Wire_Device
