OBJECTMODELPOINTER=33777c94-e4b9-4947-906f-f84480f3cb99.dev
BASEFAMILY=d4d256ca-5357-40bd-8ae5-bdfd442a4ecf.fam
BLHA=28.51284150,113.46842369,376.044241,210.734491
TRANSFORMMATRIX=0.022345234,-0.999750314,0.000019788,0.000000000,0.999750314,0.022345234,-0.000001867,0.000000000,0.000001424,0.000019825,1.000000000,0.000000000,9.348518552,126.400847372,-24.266157765,1.000000000
ENTITYNAME=Wire_Device
