OBJECTMODELPOINTER=33777c94-e4b9-4947-906f-f84480f3cb99.dev
BASEFAMILY=d4e08151-e1bf-4294-89d9-d749055e4977.fam
BLHA=28.63338498,113.46540590,167.944131,275.523589
TRANSFORMMATRIX=-0.251584815,-0.967835255,0.000000352,0.000000000,0.967835255,-0.251584815,0.000001442,0.000000000,-0.000001307,0.000000703,1.000000000,0.000000000,-8.348193211,4.471793137,25.429796614,1.000000000
ENTITYNAME=Wire_Device
