OBJECTMODELPOINTER=33777c94-e4b9-4947-906f-f84480f3cb99.dev
BASEFAMILY=d4e38270-cdd2-4f1f-be7f-f6483fb5c70d.fam
BLHA=28.52957493,113.49997928,454.520911,210.734491
TRANSFORMMATRIX=-0.000013633,-1.000000000,0.000025382,0.000000000,1.000000000,-0.000013633,-0.000001702,0.000000000,0.000001703,0.000025382,1.000000000,0.000000000,11.196248384,161.830132064,11.506751773,1.000000000
ENTITYNAME=Wire_Device
