OBJECTMODELPOINTER=33777c94-e4b9-4947-906f-f84480f3cb99.dev
BASEFAMILY=d4f87ba4-63c3-42f9-9e9d-ee45225981b7.fam
BLHA=28.27757020,113.46637333,93.774105,312.669055
TRANSFORMMATRIX=-0.001267061,-0.999999197,0.000004986,0.000000000,0.999999197,-0.001267061,0.000001602,0.000000000,-0.000001596,0.000004988,1.000000000,0.000000000,-10.244506050,31.776447253,57.651840906,1.000000000
ENTITYNAME=Wire_Device
