OBJECTMODELPOINTER=33777c94-e4b9-4947-906f-f84480f3cb99.dev
BASEFAMILY=d4fd6dcb-56c6-4523-928c-857cb10febfe.fam
BLHA=28.51918695,113.48038702,399.659330,210.734491
TRANSFORMMATRIX=-0.000013626,-1.000000000,0.000027604,0.000000000,1.000000000,-0.000013626,-0.000001684,0.000000000,0.000001684,0.000027604,1.000000000,0.000000000,11.108564682,175.991092432,2.099698792,1.000000000
ENTITYNAME=Wire_Device
