OBJECTMODELPOINTER=33777c94-e4b9-4947-906f-f84480f3cb99.dev
BASEFAMILY=d51020f0-a499-4430-b996-ee2f50187188.fam
BLHA=28.54296028,113.51100370,560.594660,255.750198
TRANSFORMMATRIX=-0.000003012,-1.000000000,0.000029179,0.000000000,1.000000000,-0.000003012,0.000000155,0.000000000,-0.000000155,0.000029179,1.000000000,0.000000000,-0.756027128,185.359239305,-10.315811796,1.000000000
ENTITYNAME=Wire_Device
