OBJECTMODELPOINTER=33777c94-e4b9-4947-906f-f84480f3cb99.dev
BASEFAMILY=d51e0452-b4ea-4c06-819a-be7167ad97ce.fam
BLHA=28.51626918,113.47488562,373.286539,210.734491
TRANSFORMMATRIX=-0.000002884,-1.000000000,0.000004703,0.000000000,1.000000000,-0.000002884,0.000000031,0.000000000,-0.000000032,0.000004704,1.000000000,0.000000000,-0.131256159,29.983505381,39.672765994,1.000000000
ENTITYNAME=Wire_Device
