OBJECTMODELPOINTER=33777c94-e4b9-4947-906f-f84480f3cb99.dev
BASEFAMILY=d5272777-557f-4f93-a0b5-c2d5f3d18d59.fam
BLHA=28.64054809,113.46428400,121.846877,277.610658
TRANSFORMMATRIX=0.000003340,-0.999999999,0.000052810,0.000000000,1.000000000,0.000003340,0.000000200,0.000000000,-0.000000200,0.000052809,0.999999999,0.000000000,-1.502849202,335.386780715,37.377829039,1.000000000
ENTITYNAME=Wire_Device
