OBJECTMODELPOINTER=33777c94-e4b9-4947-906f-f84480f3cb99.dev
BASEFAMILY=d562828a-cb84-4e3a-8b0d-3ca21f1ff0a4.fam
BLHA=28.80418340,113.50812520,199.973454,227.348291
TRANSFORMMATRIX=-0.000001977,-1.000000000,0.000005563,0.000000000,1.000000000,-0.000001977,0.000000041,0.000000000,-0.000000041,0.000005562,1.000000000,0.000000000,-0.170849409,35.411492055,40.357179464,1.000000000
ENTITYNAME=Wire_Device
