OBJECTMODELPOINTER=33777c94-e4b9-4947-906f-f84480f3cb99.dev
BASEFAMILY=d56c0858-b0f7-416b-9da6-87a53ed009e2.fam
BLHA=28.31534552,113.42043692,48.733934,348.172871
TRANSFORMMATRIX=-0.219604052,-0.975589084,0.000007197,0.000000000,0.975589084,-0.219604052,-0.000001106,0.000000000,0.000002659,0.000006778,1.000000000,0.000000000,16.844936381,43.241362167,55.287918318,1.000000000
ENTITYNAME=Wire_Device
