ENTITYNAME=WIRE
BASEFAMILY=d56d44d8-0593-4b88-b870-338a42a5c34e.fam
OBJECTMODELPOINTER=81b82497-164d-48c0-b1cb-18fa700dacdf.dev
KVALUE=0.000372
SPLIT=4
POINT0.BLHA=28.26885822,113.47846971,85.177,355.334735
POINT0.MATRIX0=-0.081334298,0.996686878,-0.000000000,0.000000000,-0.996686878,-0.081334298,0.000000000,0.000000000,0.000000000,0.000000000,1.000000000,0.000000000,-10.003914295,0.129810490,64.066966495,1.000000000
POINT0.MATRIX1=-0.081334298,0.996686878,-0.000000000,0.000000000,-0.996686878,-0.081334298,0.000000000,0.000000000,0.000000000,0.000000000,1.000000000,0.000000000,-9.819717536,0.129899722,64.532069645,1.000000000
POINT0.MATRIX2=-0.081334298,0.996686878,-0.000000000,0.000000000,-0.996686878,-0.081334298,0.000000000,0.000000000,0.000000000,0.000000000,1.000000000,0.000000000,-10.284152383,0.129967260,64.715602359,1.000000000
POINT0.MATRIX3=-0.081334298,0.996686878,-0.000000000,0.000000000,-0.996686878,-0.081334298,0.000000000,0.000000000,0.000000000,0.000000000,1.000000000,0.000000000,-10.468349143,0.129878028,64.250499210,1.000000000
POINT1.BLHA=28.26851271,113.48351910,83.112,355.334735
POINT1.MATRIX0=-0.081334298,0.996686878,-0.000000000,0.000000000,-0.996686878,-0.081334298,-0.000000000,0.000000000,0.000000000,0.000000000,1.000000000,0.000000000,-10.002909973,-0.130050666,58.066961594,1.000000000
POINT1.MATRIX1=-0.081334298,0.996686878,-0.000000000,0.000000000,-0.996686878,-0.081334298,-0.000000000,0.000000000,0.000000000,0.000000000,1.000000000,0.000000000,-9.818713214,-0.129961435,58.532064743,1.000000000
POINT1.MATRIX2=-0.081334298,0.996686878,-0.000000000,0.000000000,-0.996686878,-0.081334298,-0.000000000,0.000000000,0.000000000,0.000000000,1.000000000,0.000000000,-10.283148062,-0.129893897,58.715597458,1.000000000
POINT1.MATRIX3=-0.081334298,0.996686878,-0.000000000,0.000000000,-0.996686878,-0.081334298,-0.000000000,0.000000000,0.000000000,0.000000000,1.000000000,0.000000000,-10.467344821,-0.129983128,58.250494308,1.000000000
