OBJECTMODELPOINTER=33777c94-e4b9-4947-906f-f84480f3cb99.dev
BASEFAMILY=d5724d5e-b0a3-4d2b-beff-c6824985e7b9.fam
BLHA=28.32292443,113.37625760,67.775568,311.415680
TRANSFORMMATRIX=0.002490936,-0.999996897,0.000046967,0.000000000,0.999996898,0.002490936,0.000001277,0.000000000,-0.000001394,0.000046964,0.999999999,0.000000000,-9.648764965,298.918279606,9.839876894,1.000000000
ENTITYNAME=Wire_Device
