OBJECTMODELPOINTER=33777c94-e4b9-4947-906f-f84480f3cb99.dev
BASEFAMILY=d586e53a-9bdc-4ec2-bf8f-75ce8158f702.fam
BLHA=28.79959310,113.50336431,218.110050,224.374488
TRANSFORMMATRIX=-0.049139246,-0.998791936,0.000061090,0.000000000,0.998791938,-0.049139246,0.000000207,0.000000000,0.000002795,0.000061027,0.999999998,0.000000000,18.799174187,388.616900897,8.342649749,1.000000000
ENTITYNAME=Wire_Device
