OBJECTMODELPOINTER=33777c94-e4b9-4947-906f-f84480f3cb99.dev
BASEFAMILY=d58aefee-92b8-4907-b84c-dae304bde6e8.fam
BLHA=28.59525170,113.47626182,222.708449,294.633001
TRANSFORMMATRIX=-0.002320385,-0.999997308,0.000015618,0.000000000,0.999997308,-0.002320385,0.000000038,0.000000000,-0.000000001,0.000015619,1.000000000,0.000000000,-0.203958124,99.271330701,22.751184050,1.000000000
ENTITYNAME=Wire_Device
