OBJECTMODELPOINTER=33777c94-e4b9-4947-906f-f84480f3cb99.dev
BASEFAMILY=d58b998b-59a2-4b10-82f3-4c70c9fb4776.fam
BLHA=28.81363020,113.51792493,127.559863,396.804576
TRANSFORMMATRIX=-0.175074556,0.984555177,0.000060296,0.000000000,-0.984555179,-0.175074557,-0.000000862,0.000000000,0.000009707,-0.000059516,0.999999998,0.000000000,60.825362945,-379.050889222,42.252166991,1.000000000
ENTITYNAME=Wire_Device
