OBJECTMODELPOINTER=33777c94-e4b9-4947-906f-f84480f3cb99.dev
BASEFAMILY=d59a7c12-3c4b-4241-bed2-f563d4528db1.fam
BLHA=28.68327588,113.45799727,190.105481,276.549179
TRANSFORMMATRIX=0.713308315,-0.700850375,0.000000231,0.000000000,0.700850375,0.713308315,-0.000001274,0.000000000,0.000000728,0.000001071,1.000000000,0.000000000,4.642385720,6.799472603,35.599129580,1.000000000
ENTITYNAME=Wire_Device
