OBJECTMODELPOINTER=33777c94-e4b9-4947-906f-f84480f3cb99.dev
BASEFAMILY=d5bdaac0-97ef-4ea1-8468-ecc3e4e257b8.fam
BLHA=28.33513056,113.36426418,74.466119,467.201749
TRANSFORMMATRIX=-0.168660991,0.985674118,0.000058047,0.000000000,-0.985674120,-0.168660991,0.000001316,0.000000000,0.000011088,-0.000056993,0.999999998,0.000000000,71.274054594,-362.172223273,24.063582786,1.000000000
ENTITYNAME=Wire_Device
