OBJECTMODELPOINTER=33777c94-e4b9-4947-906f-f84480f3cb99.dev
BASEFAMILY=d5c0c0a9-28da-4739-a843-c4bc57cfbf3a.fam
BLHA=28.73433869,113.45386444,142.659000,258.301958
TRANSFORMMATRIX=-0.041599028,-0.999134386,-0.000000743,0.000000000,0.999134386,-0.041599028,-0.000001643,0.000000000,0.000001611,-0.000000810,1.000000000,0.000000000,10.274233063,-5.135890542,33.524508898,1.000000000
ENTITYNAME=Wire_Device
