OBJECTMODELPOINTER=33777c94-e4b9-4947-906f-f84480f3cb99.dev
BASEFAMILY=d5d0167a-3e4c-488e-bad0-6bc0daa43f60.fam
BLHA=28.55813742,113.50479443,276.608256,304.990571
TRANSFORMMATRIX=0.000016229,-0.999999999,0.000051974,0.000000000,1.000000000,0.000016229,0.000000087,0.000000000,-0.000000087,0.000051974,0.999999999,0.000000000,-1.366004086,330.614292946,41.620247673,1.000000000
ENTITYNAME=Wire_Device
