OBJECTMODELPOINTER=33777c94-e4b9-4947-906f-f84480f3cb99.dev
BASEFAMILY=d5d05a3a-0f6c-4492-8f15-9360254126cc.fam
BLHA=28.59525170,113.47626182,222.708449,294.633001
TRANSFORMMATRIX=0.009483270,-0.999955030,0.000071089,0.000000000,0.999955033,0.009483270,-0.000001829,0.000000000,0.000001154,0.000071103,0.999999997,0.000000000,6.476182047,451.916027583,13.943640651,1.000000000
ENTITYNAME=Wire_Device
