OBJECTMODELPOINTER=33777c94-e4b9-4947-906f-f84480f3cb99.dev
BASEFAMILY=d5d4bc6b-df17-4d59-b7c7-07aa88b9cb19.fam
BLHA=28.45391595,113.39400228,204.515406,242.026912
TRANSFORMMATRIX=0.002610544,-0.999996592,0.000019987,0.000000000,0.999996593,0.002610544,-0.000000075,0.000000000,0.000000022,0.000019988,1.000000000,0.000000000,0.416810974,127.067703337,25.712914337,1.000000000
ENTITYNAME=Wire_Device
