OBJECTMODELPOINTER=33777c94-e4b9-4947-906f-f84480f3cb99.dev
BASEFAMILY=d5d86dac-9960-4173-b163-92afe1793e88.fam
BLHA=28.52451102,113.49042735,376.991440,210.734491
TRANSFORMMATRIX=-0.021523413,-0.999768344,0.000014031,0.000000000,0.999768345,-0.021523413,0.000002096,0.000000000,-0.000001793,0.000014073,1.000000000,0.000000000,-11.198135239,89.683995481,16.399003394,1.000000000
ENTITYNAME=Wire_Device
