OBJECTMODELPOINTER=33777c94-e4b9-4947-906f-f84480f3cb99.dev
BASEFAMILY=d5f17a4a-6fd7-4849-8bbf-48722a5e05b7.fam
BLHA=28.75094621,113.45897359,113.766966,236.227775
TRANSFORMMATRIX=-0.014304044,-0.999897692,0.000005002,0.000000000,0.999897692,-0.014304044,0.000001898,0.000000000,-0.000001826,0.000005028,1.000000000,0.000000000,-11.560291633,31.954612433,37.361511229,1.000000000
ENTITYNAME=Wire_Device
