OBJECTMODELPOINTER=33777c94-e4b9-4947-906f-f84480f3cb99.dev
BASEFAMILY=d6071ffc-bc62-4024-9eba-7b197e7907ed.fam
BLHA=28.75094621,113.45897359,113.766966,236.227775
TRANSFORMMATRIX=0.003299303,-0.999994557,0.000005045,0.000000000,0.999994557,0.003299303,0.000000039,0.000000000,-0.000000056,0.000005045,1.000000000,0.000000000,-0.275976011,32.086373853,38.737900961,1.000000000
ENTITYNAME=Wire_Device
