ENTITYNAME=WIRE
BASEFAMILY=d6291356-7c50-4c48-adde-9175191f50d5.fam
OBJECTMODELPOINTER=31970f28-780e-4bf1-8adb-439f78c329a3.dev
KVALUE=0.000287
SPLIT=1
POINT0.BLHA=28.48305469,113.41645050,246.976,229.813402
POINT0.MATRIX0=-0.763946986,-0.645279012,0.000000000,0.000000000,0.645279012,-0.763946986,-0.000000000,0.000000000,0.000000000,-0.000000000,1.000000000,0.000000000,9.865195058,0.000179851,51.558000619,1.000000000
POINT1.BLHA=28.48305469,113.41645050,246.976,229.813402
POINT1.MATRIX0=-0.763946986,-0.645279012,0.000000000,0.000000000,0.645279012,-0.763946986,-0.000000000,0.000000000,0.000000000,-0.000000000,1.000000000,0.000000000,9.870116295,0.000125118,51.558000620,1.000000000
