OBJECTMODELPOINTER=33777c94-e4b9-4947-906f-f84480f3cb99.dev
BASEFAMILY=d6380bec-b590-43d7-95a2-758dea3eea4b.fam
BLHA=28.76435807,113.46905293,179.070265,236.227775
TRANSFORMMATRIX=-0.000002017,-1.000000000,0.000004851,0.000000000,1.000000000,-0.000002017,0.000001896,0.000000000,-0.000001896,0.000004851,1.000000000,0.000000000,-12.008364856,30.825806016,21.747287851,1.000000000
ENTITYNAME=Wire_Device
