ENTITYNAME=WIRE
BASEFAMILY=d6434167-abd6-4e50-b113-5bc6462016da.fam
OBJECTMODELPOINTER=81b82497-164d-48c0-b1cb-18fa700dacdf.dev
KVALUE=0.000375
SPLIT=4
POINT0.BLHA=28.31470596,113.39701913,83.589,4.996372
POINT0.MATRIX0=0.087092668,0.996200214,-0.000000000,0.000000000,-0.996200214,0.087092668,0.000000000,0.000000000,-0.000000000,0.000000000,1.000000000,0.000000000,7.064960050,0.130166179,86.066973765,1.000000000
POINT0.MATRIX1=0.087092668,0.996200214,-0.000000000,0.000000000,-0.996200214,0.087092668,0.000000000,0.000000000,-0.000000000,0.000000000,1.000000000,0.000000000,7.249217006,0.129742137,86.532076915,1.000000000
POINT0.MATRIX2=0.087092668,0.996200214,-0.000000000,0.000000000,-0.996200214,0.087092668,0.000000000,0.000000000,-0.000000000,0.000000000,1.000000000,0.000000000,6.784555632,0.129683168,86.715609630,1.000000000
POINT0.MATRIX3=0.087092668,0.996200214,-0.000000000,0.000000000,-0.996200214,0.087092668,0.000000000,0.000000000,-0.000000000,0.000000000,1.000000000,0.000000000,6.600298676,0.130107209,86.250506480,1.000000000
POINT1.BLHA=28.31498130,113.40038482,72.540,2.946268
POINT1.MATRIX0=0.051399410,0.998678177,0.000000000,0.000000000,-0.998678177,0.051399410,-0.000000000,0.000000000,-0.000000000,0.000000000,1.000000000,0.000000000,8.046870046,-9.356416124,58.723023106,1.000000000
POINT1.MATRIX1=0.051399410,0.998678177,0.000000000,0.000000000,-0.998678177,0.051399410,-0.000000000,0.000000000,-0.000000000,0.000000000,1.000000000,0.000000000,8.072148825,-10.119221779,59.168457676,1.000000000
POINT1.MATRIX2=0.051399410,0.998678177,0.000000000,0.000000000,-0.998678177,0.051399410,-0.000000000,0.000000000,-0.000000000,0.000000000,1.000000000,0.000000000,7.572551711,-10.136534417,59.168457676,1.000000000
POINT1.MATRIX3=0.051399410,0.998678177,0.000000000,0.000000000,-0.998678177,0.051399410,-0.000000000,0.000000000,-0.000000000,0.000000000,1.000000000,0.000000000,7.547272932,-9.373728761,58.723038364,1.000000000
