OBJECTMODELPOINTER=33777c94-e4b9-4947-906f-f84480f3cb99.dev
BASEFAMILY=d643276a-d61a-4bcb-8812-bdbf795e08b0.fam
BLHA=28.52337409,113.48828309,330.016596,210.734491
TRANSFORMMATRIX=0.006848704,-0.999976546,0.000050742,0.000000000,0.999976547,0.006848704,0.000001513,0.000000000,-0.000001861,0.000050731,0.999999999,0.000000000,-11.095144114,323.366704218,14.304803150,1.000000000
ENTITYNAME=Wire_Device
