OBJECTMODELPOINTER=33777c94-e4b9-4947-906f-f84480f3cb99.dev
BASEFAMILY=d648ce34-1442-4f60-a8c1-35590fbcca8e.fam
BLHA=28.56585701,113.49736639,238.961591,312.996987
TRANSFORMMATRIX=-0.001544857,-0.999998807,0.000014346,0.000000000,0.999998807,-0.001544857,0.000002115,0.000000000,-0.000002092,0.000014350,1.000000000,0.000000000,-13.561686269,91.377447155,34.261513435,1.000000000
ENTITYNAME=Wire_Device
