OBJECTMODELPOINTER=33777c94-e4b9-4947-906f-f84480f3cb99.dev
BASEFAMILY=d652a55e-e011-4a47-bbbc-a8eb4d6622fb.fam
BLHA=28.54843684,113.51255198,454.586266,280.370385
TRANSFORMMATRIX=-0.406705527,-0.913559310,0.000040093,0.000000000,0.913559311,-0.406705527,0.000001700,0.000000000,0.000014753,0.000037319,0.999999999,0.000000000,93.943780439,236.949001222,58.859623159,1.000000000
ENTITYNAME=Wire_Device
