OBJECTMODELPOINTER=33777c94-e4b9-4947-906f-f84480f3cb99.dev
BASEFAMILY=d6613f99-a83a-4bb5-9a5c-7e667c403cf0.fam
BLHA=28.26827851,113.48694026,97.359750,314.005848
TRANSFORMMATRIX=-0.623622042,-0.781726006,-0.000000387,0.000000000,0.781726006,-0.623622042,0.000001468,0.000000000,-0.000001389,0.000000613,1.000000000,0.000000000,-8.855900849,3.925708648,31.221321707,1.000000000
ENTITYNAME=Wire_Device
