ENTITYNAME=WIRE
BASEFAMILY=d66903d4-5e65-4b7d-b697-d4148aa611df.fam
OBJECTMODELPOINTER=81b82497-164d-48c0-b1cb-18fa700dacdf.dev
KVALUE=0.000373
SPLIT=4
POINT0.BLHA=28.37974338,113.36324559,104.025,459.829193
POINT0.MATRIX0=0.985321048,-0.170711550,-0.000000000,0.000000000,0.170711550,0.985321048,-0.000000000,0.000000000,-0.000000000,0.000000000,1.000000000,0.000000000,-8.838814070,-10.499694309,19.368508467,1.000000000
POINT0.MATRIX1=0.985321048,-0.170711550,-0.000000000,0.000000000,0.170711550,0.985321048,-0.000000000,0.000000000,-0.000000000,0.000000000,1.000000000,0.000000000,-8.749650545,-11.317942198,19.688438543,1.000000000
POINT0.MATRIX2=0.985321048,-0.170711550,-0.000000000,0.000000000,0.170711550,0.985321048,-0.000000000,0.000000000,-0.000000000,0.000000000,1.000000000,0.000000000,-8.252413990,-11.265335257,19.688438544,1.000000000
POINT0.MATRIX3=0.985321048,-0.170711550,-0.000000000,0.000000000,0.170711550,0.985321048,-0.000000000,0.000000000,-0.000000000,0.000000000,1.000000000,0.000000000,-8.341096400,-10.447170722,19.368508466,1.000000000
POINT1.BLHA=28.37691435,113.36420413,70.522,286.379084
POINT1.MATRIX0=-0.959416979,0.281991241,0.000000000,0.000000000,-0.281991241,-0.959416979,0.000000000,0.000000000,0.000000000,0.000000000,1.000000000,0.000000000,12.095523444,-0.718326373,40.741099925,1.000000000
POINT1.MATRIX1=-0.959416979,0.281991241,0.000000000,0.000000000,-0.281991241,-0.959416979,0.000000000,0.000000000,0.000000000,0.000000000,1.000000000,0.000000000,12.095523444,-0.718326373,41.191096874,1.000000000
POINT1.MATRIX2=-0.959416979,0.281991241,0.000000000,0.000000000,-0.281991241,-0.959416979,0.000000000,0.000000000,0.000000000,0.000000000,1.000000000,0.000000000,11.645986597,-0.720557725,41.191096874,1.000000000
POINT1.MATRIX3=-0.959416979,0.281991241,0.000000000,0.000000000,-0.281991241,-0.959416979,0.000000000,0.000000000,0.000000000,0.000000000,1.000000000,0.000000000,11.645986596,-0.720557725,40.741099925,1.000000000
