OBJECTMODELPOINTER=33777c94-e4b9-4947-906f-f84480f3cb99.dev
BASEFAMILY=d6840684-5d55-40aa-a50e-7e20a8b20d8f.fam
BLHA=28.39913011,113.36988101,173.073049,251.836928
TRANSFORMMATRIX=-0.017321723,-0.999849968,-0.000000759,0.000000000,0.999849968,-0.017321723,-0.000001226,0.000000000,0.000001213,-0.000000779,1.000000000,0.000000000,7.729604350,-4.940845466,25.211385294,1.000000000
ENTITYNAME=Wire_Device
