OBJECTMODELPOINTER=33777c94-e4b9-4947-906f-f84480f3cb99.dev
BASEFAMILY=d6936f41-0914-4a70-8768-e5be0690b61a.fam
BLHA=28.31775016,113.38284517,61.633463,329.270898
TRANSFORMMATRIX=0.001437327,-0.999998966,0.000035846,0.000000000,0.999998967,0.001437327,-0.000001135,0.000000000,0.000001084,0.000035847,0.999999999,0.000000000,6.366798171,228.488210760,31.902018633,1.000000000
ENTITYNAME=Wire_Device
