OBJECTMODELPOINTER=33777c94-e4b9-4947-906f-f84480f3cb99.dev
BASEFAMILY=d6949ef7-5cc4-4ddc-b4c4-e96287fc9910.fam
BLHA=28.28912608,113.44509395,57.000023,477.961117
TRANSFORMMATRIX=-0.174792349,0.984605319,0.000039249,0.000000000,-0.984605319,-0.174792349,0.000001438,0.000000000,0.000008276,-0.000038394,0.999999999,0.000000000,53.297023716,-244.187343722,41.505833072,1.000000000
ENTITYNAME=Wire_Device
