OBJECTMODELPOINTER=33777c94-e4b9-4947-906f-f84480f3cb99.dev
BASEFAMILY=d698f5b5-46a8-403b-894d-8d38465ca189.fam
BLHA=28.28149698,113.45977476,95.758412,340.232800
TRANSFORMMATRIX=0.004698325,-0.999988962,0.000042559,0.000000000,0.999988963,0.004698325,0.000001716,0.000000000,-0.000001916,0.000042550,0.999999999,0.000000000,-12.625740501,271.461326828,30.406107924,1.000000000
ENTITYNAME=Wire_Device
