OBJECTMODELPOINTER=33777c94-e4b9-4947-906f-f84480f3cb99.dev
BASEFAMILY=d6a4697e-1a21-4de7-aa97-319290473a6e.fam
BLHA=28.80841146,113.51251091,171.150662,227.348291
TRANSFORMMATRIX=-0.000011830,-1.000000000,0.000024417,0.000000000,1.000000000,-0.000011830,-0.000001701,0.000000000,0.000001701,0.000024417,1.000000000,0.000000000,11.233127443,155.456085615,48.213081148,1.000000000
ENTITYNAME=Wire_Device
