OBJECTMODELPOINTER=33777c94-e4b9-4947-906f-f84480f3cb99.dev
BASEFAMILY=d6abf082-09a6-4c3b-af1e-9f17f7689baa.fam
BLHA=28.47949059,113.41307678,290.814083,229.813402
TRANSFORMMATRIX=-0.000006262,-1.000000000,0.000018035,0.000000000,1.000000000,-0.000006262,0.000000138,0.000000000,-0.000000138,0.000018035,1.000000000,0.000000000,-0.586519318,114.772693731,32.595716674,1.000000000
ENTITYNAME=Wire_Device
