OBJECTMODELPOINTER=33777c94-e4b9-4947-906f-f84480f3cb99.dev
BASEFAMILY=d6b0b374-edac-42d9-995c-f2d46b5997ab.fam
BLHA=28.70605444,113.45451077,165.912680,277.425083
TRANSFORMMATRIX=-0.002577964,-0.999996676,0.000038899,0.000000000,0.999996677,-0.002577964,0.000002239,0.000000000,-0.000002138,0.000038905,0.999999999,0.000000000,-13.811503479,247.090065097,6.464130823,1.000000000
ENTITYNAME=Wire_Device
