OBJECTMODELPOINTER=33777c94-e4b9-4947-906f-f84480f3cb99.dev
BASEFAMILY=d6b5fb38-34c8-4263-9863-0cab157bb1e7.fam
BLHA=28.42958283,113.37956045,205.551749,428.016547
TRANSFORMMATRIX=-0.118151373,0.992995596,0.000017602,0.000000000,-0.992995596,-0.118151373,0.000001263,0.000000000,0.000003334,-0.000017328,1.000000000,0.000000000,21.065372502,-110.084068580,17.164598487,1.000000000
ENTITYNAME=Wire_Device
