OBJECTMODELPOINTER=33777c94-e4b9-4947-906f-f84480f3cb99.dev
BASEFAMILY=d6eb12b5-cc45-41dd-a43a-fafa5e348ea5.fam
BLHA=28.36995278,113.36656265,67.148041,253.042546
TRANSFORMMATRIX=-0.567509852,-0.823366605,0.000040764,0.000000000,0.823366606,-0.567509852,-0.000000341,0.000000000,0.000023414,0.000033369,0.999999999,0.000000000,149.697810037,212.207523223,24.716978954,1.000000000
ENTITYNAME=Wire_Device
