OBJECTMODELPOINTER=33777c94-e4b9-4947-906f-f84480f3cb99.dev
BASEFAMILY=d6efd2e8-2eb2-471f-9c65-2cdd80290db8.fam
BLHA=28.52615363,113.49352553,361.372655,210.734491
TRANSFORMMATRIX=-0.001690357,-0.999998571,0.000039867,0.000000000,0.999998571,-0.001690357,0.000002355,0.000000000,-0.000002288,0.000039871,0.999999999,0.000000000,-13.968428069,254.135398629,49.919292629,1.000000000
ENTITYNAME=Wire_Device
