ENTITYNAME=WIRE
BASEFAMILY=d7074d87-6878-473b-887d-a020efc833d8.fam
OBJECTMODELPOINTER=31970f28-780e-4bf1-8adb-439f78c329a3.dev
KVALUE=0.000287
SPLIT=1
POINT0.BLHA=28.36295604,113.35959378,63.084,458.145379
POINT0.MATRIX0=0.989911752,-0.141685295,0.000000000,0.000000000,0.141685295,0.989911752,-0.000000000,0.000000000,0.000000000,0.000000000,1.000000000,0.000000000,5.721385149,1.307219044,43.964528609,1.000000000
POINT1.BLHA=28.36295604,113.35959378,63.084,458.145379
POINT1.MATRIX0=0.989911752,-0.141685295,0.000000000,0.000000000,0.141685295,0.989911752,-0.000000000,0.000000000,0.000000000,0.000000000,1.000000000,0.000000000,5.511683822,-1.364688847,44.034637141,1.000000000
