OBJECTMODELPOINTER=33777c94-e4b9-4947-906f-f84480f3cb99.dev
BASEFAMILY=d70ca799-7245-4bdf-bd18-d24465e636d5.fam
BLHA=28.79022096,113.49139881,176.212376,221.400685
TRANSFORMMATRIX=0.001018879,-0.999999481,0.000016276,0.000000000,0.999999481,0.001018879,0.000002111,0.000000000,-0.000002127,0.000016273,1.000000000,0.000000000,-13.278443648,103.608880440,16.516752396,1.000000000
ENTITYNAME=Wire_Device
