ENTITYNAME=WIRE
BASEFAMILY=d7223c70-43b5-4f72-8539-65602252a460.fam
OBJECTMODELPOINTER=81b82497-164d-48c0-b1cb-18fa700dacdf.dev
KVALUE=0.066206
SPLIT=4
POINT0.BLHA=28.56112925,113.50240150,222.763,308.993779
POINT0.MATRIX0=-0.777214288,0.629236005,0.000000000,0.000000000,-0.629236005,-0.777214288,-0.000000000,0.000000000,0.000000000,0.000000000,1.000000000,0.000000000,1.080545060,-9.539867495,37.717297745,1.000000000
POINT0.MATRIX1=-0.777214288,0.629236005,0.000000000,0.000000000,-0.629236005,-0.777214288,-0.000000000,0.000000000,0.000000000,0.000000000,1.000000000,0.000000000,0.581536530,-9.575011547,37.717221451,1.000000000
POINT0.MATRIX2=-0.777214288,0.629236005,0.000000000,0.000000000,-0.629236005,-0.777214288,-0.000000000,0.000000000,0.000000000,0.000000000,1.000000000,0.000000000,0.662756012,-10.228835495,37.099146856,1.000000000
POINT0.MATRIX3=-0.777214288,0.629236005,0.000000000,0.000000000,-0.629236005,-0.777214288,-0.000000000,0.000000000,0.000000000,0.000000000,1.000000000,0.000000000,1.161231422,-10.193573948,37.099162114,1.000000000
POINT1.BLHA=28.56112925,113.50240150,222.763,308.993779
POINT1.MATRIX0=-0.777214288,0.629236005,0.000000000,0.000000000,-0.629236005,-0.777214288,-0.000000000,0.000000000,0.000000000,0.000000000,1.000000000,0.000000000,-10.075198499,-3.999810088,41.040001703,1.000000000
POINT1.MATRIX1=-0.777214288,0.629236005,0.000000000,0.000000000,-0.629236005,-0.777214288,-0.000000000,0.000000000,0.000000000,0.000000000,1.000000000,0.000000000,-10.525198608,-3.999809787,41.040001703,1.000000000
POINT1.MATRIX2=-0.777214288,0.629236005,0.000000000,0.000000000,-0.629236005,-0.777214288,-0.000000000,0.000000000,0.000000000,0.000000000,1.000000000,0.000000000,-10.525198608,-3.999809787,40.590001894,1.000000000
POINT1.MATRIX3=-0.777214288,0.629236005,0.000000000,0.000000000,-0.629236005,-0.777214288,-0.000000000,0.000000000,0.000000000,0.000000000,1.000000000,0.000000000,-10.075198498,-3.999810088,40.590001894,1.000000000
