OBJECTMODELPOINTER=33777c94-e4b9-4947-906f-f84480f3cb99.dev
BASEFAMILY=d72ebf66-7ee6-45d9-b854-48a797b8a9ff.fam
BLHA=28.56928949,113.49371034,236.536103,312.996987
TRANSFORMMATRIX=0.000006270,-1.000000000,0.000018071,0.000000000,1.000000000,0.000006270,-0.000002062,0.000000000,0.000002062,0.000018071,1.000000000,0.000000000,12.834407557,115.002448835,40.142844404,1.000000000
ENTITYNAME=Wire_Device
