OBJECTMODELPOINTER=33777c94-e4b9-4947-906f-f84480f3cb99.dev
BASEFAMILY=d73d7eef-3a8e-4d0d-9823-5565f553bc0f.fam
BLHA=28.73433869,113.45386444,142.659000,258.301958
TRANSFORMMATRIX=-0.007945992,-0.999968430,0.000030917,0.000000000,0.999968430,-0.007945992,-0.000001349,0.000000000,0.000001595,0.000030906,0.999999999,0.000000000,10.376578841,196.312492529,10.985836196,1.000000000
ENTITYNAME=Wire_Device
