OBJECTMODELPOINTER=33777c94-e4b9-4947-906f-f84480f3cb99.dev
BASEFAMILY=d74f4a9d-a040-40fd-9034-d4cf83897c69.fam
BLHA=28.68698006,113.45743042,187.111712,277.425083
TRANSFORMMATRIX=0.010617361,-0.999943634,0.000005099,0.000000000,0.999943634,0.010617361,-0.000001841,0.000000000,0.000001787,0.000005118,1.000000000,0.000000000,11.379992918,32.498858316,21.259633193,1.000000000
ENTITYNAME=Wire_Device
