OBJECTMODELPOINTER=33777c94-e4b9-4947-906f-f84480f3cb99.dev
BASEFAMILY=d750a330-f3e4-4b31-955d-88876775ea88.fam
BLHA=28.81479133,113.52057006,101.431429,372.952022
TRANSFORMMATRIX=0.397156100,0.917751073,-0.000000197,0.000000000,-0.917751073,0.397156100,-0.000001663,0.000000000,-0.000001449,0.000000842,1.000000000,0.000000000,-9.187932647,5.358377853,24.917355200,1.000000000
ENTITYNAME=Wire_Device
