OBJECTMODELPOINTER=33777c94-e4b9-4947-906f-f84480f3cb99.dev
BASEFAMILY=d760a5cd-0112-4f29-b624-aecf4d6c3f09.fam
BLHA=28.30961923,113.43478171,54.752520,501.227736
TRANSFORMMATRIX=0.248499708,0.968631971,0.000025000,0.000000000,-0.968631971,0.248499708,0.000001222,0.000000000,-0.000005029,-0.000024519,1.000000000,0.000000000,-31.600627581,-156.106161565,60.962571939,1.000000000
ENTITYNAME=Wire_Device
