OBJECTMODELPOINTER=33777c94-e4b9-4947-906f-f84480f3cb99.dev
BASEFAMILY=d7706a33-4088-4765-bf12-4f202237540b.fam
BLHA=28.73433869,113.45386444,142.659000,258.301958
TRANSFORMMATRIX=0.000053180,-0.999999998,0.000042102,0.000000000,0.999999999,0.000053180,0.000000235,0.000000000,-0.000000237,0.000042102,0.999999999,0.000000000,-1.240293248,267.418445619,15.476979474,1.000000000
ENTITYNAME=Wire_Device
