OBJECTMODELPOINTER=33777c94-e4b9-4947-906f-f84480f3cb99.dev
BASEFAMILY=d7753632-4d2a-4bba-aef0-eecfc454ae3c.fam
BLHA=28.28368001,113.45281448,67.001736,340.232800
TRANSFORMMATRIX=0.000016356,-0.999999999,0.000038382,0.000000000,1.000000000,0.000016356,0.000001286,0.000000000,-0.000001287,0.000038382,0.999999999,0.000000000,-8.582063036,244.860626884,33.739293452,1.000000000
ENTITYNAME=Wire_Device
