OBJECTMODELPOINTER=33777c94-e4b9-4947-906f-f84480f3cb99.dev
BASEFAMILY=d783dd51-7294-44ea-93cb-8daa20d79395.fam
BLHA=28.32474464,113.37442409,71.722945,330.514691
TRANSFORMMATRIX=0.475412773,-0.879762863,0.000000045,0.000000000,0.879762863,0.475412773,0.000001663,0.000000000,-0.000001484,-0.000000751,1.000000000,0.000000000,-9.425825107,-4.765805934,25.299614196,1.000000000
ENTITYNAME=Wire_Device
