OBJECTMODELPOINTER=33777c94-e4b9-4947-906f-f84480f3cb99.dev
BASEFAMILY=d7a45a90-cbfb-472a-9bf4-8291a6827057.fam
BLHA=28.31775016,113.38284517,61.633463,329.270898
TRANSFORMMATRIX=0.001450899,-0.999998946,0.000057338,0.000000000,0.999998947,0.001450899,-0.000001390,0.000000000,0.000001307,0.000057340,0.999999998,0.000000000,7.472120002,365.490552595,49.624551089,1.000000000
ENTITYNAME=Wire_Device
