OBJECTMODELPOINTER=33777c94-e4b9-4947-906f-f84480f3cb99.dev
BASEFAMILY=d7b995f2-a078-4c3e-a46c-533ac2bad76c.fam
BLHA=28.31510010,113.40690744,78.265120,0.896163
TRANSFORMMATRIX=-0.001496332,-0.999998879,0.000044863,0.000000000,0.999998881,-0.001496332,0.000001359,0.000000000,-0.000001292,0.000044865,0.999999999,0.000000000,-8.180869770,286.377736968,52.389618812,1.000000000
ENTITYNAME=Wire_Device
