OBJECTMODELPOINTER=33777c94-e4b9-4947-906f-f84480f3cb99.dev
BASEFAMILY=d7b94ca7-0c8a-43bc-917a-291fdea2fe59.fam
BLHA=28.47508033,113.40890253,351.780005,229.813402
TRANSFORMMATRIX=-0.000011958,-0.999999999,0.000036173,0.000000000,1.000000000,-0.000011958,0.000002362,0.000000000,-0.000002362,0.000036173,0.999999999,0.000000000,-14.452449568,230.172999460,38.579030929,1.000000000
ENTITYNAME=Wire_Device
