ENTITYNAME=WIRE
BASEFAMILY=d7c03f5b-b489-47c4-8eb4-144525584d04.fam
OBJECTMODELPOINTER=31970f28-780e-4bf1-8adb-439f78c329a3.dev
KVALUE=0.000244
SPLIT=1
POINT0.BLHA=28.79022096,113.49139881,176.212,221.400685
POINT0.MATRIX0=-0.661320829,-0.750103167,0.000000000,0.000000000,0.750103167,-0.661320829,-0.000000000,0.000000000,-0.000000000,0.000000000,1.000000000,0.000000000,10.608825261,0.310615047,54.558001088,1.000000000
POINT1.BLHA=28.78677028,113.48699418,119.838,221.400685
POINT1.MATRIX0=-0.661320829,-0.750103167,-0.000000000,0.000000000,0.750103167,-0.661320829,-0.000000000,0.000000000,-0.000000000,0.000000000,1.000000000,0.000000000,11.318176484,-0.310044344,63.557998567,1.000000000
