OBJECTMODELPOINTER=33777c94-e4b9-4947-906f-f84480f3cb99.dev
BASEFAMILY=d7c6b993-f46c-4118-bbaa-dc1eb4a07e60.fam
BLHA=28.30070252,113.44082959,73.741833,287.794387
TRANSFORMMATRIX=-0.001308609,-0.999999143,0.000039821,0.000000000,0.999999144,-0.001308610,-0.000000890,0.000000000,0.000000942,0.000039819,0.999999999,0.000000000,5.624828126,252.964316591,63.271336338,1.000000000
ENTITYNAME=Wire_Device
