OBJECTMODELPOINTER=33777c94-e4b9-4947-906f-f84480f3cb99.dev
BASEFAMILY=d7cc4df5-5aa8-4fe5-8453-b18cb76dfa71.fam
BLHA=28.40337100,113.37122865,129.378598,254.006183
TRANSFORMMATRIX=-0.011880600,-0.999929423,0.000016562,0.000000000,0.999929423,-0.011880600,0.000002197,0.000000000,-0.000002001,0.000016587,1.000000000,0.000000000,-12.619325955,105.354514214,42.479631679,1.000000000
ENTITYNAME=Wire_Device
