ENTITYNAME=WIRE
BASEFAMILY=d7e3338f-1b33-4cd2-9654-086fddfabeb1.fam
OBJECTMODELPOINTER=31970f28-780e-4bf1-8adb-439f78c329a3.dev
KVALUE=0.000229
SPLIT=1
POINT0.BLHA=28.71568525,113.45475484,179.580,274.089521
POINT0.MATRIX0=-0.997453842,0.071315024,0.000000000,0.000000000,-0.071315024,-0.997453842,0.000000000,0.000000000,0.000000000,0.000000000,1.000000000,0.000000000,5.615639713,1.555809690,43.993953831,1.000000000
POINT1.BLHA=28.71274605,113.45447194,199.235,264.887951
POINT1.MATRIX0=-0.996022350,-0.089103753,-0.000000000,0.000000000,0.089103753,-0.996022350,-0.000000000,0.000000000,-0.000000000,-0.000000000,1.000000000,0.000000000,9.870126367,-0.309407829,45.558006892,1.000000000
