OBJECTMODELPOINTER=33777c94-e4b9-4947-906f-f84480f3cb99.dev
BASEFAMILY=d7f370e2-3ba9-41d9-b0c1-dba3c9624931.fam
BLHA=28.41763874,113.37576334,172.022371,254.006183
TRANSFORMMATRIX=-0.000006587,-0.999999999,0.000048915,0.000000000,1.000000000,-0.000006587,0.000002408,0.000000000,-0.000002408,0.000048914,0.999999999,0.000000000,-14.931016051,310.713771243,45.262146555,1.000000000
ENTITYNAME=Wire_Device
