ENTITYNAME=WIRE
BASEFAMILY=d7f6bb0b-6cb6-4116-a1ac-9dc4a6569371.fam
OBJECTMODELPOINTER=81b82497-164d-48c0-b1cb-18fa700dacdf.dev
KVALUE=0.000375
SPLIT=4
POINT0.BLHA=28.31470596,113.39701913,83.589,4.996372
POINT0.MATRIX0=0.087092668,0.996200214,-0.000000000,0.000000000,-0.996200214,0.087092668,0.000000000,0.000000000,-0.000000000,0.000000000,1.000000000,0.000000000,9.999961731,0.130409350,73.066973766,1.000000000
POINT0.MATRIX1=0.087092668,0.996200214,-0.000000000,0.000000000,-0.996200214,0.087092668,0.000000000,0.000000000,-0.000000000,0.000000000,1.000000000,0.000000000,10.184218687,0.129985309,73.532076915,1.000000000
POINT0.MATRIX2=0.087092668,0.996200214,-0.000000000,0.000000000,-0.996200214,0.087092668,0.000000000,0.000000000,-0.000000000,0.000000000,1.000000000,0.000000000,9.719557313,0.129926340,73.715609630,1.000000000
POINT0.MATRIX3=0.087092668,0.996200214,-0.000000000,0.000000000,-0.996200214,0.087092668,0.000000000,0.000000000,-0.000000000,0.000000000,1.000000000,0.000000000,9.535300356,0.130350381,73.250506480,1.000000000
POINT1.BLHA=28.31498130,113.40038482,72.540,2.946268
POINT1.MATRIX0=0.051399410,0.998678177,0.000000000,0.000000000,-0.998678177,0.051399410,-0.000000000,0.000000000,-0.000000000,0.000000000,1.000000000,0.000000000,11.531027373,-9.465911823,46.698574711,1.000000000
POINT1.MATRIX1=0.051399410,0.998678177,0.000000000,0.000000000,-0.998678177,0.051399410,-0.000000000,0.000000000,-0.000000000,0.000000000,1.000000000,0.000000000,11.556293603,-10.228961297,47.141812015,1.000000000
POINT1.MATRIX2=0.051399410,0.998678177,0.000000000,0.000000000,-0.998678177,0.051399410,-0.000000000,0.000000000,-0.000000000,0.000000000,1.000000000,0.000000000,11.054771043,-10.245685908,47.141812015,1.000000000
POINT1.MATRIX3=0.051399410,0.998678177,0.000000000,0.000000000,-0.998678177,0.051399410,-0.000000000,0.000000000,-0.000000000,0.000000000,1.000000000,0.000000000,11.031467906,-9.482493007,46.698589970,1.000000000
