OBJECTMODELPOINTER=33777c94-e4b9-4947-906f-f84480f3cb99.dev
BASEFAMILY=d7fd151e-f5e8-4c58-909f-6b2479db4663.fam
BLHA=28.31411764,113.38983103,66.771612,527.133635
TRANSFORMMATRIX=0.280408014,0.959880902,-0.000001092,0.000000000,-0.959880902,0.280408014,0.000001177,0.000000000,0.000001436,0.000000718,1.000000000,0.000000000,9.113122390,4.571433480,48.996568338,1.000000000
ENTITYNAME=Wire_Device
