ENTITYNAME=WIRE
BASEFAMILY=d808a197-7a69-4341-881d-7556d02455a0.fam
OBJECTMODELPOINTER=81b82497-164d-48c0-b1cb-18fa700dacdf.dev
KVALUE=0.000372
SPLIT=4
POINT0.BLHA=28.50209029,113.44375287,199.021,200.251669
POINT0.MATRIX0=-0.346144382,-0.938181255,0.000000000,0.000000000,0.938181255,-0.346144382,0.000000000,0.000000000,-0.000000000,-0.000000000,1.000000000,0.000000000,0.182144927,0.119936935,53.478137087,1.000000000
POINT0.MATRIX1=-0.346144382,-0.938181255,0.000000000,0.000000000,0.938181255,-0.346144382,0.000000000,0.000000000,-0.000000000,-0.000000000,1.000000000,0.000000000,0.215445526,0.119913818,53.926905703,1.000000000
POINT0.MATRIX2=-0.346144382,-0.938181255,0.000000000,0.000000000,0.938181255,-0.346144382,0.000000000,0.000000000,-0.000000000,-0.000000000,1.000000000,0.000000000,-0.233659750,0.120042573,53.960166048,1.000000000
POINT0.MATRIX3=-0.346144382,-0.938181255,0.000000000,0.000000000,0.938181255,-0.346144382,0.000000000,0.000000000,-0.000000000,-0.000000000,1.000000000,0.000000000,-0.266960349,0.120065690,53.511397432,1.000000000
POINT1.BLHA=28.50118026,113.44100017,250.748,200.251669
POINT1.MATRIX0=-0.346144382,-0.938181255,0.000000000,0.000000000,0.938181255,-0.346144382,-0.000000000,0.000000000,0.000000000,-0.000000000,1.000000000,0.000000000,0.180465265,-0.120006431,40.762687045,1.000000000
POINT1.MATRIX1=-0.346144382,-0.938181255,0.000000000,0.000000000,0.938181255,-0.346144382,-0.000000000,0.000000000,0.000000000,-0.000000000,1.000000000,0.000000000,0.217916555,-0.120064648,41.211140948,1.000000000
POINT1.MATRIX2=-0.346144382,-0.938181255,0.000000000,0.000000000,0.938181255,-0.346144382,-0.000000000,0.000000000,0.000000000,-0.000000000,1.000000000,0.000000000,-0.230693652,-0.120004700,41.248408633,1.000000000
POINT1.MATRIX3=-0.346144382,-0.938181255,0.000000000,0.000000000,0.938181255,-0.346144382,-0.000000000,0.000000000,0.000000000,-0.000000000,1.000000000,0.000000000,-0.268144942,-0.119946483,40.799954730,1.000000000
