OBJECTMODELPOINTER=33777c94-e4b9-4947-906f-f84480f3cb99.dev
BASEFAMILY=d80d9678-1d97-474e-91d0-62c898ac8fe4.fam
BLHA=28.41763874,113.37576334,172.022371,254.006183
TRANSFORMMATRIX=-0.000004426,-1.000000000,0.000027052,0.000000000,1.000000000,-0.000004426,-0.000001911,0.000000000,0.000001911,0.000027052,1.000000000,0.000000000,12.428871455,171.866064567,39.553279715,1.000000000
ENTITYNAME=Wire_Device
