OBJECTMODELPOINTER=33777c94-e4b9-4947-906f-f84480f3cb99.dev
BASEFAMILY=d8151ec5-6d21-4815-a93e-984ed4b17412.fam
BLHA=28.79959310,113.50336431,218.110050,224.374488
TRANSFORMMATRIX=-0.041166442,-0.999152302,0.000038734,0.000000000,0.999152303,-0.041166442,0.000001445,0.000000000,0.000000150,0.000038761,0.999999999,0.000000000,1.593861796,246.804207938,-0.487051930,1.000000000
ENTITYNAME=Wire_Device
