OBJECTMODELPOINTER=33777c94-e4b9-4947-906f-f84480f3cb99.dev
BASEFAMILY=d81dd14a-4224-4f0b-93c3-cef28dd4aadf.fam
BLHA=28.30786495,113.43629033,62.969533,307.005893
TRANSFORMMATRIX=0.000011478,-0.999999999,0.000029983,0.000000000,1.000000000,0.000011478,0.000001238,0.000000000,-0.000001238,0.000029983,1.000000000,0.000000000,-8.363722168,190.769627192,31.137218889,1.000000000
ENTITYNAME=Wire_Device
