OBJECTMODELPOINTER=33777c94-e4b9-4947-906f-f84480f3cb99.dev
BASEFAMILY=d8263620-11a0-4ca1-a7f5-a597d1801f31.fam
BLHA=28.63338498,113.46540590,167.944131,275.523589
TRANSFORMMATRIX=-0.014165425,-0.999899665,-0.000000742,0.000000000,0.999899665,-0.014165425,-0.000001223,0.000000000,0.000001213,-0.000000759,1.000000000,0.000000000,7.742766233,-4.826472236,25.418491155,1.000000000
ENTITYNAME=Wire_Device
