OBJECTMODELPOINTER=33777c94-e4b9-4947-906f-f84480f3cb99.dev
BASEFAMILY=d829b62c-a678-41aa-9a7e-d9326dc94c7c.fam
BLHA=28.81363020,113.51792493,127.559863,396.804576
TRANSFORMMATRIX=0.381069180,0.924546527,-0.000000233,0.000000000,-0.924546527,0.381069180,-0.000001457,0.000000000,-0.000001258,0.000000770,1.000000000,0.000000000,-7.992865169,4.889112931,25.254524844,1.000000000
ENTITYNAME=Wire_Device
