OBJECTMODELPOINTER=33777c94-e4b9-4947-906f-f84480f3cb99.dev
BASEFAMILY=d8304b10-b0a5-40f8-b103-d5f39381ad33.fam
BLHA=28.60189794,113.47276867,201.465001,294.633001
TRANSFORMMATRIX=0.006097382,-0.999981411,0.000023990,0.000000000,0.999981411,0.006097382,0.000001919,0.000000000,-0.000002065,0.000023977,1.000000000,0.000000000,-13.469596166,152.430391064,33.508016479,1.000000000
ENTITYNAME=Wire_Device
