OBJECTMODELPOINTER=33777c94-e4b9-4947-906f-f84480f3cb99.dev
BASEFAMILY=d852001b-fd3c-4083-8e93-d53d201df1ed.fam
BLHA=28.31498130,113.40038482,72.539572,2.946268
TRANSFORMMATRIX=-0.028918963,-0.999581759,0.000026345,0.000000000,0.999581759,-0.028918963,-0.000001278,0.000000000,0.000002039,0.000026298,1.000000000,0.000000000,12.995650408,167.857073404,30.206372856,1.000000000
ENTITYNAME=Wire_Device
