OBJECTMODELPOINTER=33777c94-e4b9-4947-906f-f84480f3cb99.dev
BASEFAMILY=d85c6dfc-60e2-4844-9581-6e9825aaafdd.fam
BLHA=28.45391595,113.39400228,204.515406,242.026912
TRANSFORMMATRIX=-0.008123428,-0.999967001,0.000078337,0.000000000,0.999967004,-0.008123428,-0.000000610,0.000000000,0.000001245,0.000078330,0.999999997,0.000000000,9.017737209,497.992703357,60.112102086,1.000000000
ENTITYNAME=Wire_Device
