ENTITYNAME=WIRE
BASEFAMILY=d866d095-66a6-4b95-b9fa-e23a942c7d76.fam
OBJECTMODELPOINTER=81b82497-164d-48c0-b1cb-18fa700dacdf.dev
KVALUE=0.000000
SPLIT=4
POINT0.BLHA=28.28240757,113.45687165,86.867,340.232800
POINT0.MATRIX0=-0.338199241,0.941074531,-0.000000000,0.000000000,-0.941074531,-0.338199241,-0.000000000,0.000000000,0.000000000,-0.000000000,1.000000000,0.000000000,7.349061581,0.000169538,36.866811049,1.000000000
POINT0.MATRIX1=-0.338199241,0.941074531,-0.000000000,0.000000000,-0.941074531,-0.338199241,-0.000000000,0.000000000,0.000000000,-0.000000000,1.000000000,0.000000000,7.535828711,0.000227079,37.330662948,1.000000000
POINT0.MATRIX2=-0.338199241,0.941074531,-0.000000000,0.000000000,-0.941074531,-0.338199241,-0.000000000,0.000000000,0.000000000,-0.000000000,1.000000000,0.000000000,7.071058552,-0.000117807,37.517323718,1.000000000
POINT0.MATRIX3=-0.338199241,0.941074531,-0.000000000,0.000000000,-0.941074531,-0.338199241,-0.000000000,0.000000000,0.000000000,-0.000000000,1.000000000,0.000000000,6.884291422,-0.000175348,37.053471815,1.000000000
POINT1.BLHA=28.28240757,113.45687165,86.867,340.232800
POINT1.MATRIX0=-0.338199241,0.941074531,-0.000000000,0.000000000,-0.941074531,-0.338199241,-0.000000000,0.000000000,0.000000000,-0.000000000,1.000000000,0.000000000,7.349061959,0.130175286,36.866811049,1.000000000
POINT1.MATRIX1=-0.338199241,0.941074531,-0.000000000,0.000000000,-0.941074531,-0.338199241,-0.000000000,0.000000000,0.000000000,-0.000000000,1.000000000,0.000000000,7.535829089,0.130232827,37.330662948,1.000000000
POINT1.MATRIX2=-0.338199241,0.941074531,-0.000000000,0.000000000,-0.941074531,-0.338199241,-0.000000000,0.000000000,0.000000000,-0.000000000,1.000000000,0.000000000,7.071058930,0.129887941,37.517323718,1.000000000
POINT1.MATRIX3=-0.338199241,0.941074531,-0.000000000,0.000000000,-0.941074531,-0.338199241,-0.000000000,0.000000000,0.000000000,-0.000000000,1.000000000,0.000000000,6.884291799,0.129830400,37.053471816,1.000000000
