OBJECTMODELPOINTER=33777c94-e4b9-4947-906f-f84480f3cb99.dev
BASEFAMILY=d86d0cfd-b7b1-4328-aade-9b722bfe8610.fam
BLHA=28.41763874,113.37576334,172.022371,254.006183
TRANSFORMMATRIX=-0.000003400,-1.000000000,0.000027036,0.000000000,1.000000000,-0.000003400,0.000002264,0.000000000,-0.000002264,0.000027036,1.000000000,0.000000000,-14.210477847,171.728570415,39.553282187,1.000000000
ENTITYNAME=Wire_Device
