OBJECTMODELPOINTER=33777c94-e4b9-4947-906f-f84480f3cb99.dev
BASEFAMILY=d874645b-413e-491f-a88a-7b67736f2b32.fam
BLHA=28.39175425,113.36683981,143.500019,249.667673
TRANSFORMMATRIX=0.002623841,-0.999996557,0.000038286,0.000000000,0.999996558,0.002623841,-0.000001823,0.000000000,0.000001723,0.000038291,0.999999999,0.000000000,11.403186112,243.314984341,15.452173301,1.000000000
ENTITYNAME=Wire_Device
