OBJECTMODELPOINTER=33777c94-e4b9-4947-906f-f84480f3cb99.dev
BASEFAMILY=d88ee980-4c08-4250-9ad9-063aca0d8dec.fam
BLHA=28.63338498,113.46540590,167.944131,275.523589
TRANSFORMMATRIX=0.198353995,-0.980130447,-0.000000493,0.000000000,0.980130447,0.198353995,0.000001458,0.000000000,-0.000001331,-0.000000772,1.000000000,0.000000000,-8.494483035,-4.898502979,25.383362686,1.000000000
ENTITYNAME=Wire_Device
