ENTITYNAME=WIRE
BASEFAMILY=d8960fa6-f481-49dd-8e55-b068826b98d6.fam
OBJECTMODELPOINTER=81b82497-164d-48c0-b1cb-18fa700dacdf.dev
KVALUE=0.000000
SPLIT=4
POINT0.BLHA=28.56112925,113.50240150,222.763,308.993779
POINT0.MATRIX0=-0.777214288,0.629236005,0.000000000,0.000000000,-0.629236005,-0.777214288,-0.000000000,0.000000000,0.000000000,0.000000000,1.000000000,0.000000000,-5.717962440,-12.582052508,25.790002418,1.000000000
POINT0.MATRIX1=-0.777214288,0.629236005,0.000000000,0.000000000,-0.629236005,-0.777214288,-0.000000000,0.000000000,0.000000000,0.000000000,1.000000000,0.000000000,-5.717962439,-12.582052508,26.240002466,1.000000000
POINT0.MATRIX2=-0.777214288,0.629236005,0.000000000,0.000000000,-0.629236005,-0.777214288,-0.000000000,0.000000000,0.000000000,0.000000000,1.000000000,0.000000000,-6.167962658,-12.582052578,26.240002466,1.000000000
POINT0.MATRIX3=-0.777214288,0.629236005,0.000000000,0.000000000,-0.629236005,-0.777214288,-0.000000000,0.000000000,0.000000000,0.000000000,1.000000000,0.000000000,-6.167962659,-12.582052578,25.790002418,1.000000000
POINT1.BLHA=28.56112925,113.50240150,222.763,308.993779
POINT1.MATRIX0=-0.777214288,0.629236005,0.000000000,0.000000000,-0.629236005,-0.777214288,-0.000000000,0.000000000,0.000000000,0.000000000,1.000000000,0.000000000,-5.717962418,-12.580052448,25.790002417,1.000000000
POINT1.MATRIX1=-0.777214288,0.629236005,0.000000000,0.000000000,-0.629236005,-0.777214288,-0.000000000,0.000000000,0.000000000,0.000000000,1.000000000,0.000000000,-5.717962417,-12.580052448,26.240002465,1.000000000
POINT1.MATRIX2=-0.777214288,0.629236005,0.000000000,0.000000000,-0.629236005,-0.777214288,-0.000000000,0.000000000,0.000000000,0.000000000,1.000000000,0.000000000,-6.167962613,-12.580052537,26.240002466,1.000000000
POINT1.MATRIX3=-0.777214288,0.629236005,0.000000000,0.000000000,-0.629236005,-0.777214288,-0.000000000,0.000000000,0.000000000,0.000000000,1.000000000,0.000000000,-6.167962613,-12.580052537,25.790002418,1.000000000
