OBJECTMODELPOINTER=33777c94-e4b9-4947-906f-f84480f3cb99.dev
BASEFAMILY=d8b8b6ff-2b72-4aca-8b8b-e42f68716a25.fam
BLHA=28.57953661,113.48279374,260.580940,480.423303
TRANSFORMMATRIX=0.031090550,0.999516572,-0.000000165,0.000000000,-0.999516572,0.031090550,0.000001483,0.000000000,0.000001487,0.000000118,1.000000000,0.000000000,9.478700370,0.732235707,25.655194043,1.000000000
ENTITYNAME=Wire_Device
