OBJECTMODELPOINTER=33777c94-e4b9-4947-906f-f84480f3cb99.dev
BASEFAMILY=d8ba7274-4c2c-4d77-bf4a-7eb89cd3109a.fam
BLHA=28.28368001,113.45281448,67.001736,340.232800
TRANSFORMMATRIX=0.000026616,-0.999999998,0.000059567,0.000000000,1.000000000,0.000026616,-0.000001280,0.000000000,0.000001278,0.000059567,0.999999998,0.000000000,7.491123672,379.980609574,60.897993763,1.000000000
ENTITYNAME=Wire_Device
