OBJECTMODELPOINTER=33777c94-e4b9-4947-906f-f84480f3cb99.dev
BASEFAMILY=d8be57f4-b877-49dd-84a1-da1396a6e166.fam
BLHA=28.31502906,113.40300484,68.016258,0.896163
TRANSFORMMATRIX=-0.001700291,-0.999998554,0.000004825,0.000000000,0.999998555,-0.001700291,-0.000001426,0.000000000,0.000001434,0.000004822,1.000000000,0.000000000,9.108626053,30.781277269,49.030751845,1.000000000
ENTITYNAME=Wire_Device
