OBJECTMODELPOINTER=33777c94-e4b9-4947-906f-f84480f3cb99.dev
BASEFAMILY=d8c5e4e4-d869-4aff-8821-9b74b2a76f99.fam
BLHA=28.31529425,113.41760444,47.126172,0.896163
TRANSFORMMATRIX=0.006190127,-0.999980841,0.000015246,0.000000000,0.999980841,0.006190127,0.000001135,0.000000000,-0.000001230,0.000015239,1.000000000,0.000000000,-7.796628538,97.270006677,50.850915143,1.000000000
ENTITYNAME=Wire_Device
