OBJECTMODELPOINTER=33777c94-e4b9-4947-906f-f84480f3cb99.dev
BASEFAMILY=d8d0346e-d285-4455-9227-ebf52c6fd6bf.fam
BLHA=28.79022096,113.49139881,176.212376,221.400685
TRANSFORMMATRIX=0.001009265,-0.999999490,0.000039762,0.000000000,0.999999491,0.001009265,0.000002273,0.000000000,-0.000002312,0.000039759,0.999999999,0.000000000,-14.071108948,253.185671498,-7.839653285,1.000000000
ENTITYNAME=Wire_Device
