OBJECTMODELPOINTER=33777c94-e4b9-4947-906f-f84480f3cb99.dev
BASEFAMILY=d8d14a65-65eb-4f66-9f49-5978c463f3f7.fam
BLHA=28.46846127,113.40263855,250.773411,415.920157
TRANSFORMMATRIX=-0.100258006,0.994961472,0.000025737,0.000000000,-0.994961473,-0.100258006,0.000000378,0.000000000,0.000002956,-0.000025570,1.000000000,0.000000000,18.445961566,-162.591106175,15.855300803,1.000000000
ENTITYNAME=Wire_Device
