OBJECTMODELPOINTER=33777c94-e4b9-4947-906f-f84480f3cb99.dev
BASEFAMILY=d8dbb480-8390-461e-b104-b49b40ad5998.fam
BLHA=28.64674167,113.46331381,165.940967,277.610658
TRANSFORMMATRIX=0.000004533,-0.999999999,0.000040287,0.000000000,1.000000000,0.000004533,0.000002012,0.000000000,-0.000002013,0.000040286,0.999999999,0.000000000,-13.019046455,255.861452229,7.950373262,1.000000000
ENTITYNAME=Wire_Device
