OBJECTMODELPOINTER=33777c94-e4b9-4947-906f-f84480f3cb99.dev
BASEFAMILY=d8ffbc63-14b1-4cad-a93c-e9ab69635837.fam
BLHA=28.31523299,113.41422428,48.000024,0.896163
TRANSFORMMATRIX=0.000000924,-1.000000000,0.000005216,0.000000000,1.000000000,0.000000924,-0.000001109,0.000000000,0.000001110,0.000005216,1.000000000,0.000000000,7.048098973,33.296680215,30.076561484,1.000000000
ENTITYNAME=Wire_Device
