OBJECTMODELPOINTER=33777c94-e4b9-4947-906f-f84480f3cb99.dev
BASEFAMILY=d91b8ad1-01bb-4da1-8372-ad6378e09ad3.fam
BLHA=28.57663112,113.48588937,251.356728,312.996987
TRANSFORMMATRIX=0.000032300,-0.999999996,0.000080445,0.000000000,0.999999999,0.000032300,0.000002226,0.000000000,-0.000002228,0.000080445,0.999999997,0.000000000,-15.518146715,512.120426523,47.971124946,1.000000000
ENTITYNAME=Wire_Device
