OBJECTMODELPOINTER=33777c94-e4b9-4947-906f-f84480f3cb99.dev
BASEFAMILY=d931f453-f2ca-4495-aaff-acce3f28ec74.fam
BLHA=28.50306305,113.44669559,173.869453,200.251669
TRANSFORMMATRIX=-0.000006395,-1.000000000,0.000015465,0.000000000,1.000000000,-0.000006395,0.000002194,0.000000000,-0.000002193,0.000015466,1.000000000,0.000000000,-13.774652595,98.635069869,53.405243683,1.000000000
ENTITYNAME=Wire_Device
