OBJECTMODELPOINTER=33777c94-e4b9-4947-906f-f84480f3cb99.dev
BASEFAMILY=d941b3ee-21cb-4538-8554-15a28a86bd3d.fam
BLHA=28.28912608,113.44509395,57.000023,477.961117
TRANSFORMMATRIX=-0.181875074,0.983321645,0.000017156,0.000000000,-0.983321645,-0.181875074,-0.000001299,0.000000000,0.000001843,-0.000017106,1.000000000,0.000000000,11.987420394,-108.772579581,52.928327423,1.000000000
ENTITYNAME=Wire_Device
