OBJECTMODELPOINTER=33777c94-e4b9-4947-906f-f84480f3cb99.dev
BASEFAMILY=d9433d72-c43f-469f-869a-74368b224391.fam
BLHA=28.31470596,113.39701913,83.588909,4.996372
TRANSFORMMATRIX=-0.003330341,-0.999994454,0.000025187,0.000000000,0.999994454,-0.003330341,-0.000001416,0.000000000,0.000001499,0.000025183,1.000000000,0.000000000,9.594240957,160.739241243,44.896687888,1.000000000
ENTITYNAME=Wire_Device
