ENTITYNAME=WIRE
BASEFAMILY=d9554a69-8521-4c44-8cc2-5c201b478446.fam
OBJECTMODELPOINTER=81b82497-164d-48c0-b1cb-18fa700dacdf.dev
KVALUE=0.000000
SPLIT=4
POINT0.BLHA=28.79022096,113.49139881,176.212,221.400685
POINT0.MATRIX0=-0.661320829,-0.750103167,0.000000000,0.000000000,0.750103167,-0.661320829,-0.000000000,0.000000000,-0.000000000,0.000000000,1.000000000,0.000000000,0.182917858,-0.000658413,44.478132771,1.000000000
POINT0.MATRIX1=-0.661320829,-0.750103167,0.000000000,0.000000000,0.750103167,-0.661320829,-0.000000000,0.000000000,-0.000000000,0.000000000,1.000000000,0.000000000,0.216494421,-0.000968003,44.926901388,1.000000000
POINT0.MATRIX2=-0.661320829,-0.750103167,0.000000000,0.000000000,0.750103167,-0.661320829,-0.000000000,0.000000000,-0.000000000,0.000000000,1.000000000,0.000000000,-0.233288028,-0.000200773,44.960165548,1.000000000
POINT0.MATRIX3=-0.661320829,-0.750103167,0.000000000,0.000000000,0.750103167,-0.661320829,-0.000000000,0.000000000,-0.000000000,0.000000000,1.000000000,0.000000000,-0.265399546,-0.001182825,44.511396932,1.000000000
POINT1.BLHA=28.79022096,113.49139881,176.212,221.400685
POINT1.MATRIX0=-0.661320829,-0.750103167,0.000000000,0.000000000,0.750103167,-0.661320829,-0.000000000,0.000000000,-0.000000000,0.000000000,1.000000000,0.000000000,0.182915493,0.119342628,44.478132772,1.000000000
POINT1.MATRIX1=-0.661320829,-0.750103167,0.000000000,0.000000000,0.750103167,-0.661320829,-0.000000000,0.000000000,-0.000000000,0.000000000,1.000000000,0.000000000,0.216492056,0.119033037,44.926901388,1.000000000
POINT1.MATRIX2=-0.661320829,-0.750103167,0.000000000,0.000000000,0.750103167,-0.661320829,-0.000000000,0.000000000,-0.000000000,0.000000000,1.000000000,0.000000000,-0.233290393,0.119800268,44.960165548,1.000000000
POINT1.MATRIX3=-0.661320829,-0.750103167,0.000000000,0.000000000,0.750103167,-0.661320829,-0.000000000,0.000000000,-0.000000000,0.000000000,1.000000000,0.000000000,-0.265401912,0.118818215,44.511396932,1.000000000
