OBJECTMODELPOINTER=33777c94-e4b9-4947-906f-f84480f3cb99.dev
BASEFAMILY=d95ba1d2-d7a2-4a29-84ff-2fc9a2239e9a.fam
BLHA=28.30961923,113.43478171,54.752520,501.227736
TRANSFORMMATRIX=0.236805500,0.971557078,0.000006345,0.000000000,-0.971557078,0.236805500,-0.000001468,0.000000000,-0.000002930,-0.000005817,1.000000000,0.000000000,-18.543968640,-37.006998042,34.534339761,1.000000000
ENTITYNAME=Wire_Device
