OBJECTMODELPOINTER=33777c94-e4b9-4947-906f-f84480f3cb99.dev
BASEFAMILY=d96b1113-65d8-4801-9bbe-676b2c87560c.fam
BLHA=28.55813742,113.50479443,276.608256,304.990571
TRANSFORMMATRIX=0.000985201,-0.999999510,0.000097683,0.000000000,0.999999515,0.000985202,0.000002252,0.000000000,-0.000002348,0.000097681,0.999999995,0.000000000,-16.479791874,621.405713104,93.464299054,1.000000000
ENTITYNAME=Wire_Device
