OBJECTMODELPOINTER=33777c94-e4b9-4947-906f-f84480f3cb99.dev
BASEFAMILY=d96ec4af-b654-41da-8879-9527e0a2eba9.fam
BLHA=28.62772353,113.46582002,199.212660,273.436520
TRANSFORMMATRIX=-0.001501716,-0.999998870,0.000073886,0.000000000,0.999998872,-0.001501716,-0.000001554,0.000000000,0.000001664,0.000073883,0.999999997,0.000000000,10.479641725,469.186026246,31.020724043,1.000000000
ENTITYNAME=Wire_Device
