OBJECTMODELPOINTER=33777c94-e4b9-4947-906f-f84480f3cb99.dev
BASEFAMILY=d9757f2e-b8b6-4aa1-831b-c552393b590a.fam
BLHA=28.69702652,113.45589279,149.051008,277.425083
TRANSFORMMATRIX=0.000002612,-1.000000000,0.000016632,0.000000000,1.000000000,0.000002612,0.000001924,0.000000000,-0.000001924,0.000016632,1.000000000,0.000000000,-12.351871341,105.638381781,33.927348950,1.000000000
ENTITYNAME=Wire_Device
