OBJECTMODELPOINTER=33777c94-e4b9-4947-906f-f84480f3cb99.dev
BASEFAMILY=d9a537d6-8ffa-4859-a29b-55ccc3b963f1.fam
BLHA=28.52615363,113.49352553,361.372655,210.734491
TRANSFORMMATRIX=0.001668813,-0.999998608,0.000005554,0.000000000,0.999998608,0.001668813,-0.000002058,0.000000000,0.000002049,0.000005557,1.000000000,0.000000000,13.111767133,35.454831393,54.216470520,1.000000000
ENTITYNAME=Wire_Device
