OBJECTMODELPOINTER=33777c94-e4b9-4947-906f-f84480f3cb99.dev
BASEFAMILY=d9ad3833-b362-49b6-8898-16673b48f405.fam
BLHA=28.42674606,113.37865854,204.106778,254.006183
TRANSFORMMATRIX=-0.000000718,-1.000000000,0.000005240,0.000000000,1.000000000,-0.000000718,0.000000034,0.000000000,-0.000000034,0.000005240,1.000000000,0.000000000,-0.171932538,33.288541032,20.665510225,1.000000000
ENTITYNAME=Wire_Device
