OBJECTMODELPOINTER=33777c94-e4b9-4947-906f-f84480f3cb99.dev
BASEFAMILY=d9c28974-cee1-4fcf-81bb-50d6cd280c59.fam
BLHA=28.26885822,113.47846971,85.176990,355.334735
TRANSFORMMATRIX=0.000007232,-1.000000000,0.000017131,0.000000000,1.000000000,0.000007232,0.000001664,0.000000000,-0.000001665,0.000017131,1.000000000,0.000000000,-10.615165789,109.349979470,46.810842639,1.000000000
ENTITYNAME=Wire_Device
