ENTITYNAME=WIRE
BASEFAMILY=d9df6f9f-0561-4bfe-9d41-fb8215b384cb.fam
OBJECTMODELPOINTER=31970f28-780e-4bf1-8adb-439f78c329a3.dev
KVALUE=0.000241
SPLIT=1
POINT0.BLHA=28.54536406,113.51168326,478.790,255.750198
POINT0.MATRIX0=-0.969231762,-0.246149938,0.000000000,0.000000000,0.246149938,-0.969231762,-0.000000000,0.000000000,0.000000000,-0.000000000,1.000000000,0.000000000,-11.318269184,0.309996005,69.558009002,1.000000000
POINT1.BLHA=28.54296028,113.51100370,560.595,255.750198
POINT1.MATRIX0=-0.969231762,-0.246149938,0.000000000,0.000000000,0.246149938,-0.969231762,0.000000000,0.000000000,-0.000000000,-0.000000000,1.000000000,0.000000000,-10.609586052,-0.309973938,39.557989809,1.000000000
