OBJECTMODELPOINTER=33777c94-e4b9-4947-906f-f84480f3cb99.dev
BASEFAMILY=d9e21c88-356b-4f03-8086-068ff3e4700f.fam
BLHA=28.33832123,113.36372877,73.392099,278.143009
TRANSFORMMATRIX=0.003161166,-0.999995002,0.000049165,0.000000000,0.999995003,0.003161166,0.000000225,0.000000000,-0.000000380,0.000049164,0.999999999,0.000000000,-2.657004709,312.220966274,35.644487037,1.000000000
ENTITYNAME=Wire_Device
