OBJECTMODELPOINTER=33777c94-e4b9-4947-906f-f84480f3cb99.dev
BASEFAMILY=d9e5cb8f-aeb2-4a09-bf46-be4e0b1290f9.fam
BLHA=28.56112925,113.50240150,222.763342,308.993779
TRANSFORMMATRIX=-0.000023108,-1.000000000,-0.000000086,0.000000000,1.000000000,-0.000023108,0.000001617,0.000000000,-0.000001617,-0.000000086,1.000000000,0.000000000,-10.298156507,-0.522053159,39.234813156,1.000000000
ENTITYNAME=Wire_Device
