OBJECTMODELPOINTER=33777c94-e4b9-4947-906f-f84480f3cb99.dev
BASEFAMILY=d9fb41e0-2edd-4076-8734-96fcd76c4907.fam
BLHA=28.67276970,113.45923535,192.994115,456.641966
TRANSFORMMATRIX=0.055926085,0.998434912,-0.000000783,0.000000000,-0.998434912,0.055926085,0.000001215,0.000000000,0.000001258,0.000000715,1.000000000,0.000000000,8.021347209,4.531450304,26.004218555,1.000000000
ENTITYNAME=Wire_Device
