OBJECTMODELPOINTER=33777c94-e4b9-4947-906f-f84480f3cb99.dev
BASEFAMILY=da06cbf5-dc54-45cf-aac7-fc1d5a717561.fam
BLHA=28.30399811,113.43961542,62.139238,477.400140
TRANSFORMMATRIX=0.163063729,0.986615538,0.000007695,0.000000000,-0.986615538,0.163063729,-0.000001338,0.000000000,-0.000002575,-0.000007374,1.000000000,0.000000000,-16.320594853,-46.840537252,31.744303945,1.000000000
ENTITYNAME=Wire_Device
