OBJECTMODELPOINTER=33777c94-e4b9-4947-906f-f84480f3cb99.dev
BASEFAMILY=da129e05-f1a2-465e-b386-c7624e34e784.fam
BLHA=28.81363020,113.51792493,127.559863,396.804576
TRANSFORMMATRIX=-0.180693554,0.983539443,0.000060350,0.000000000,-0.983539445,-0.180693554,0.000000578,0.000000000,0.000011473,-0.000059252,0.999999998,0.000000000,72.063517241,-377.342993112,44.394819739,1.000000000
ENTITYNAME=Wire_Device
