OBJECTMODELPOINTER=33777c94-e4b9-4947-906f-f84480f3cb99.dev
BASEFAMILY=da1244a7-15a3-4836-87a8-b3b40a32aac9.fam
BLHA=28.58307238,113.48148471,281.708531,287.849619
TRANSFORMMATRIX=0.002536170,-0.999996784,0.000015184,0.000000000,0.999996784,0.002536170,0.000000046,0.000000000,-0.000000085,0.000015183,1.000000000,0.000000000,-0.687409776,96.473486416,33.613710388,1.000000000
ENTITYNAME=Wire_Device
