OBJECTMODELPOINTER=33777c94-e4b9-4947-906f-f84480f3cb99.dev
BASEFAMILY=da14c873-7b13-432a-9e3f-0109eda44708.fam
BLHA=28.62257154,113.46619683,208.116407,273.436520
TRANSFORMMATRIX=0.000002382,-0.999999999,0.000053291,0.000000000,1.000000000,0.000002382,0.000002214,0.000000000,-0.000002215,0.000053291,0.999999999,0.000000000,-14.240183884,338.419891105,2.358500269,1.000000000
ENTITYNAME=Wire_Device
