OBJECTMODELPOINTER=33777c94-e4b9-4947-906f-f84480f3cb99.dev
BASEFAMILY=da21950b-8665-4a8e-9901-db90f11a78bf.fam
BLHA=28.65774704,113.46158959,182.997853,277.610658
TRANSFORMMATRIX=0.000004940,-0.999999998,0.000056482,0.000000000,1.000000000,0.000004940,0.000002074,0.000000000,-0.000002074,0.000056482,0.999999998,0.000000000,-13.486655509,358.719821041,10.843534781,1.000000000
ENTITYNAME=Wire_Device
