OBJECTMODELPOINTER=33777c94-e4b9-4947-906f-f84480f3cb99.dev
BASEFAMILY=da2239fc-9d44-4cc9-8132-4b5f301a611d.fam
BLHA=28.53088729,113.50245510,443.024878,210.734491
TRANSFORMMATRIX=-0.000005295,-1.000000000,0.000015963,0.000000000,1.000000000,-0.000005295,0.000001970,0.000000000,-0.000001969,0.000015963,1.000000000,0.000000000,-12.292188135,101.732376264,40.572747544,1.000000000
ENTITYNAME=Wire_Device
