OBJECTMODELPOINTER=33777c94-e4b9-4947-906f-f84480f3cb99.dev
BASEFAMILY=da253c82-dfa8-4d34-b036-7c191c6ae666.fam
BLHA=28.68327588,113.45799727,190.105481,276.549179
TRANSFORMMATRIX=0.002345490,-0.999997249,0.000017823,0.000000000,0.999997249,0.002345491,0.000001245,0.000000000,-0.000001287,0.000017821,1.000000000,0.000000000,-8.277039002,113.178055380,17.803433971,1.000000000
ENTITYNAME=Wire_Device
