OBJECTMODELPOINTER=33777c94-e4b9-4947-906f-f84480f3cb99.dev
BASEFAMILY=da492a3c-810d-46ee-82ba-151856330854.fam
BLHA=28.79022096,113.49139881,176.212376,221.400685
TRANSFORMMATRIX=0.001000392,-0.999999498,0.000061441,0.000000000,0.999999500,0.001000392,0.000002422,0.000000000,-0.000002483,0.000061439,0.999999998,0.000000000,-14.802810056,391.256424404,-15.623193905,1.000000000
ENTITYNAME=Wire_Device
