OBJECTMODELPOINTER=33777c94-e4b9-4947-906f-f84480f3cb99.dev
BASEFAMILY=da6bd010-5530-4d6a-930e-67287bf63320.fam
BLHA=28.45391595,113.39400228,204.515406,242.026912
TRANSFORMMATRIX=0.520693065,-0.853743950,0.000000224,0.000000000,0.853743950,0.520693065,-0.000001002,0.000000000,0.000000739,0.000000713,1.000000000,0.000000000,4.721104933,4.543898624,35.246143077,1.000000000
ENTITYNAME=Wire_Device
