ENTITYNAME=WIRE
BASEFAMILY=da71ac7e-604f-4a8b-bc27-ad59f86aabe2.fam
OBJECTMODELPOINTER=81b82497-164d-48c0-b1cb-18fa700dacdf.dev
KVALUE=0.000000
SPLIT=4
POINT0.BLHA=28.26907527,113.47529619,67.191,514.001895
POINT0.MATRIX0=0.438341419,-0.898808545,-0.000000000,0.000000000,0.898808545,0.438341419,0.000000000,0.000000000,-0.000000000,0.000000000,1.000000000,0.000000000,7.115248773,0.001058546,55.090002307,1.000000000
POINT0.MATRIX1=0.438341419,-0.898808545,-0.000000000,0.000000000,0.898808545,0.438341419,0.000000000,0.000000000,-0.000000000,0.000000000,1.000000000,0.000000000,7.115248772,0.001058546,55.540002310,1.000000000
POINT0.MATRIX2=0.438341419,-0.898808545,-0.000000000,0.000000000,0.898808545,0.438341419,0.000000000,0.000000000,-0.000000000,0.000000000,1.000000000,0.000000000,7.565248946,0.001058558,55.540002310,1.000000000
POINT0.MATRIX3=0.438341419,-0.898808545,-0.000000000,0.000000000,0.898808545,0.438341419,0.000000000,0.000000000,-0.000000000,0.000000000,1.000000000,0.000000000,7.565248946,0.001058558,55.090002307,1.000000000
POINT1.BLHA=28.26907527,113.47529619,67.191,514.001895
POINT1.MATRIX0=0.438341419,-0.898808545,-0.000000000,0.000000000,0.898808545,0.438341419,0.000000000,0.000000000,-0.000000000,0.000000000,1.000000000,0.000000000,7.115248815,-0.000941499,55.090002307,1.000000000
POINT1.MATRIX1=0.438341419,-0.898808545,-0.000000000,0.000000000,0.898808545,0.438341419,0.000000000,0.000000000,-0.000000000,0.000000000,1.000000000,0.000000000,7.115248814,-0.000941500,55.540002310,1.000000000
POINT1.MATRIX2=0.438341419,-0.898808545,-0.000000000,0.000000000,0.898808545,0.438341419,0.000000000,0.000000000,-0.000000000,0.000000000,1.000000000,0.000000000,7.565248773,-0.000941592,55.540002311,1.000000000
POINT1.MATRIX3=0.438341419,-0.898808545,-0.000000000,0.000000000,0.898808545,0.438341419,0.000000000,0.000000000,-0.000000000,0.000000000,1.000000000,0.000000000,7.565248774,-0.000941592,55.090002308,1.000000000
