OBJECTMODELPOINTER=33777c94-e4b9-4947-906f-f84480f3cb99.dev
BASEFAMILY=da7b2fda-c0a0-4da0-9e0e-5a67a003505c.fam
BLHA=28.49379582,113.42815973,297.068153,224.957371
TRANSFORMMATRIX=0.002705684,-0.999996339,0.000036962,0.000000000,0.999996340,0.002705684,-0.000001820,0.000000000,0.000001720,0.000036967,0.999999999,0.000000000,11.561495537,235.387716076,5.240825709,1.000000000
ENTITYNAME=Wire_Device
