OBJECTMODELPOINTER=33777c94-e4b9-4947-906f-f84480f3cb99.dev
BASEFAMILY=da9267ff-2c08-4e9f-a0d3-942a26cc3e1f.fam
BLHA=28.36995278,113.36656265,67.148041,253.042546
TRANSFORMMATRIX=-0.548511774,-0.836142830,0.000028768,0.000000000,0.836142831,-0.548511775,0.000000159,0.000000000,0.000015646,0.000024140,1.000000000,0.000000000,100.052516804,153.504730401,24.438461124,1.000000000
ENTITYNAME=Wire_Device
