ENTITYNAME=WIRE
BASEFAMILY=da94c739-50d8-4d40-903b-ba2f461ef3b3.fam
OBJECTMODELPOINTER=81b82497-164d-48c0-b1cb-18fa700dacdf.dev
KVALUE=0.000000
SPLIT=4
POINT0.BLHA=28.30070252,113.44082959,73.742,287.794387
POINT0.MATRIX0=-0.952159334,0.305602035,0.000000000,0.000000000,-0.305602035,-0.952159334,0.000000000,0.000000000,0.000000000,-0.000000000,1.000000000,0.000000000,9.348807520,0.000705069,48.416811605,1.000000000
POINT0.MATRIX1=-0.952159334,0.305602035,0.000000000,0.000000000,-0.305602035,-0.952159334,0.000000000,0.000000000,0.000000000,-0.000000000,1.000000000,0.000000000,9.535341190,0.000322314,48.880663533,1.000000000
POINT0.MATRIX2=-0.952159334,0.305602035,0.000000000,0.000000000,-0.305602035,-0.952159334,0.000000000,0.000000000,0.000000000,-0.000000000,1.000000000,0.000000000,9.071232956,-0.000460857,49.067324301,1.000000000
POINT0.MATRIX3=-0.952159334,0.305602035,0.000000000,0.000000000,-0.305602035,-0.952159334,0.000000000,0.000000000,0.000000000,-0.000000000,1.000000000,0.000000000,8.884699286,-0.000078102,48.603472371,1.000000000
POINT1.BLHA=28.30070252,113.44082959,73.742,287.794387
POINT1.MATRIX0=-0.952159334,0.305602035,0.000000000,0.000000000,-0.305602035,-0.952159334,0.000000000,0.000000000,0.000000000,-0.000000000,1.000000000,0.000000000,9.348808999,0.130703107,48.416811606,1.000000000
POINT1.MATRIX1=-0.952159334,0.305602035,0.000000000,0.000000000,-0.305602035,-0.952159334,0.000000000,0.000000000,0.000000000,-0.000000000,1.000000000,0.000000000,9.535342669,0.130320352,48.880663533,1.000000000
POINT1.MATRIX2=-0.952159334,0.305602035,0.000000000,0.000000000,-0.305602035,-0.952159334,0.000000000,0.000000000,0.000000000,-0.000000000,1.000000000,0.000000000,9.071234433,0.129537181,49.067324300,1.000000000
POINT1.MATRIX3=-0.952159334,0.305602035,0.000000000,0.000000000,-0.305602035,-0.952159334,0.000000000,0.000000000,0.000000000,-0.000000000,1.000000000,0.000000000,8.884700763,0.129919936,48.603472371,1.000000000
