OBJECTMODELPOINTER=33777c94-e4b9-4947-906f-f84480f3cb99.dev
BASEFAMILY=da957b9c-6ed1-43eb-8cb3-ccf4c8f331ee.fam
BLHA=28.78468964,113.48433856,117.864116,408.814230
TRANSFORMMATRIX=-0.119996745,0.992774284,0.000039447,0.000000000,-0.992774285,-0.119996745,-0.000000920,0.000000000,0.000003820,-0.000039273,0.999999999,0.000000000,23.687480323,-249.891082033,40.380305005,1.000000000
ENTITYNAME=Wire_Device
