OBJECTMODELPOINTER=33777c94-e4b9-4947-906f-f84480f3cb99.dev
BASEFAMILY=da9a2c29-387a-482b-9ea9-694573c83c6d.fam
BLHA=28.31411764,113.38983103,66.771612,527.133635
TRANSFORMMATRIX=-0.306558373,0.951851860,0.000037953,0.000000000,-0.951851860,-0.306558373,0.000001501,0.000000000,0.000013063,-0.000035666,0.999999999,0.000000000,83.229184521,-227.695125034,79.790782868,1.000000000
ENTITYNAME=Wire_Device
