OBJECTMODELPOINTER=33777c94-e4b9-4947-906f-f84480f3cb99.dev
BASEFAMILY=daa0ee41-42c5-4630-86cb-4eb48edbcf47.fam
BLHA=28.31775016,113.38284517,61.633463,329.270898
TRANSFORMMATRIX=-0.001049121,-0.999999450,0.000015771,0.000000000,0.999999450,-0.001049121,0.000001178,0.000000000,-0.000001162,0.000015772,1.000000000,0.000000000,-7.617513228,100.554449910,63.364436444,1.000000000
ENTITYNAME=Wire_Device
