OBJECTMODELPOINTER=33777c94-e4b9-4947-906f-f84480f3cb99.dev
BASEFAMILY=daa24304-eb00-44f3-87e3-a18250c7b1a3.fam
BLHA=28.78468964,113.48433856,117.864116,408.814230
TRANSFORMMATRIX=-0.138581243,0.990351068,0.000039592,0.000000000,-0.990351069,-0.138581243,0.000001410,0.000000000,0.000006883,-0.000039016,0.999999999,0.000000000,43.203630946,-248.203358209,40.551981989,1.000000000
ENTITYNAME=Wire_Device
