OBJECTMODELPOINTER=33777c94-e4b9-4947-906f-f84480f3cb99.dev
BASEFAMILY=daa50d39-4e23-4433-9ee4-4d2d65597365.fam
BLHA=28.30961923,113.43478171,54.752520,501.227736
TRANSFORMMATRIX=0.034623462,0.999400428,0.000000739,0.000000000,-0.999400428,0.034623462,-0.000001647,0.000000000,-0.000001672,-0.000000681,1.000000000,0.000000000,-10.627052285,-4.315650133,54.987606331,1.000000000
ENTITYNAME=Wire_Device
