OBJECTMODELPOINTER=33777c94-e4b9-4947-906f-f84480f3cb99.dev
BASEFAMILY=daaf2b0f-87a8-4a59-931f-4d50e274f69a.fam
BLHA=28.71973492,113.45364743,163.020408,283.291091
TRANSFORMMATRIX=0.010074397,-0.999949251,0.000053944,0.000000000,0.999949252,0.010074397,-0.000001680,0.000000000,0.000001137,0.000053958,0.999999999,0.000000000,6.857156654,342.738732884,29.265830185,1.000000000
ENTITYNAME=Wire_Device
