OBJECTMODELPOINTER=33777c94-e4b9-4947-906f-f84480f3cb99.dev
BASEFAMILY=dabf4473-e4e6-405f-b5c6-ef31ae8c078f.fam
BLHA=28.70605444,113.45451077,165.912680,277.425083
TRANSFORMMATRIX=-0.000000119,-1.000000000,0.000005322,0.000000000,1.000000000,-0.000000119,0.000000021,0.000000000,-0.000000021,0.000005322,1.000000000,0.000000000,-0.154809372,33.796445930,43.264495152,1.000000000
ENTITYNAME=Wire_Device
