OBJECTMODELPOINTER=33777c94-e4b9-4947-906f-f84480f3cb99.dev
BASEFAMILY=daca799f-633b-4415-9cc5-df45361154bf.fam
BLHA=28.77883021,113.47993260,194.739259,236.227775
TRANSFORMMATRIX=-0.004180448,-0.999991261,0.000039434,0.000000000,0.999991262,-0.004180448,-0.000001596,0.000000000,0.000001761,0.000039427,0.999999999,0.000000000,11.818077165,250.806292501,30.201662255,1.000000000
ENTITYNAME=Wire_Device
