OBJECTMODELPOINTER=33777c94-e4b9-4947-906f-f84480f3cb99.dev
BASEFAMILY=db309ef7-c682-417a-bc6c-f9908eae42eb.fam
BLHA=28.52041531,113.48270330,362.655379,210.734491
TRANSFORMMATRIX=-0.000019273,-0.999999999,0.000035671,0.000000000,1.000000000,-0.000019273,-0.000001630,0.000000000,0.000001631,0.000035672,0.999999999,0.000000000,10.890150045,227.422014847,66.335859508,1.000000000
ENTITYNAME=Wire_Device
