OBJECTMODELPOINTER=33777c94-e4b9-4947-906f-f84480f3cb99.dev
BASEFAMILY=db34cd98-92c0-4603-9dae-5ba65040b677.fam
BLHA=28.50118026,113.44100017,250.748283,200.251669
TRANSFORMMATRIX=-0.000017152,-0.999999999,0.000035988,0.000000000,1.000000000,-0.000017152,0.000000234,0.000000000,-0.000000233,0.000035987,0.999999999,0.000000000,-1.094112306,229.573438535,16.395665883,1.000000000
ENTITYNAME=Wire_Device
