OBJECTMODELPOINTER=33777c94-e4b9-4947-906f-f84480f3cb99.dev
BASEFAMILY=db366733-5235-4dab-90e8-ae307d44a959.fam
BLHA=28.77096466,113.47401910,153.559218,236.227775
TRANSFORMMATRIX=-0.001757564,-0.999998451,0.000095511,0.000000000,0.999998456,-0.001757564,-0.000001345,0.000000000,0.000001513,0.000095508,0.999999995,0.000000000,11.095458168,607.507020223,30.726302777,1.000000000
ENTITYNAME=Wire_Device
