OBJECTMODELPOINTER=33777c94-e4b9-4947-906f-f84480f3cb99.dev
BASEFAMILY=db380194-46a4-493a-823a-624f77a309b4.fam
BLHA=28.28240757,113.45687165,86.867380,340.232800
TRANSFORMMATRIX=0.001608337,-0.999998706,0.000017053,0.000000000,0.999998707,0.001608337,0.000001107,0.000000000,-0.000001135,0.000017051,1.000000000,0.000000000,-7.388858979,108.783972302,60.534069271,1.000000000
ENTITYNAME=Wire_Device
