OBJECTMODELPOINTER=33777c94-e4b9-4947-906f-f84480f3cb99.dev
BASEFAMILY=db381469-441c-46df-8b48-227913fd60c0.fam
BLHA=28.74846038,113.45710577,102.803547,427.264866
TRANSFORMMATRIX=-0.000021866,1.000000000,-0.000000079,0.000000000,-1.000000000,-0.000021866,0.000001175,0.000000000,0.000001176,0.000000079,1.000000000,0.000000000,7.497775017,0.514264291,37.434711284,1.000000000
ENTITYNAME=Wire_Device
