OBJECTMODELPOINTER=33777c94-e4b9-4947-906f-f84480f3cb99.dev
BASEFAMILY=db516b2c-0c54-4bff-9d08-246b44de6e38.fam
BLHA=28.79959310,113.50336431,218.110050,224.374488
TRANSFORMMATRIX=-0.062836823,-0.998023814,0.000028385,0.000000000,0.998023814,-0.062836823,-0.000000975,0.000000000,0.000002757,0.000028268,1.000000000,0.000000000,18.018046703,180.033626277,1.781327008,1.000000000
ENTITYNAME=Wire_Device
