ENTITYNAME=WIRE
BASEFAMILY=db6dfeb1-e1f8-4b47-8d70-669083317404.fam
OBJECTMODELPOINTER=81b82497-164d-48c0-b1cb-18fa700dacdf.dev
KVALUE=0.000374
SPLIT=4
POINT0.BLHA=28.80841146,113.51251091,171.151,227.348291
POINT0.MATRIX0=-0.735485915,-0.677540012,-0.000000000,0.000000000,0.677540012,-0.735485915,-0.000000000,0.000000000,0.000000000,0.000000000,1.000000000,0.000000000,-11.644505770,0.109702010,43.000000591,1.000000000
POINT0.MATRIX1=-0.735485915,-0.677540012,-0.000000000,0.000000000,0.677540012,-0.735485915,-0.000000000,0.000000000,0.000000000,0.000000000,1.000000000,0.000000000,-11.644505770,0.109702010,43.449997539,1.000000000
POINT0.MATRIX2=-0.735485915,-0.677540012,-0.000000000,0.000000000,0.677540012,-0.735485915,-0.000000000,0.000000000,0.000000000,0.000000000,1.000000000,0.000000000,-12.094429803,0.109492577,43.449997539,1.000000000
POINT0.MATRIX3=-0.735485915,-0.677540012,-0.000000000,0.000000000,0.677540012,-0.735485915,-0.000000000,0.000000000,0.000000000,0.000000000,1.000000000,0.000000000,-12.094429803,0.109492577,43.000000591,1.000000000
POINT1.BLHA=28.80679371,113.51083278,186.898,227.348291
POINT1.MATRIX0=-0.735485915,-0.677540012,0.000000000,0.000000000,0.677540012,-0.735485915,-0.000000000,0.000000000,0.000000000,-0.000000000,1.000000000,0.000000000,-11.645333126,-0.109240316,42.999998569,1.000000000
POINT1.MATRIX1=-0.735485915,-0.677540012,0.000000000,0.000000000,0.677540012,-0.735485915,-0.000000000,0.000000000,0.000000000,-0.000000000,1.000000000,0.000000000,-11.645333126,-0.109240316,43.449995517,1.000000000
POINT1.MATRIX2=-0.735485915,-0.677540012,0.000000000,0.000000000,0.677540012,-0.735485915,-0.000000000,0.000000000,0.000000000,-0.000000000,1.000000000,0.000000000,-12.095257159,-0.109449748,43.449995517,1.000000000
POINT1.MATRIX3=-0.735485915,-0.677540012,0.000000000,0.000000000,0.677540012,-0.735485915,-0.000000000,0.000000000,0.000000000,-0.000000000,1.000000000,0.000000000,-12.095257159,-0.109449748,42.999998568,1.000000000
