OBJECTMODELPOINTER=33777c94-e4b9-4947-906f-f84480f3cb99.dev
BASEFAMILY=db7a73a9-6e59-4418-9350-c45cc068b2c8.fam
BLHA=28.43346852,113.38186613,283.381825,242.026912
TRANSFORMMATRIX=-0.011116951,-0.999938203,0.000059838,0.000000000,0.999938205,-0.011116951,0.000002436,0.000000000,-0.000001771,0.000059862,0.999999998,0.000000000,-10.468299681,380.539963028,-45.930039576,1.000000000
ENTITYNAME=Wire_Device
