OBJECTMODELPOINTER=33777c94-e4b9-4947-906f-f84480f3cb99.dev
BASEFAMILY=db8cd76f-e537-4473-86b5-83b4c5460c6c.fam
BLHA=28.26827851,113.48694026,97.359750,314.005848
TRANSFORMMATRIX=-0.438488485,-0.898736807,0.000001394,0.000000000,0.898736807,-0.438488485,-0.000001546,0.000000000,0.000002001,0.000000575,1.000000000,0.000000000,12.728079274,3.629415460,31.595013507,1.000000000
ENTITYNAME=Wire_Device
