ENTITYNAME=WIRE
BASEFAMILY=db92c8d5-4fd9-4fc9-a5ec-d1aae104dadd.fam
OBJECTMODELPOINTER=81b82497-164d-48c0-b1cb-18fa700dacdf.dev
KVALUE=0.000000
SPLIT=4
POINT0.BLHA=28.61647630,113.46664258,210.970,273.436520
POINT0.MATRIX0=-0.998201823,0.059942640,0.000000000,0.000000000,-0.059942640,-0.998201823,0.000000000,0.000000000,0.000000000,0.000000000,1.000000000,0.000000000,0.224939459,-0.110239737,43.000001820,1.000000000
POINT0.MATRIX1=-0.998201823,0.059942640,0.000000000,0.000000000,-0.059942640,-0.998201823,0.000000000,0.000000000,0.000000000,0.000000000,1.000000000,0.000000000,0.224939458,-0.110239737,43.450002583,1.000000000
POINT0.MATRIX2=-0.998201823,0.059942640,0.000000000,0.000000000,-0.059942640,-0.998201823,0.000000000,0.000000000,0.000000000,0.000000000,1.000000000,0.000000000,-0.225110573,-0.110606961,43.450002583,1.000000000
POINT0.MATRIX3=-0.998201823,0.059942640,0.000000000,0.000000000,-0.059942640,-0.998201823,0.000000000,0.000000000,0.000000000,0.000000000,1.000000000,0.000000000,-0.225110573,-0.110606961,43.000001820,1.000000000
POINT1.BLHA=28.61647630,113.46664258,210.970,273.436520
POINT1.MATRIX0=-0.998201823,0.059942640,0.000000000,0.000000000,-0.059942640,-0.998201823,0.000000000,0.000000000,0.000000000,0.000000000,1.000000000,0.000000000,0.225055587,-0.000246665,43.000001820,1.000000000
POINT1.MATRIX1=-0.998201823,0.059942640,0.000000000,0.000000000,-0.059942640,-0.998201823,0.000000000,0.000000000,0.000000000,0.000000000,1.000000000,0.000000000,0.225055587,-0.000246665,43.450002583,1.000000000
POINT1.MATRIX2=-0.998201823,0.059942640,0.000000000,0.000000000,-0.059942640,-0.998201823,0.000000000,0.000000000,0.000000000,0.000000000,1.000000000,0.000000000,-0.224994445,-0.000613889,43.450002583,1.000000000
POINT1.MATRIX3=-0.998201823,0.059942640,0.000000000,0.000000000,-0.059942640,-0.998201823,0.000000000,0.000000000,0.000000000,0.000000000,1.000000000,0.000000000,-0.224994445,-0.000613888,43.000001820,1.000000000
