OBJECTMODELPOINTER=33777c94-e4b9-4947-906f-f84480f3cb99.dev
BASEFAMILY=db9a0e11-9135-408a-9470-318a8bd3cf63.fam
BLHA=28.30786495,113.43629033,62.969533,307.005893
TRANSFORMMATRIX=0.000003322,-1.000000000,0.000016869,0.000000000,1.000000000,0.000003322,0.000001523,0.000000000,-0.000001523,0.000016869,1.000000000,0.000000000,-9.974740840,107.340180323,41.889496751,1.000000000
ENTITYNAME=Wire_Device
