ENTITYNAME=WIRE
BASEFAMILY=dbc79045-0aa7-418d-9ee1-581c3b2d6be4.fam
OBJECTMODELPOINTER=31970f28-780e-4bf1-8adb-439f78c329a3.dev
KVALUE=0.000226
SPLIT=1
POINT0.BLHA=28.30070252,113.44082959,73.742,287.794387
POINT0.MATRIX0=-0.952159334,0.305602035,0.000000000,0.000000000,-0.305602035,-0.952159334,0.000000000,0.000000000,0.000000000,-0.000000000,1.000000000,0.000000000,-10.800830099,0.308452050,69.558002372,1.000000000
POINT1.BLHA=28.29768818,113.44194006,79.180,287.794387
POINT1.MATRIX0=-0.952159334,0.305602035,0.000000000,0.000000000,-0.305602035,-0.952159334,0.000000000,0.000000000,-0.000000000,-0.000000000,1.000000000,0.000000000,-11.500347099,-0.311084400,78.658009225,1.000000000
