OBJECTMODELPOINTER=33777c94-e4b9-4947-906f-f84480f3cb99.dev
BASEFAMILY=dbda7cca-3779-496e-93e0-43b66733d17c.fam
BLHA=28.49573132,113.43033310,334.786047,224.957371
TRANSFORMMATRIX=-0.000014944,-0.999999999,0.000040802,0.000000000,1.000000000,-0.000014944,0.000000304,0.000000000,-0.000000304,0.000040802,0.999999999,0.000000000,-1.257768255,259.772467429,19.738643276,1.000000000
ENTITYNAME=Wire_Device
