OBJECTMODELPOINTER=33777c94-e4b9-4947-906f-f84480f3cb99.dev
BASEFAMILY=dbdc2326-a6b3-4693-a6c7-b796077f9435.fam
BLHA=28.31294059,113.42646212,52.368358,335.449580
TRANSFORMMATRIX=0.000020397,-0.999999999,0.000038866,0.000000000,1.000000000,0.000020397,0.000001598,0.000000000,-0.000001599,0.000038866,0.999999999,0.000000000,-10.650765430,247.877702933,33.380592546,1.000000000
ENTITYNAME=Wire_Device
