OBJECTMODELPOINTER=33777c94-e4b9-4947-906f-f84480f3cb99.dev
BASEFAMILY=dbf22b19-0cbd-4e82-9395-57e78dd337ca.fam
BLHA=28.46166988,113.39860583,270.672858,242.026912
TRANSFORMMATRIX=0.001515712,-0.999998851,0.000025748,0.000000000,0.999998851,0.001515712,0.000002180,0.000000000,-0.000002219,0.000025744,1.000000000,0.000000000,-13.796766561,163.638543231,14.077450043,1.000000000
ENTITYNAME=Wire_Device
