OBJECTMODELPOINTER=33777c94-e4b9-4947-906f-f84480f3cb99.dev
BASEFAMILY=dbf49bad-bcdb-4d7d-baa0-1ad06dc45983.fam
BLHA=28.28149698,113.45977476,95.758412,340.232800
TRANSFORMMATRIX=0.004686327,-0.999989019,0.000018925,0.000000000,0.999989019,0.004686327,0.000001650,0.000000000,-0.000001739,0.000018917,1.000000000,0.000000000,-11.247207544,120.696693721,39.129250792,1.000000000
ENTITYNAME=Wire_Device
