ENTITYNAME=WIRE
BASEFAMILY=dbf756c7-f4e0-4f98-9154-df95f7d385de.fam
OBJECTMODELPOINTER=31970f28-780e-4bf1-8adb-439f78c329a3.dev
KVALUE=0.000240
SPLIT=1
POINT0.BLHA=28.52957493,113.49997928,454.521,210.734491
POINT0.MATRIX0=-0.511060437,-0.859544780,-0.000000000,0.000000000,0.859544780,-0.511060437,0.000000000,0.000000000,0.000000000,0.000000000,1.000000000,0.000000000,9.870106158,0.309998608,54.558008340,1.000000000
POINT1.BLHA=28.52807252,113.49714509,416.576,210.734491
POINT1.MATRIX0=-0.511060437,-0.859544780,0.000000000,0.000000000,0.859544780,-0.511060437,0.000000000,0.000000000,-0.000000000,-0.000000000,1.000000000,0.000000000,9.870454006,-0.310274836,48.558009251,1.000000000
