OBJECTMODELPOINTER=33777c94-e4b9-4947-906f-f84480f3cb99.dev
BASEFAMILY=dbf9998b-5d92-4b9e-a468-7096ca7e84df.fam
BLHA=28.34247838,113.36303113,107.750676,278.143009
TRANSFORMMATRIX=0.003125469,-0.999995116,0.000004495,0.000000000,0.999995116,0.003125469,0.000001880,0.000000000,-0.000001893,0.000004489,1.000000000,0.000000000,-12.106916367,28.517140809,26.987462611,1.000000000
ENTITYNAME=Wire_Device
