OBJECTMODELPOINTER=33777c94-e4b9-4947-906f-f84480f3cb99.dev
BASEFAMILY=dbfc972a-f206-4ceb-8548-f8f3ce1aa0fe.fam
BLHA=28.29768818,113.44194006,79.179744,287.794387
TRANSFORMMATRIX=-0.001593629,-0.999998730,0.000030399,0.000000000,0.999998730,-0.001593629,0.000001224,0.000000000,-0.000001176,0.000030401,1.000000000,0.000000000,-7.792173208,193.146996992,46.159335545,1.000000000
ENTITYNAME=Wire_Device
