OBJECTMODELPOINTER=33777c94-e4b9-4947-906f-f84480f3cb99.dev
BASEFAMILY=dc0727f8-696b-4cb8-9726-cf46480436ee.fam
BLHA=28.39632770,113.36872548,122.542167,249.667673
TRANSFORMMATRIX=-0.000003931,-1.000000000,0.000027204,0.000000000,1.000000000,-0.000003931,0.000002276,0.000000000,-0.000002276,0.000027205,1.000000000,0.000000000,-14.225381242,172.829800415,40.374570806,1.000000000
ENTITYNAME=Wire_Device
