OBJECTMODELPOINTER=33777c94-e4b9-4947-906f-f84480f3cb99.dev
BASEFAMILY=dc08fbd7-600f-4295-a4ce-60e5cbe0388a.fam
BLHA=28.72596649,113.45194319,126.516960,450.796525
TRANSFORMMATRIX=-0.202816680,0.979216724,0.000037796,0.000000000,-0.979216725,-0.202816680,-0.000001126,0.000000000,0.000006563,-0.000037239,0.999999999,0.000000000,41.909694507,-236.482663177,35.323326449,1.000000000
ENTITYNAME=Wire_Device
