OBJECTMODELPOINTER=33777c94-e4b9-4947-906f-f84480f3cb99.dev
BASEFAMILY=dc11d797-9a11-4fd6-9365-e070f3d86ad6.fam
BLHA=28.56112925,113.50240150,222.763342,308.993779
TRANSFORMMATRIX=-0.070066733,-0.997542306,0.000017811,0.000000000,0.997542306,-0.070066733,0.000000047,0.000000000,0.000001201,0.000017770,1.000000000,0.000000000,7.364115340,113.058867004,46.705578355,1.000000000
ENTITYNAME=Wire_Device
