ENTITYNAME=WIRE
BASEFAMILY=dc2045e2-d45c-4d13-b4e7-cb948c55ae2a.fam
OBJECTMODELPOINTER=81b82497-164d-48c0-b1cb-18fa700dacdf.dev
KVALUE=0.000000
SPLIT=4
POINT0.BLHA=28.44721846,113.39002654,265.560,242.026912
POINT0.MATRIX0=-0.883168008,-0.469056788,0.000000000,0.000000000,0.469056788,-0.883168008,-0.000000000,0.000000000,-0.000000000,0.000000000,1.000000000,0.000000000,-13.095257575,0.601382527,52.741100184,1.000000000
POINT0.MATRIX1=-0.883168008,-0.469056788,0.000000000,0.000000000,0.469056788,-0.883168008,-0.000000000,0.000000000,-0.000000000,0.000000000,1.000000000,0.000000000,-13.095257575,0.601382526,53.191100947,1.000000000
POINT0.MATRIX2=-0.883168008,-0.469056788,0.000000000,0.000000000,0.469056788,-0.883168008,-0.000000000,0.000000000,-0.000000000,0.000000000,1.000000000,0.000000000,-13.545170367,0.599061027,53.191100947,1.000000000
POINT0.MATRIX3=-0.883168008,-0.469056788,0.000000000,0.000000000,0.469056788,-0.883168008,-0.000000000,0.000000000,-0.000000000,0.000000000,1.000000000,0.000000000,-13.545170367,0.599061027,52.741100185,1.000000000
POINT1.BLHA=28.44721846,113.39002654,265.560,242.026912
POINT1.MATRIX0=-0.883168008,-0.469056788,0.000000000,0.000000000,0.469056788,-0.883168008,-0.000000000,0.000000000,-0.000000000,0.000000000,1.000000000,0.000000000,-13.095599609,0.721382008,52.741100184,1.000000000
POINT1.MATRIX1=-0.883168008,-0.469056788,0.000000000,0.000000000,0.469056788,-0.883168008,-0.000000000,0.000000000,-0.000000000,0.000000000,1.000000000,0.000000000,-13.095599610,0.721382007,53.191100947,1.000000000
POINT1.MATRIX2=-0.883168008,-0.469056788,0.000000000,0.000000000,0.469056788,-0.883168008,-0.000000000,0.000000000,-0.000000000,0.000000000,1.000000000,0.000000000,-13.545512402,0.719060507,53.191100947,1.000000000
POINT1.MATRIX3=-0.883168008,-0.469056788,0.000000000,0.000000000,0.469056788,-0.883168008,-0.000000000,0.000000000,-0.000000000,0.000000000,1.000000000,0.000000000,-13.545512402,0.719060508,52.741100185,1.000000000
