OBJECTMODELPOINTER=33777c94-e4b9-4947-906f-f84480f3cb99.dev
BASEFAMILY=dc4a73c4-c010-457c-9a59-8eb7011b21a1.fam
BLHA=28.56112925,113.50240150,222.763342,308.993779
TRANSFORMMATRIX=-0.061099103,-0.998131703,0.000048849,0.000000000,0.998131705,-0.061099103,0.000001617,0.000000000,0.000001370,0.000048857,0.999999999,0.000000000,7.940588219,310.874463199,81.717884638,1.000000000
ENTITYNAME=Wire_Device
