OBJECTMODELPOINTER=33777c94-e4b9-4947-906f-f84480f3cb99.dev
BASEFAMILY=dc5cede9-07b9-4811-83ab-e0adcc5f889d.fam
BLHA=28.30070252,113.44082959,73.741833,287.794387
TRANSFORMMATRIX=-0.001310621,-0.999999141,0.000027662,0.000000000,0.999999141,-0.001310621,-0.000000927,0.000000000,0.000000964,0.000027661,1.000000000,0.000000000,5.880660412,175.718298266,57.720377024,1.000000000
ENTITYNAME=Wire_Device
