OBJECTMODELPOINTER=33777c94-e4b9-4947-906f-f84480f3cb99.dev
BASEFAMILY=dc6d87bb-213e-40b8-9d17-040282df53a0.fam
BLHA=28.56585701,113.49736639,238.961591,312.996987
TRANSFORMMATRIX=0.001557005,-0.999998788,0.000014374,0.000000000,0.999998788,0.001557005,-0.000002069,0.000000000,0.000002047,0.000014378,1.000000000,0.000000000,12.794808875,91.488244952,34.261490085,1.000000000
ENTITYNAME=Wire_Device
