OBJECTMODELPOINTER=33777c94-e4b9-4947-906f-f84480f3cb99.dev
BASEFAMILY=dc8669f6-0da0-4366-a748-a09483a4c989.fam
BLHA=28.62257154,113.46619683,208.116407,273.436520
TRANSFORMMATRIX=0.000003649,-0.999999996,0.000089523,0.000000000,1.000000000,0.000003649,0.000002364,0.000000000,-0.000002364,0.000089522,0.999999996,0.000000000,-15.266885681,568.510770488,22.804959891,1.000000000
ENTITYNAME=Wire_Device
