OBJECTMODELPOINTER=33777c94-e4b9-4947-906f-f84480f3cb99.dev
BASEFAMILY=dc8d0c4c-cd9a-47b0-b018-5a0853c5ba31.fam
BLHA=28.27757020,113.46637333,93.774105,312.669055
TRANSFORMMATRIX=0.001244143,-0.999999225,0.000041520,0.000000000,0.999999226,0.001244143,-0.000001474,0.000000000,0.000001422,0.000041521,0.999999999,0.000000000,8.369123755,264.266860989,31.228445192,1.000000000
ENTITYNAME=Wire_Device
