OBJECTMODELPOINTER=33777c94-e4b9-4947-906f-f84480f3cb99.dev
BASEFAMILY=dc8f2538-85fb-4605-b252-bb98dd7fa7ed.fam
BLHA=28.67734470,113.45869625,172.236825,275.673275
TRANSFORMMATRIX=0.003801387,-0.999992774,0.000034962,0.000000000,0.999992775,0.003801387,0.000001998,0.000000000,-0.000002131,0.000034954,0.999999999,0.000000000,-13.716715651,221.987946296,44.615735819,1.000000000
ENTITYNAME=Wire_Device
