OBJECTMODELPOINTER=33777c94-e4b9-4947-906f-f84480f3cb99.dev
BASEFAMILY=dc983df9-85a4-4da1-a748-bc9b6ada2a39.fam
BLHA=28.81044857,113.51462416,146.504318,227.348291
TRANSFORMMATRIX=-0.000007434,-1.000000000,0.000024023,0.000000000,1.000000000,-0.000007434,0.000000164,0.000000000,-0.000000163,0.000024023,1.000000000,0.000000000,-0.649543478,152.917510026,47.561255435,1.000000000
ENTITYNAME=Wire_Device
