OBJECTMODELPOINTER=33777c94-e4b9-4947-906f-f84480f3cb99.dev
BASEFAMILY=dcae4cf9-814a-4c0a-ba25-9121f87b6afe.fam
BLHA=28.52337409,113.48828309,330.016596,210.734491
TRANSFORMMATRIX=0.006828648,-0.999976680,0.000094031,0.000000000,0.999976685,0.006828648,0.000001801,0.000000000,-0.000002443,0.000094016,0.999999995,0.000000000,-14.168180813,599.296298055,61.899747504,1.000000000
ENTITYNAME=Wire_Device
