OBJECTMODELPOINTER=33777c94-e4b9-4947-906f-f84480f3cb99.dev
BASEFAMILY=dcaed831-0779-49cf-b009-38a6e799b0ab.fam
BLHA=28.51918695,113.48038702,399.659330,210.734491
TRANSFORMMATRIX=-0.000022435,-0.999999999,0.000049268,0.000000000,1.000000000,-0.000022435,0.000002194,0.000000000,-0.000002193,0.000049268,0.999999999,0.000000000,-13.230280654,314.039760484,-9.379721888,1.000000000
ENTITYNAME=Wire_Device
