ENTITYNAME=WIRE
BASEFAMILY=dcb81a7b-1a71-412a-9472-d5b47e1c8102.fam
OBJECTMODELPOINTER=81b82497-164d-48c0-b1cb-18fa700dacdf.dev
KVALUE=0.000000
SPLIT=4
POINT0.BLHA=28.76565082,113.47002463,165.078,236.227775
POINT0.MATRIX0=-0.831254041,-0.555892723,0.000000000,0.000000000,0.555892723,-0.831254041,-0.000000000,0.000000000,0.000000000,-0.000000000,1.000000000,0.000000000,-13.725088310,-0.110117414,43.000006359,1.000000000
POINT0.MATRIX1=-0.831254041,-0.555892723,0.000000000,0.000000000,0.555892723,-0.831254041,-0.000000000,0.000000000,0.000000000,-0.000000000,1.000000000,0.000000000,-13.725088310,-0.110117414,43.450003307,1.000000000
POINT0.MATRIX2=-0.831254041,-0.555892723,0.000000000,0.000000000,0.555892723,-0.831254041,-0.000000000,0.000000000,0.000000000,-0.000000000,1.000000000,0.000000000,-14.174969985,-0.110220810,43.450003307,1.000000000
POINT0.MATRIX3=-0.831254041,-0.555892723,0.000000000,0.000000000,0.555892723,-0.831254041,-0.000000000,0.000000000,0.000000000,-0.000000000,1.000000000,0.000000000,-14.174969985,-0.110220811,43.000006359,1.000000000
POINT1.BLHA=28.76565082,113.47002463,165.078,236.227775
POINT1.MATRIX0=-0.831254041,-0.555892723,0.000000000,0.000000000,0.555892723,-0.831254041,-0.000000000,0.000000000,0.000000000,-0.000000000,1.000000000,0.000000000,-13.724979410,-0.000126773,43.000006359,1.000000000
POINT1.MATRIX1=-0.831254041,-0.555892723,0.000000000,0.000000000,0.555892723,-0.831254041,-0.000000000,0.000000000,0.000000000,-0.000000000,1.000000000,0.000000000,-13.724979411,-0.000126772,43.450003307,1.000000000
POINT1.MATRIX2=-0.831254041,-0.555892723,0.000000000,0.000000000,0.555892723,-0.831254041,-0.000000000,0.000000000,0.000000000,-0.000000000,1.000000000,0.000000000,-14.174861085,-0.000230169,43.450003307,1.000000000
POINT1.MATRIX3=-0.831254041,-0.555892723,0.000000000,0.000000000,0.555892723,-0.831254041,-0.000000000,0.000000000,0.000000000,-0.000000000,1.000000000,0.000000000,-14.174861085,-0.000230169,43.000006359,1.000000000
