ENTITYNAME=WIRE
BASEFAMILY=dcbebc98-2d41-4ef4-89ec-cefc6953286e.fam
OBJECTMODELPOINTER=81b82497-164d-48c0-b1cb-18fa700dacdf.dev
KVALUE=0.000000
SPLIT=4
POINT0.BLHA=28.32474464,113.37442409,71.723,330.514691
POINT0.MATRIX0=-0.492200384,0.870481925,0.000000000,0.000000000,-0.870481925,-0.492200384,0.000000000,0.000000000,0.000000000,0.000000000,1.000000000,0.000000000,-12.189881502,-0.000880676,36.790001817,1.000000000
POINT0.MATRIX1=-0.492200384,0.870481925,0.000000000,0.000000000,-0.870481925,-0.492200384,0.000000000,0.000000000,0.000000000,0.000000000,1.000000000,0.000000000,-12.189881502,-0.000880676,37.240001821,1.000000000
POINT0.MATRIX2=-0.492200384,0.870481925,0.000000000,0.000000000,-0.870481925,-0.492200384,0.000000000,0.000000000,0.000000000,0.000000000,1.000000000,0.000000000,-12.639881684,-0.000880537,37.240001822,1.000000000
POINT0.MATRIX3=-0.492200384,0.870481925,0.000000000,0.000000000,-0.870481925,-0.492200384,0.000000000,0.000000000,0.000000000,0.000000000,1.000000000,0.000000000,-12.639881685,-0.000880537,36.790001818,1.000000000
POINT1.BLHA=28.32474464,113.37442409,71.723,330.514691
POINT1.MATRIX0=-0.492200384,0.870481925,0.000000000,0.000000000,-0.870481925,-0.492200384,0.000000000,0.000000000,0.000000000,0.000000000,1.000000000,0.000000000,-12.189881669,0.001119194,36.790001818,1.000000000
POINT1.MATRIX1=-0.492200384,0.870481925,0.000000000,0.000000000,-0.870481925,-0.492200384,0.000000000,0.000000000,0.000000000,0.000000000,1.000000000,0.000000000,-12.189881669,0.001119194,37.240001821,1.000000000
POINT1.MATRIX2=-0.492200384,0.870481925,0.000000000,0.000000000,-0.870481925,-0.492200384,0.000000000,0.000000000,0.000000000,0.000000000,1.000000000,0.000000000,-12.639881643,0.001119450,37.240001821,1.000000000
POINT1.MATRIX3=-0.492200384,0.870481925,0.000000000,0.000000000,-0.870481925,-0.492200384,0.000000000,0.000000000,0.000000000,0.000000000,1.000000000,0.000000000,-12.639881643,0.001119450,36.790001818,1.000000000
