OBJECTMODELPOINTER=33777c94-e4b9-4947-906f-f84480f3cb99.dev
BASEFAMILY=dcde26b3-2020-46c1-a8d3-0e601bb65e6b.fam
BLHA=28.31775016,113.38284517,61.633463,329.270898
TRANSFORMMATRIX=-0.001044471,-0.999999454,0.000025800,0.000000000,0.999999455,-0.001044470,0.000001207,0.000000000,-0.000001179,0.000025802,1.000000000,0.000000000,-7.876584617,164.484643101,58.381903810,1.000000000
ENTITYNAME=Wire_Device
