OBJECTMODELPOINTER=33777c94-e4b9-4947-906f-f84480f3cb99.dev
BASEFAMILY=dce11f5f-e54e-4eef-a919-811abccd88d4.fam
BLHA=28.78468964,113.48433856,117.864116,408.814230
TRANSFORMMATRIX=-0.120006534,0.992773102,0.000007275,0.000000000,-0.992773102,-0.120006534,-0.000001137,0.000000000,-0.000000256,-0.000007359,1.000000000,0.000000000,-1.751314355,-46.838957209,28.415229983,1.000000000
ENTITYNAME=Wire_Device
