ENTITYNAME=WIRE
BASEFAMILY=dcedb79c-8481-42a0-ba93-2173e7a908bd.fam
OBJECTMODELPOINTER=31970f28-780e-4bf1-8adb-439f78c329a3.dev
KVALUE=0.001804
SPLIT=1
POINT0.BLHA=28.81479053,113.52098652,97.065,179.643183
POINT0.MATRIX0=0.006227584,-0.999980608,-0.000000000,0.000000000,0.999980608,0.006227584,0.000000000,0.000000000,0.000000000,-0.000000000,1.000000000,0.000000000,13.408913845,0.638705532,34.170010979,1.000000000
POINT1.BLHA=28.81479133,113.52057006,101.431,372.952022
POINT1.MATRIX0=0.224135070,0.974558090,0.000000000,0.000000000,-0.974558090,0.224135070,-0.000000000,0.000000000,-0.000000000,0.000000000,1.000000000,0.000000000,-7.444680189,1.510078118,43.741396742,1.000000000
