ENTITYNAME=WIRE
BASEFAMILY=dd0b5481-de5b-4876-8ad2-fd1b9d4690a4.fam
OBJECTMODELPOINTER=81b82497-164d-48c0-b1cb-18fa700dacdf.dev
KVALUE=0.000000
SPLIT=4
POINT0.BLHA=28.79022096,113.49139881,176.212,221.400685
POINT0.MATRIX0=-0.661320829,-0.750103167,0.000000000,0.000000000,0.750103167,-0.661320829,-0.000000000,0.000000000,-0.000000000,0.000000000,1.000000000,0.000000000,-12.504919057,-0.109917975,43.000000524,1.000000000
POINT0.MATRIX1=-0.661320829,-0.750103167,0.000000000,0.000000000,0.750103167,-0.661320829,-0.000000000,0.000000000,-0.000000000,0.000000000,1.000000000,0.000000000,-12.504919057,-0.109917976,43.449997472,1.000000000
POINT0.MATRIX2=-0.661320829,-0.750103167,0.000000000,0.000000000,0.750103167,-0.661320829,-0.000000000,0.000000000,-0.000000000,0.000000000,1.000000000,0.000000000,-12.953882282,-0.111174911,43.449997471,1.000000000
POINT0.MATRIX3=-0.661320829,-0.750103167,0.000000000,0.000000000,0.750103167,-0.661320829,-0.000000000,0.000000000,-0.000000000,0.000000000,1.000000000,0.000000000,-12.953882282,-0.111174910,43.000000523,1.000000000
POINT1.BLHA=28.79022096,113.49139881,176.212,221.400685
POINT1.MATRIX0=-0.661320829,-0.750103167,0.000000000,0.000000000,0.750103167,-0.661320829,-0.000000000,0.000000000,-0.000000000,0.000000000,1.000000000,0.000000000,-12.504854143,0.000076387,43.000000524,1.000000000
POINT1.MATRIX1=-0.661320829,-0.750103167,0.000000000,0.000000000,0.750103167,-0.661320829,-0.000000000,0.000000000,-0.000000000,0.000000000,1.000000000,0.000000000,-12.504854143,0.000076387,43.449997472,1.000000000
POINT1.MATRIX2=-0.661320829,-0.750103167,0.000000000,0.000000000,0.750103167,-0.661320829,-0.000000000,0.000000000,-0.000000000,0.000000000,1.000000000,0.000000000,-12.953817368,-0.001180547,43.449997472,1.000000000
POINT1.MATRIX3=-0.661320829,-0.750103167,0.000000000,0.000000000,0.750103167,-0.661320829,-0.000000000,0.000000000,-0.000000000,0.000000000,1.000000000,0.000000000,-12.953817368,-0.001180547,43.000000524,1.000000000
