OBJECTMODELPOINTER=33777c94-e4b9-4947-906f-f84480f3cb99.dev
BASEFAMILY=dd1c799b-029d-4101-9a7f-a607220085c3.fam
BLHA=28.51511181,113.47270360,348.782405,210.734491
TRANSFORMMATRIX=0.001195980,-0.999999284,0.000027608,0.000000000,0.999999285,0.001195979,-0.000001910,0.000000000,0.000001877,0.000027610,1.000000000,0.000000000,12.334356940,176.034323699,40.213221867,1.000000000
ENTITYNAME=Wire_Device
