OBJECTMODELPOINTER=33777c94-e4b9-4947-906f-f84480f3cb99.dev
BASEFAMILY=dd29a5a9-e6b7-473a-ac24-2ec888138578.fam
BLHA=28.26885822,113.47846971,85.176990,355.334735
TRANSFORMMATRIX=0.000036304,-0.999999997,0.000071613,0.000000000,0.999999999,0.000036304,-0.000001275,0.000000000,0.000001273,0.000071614,0.999999997,0.000000000,7.890266857,457.094185941,50.178761055,1.000000000
ENTITYNAME=Wire_Device
