OBJECTMODELPOINTER=33777c94-e4b9-4947-906f-f84480f3cb99.dev
BASEFAMILY=dd31d7ce-1fd6-43b5-afa1-2b6a40f28561.fam
BLHA=28.30961923,113.43478171,54.752520,501.227736
TRANSFORMMATRIX=0.239229161,0.970963134,0.000015006,0.000000000,-0.970963134,0.239229161,-0.000001237,0.000000000,-0.000004791,-0.000014274,1.000000000,0.000000000,-30.251297251,-90.849655426,58.047932856,1.000000000
ENTITYNAME=Wire_Device
