OBJECTMODELPOINTER=33777c94-e4b9-4947-906f-f84480f3cb99.dev
BASEFAMILY=dd3a6ffd-2c42-493f-a258-6371ba2d5ad9.fam
BLHA=28.70103226,113.45527961,136.730850,277.425083
TRANSFORMMATRIX=0.000000318,-1.000000000,0.000016948,0.000000000,1.000000000,0.000000318,-0.000001794,0.000000000,0.000001794,0.000016949,1.000000000,0.000000000,11.378600145,107.628626835,32.601510874,1.000000000
ENTITYNAME=Wire_Device
