OBJECTMODELPOINTER=33777c94-e4b9-4947-906f-f84480f3cb99.dev
BASEFAMILY=dd60be6a-b5a8-4230-a123-5be044551183.fam
BLHA=28.29509828,113.44289412,61.743516,287.794387
TRANSFORMMATRIX=0.000004881,-0.999999999,0.000037919,0.000000000,1.000000000,0.000004881,-0.000001327,0.000000000,0.000001327,0.000037919,0.999999999,0.000000000,8.099700039,240.884447920,22.933843764,1.000000000
ENTITYNAME=Wire_Device
