OBJECTMODELPOINTER=33777c94-e4b9-4947-906f-f84480f3cb99.dev
BASEFAMILY=dd65016e-fe30-47a1-8501-9b0df085d426.fam
BLHA=28.59065738,113.47867622,222.763908,291.241310
TRANSFORMMATRIX=-0.078269864,-0.996932209,0.000008652,0.000000000,0.996932209,-0.078269864,-0.000001135,0.000000000,0.000001809,0.000008537,1.000000000,0.000000000,11.442722106,54.226830979,44.322139221,1.000000000
ENTITYNAME=Wire_Device
