OBJECTMODELPOINTER=33777c94-e4b9-4947-906f-f84480f3cb99.dev
BASEFAMILY=dd66e8cc-aa8c-437a-bef4-216eeee1977a.fam
BLHA=28.28368001,113.45281448,67.001736,340.232800
TRANSFORMMATRIX=0.000014933,-0.999999999,0.000027812,0.000000000,1.000000000,0.000014933,-0.000001055,0.000000000,0.000001054,0.000027812,1.000000000,0.000000000,6.407488206,177.405958059,31.053877863,1.000000000
ENTITYNAME=Wire_Device
