OBJECTMODELPOINTER=33777c94-e4b9-4947-906f-f84480f3cb99.dev
BASEFAMILY=dd68993a-f660-4da1-a7b7-9868908983c9.fam
BLHA=28.29768818,113.44194006,79.179744,287.794387
TRANSFORMMATRIX=0.001535348,-0.999998821,0.000030412,0.000000000,0.999998821,0.001535348,-0.000000992,0.000000000,0.000000945,0.000030414,1.000000000,0.000000000,5.736871656,193.208139277,46.159351741,1.000000000
ENTITYNAME=Wire_Device
