OBJECTMODELPOINTER=33777c94-e4b9-4947-906f-f84480f3cb99.dev
BASEFAMILY=dd6ae914-0e36-4342-b5e1-98d172f60127.fam
BLHA=28.51511181,113.47270360,348.782405,210.734491
TRANSFORMMATRIX=-0.000008270,-1.000000000,0.000016877,0.000000000,1.000000000,-0.000008270,0.000000113,0.000000000,-0.000000113,0.000016877,1.000000000,0.000000000,-0.472526287,107.584283372,44.503302350,1.000000000
ENTITYNAME=Wire_Device
