OBJECTMODELPOINTER=33777c94-e4b9-4947-906f-f84480f3cb99.dev
BASEFAMILY=dd6f1937-a90f-47a6-874c-d9ccfcfa2de6.fam
BLHA=28.39175425,113.36683981,143.500019,249.667673
TRANSFORMMATRIX=-0.000009572,-0.999999999,0.000048704,0.000000000,1.000000000,-0.000009572,0.000000342,0.000000000,-0.000000341,0.000048705,0.999999999,0.000000000,-1.651838973,309.464057076,13.053054806,1.000000000
ENTITYNAME=Wire_Device
