OBJECTMODELPOINTER=33777c94-e4b9-4947-906f-f84480f3cb99.dev
BASEFAMILY=dd7c19dd-084d-467d-ac98-c5899e211921.fam
BLHA=28.26885822,113.47846971,85.176990,355.334735
TRANSFORMMATRIX=0.000012943,-0.999999999,0.000028039,0.000000000,1.000000000,0.000012943,-0.000001443,0.000000000,0.000001443,0.000028040,1.000000000,0.000000000,9.088595245,178.967598400,40.284473354,1.000000000
ENTITYNAME=Wire_Device
