OBJECTMODELPOINTER=33777c94-e4b9-4947-906f-f84480f3cb99.dev
BASEFAMILY=dd86bc9e-bc16-4068-a779-563672aa26dd.fam
BLHA=28.39175425,113.36683981,143.500019,249.667673
TRANSFORMMATRIX=-0.000011495,-0.999999998,0.000059137,0.000000000,1.000000000,-0.000011495,0.000000414,0.000000000,-0.000000413,0.000059137,0.999999998,0.000000000,-2.000099195,375.752127070,13.588167944,1.000000000
ENTITYNAME=Wire_Device
