OBJECTMODELPOINTER=33777c94-e4b9-4947-906f-f84480f3cb99.dev
BASEFAMILY=dd8647f7-ed89-4d76-8a11-4a7d02e8c5a3.fam
BLHA=28.45391595,113.39400228,204.515406,242.026912
TRANSFORMMATRIX=0.008095984,-0.999967227,0.000031605,0.000000000,0.999967227,0.008095984,0.000001401,0.000000000,-0.000001657,0.000031593,0.999999999,0.000000000,-10.131887559,200.822536927,20.100510016,1.000000000
ENTITYNAME=Wire_Device
