OBJECTMODELPOINTER=33777c94-e4b9-4947-906f-f84480f3cb99.dev
BASEFAMILY=dd8a4a06-25e3-4465-bfd9-d284a20ca4a7.fam
BLHA=28.50595381,113.45544189,275.037773,205.493080
TRANSFORMMATRIX=-0.091656703,-0.995790665,0.000007580,0.000000000,0.995790665,-0.091656703,-0.000001114,0.000000000,0.000001804,0.000007447,1.000000000,0.000000000,11.565054939,47.509507992,12.066213608,1.000000000
ENTITYNAME=Wire_Device
