OBJECTMODELPOINTER=33777c94-e4b9-4947-906f-f84480f3cb99.dev
BASEFAMILY=dd9d6280-df5f-4020-abc2-91d40b049fe9.fam
BLHA=28.29509828,113.44289412,61.743516,287.794387
TRANSFORMMATRIX=0.000003295,-1.000000000,0.000027308,0.000000000,1.000000000,0.000003295,-0.000001046,0.000000000,0.000001045,0.000027308,1.000000000,0.000000000,6.410305207,173.475419271,14.226125466,1.000000000
ENTITYNAME=Wire_Device
