ENTITYNAME=WIRE
BASEFAMILY=dda00044-ae3e-43bd-86f3-52421c9e85c4.fam
OBJECTMODELPOINTER=81b82497-164d-48c0-b1cb-18fa700dacdf.dev
KVALUE=0.000373
SPLIT=4
POINT0.BLHA=28.29509828,113.44289412,61.744,287.794387
POINT0.MATRIX0=-0.952159334,0.305602035,0.000000000,0.000000000,-0.305602035,-0.952159334,0.000000000,0.000000000,0.000000000,0.000000000,1.000000000,0.000000000,6.601546058,0.129899873,61.366804021,1.000000000
POINT0.MATRIX1=-0.952159334,0.305602035,0.000000000,0.000000000,-0.305602035,-0.952159334,0.000000000,0.000000000,0.000000000,0.000000000,1.000000000,0.000000000,6.788079728,0.129517118,61.830655950,1.000000000
POINT0.MATRIX2=-0.952159334,0.305602035,0.000000000,0.000000000,-0.305602035,-0.952159334,0.000000000,0.000000000,0.000000000,0.000000000,1.000000000,0.000000000,6.323971492,0.128733946,62.017316716,1.000000000
POINT0.MATRIX3=-0.952159334,0.305602035,0.000000000,0.000000000,-0.305602035,-0.952159334,0.000000000,0.000000000,0.000000000,0.000000000,1.000000000,0.000000000,6.137437823,0.129116701,61.553464787,1.000000000
POINT1.BLHA=28.29096601,113.44441625,53.540,287.794387
POINT1.MATRIX0=-0.952159334,0.305602035,0.000000000,0.000000000,-0.305602035,-0.952159334,0.000000000,0.000000000,-0.000000000,-0.000000000,1.000000000,0.000000000,6.601875511,-0.129095630,61.366814893,1.000000000
POINT1.MATRIX1=-0.952159334,0.305602035,0.000000000,0.000000000,-0.305602035,-0.952159334,0.000000000,0.000000000,-0.000000000,-0.000000000,1.000000000,0.000000000,6.788416446,-0.129480717,61.830666821,1.000000000
POINT1.MATRIX2=-0.952159334,0.305602035,0.000000000,0.000000000,-0.305602035,-0.952159334,0.000000000,0.000000000,-0.000000000,-0.000000000,1.000000000,0.000000000,6.324322740,-0.130268552,62.017327588,1.000000000
POINT1.MATRIX3=-0.952159334,0.305602035,0.000000000,0.000000000,-0.305602035,-0.952159334,0.000000000,0.000000000,-0.000000000,-0.000000000,1.000000000,0.000000000,6.137781805,-0.129883465,61.553475659,1.000000000
