OBJECTMODELPOINTER=33777c94-e4b9-4947-906f-f84480f3cb99.dev
BASEFAMILY=ddae1981-dd7c-4c0e-ba91-20d05203b4c2.fam
BLHA=28.52337409,113.48828309,330.016596,210.734491
TRANSFORMMATRIX=-0.006915740,-0.999976082,0.000094030,0.000000000,0.999976086,-0.006915740,-0.000000559,0.000000000,0.000001209,0.000094024,0.999999995,0.000000000,9.056302882,599.395579170,61.899754974,1.000000000
ENTITYNAME=Wire_Device
