ENTITYNAME=WIRE
BASEFAMILY=ddc8b9da-59ca-4916-afb1-3c674f2db0a9.fam
OBJECTMODELPOINTER=31970f28-780e-4bf1-8adb-439f78c329a3.dev
KVALUE=0.000226
SPLIT=1
POINT0.BLHA=28.29768818,113.44194006,79.180,287.794387
POINT0.MATRIX0=-0.952159334,0.305602035,0.000000000,0.000000000,-0.305602035,-0.952159334,0.000000000,0.000000000,-0.000000000,-0.000000000,1.000000000,0.000000000,-11.499750364,0.310768238,78.658010179,1.000000000
POINT1.BLHA=28.29509828,113.44289412,61.744,287.794387
POINT1.MATRIX0=-0.952159334,0.305602035,0.000000000,0.000000000,-0.305602035,-0.952159334,0.000000000,0.000000000,0.000000000,0.000000000,1.000000000,0.000000000,-10.799211002,-0.308408728,69.557997601,1.000000000
