OBJECTMODELPOINTER=33777c94-e4b9-4947-906f-f84480f3cb99.dev
BASEFAMILY=ddcb9848-aa45-4e4b-aeb1-02e491f33bf3.fam
BLHA=28.73433869,113.45386444,142.659000,258.301958
TRANSFORMMATRIX=-0.807425934,0.589968949,0.000000025,0.000000000,-0.589968949,-0.807425934,-0.000002146,0.000000000,-0.000001245,-0.000001747,1.000000000,0.000000000,-7.958579505,-11.107182533,25.953003055,1.000000000
ENTITYNAME=Wire_Device
