OBJECTMODELPOINTER=33777c94-e4b9-4947-906f-f84480f3cb99.dev
BASEFAMILY=dde00d74-80a3-4b50-a060-b9dd4bd93da1.fam
BLHA=28.30399811,113.43961542,62.139238,477.400140
TRANSFORMMATRIX=0.217178255,0.976131961,0.000000308,0.000000000,-0.976131961,0.217178255,0.000001730,0.000000000,0.000001622,-0.000000676,1.000000000,0.000000000,10.352319296,-4.322782383,42.433838257,1.000000000
ENTITYNAME=Wire_Device
