OBJECTMODELPOINTER=33777c94-e4b9-4947-906f-f84480f3cb99.dev
BASEFAMILY=ddf0688a-3cd4-494b-b9c0-ad6c05087cfe.fam
BLHA=28.81363020,113.51792493,127.559863,396.804576
TRANSFORMMATRIX=-0.175086473,0.984553059,0.000027868,0.000000000,-0.984553060,-0.175086473,-0.000001078,0.000000000,0.000003818,-0.000027627,1.000000000,0.000000000,23.856896358,-175.961742870,21.917365380,1.000000000
ENTITYNAME=Wire_Device
