OBJECTMODELPOINTER=33777c94-e4b9-4947-906f-f84480f3cb99.dev
BASEFAMILY=ddfb618e-8549-416d-b46c-3bab533d902b.fam
BLHA=28.66021577,113.46120276,152.793290,277.610658
TRANSFORMMATRIX=0.000000906,-1.000000000,0.000015662,0.000000000,1.000000000,0.000000906,0.000000060,0.000000000,-0.000000059,0.000015663,1.000000000,0.000000000,-0.448581093,99.468922628,51.801716130,1.000000000
ENTITYNAME=Wire_Device
