OBJECTMODELPOINTER=33777c94-e4b9-4947-906f-f84480f3cb99.dev
BASEFAMILY=de18c0c8-db4f-4554-a680-01748f8e3784.fam
BLHA=28.37348418,113.36536629,69.677902,286.379084
TRANSFORMMATRIX=0.018751320,-0.999824178,0.000026062,0.000000000,0.999824179,0.018751320,-0.000001763,0.000000000,0.000001274,0.000026090,1.000000000,0.000000000,7.893807018,165.727732467,22.015734880,1.000000000
ENTITYNAME=Wire_Device
