OBJECTMODELPOINTER=33777c94-e4b9-4947-906f-f84480f3cb99.dev
BASEFAMILY=de4229c5-2aa4-4d2f-80c5-56981d0d4c3c.fam
BLHA=28.61307891,113.46689101,233.448700,464.034761
TRANSFORMMATRIX=-0.173093098,0.984905466,0.000048725,0.000000000,-0.984905467,-0.173093098,-0.000001139,0.000000000,0.000007312,-0.000048187,0.999999999,0.000000000,47.035540902,-306.152219802,-0.593998691,1.000000000
ENTITYNAME=Wire_Device
