ENTITYNAME=WIRE
BASEFAMILY=de5918aa-c7ba-4d7e-b037-c6155e2d9703.fam
OBJECTMODELPOINTER=81b82497-164d-48c0-b1cb-18fa700dacdf.dev
KVALUE=0.000000
SPLIT=4
POINT0.BLHA=28.38706938,113.36490839,130.458,249.667673
POINT0.MATRIX0=-0.937693038,-0.347464771,-0.000000000,0.000000000,0.347464771,-0.937693038,0.000000000,0.000000000,-0.000000000,0.000000000,1.000000000,0.000000000,12.094765626,0.479928087,43.741105034,1.000000000
POINT0.MATRIX1=-0.937693038,-0.347464771,-0.000000000,0.000000000,0.347464771,-0.937693038,0.000000000,0.000000000,-0.000000000,0.000000000,1.000000000,0.000000000,12.094765626,0.479928087,44.191101982,1.000000000
POINT0.MATRIX2=-0.937693038,-0.347464771,-0.000000000,0.000000000,0.347464771,-0.937693038,0.000000000,0.000000000,-0.000000000,0.000000000,1.000000000,0.000000000,11.644885005,0.479855924,44.191101981,1.000000000
POINT0.MATRIX3=-0.937693038,-0.347464771,-0.000000000,0.000000000,0.347464771,-0.937693038,0.000000000,0.000000000,-0.000000000,0.000000000,1.000000000,0.000000000,11.644885005,0.479855924,43.741105033,1.000000000
POINT1.BLHA=28.38706938,113.36490839,130.458,249.667673
POINT1.MATRIX0=-0.937693038,-0.347464771,-0.000000000,0.000000000,0.347464771,-0.937693038,0.000000000,0.000000000,-0.000000000,0.000000000,1.000000000,0.000000000,12.094765598,0.599928081,43.741105034,1.000000000
POINT1.MATRIX1=-0.937693038,-0.347464771,-0.000000000,0.000000000,0.347464771,-0.937693038,0.000000000,0.000000000,-0.000000000,0.000000000,1.000000000,0.000000000,12.094765597,0.599928081,44.191101982,1.000000000
POINT1.MATRIX2=-0.937693038,-0.347464771,-0.000000000,0.000000000,0.347464771,-0.937693038,0.000000000,0.000000000,-0.000000000,0.000000000,1.000000000,0.000000000,11.644884977,0.599855918,44.191101982,1.000000000
POINT1.MATRIX3=-0.937693038,-0.347464771,-0.000000000,0.000000000,0.347464771,-0.937693038,0.000000000,0.000000000,-0.000000000,0.000000000,1.000000000,0.000000000,11.644884977,0.599855918,43.741105034,1.000000000
