ENTITYNAME=WIRE
BASEFAMILY=de5f8458-a943-4103-894f-263ddf61dd43.fam
OBJECTMODELPOINTER=81b82497-164d-48c0-b1cb-18fa700dacdf.dev
KVALUE=0.000370
SPLIT=4
POINT0.BLHA=28.70103226,113.45527961,136.731,277.425083
POINT0.MATRIX0=-0.991614682,0.129229724,0.000000000,0.000000000,-0.129229724,-0.991614682,0.000000000,0.000000000,0.000000000,-0.000000000,1.000000000,0.000000000,-11.645151860,0.110778164,42.999989659,1.000000000
POINT0.MATRIX1=-0.991614682,0.129229724,0.000000000,0.000000000,-0.129229724,-0.991614682,0.000000000,0.000000000,0.000000000,-0.000000000,1.000000000,0.000000000,-11.645151860,0.110778163,43.450001866,1.000000000
POINT0.MATRIX2=-0.991614682,0.129229724,0.000000000,0.000000000,-0.129229724,-0.991614682,0.000000000,0.000000000,0.000000000,-0.000000000,1.000000000,0.000000000,-12.095028608,0.110318002,43.450001865,1.000000000
POINT0.MATRIX3=-0.991614682,0.129229724,0.000000000,0.000000000,-0.129229724,-0.991614682,0.000000000,0.000000000,0.000000000,-0.000000000,1.000000000,0.000000000,-12.095028608,0.110318003,42.999989659,1.000000000
POINT1.BLHA=28.69702652,113.45589279,149.051,277.425083
POINT1.MATRIX0=-0.991614682,0.129229724,-0.000000000,0.000000000,-0.129229724,-0.991614682,0.000000000,0.000000000,-0.000000000,-0.000000000,1.000000000,0.000000000,-11.645008514,-0.110425119,42.999999200,1.000000000
POINT1.MATRIX1=-0.991614682,0.129229724,-0.000000000,0.000000000,-0.129229724,-0.991614682,0.000000000,0.000000000,-0.000000000,-0.000000000,1.000000000,0.000000000,-11.645008514,-0.110425119,43.449996149,1.000000000
POINT1.MATRIX2=-0.991614682,0.129229724,-0.000000000,0.000000000,-0.129229724,-0.991614682,0.000000000,0.000000000,-0.000000000,-0.000000000,1.000000000,0.000000000,-12.095127356,-0.110853730,43.449996149,1.000000000
POINT1.MATRIX3=-0.991614682,0.129229724,-0.000000000,0.000000000,-0.129229724,-0.991614682,0.000000000,0.000000000,-0.000000000,-0.000000000,1.000000000,0.000000000,-12.095127356,-0.110853730,42.999999200,1.000000000
