OBJECTMODELPOINTER=33777c94-e4b9-4947-906f-f84480f3cb99.dev
BASEFAMILY=de7e72bb-ed6a-44a1-ad27-22d99a6ba1d3.fam
BLHA=28.80841146,113.51251091,171.150662,227.348291
TRANSFORMMATRIX=0.000002466,-1.000000000,0.000004589,0.000000000,1.000000000,0.000002466,0.000001894,0.000000000,-0.000001895,0.000004589,1.000000000,0.000000000,-11.989375641,29.179312372,42.786348254,1.000000000
ENTITYNAME=Wire_Device
