OBJECTMODELPOINTER=33777c94-e4b9-4947-906f-f84480f3cb99.dev
BASEFAMILY=de84e3e6-62df-4196-ae85-f0c67ae72ad3.fam
BLHA=28.42194077,113.37713088,216.761088,254.006183
TRANSFORMMATRIX=0.001187620,-0.999999294,0.000038976,0.000000000,0.999999295,0.001187620,0.000002249,0.000000000,-0.000002296,0.000038974,0.999999999,0.000000000,-14.306167422,247.561615908,2.597750020,1.000000000
ENTITYNAME=Wire_Device
