OBJECTMODELPOINTER=33777c94-e4b9-4947-906f-f84480f3cb99.dev
BASEFAMILY=de8bb900-71cb-413b-80bf-55d42cef171c.fam
BLHA=28.26885822,113.47846971,85.176990,355.334735
TRANSFORMMATRIX=0.000031428,-0.999999998,0.000062261,0.000000000,1.000000000,0.000031428,0.000001839,0.000000000,-0.000001841,0.000062261,0.999999998,0.000000000,-11.856308553,397.408979180,43.205640030,1.000000000
ENTITYNAME=Wire_Device
