OBJECTMODELPOINTER=33777c94-e4b9-4947-906f-f84480f3cb99.dev
BASEFAMILY=dea15c96-eced-418f-9fb9-92dcf2ed0bfb.fam
BLHA=28.30786495,113.43629033,62.969533,307.005893
TRANSFORMMATRIX=0.000009598,-0.999999999,0.000040305,0.000000000,1.000000000,0.000009598,-0.000001359,0.000000000,0.000001358,0.000040305,0.999999999,0.000000000,8.014268367,256.392771197,47.075528318,1.000000000
ENTITYNAME=Wire_Device
