OBJECTMODELPOINTER=33777c94-e4b9-4947-906f-f84480f3cb99.dev
BASEFAMILY=debb6839-80fb-427e-a031-38485ed63812.fam
BLHA=28.67276970,113.45923535,192.994115,456.641966
TRANSFORMMATRIX=-0.028947164,0.999580941,0.000070540,0.000000000,-0.999580943,-0.028947164,0.000001436,0.000000000,0.000003477,-0.000070468,0.999999997,0.000000000,22.459585685,-447.542704095,5.914966974,1.000000000
ENTITYNAME=Wire_Device
