OBJECTMODELPOINTER=33777c94-e4b9-4947-906f-f84480f3cb99.dev
BASEFAMILY=dece73a7-dde4-4ecd-b68a-98b6351342b7.fam
BLHA=28.57262295,113.49015944,261.228990,312.996987
TRANSFORMMATRIX=0.000006417,-1.000000000,0.000017537,0.000000000,1.000000000,0.000006417,0.000000029,0.000000000,-0.000000029,0.000017537,1.000000000,0.000000000,-0.475109521,111.635403255,36.441329588,1.000000000
ENTITYNAME=Wire_Device
