OBJECTMODELPOINTER=33777c94-e4b9-4947-906f-f84480f3cb99.dev
BASEFAMILY=ded3a6df-6565-4d92-9113-d75ad475c9a4.fam
BLHA=28.27757020,113.46637333,93.774105,312.669055
TRANSFORMMATRIX=0.000900333,-0.999999592,0.000066412,0.000000000,0.999999595,0.000900333,-0.000000969,0.000000000,0.000000908,0.000066413,0.999999998,0.000000000,4.690031673,422.711058182,49.165593402,1.000000000
ENTITYNAME=Wire_Device
