OBJECTMODELPOINTER=33777c94-e4b9-4947-906f-f84480f3cb99.dev
BASEFAMILY=ded74a9d-603d-4625-bb6c-3870e830cf9f.fam
BLHA=28.49037109,113.42431436,249.696550,224.957371
TRANSFORMMATRIX=-0.000029763,-0.999999997,0.000076297,0.000000000,1.000000000,-0.000029763,-0.000001298,0.000000000,0.000001300,0.000076297,0.999999997,0.000000000,9.542061346,485.787368767,19.742570571,1.000000000
ENTITYNAME=Wire_Device
