OBJECTMODELPOINTER=33777c94-e4b9-4947-906f-f84480f3cb99.dev
BASEFAMILY=dedcd7b9-b0c3-4b3e-bfaf-0db62237542b.fam
BLHA=28.66573943,113.46033717,166.408962,277.610658
TRANSFORMMATRIX=-0.002343454,-0.999997252,0.000060344,0.000000000,0.999997254,-0.002343454,-0.000001629,0.000000000,0.000001770,0.000060339,0.999999998,0.000000000,11.037664726,383.203262683,10.663613181,1.000000000
ENTITYNAME=Wire_Device
