OBJECTMODELPOINTER=33777c94-e4b9-4947-906f-f84480f3cb99.dev
BASEFAMILY=dedd4e4b-63a7-4699-9fc1-0ad1f483fef8.fam
BLHA=28.31294059,113.42646212,52.368358,335.449580
TRANSFORMMATRIX=0.000015686,-0.999999999,0.000038882,0.000000000,1.000000000,0.000015686,-0.000000909,0.000000000,0.000000909,0.000038882,0.999999999,0.000000000,5.286556696,247.954304187,46.330520067,1.000000000
ENTITYNAME=Wire_Device
