OBJECTMODELPOINTER=33777c94-e4b9-4947-906f-f84480f3cb99.dev
BASEFAMILY=def4c6a2-950c-4145-afb0-13150e3ff081.fam
BLHA=28.39913011,113.36988101,173.073049,251.836928
TRANSFORMMATRIX=-0.020267221,-0.999794599,0.000006558,0.000000000,0.999794599,-0.020267221,0.000001223,0.000000000,-0.000001090,0.000006582,1.000000000,0.000000000,-6.889009129,41.805644130,22.894306439,1.000000000
ENTITYNAME=Wire_Device
