OBJECTMODELPOINTER=33777c94-e4b9-4947-906f-f84480f3cb99.dev
BASEFAMILY=def50f76-a75f-48c4-8d9f-ea79f03fff96.fam
BLHA=28.56112925,113.50240150,222.763342,308.993779
TRANSFORMMATRIX=0.884765962,-0.466035612,0.000000063,0.000000000,0.466035612,0.884765962,0.000001313,0.000000000,-0.000000669,-0.000001133,1.000000000,0.000000000,-4.237682443,-7.195187468,36.306343882,1.000000000
ENTITYNAME=Wire_Device
