OBJECTMODELPOINTER=33777c94-e4b9-4947-906f-f84480f3cb99.dev
BASEFAMILY=df002a9d-94e8-4adc-aba9-454b59b79e3b.fam
BLHA=28.72353047,113.45260943,123.369332,283.291091
TRANSFORMMATRIX=-0.000056614,-0.999999998,0.000016360,0.000000000,0.999999998,-0.000056614,0.000000060,0.000000000,-0.000000059,0.000016360,1.000000000,0.000000000,-0.496270554,103.917817829,39.174802695,1.000000000
ENTITYNAME=Wire_Device
