OBJECTMODELPOINTER=33777c94-e4b9-4947-906f-f84480f3cb99.dev
BASEFAMILY=df08dc9e-be75-4be4-9dfc-b4d93b0b40c2.fam
BLHA=28.38483527,113.36398740,139.075387,249.667673
TRANSFORMMATRIX=0.008027635,-0.999967778,0.000005004,0.000000000,0.999967778,0.008027635,-0.000001827,0.000000000,0.000001787,0.000005019,1.000000000,0.000000000,11.452702859,31.910295549,28.389576835,1.000000000
ENTITYNAME=Wire_Device
