OBJECTMODELPOINTER=33777c94-e4b9-4947-906f-f84480f3cb99.dev
BASEFAMILY=df0ac05c-0ae3-4f26-b6d7-1028d8e7d035.fam
BLHA=28.55813742,113.50479443,276.608256,304.990571
TRANSFORMMATRIX=0.000978041,-0.999999519,0.000074822,0.000000000,0.999999522,0.000978041,0.000002215,0.000000000,-0.000002287,0.000074820,0.999999997,0.000000000,-15.740278157,475.980632176,59.684343233,1.000000000
ENTITYNAME=Wire_Device
