OBJECTMODELPOINTER=33777c94-e4b9-4947-906f-f84480f3cb99.dev
BASEFAMILY=df15a010-88cb-4628-8f66-3586a38f5481.fam
BLHA=28.42958283,113.37956045,205.551749,428.016547
TRANSFORMMATRIX=-0.118150142,0.992995742,0.000026551,0.000000000,-0.992995742,-0.118150142,0.000001321,0.000000000,0.000004448,-0.000026208,1.000000000,0.000000000,28.073219866,-166.499711252,15.595618725,1.000000000
ENTITYNAME=Wire_Device
