ENTITYNAME=WIRE
BASEFAMILY=df18733f-56e3-4698-a23e-70f6411f2efd.fam
OBJECTMODELPOINTER=81b82497-164d-48c0-b1cb-18fa700dacdf.dev
KVALUE=0.088014
SPLIT=4
POINT0.BLHA=28.81363020,113.51792493,127.560,396.804576
POINT0.MATRIX0=0.599087552,0.800683524,-0.000000000,0.000000000,-0.800683524,0.599087552,0.000000000,0.000000000,0.000000000,0.000000000,1.000000000,0.000000000,-10.225762341,0.000758792,25.789997897,1.000000000
POINT0.MATRIX1=0.599087552,0.800683524,-0.000000000,0.000000000,-0.800683524,0.599087552,0.000000000,0.000000000,0.000000000,0.000000000,1.000000000,0.000000000,-10.225762341,0.000758793,26.239997885,1.000000000
POINT0.MATRIX2=0.599087552,0.800683524,-0.000000000,0.000000000,-0.800683524,0.599087552,0.000000000,0.000000000,0.000000000,0.000000000,1.000000000,0.000000000,-9.775762383,0.000758559,26.239997884,1.000000000
POINT0.MATRIX3=0.599087552,0.800683524,-0.000000000,0.000000000,-0.800683524,0.599087552,0.000000000,0.000000000,0.000000000,0.000000000,1.000000000,0.000000000,-9.775762383,0.000758558,25.789997896,1.000000000
POINT1.BLHA=28.81363020,113.51792493,127.560,396.804576
POINT1.MATRIX0=0.599087552,0.800683524,-0.000000000,0.000000000,-0.800683524,0.599087552,0.000000000,0.000000000,0.000000000,0.000000000,1.000000000,0.000000000,-7.099575614,-8.950281277,28.820638916,1.000000000
POINT1.MATRIX1=0.599087552,0.800683524,-0.000000000,0.000000000,-0.800683524,0.599087552,0.000000000,0.000000000,0.000000000,0.000000000,1.000000000,0.000000000,-6.994456658,-9.730816467,29.262671968,1.000000000
POINT1.MATRIX2=0.599087552,0.800683524,-0.000000000,0.000000000,-0.800683524,0.599087552,0.000000000,0.000000000,0.000000000,0.000000000,1.000000000,0.000000000,-6.504025827,-9.645882284,29.262458345,1.000000000
POINT1.MATRIX3=0.599087552,0.800683524,-0.000000000,0.000000000,-0.800683524,0.599087552,0.000000000,0.000000000,0.000000000,0.000000000,1.000000000,0.000000000,-6.606512073,-8.861828466,28.820638916,1.000000000
