ENTITYNAME=WIRE
BASEFAMILY=df20ef9b-2389-4ad5-a40c-f5ac4c9ce81a.fam
OBJECTMODELPOINTER=81b82497-164d-48c0-b1cb-18fa700dacdf.dev
KVALUE=0.000370
SPLIT=4
POINT0.BLHA=28.70605444,113.45451077,165.913,277.425083
POINT0.MATRIX0=-0.991614682,0.129229724,-0.000000000,0.000000000,-0.129229724,-0.991614682,0.000000000,0.000000000,-0.000000000,-0.000000000,1.000000000,0.000000000,-13.094477351,0.108137367,52.000000556,1.000000000
POINT0.MATRIX1=-0.991614682,0.129229724,-0.000000000,0.000000000,-0.129229724,-0.991614682,0.000000000,0.000000000,-0.000000000,-0.000000000,1.000000000,0.000000000,-13.094477351,0.108137367,52.449997504,1.000000000
POINT0.MATRIX2=-0.991614682,0.129229724,-0.000000000,0.000000000,-0.129229724,-0.991614682,0.000000000,0.000000000,-0.000000000,-0.000000000,1.000000000,0.000000000,-13.544333482,0.111613801,52.449997503,1.000000000
POINT0.MATRIX3=-0.991614682,0.129229724,-0.000000000,0.000000000,-0.129229724,-0.991614682,0.000000000,0.000000000,-0.000000000,-0.000000000,1.000000000,0.000000000,-13.544333482,0.111613802,52.000000555,1.000000000
POINT1.BLHA=28.70103226,113.45527961,136.731,277.425083
POINT1.MATRIX0=-0.991614682,0.129229724,0.000000000,0.000000000,-0.129229724,-0.991614682,0.000000000,0.000000000,0.000000000,-0.000000000,1.000000000,0.000000000,-11.644839188,-0.109231483,42.999989659,1.000000000
POINT1.MATRIX1=-0.991614682,0.129229724,0.000000000,0.000000000,-0.129229724,-0.991614682,0.000000000,0.000000000,0.000000000,-0.000000000,1.000000000,0.000000000,-11.644839188,-0.109231483,43.450001866,1.000000000
POINT1.MATRIX2=-0.991614682,0.129229724,0.000000000,0.000000000,-0.129229724,-0.991614682,0.000000000,0.000000000,0.000000000,-0.000000000,1.000000000,0.000000000,-12.094715936,-0.109691645,43.450001865,1.000000000
POINT1.MATRIX3=-0.991614682,0.129229724,0.000000000,0.000000000,-0.129229724,-0.991614682,0.000000000,0.000000000,0.000000000,-0.000000000,1.000000000,0.000000000,-12.094715936,-0.109691644,42.999989659,1.000000000
