OBJECTMODELPOINTER=33777c94-e4b9-4947-906f-f84480f3cb99.dev
BASEFAMILY=df203d5e-4924-4b28-98d8-7d7b985e9f9c.fam
BLHA=28.33832123,113.36372877,73.392099,278.143009
TRANSFORMMATRIX=0.016148288,-0.999869607,0.000039551,0.000000000,0.999869608,0.016148288,-0.000001913,0.000000000,0.000001275,0.000039578,0.999999999,0.000000000,7.950490276,251.331500874,29.420827155,1.000000000
ENTITYNAME=Wire_Device
