OBJECTMODELPOINTER=33777c94-e4b9-4947-906f-f84480f3cb99.dev
BASEFAMILY=df2af5cf-9ee5-4529-a6e4-8490c76ac8b9.fam
BLHA=28.79959310,113.50336431,218.110050,224.374488
TRANSFORMMATRIX=-0.041153149,-0.999152850,0.000005960,0.000000000,0.999152850,-0.041153149,0.000001224,0.000000000,-0.000000978,0.000006006,1.000000000,0.000000000,-6.124598251,38.220753615,17.394987797,1.000000000
ENTITYNAME=Wire_Device
