OBJECTMODELPOINTER=33777c94-e4b9-4947-906f-f84480f3cb99.dev
BASEFAMILY=df34ff86-cea0-4fd7-8360-c1e5e15b5294.fam
BLHA=28.80418340,113.50812520,199.973454,227.348291
TRANSFORMMATRIX=-0.000001760,-1.000000000,0.000005565,0.000000000,1.000000000,-0.000001760,-0.000001827,0.000000000,0.000001827,0.000005564,1.000000000,0.000000000,11.722952647,35.453890754,39.576133362,1.000000000
ENTITYNAME=Wire_Device
