OBJECTMODELPOINTER=33777c94-e4b9-4947-906f-f84480f3cb99.dev
BASEFAMILY=df362134-d45c-4ab5-a9ad-0f40298318f2.fam
BLHA=28.69702652,113.45589279,149.051008,277.425083
TRANSFORMMATRIX=0.000004924,-0.999999999,0.000048371,0.000000000,1.000000000,0.000004924,0.000002047,0.000000000,-0.000002047,0.000048371,0.999999999,0.000000000,-13.271077551,307.206452412,39.136251756,1.000000000
ENTITYNAME=Wire_Device
