OBJECTMODELPOINTER=33777c94-e4b9-4947-906f-f84480f3cb99.dev
BASEFAMILY=df452a16-ec48-4582-8648-47474331c4ff.fam
BLHA=28.37691435,113.36420413,70.521818,286.379084
TRANSFORMMATRIX=0.000005959,-0.999999999,0.000036258,0.000000000,1.000000000,0.000005959,0.000002000,0.000000000,-0.000002000,0.000036258,0.999999999,0.000000000,-13.084294342,230.350271672,27.494606811,1.000000000
ENTITYNAME=Wire_Device
