OBJECTMODELPOINTER=33777c94-e4b9-4947-906f-f84480f3cb99.dev
BASEFAMILY=df45d53f-da93-4805-b2f1-a6118dc58bf6.fam
BLHA=28.69702652,113.45589279,149.051008,277.425083
TRANSFORMMATRIX=0.000005805,-0.999999998,0.000060462,0.000000000,1.000000000,0.000005805,0.000002094,0.000000000,-0.000002093,0.000060462,0.999999998,0.000000000,-13.621253804,383.994853894,49.062320386,1.000000000
ENTITYNAME=Wire_Device
