OBJECTMODELPOINTER=33777c94-e4b9-4947-906f-f84480f3cb99.dev
BASEFAMILY=df4ed7c1-8d93-4d35-beb0-b9bda6111e6b.fam
BLHA=28.51918695,113.48038702,399.659330,210.734491
TRANSFORMMATRIX=-0.000018123,-0.999999999,0.000039421,0.000000000,1.000000000,-0.000018123,0.000000262,0.000000000,-0.000000261,0.000039421,0.999999999,0.000000000,-1.088081415,251.295085166,-5.906599213,1.000000000
ENTITYNAME=Wire_Device
