OBJECTMODELPOINTER=33777c94-e4b9-4947-906f-f84480f3cb99.dev
BASEFAMILY=df57d413-ae73-46ec-90e9-cbf09a2a3def.fam
BLHA=28.33832123,113.36372877,73.392099,278.143009
TRANSFORMMATRIX=-0.017095287,-0.999853864,0.000049058,0.000000000,0.999853865,-0.017095287,0.000002314,0.000000000,-0.000001475,0.000049090,0.999999999,0.000000000,-9.644687151,311.756173893,29.409919883,1.000000000
ENTITYNAME=Wire_Device
