ENTITYNAME=WIRE
BASEFAMILY=df74ac5c-bb15-4e81-86ed-0f0f92deb2a5.fam
OBJECTMODELPOINTER=31970f28-780e-4bf1-8adb-439f78c329a3.dev
KVALUE=0.000231
SPLIT=1
POINT0.BLHA=28.33513056,113.36426418,74.466,467.201749
POINT0.MATRIX0=0.955269333,-0.295737218,0.000000000,0.000000000,0.295737218,0.955269333,0.000000000,0.000000000,-0.000000000,-0.000000000,1.000000000,0.000000000,-5.402661784,-1.554786286,43.931169252,1.000000000
POINT1.BLHA=28.33182616,113.36613124,59.967,296.260490
POINT1.MATRIX0=-0.896791752,0.442452882,-0.000000000,0.000000000,-0.442452882,-0.896791752,-0.000000000,0.000000000,0.000000000,-0.000000000,1.000000000,0.000000000,9.873776794,-0.619099349,54.557998514,1.000000000
