OBJECTMODELPOINTER=33777c94-e4b9-4947-906f-f84480f3cb99.dev
BASEFAMILY=df7a8079-06ba-47fc-8306-2ac091e9cc06.fam
BLHA=28.28912608,113.44509395,57.000023,477.961117
TRANSFORMMATRIX=0.156844319,0.987623339,-0.000000949,0.000000000,-0.987623339,0.156844319,0.000001207,0.000000000,0.000001341,0.000000748,1.000000000,0.000000000,8.538934063,4.735489396,49.048689967,1.000000000
ENTITYNAME=Wire_Device
