OBJECTMODELPOINTER=33777c94-e4b9-4947-906f-f84480f3cb99.dev
BASEFAMILY=df8721a2-a00a-40aa-8e1b-89dff0445026.fam
BLHA=28.48504373,113.41833342,235.006355,407.385386
TRANSFORMMATRIX=-0.027204999,0.999629876,0.000006760,0.000000000,-0.999629875,-0.027204999,-0.000001131,0.000000000,-0.000000947,-0.000006789,1.000000000,0.000000000,-6.140788139,-43.226166015,29.531522974,1.000000000
ENTITYNAME=Wire_Device
