OBJECTMODELPOINTER=33777c94-e4b9-4947-906f-f84480f3cb99.dev
BASEFAMILY=df946961-3d79-46a8-b9bd-47109717be6b.fam
BLHA=28.75094621,113.45897359,113.766966,236.227775
TRANSFORMMATRIX=-0.014307445,-0.999897643,0.000016034,0.000000000,0.999897643,-0.014307445,0.000001974,0.000000000,-0.000001745,0.000016061,1.000000000,0.000000000,-10.875205498,102.129970244,27.139786075,1.000000000
ENTITYNAME=Wire_Device
