OBJECTMODELPOINTER=33777c94-e4b9-4947-906f-f84480f3cb99.dev
BASEFAMILY=df94a1ca-9125-4f17-9597-89471699ea21.fam
BLHA=28.31523299,113.41422428,48.000024,0.896163
TRANSFORMMATRIX=0.000000927,-1.000000000,0.000005218,0.000000000,1.000000000,0.000000927,-0.000001424,0.000000000,0.000001425,0.000005218,1.000000000,0.000000000,9.048279466,33.306405736,41.626560238,1.000000000
ENTITYNAME=Wire_Device
