OBJECTMODELPOINTER=33777c94-e4b9-4947-906f-f84480f3cb99.dev
BASEFAMILY=df9b38a8-0559-4fd9-809a-2e006029af96.fam
BLHA=28.65418328,113.46214797,157.582490,277.610658
TRANSFORMMATRIX=0.000002151,-0.999999999,0.000044973,0.000000000,1.000000000,0.000002151,-0.000001689,0.000000000,0.000001689,0.000044973,0.999999999,0.000000000,10.584543042,285.612950624,40.928647450,1.000000000
ENTITYNAME=Wire_Device
