OBJECTMODELPOINTER=33777c94-e4b9-4947-906f-f84480f3cb99.dev
BASEFAMILY=dfa03811-9291-458a-aaef-c9f13a79f2bd.fam
BLHA=28.30399811,113.43961542,62.139238,477.400140
TRANSFORMMATRIX=0.168880612,0.985636514,0.000043886,0.000000000,-0.985636515,0.168880612,0.000001314,0.000000000,-0.000006116,-0.000043477,0.999999999,0.000000000,-38.407972082,-276.297936571,58.363375779,1.000000000
ENTITYNAME=Wire_Device
