OBJECTMODELPOINTER=33777c94-e4b9-4947-906f-f84480f3cb99.dev
BASEFAMILY=dfa684ae-80e5-4e2b-b087-72bdac1b0171.fam
BLHA=28.26827851,113.48694026,97.359750,314.005848
TRANSFORMMATRIX=-0.700450505,-0.713700980,-0.000000719,0.000000000,0.713700980,-0.700450505,0.000001385,0.000000000,-0.000001492,0.000000457,1.000000000,0.000000000,-9.510903892,2.932353430,42.042378929,1.000000000
ENTITYNAME=Wire_Device
