OBJECTMODELPOINTER=33777c94-e4b9-4947-906f-f84480f3cb99.dev
BASEFAMILY=dfb77e64-ca5b-45d0-bb74-7d16b7886572.fam
BLHA=28.53088729,113.50245510,443.024878,210.734491
TRANSFORMMATRIX=-0.000005153,-1.000000000,0.000005337,0.000000000,1.000000000,-0.000005153,-0.000001832,0.000000000,0.000001832,0.000005336,1.000000000,0.000000000,11.728830260,34.049707566,41.493063315,1.000000000
ENTITYNAME=Wire_Device
