OBJECTMODELPOINTER=33777c94-e4b9-4947-906f-f84480f3cb99.dev
BASEFAMILY=dfc78dc7-0b3f-40c8-8388-33ffb0c43a41.fam
BLHA=28.52337409,113.48828309,330.016596,210.734491
TRANSFORMMATRIX=0.006863292,-0.999976447,0.000019260,0.000000000,0.999976447,0.006863292,0.000001305,0.000000000,-0.000001437,0.000019250,1.000000000,0.000000000,-8.860261956,122.693856947,15.064075101,1.000000000
ENTITYNAME=Wire_Device
