OBJECTMODELPOINTER=33777c94-e4b9-4947-906f-f84480f3cb99.dev
BASEFAMILY=dfcc4de0-eec2-4016-ae1d-38f3a4fc53da.fam
BLHA=28.63338498,113.46540590,167.944131,275.523589
TRANSFORMMATRIX=-0.032757136,-0.999463340,0.000041918,0.000000000,0.999463341,-0.032757137,-0.000000037,0.000000000,0.000001410,0.000041894,0.999999999,0.000000000,8.868751932,266.048818750,34.220922807,1.000000000
ENTITYNAME=Wire_Device
