OBJECTMODELPOINTER=33777c94-e4b9-4947-906f-f84480f3cb99.dev
BASEFAMILY=dfde1249-e53f-4343-b248-eb18535e6a91.fam
BLHA=28.31523299,113.41422428,48.000024,0.896163
TRANSFORMMATRIX=0.000029161,-0.999999998,0.000046730,0.000000000,1.000000000,0.000029161,0.000001407,0.000000000,-0.000001409,0.000046730,0.999999999,0.000000000,-8.921270394,298.278175372,26.973654675,1.000000000
ENTITYNAME=Wire_Device
