OBJECTMODELPOINTER=33777c94-e4b9-4947-906f-f84480f3cb99.dev
BASEFAMILY=dfdf40fd-2abf-48d7-9834-ad762e09249c.fam
BLHA=28.68060600,113.45831192,164.595225,275.673275
TRANSFORMMATRIX=-0.002375671,-0.999997178,0.000005798,0.000000000,0.999997178,-0.002375671,0.000002018,0.000000000,-0.000002005,0.000005802,1.000000000,0.000000000,-12.811519331,36.859245046,39.979146889,1.000000000
ENTITYNAME=Wire_Device
