OBJECTMODELPOINTER=33777c94-e4b9-4947-906f-f84480f3cb99.dev
BASEFAMILY=dfe50b24-0c30-4693-9b5c-713faad6e12f.fam
BLHA=28.48698475,113.42051247,234.671308,224.957371
TRANSFORMMATRIX=-0.014684122,-0.999892182,0.000016594,0.000000000,0.999892182,-0.014684122,0.000001989,0.000000000,-0.000001746,0.000016622,1.000000000,0.000000000,-10.838870128,105.796900996,29.576102005,1.000000000
ENTITYNAME=Wire_Device
