OBJECTMODELPOINTER=33777c94-e4b9-4947-906f-f84480f3cb99.dev
BASEFAMILY=dff45cf0-9361-4e38-9a28-088a1c34ac74.fam
BLHA=28.81044857,113.51462416,146.504318,227.348291
TRANSFORMMATRIX=-0.000002834,-1.000000000,0.000004821,0.000000000,1.000000000,-0.000002834,-0.000001832,0.000000000,0.000001832,0.000004821,1.000000000,0.000000000,11.744615029,30.719839610,42.539057003,1.000000000
ENTITYNAME=Wire_Device
