OBJECTMODELPOINTER=33777c94-e4b9-4947-906f-f84480f3cb99.dev
BASEFAMILY=dff5949d-df6e-449e-ab62-b679cedc965b.fam
BLHA=28.31523299,113.41422428,48.000024,0.896163
TRANSFORMMATRIX=0.000012112,-1.000000000,0.000025980,0.000000000,1.000000000,0.000012112,-0.000001322,0.000000000,0.000001322,0.000025980,1.000000000,0.000000000,8.405887096,165.832872829,33.459996199,1.000000000
ENTITYNAME=Wire_Device
