OBJECTMODELPOINTER=33777c94-e4b9-4947-906f-f84480f3cb99.dev
BASEFAMILY=e0067db1-531f-4ad0-8d7e-0844b67cac64.fam
BLHA=28.41408598,113.37463405,174.728080,254.006183
TRANSFORMMATRIX=-0.000002469,-1.000000000,0.000015855,0.000000000,1.000000000,-0.000002469,0.000002191,0.000000000,-0.000002191,0.000015855,1.000000000,0.000000000,-13.842849988,100.701698278,41.676595707,1.000000000
ENTITYNAME=Wire_Device
