OBJECTMODELPOINTER=33777c94-e4b9-4947-906f-f84480f3cb99.dev
BASEFAMILY=e01aff0a-621b-45ba-b396-5e5c520c783c.fam
BLHA=28.66842498,113.45991630,145.503245,277.610658
TRANSFORMMATRIX=-0.004824582,-0.999988362,0.000017017,0.000000000,0.999988362,-0.004824582,0.000002152,0.000000000,-0.000002070,0.000017027,1.000000000,0.000000000,-13.286765974,108.144323279,52.660383594,1.000000000
ENTITYNAME=Wire_Device
