OBJECTMODELPOINTER=33777c94-e4b9-4947-906f-f84480f3cb99.dev
BASEFAMILY=e01cdc0a-8387-499d-b8ce-91bdf6ab08eb.fam
BLHA=28.44311633,113.38759173,262.560023,242.026912
TRANSFORMMATRIX=-0.000006244,-1.000000000,0.000026294,0.000000000,1.000000000,-0.000006244,0.000000194,0.000000000,-0.000000193,0.000026294,1.000000000,0.000000000,-0.876358794,167.158501905,49.123399311,1.000000000
ENTITYNAME=Wire_Device
