OBJECTMODELPOINTER=33777c94-e4b9-4947-906f-f84480f3cb99.dev
BASEFAMILY=e0211684-2707-42f1-b4a7-34e2362ae664.fam
BLHA=28.30399811,113.43961542,62.139238,477.400140
TRANSFORMMATRIX=-0.000511769,0.999999869,-0.000000045,0.000000000,-0.999999869,-0.000511769,-0.000001725,0.000000000,-0.000001725,0.000000044,1.000000000,0.000000000,-11.001207822,0.301642535,31.885506658,1.000000000
ENTITYNAME=Wire_Device
