OBJECTMODELPOINTER=33777c94-e4b9-4947-906f-f84480f3cb99.dev
BASEFAMILY=e02c828e-d1af-4cd4-9185-e9796f9aa492.fam
BLHA=28.76565082,113.47002463,165.077698,236.227775
TRANSFORMMATRIX=0.012115852,-0.999926600,0.000022126,0.000000000,0.999926600,0.012115852,-0.000002038,0.000000000,0.000001770,0.000022149,1.000000000,0.000000000,11.616978469,140.907156999,40.791693542,1.000000000
ENTITYNAME=Wire_Device
