OBJECTMODELPOINTER=33777c94-e4b9-4947-906f-f84480f3cb99.dev
BASEFAMILY=e03f088f-8ed8-47f7-acb6-8be517f38f72.fam
BLHA=28.71973492,113.45364743,163.020408,283.291091
TRANSFORMMATRIX=0.010067985,-0.999949317,0.000005771,0.000000000,0.999949317,0.010067985,-0.000001842,0.000000000,0.000001783,0.000005789,1.000000000,0.000000000,11.340141059,36.761481233,32.282327131,1.000000000
ENTITYNAME=Wire_Device
