OBJECTMODELPOINTER=33777c94-e4b9-4947-906f-f84480f3cb99.dev
BASEFAMILY=e041307b-4f93-4f3a-abc1-64259364c8f4.fam
BLHA=28.58865070,113.47941927,287.208654,287.849619
TRANSFORMMATRIX=-0.002231193,-0.999997511,0.000028730,0.000000000,0.999997511,-0.002231193,-0.000001779,0.000000000,0.000001843,0.000028727,1.000000000,0.000000000,11.482696445,182.494415804,13.582629881,1.000000000
ENTITYNAME=Wire_Device
