OBJECTMODELPOINTER=33777c94-e4b9-4947-906f-f84480f3cb99.dev
BASEFAMILY=e0503742-501d-42a8-943c-c92c7611ac79.fam
BLHA=28.52041531,113.48270330,362.655379,210.734491
TRANSFORMMATRIX=-0.000011534,-1.000000000,0.000026548,0.000000000,1.000000000,-0.000011534,0.000000176,0.000000000,-0.000000175,0.000026549,1.000000000,0.000000000,-0.729405340,169.234181482,56.011734510,1.000000000
ENTITYNAME=Wire_Device
