OBJECTMODELPOINTER=33777c94-e4b9-4947-906f-f84480f3cb99.dev
BASEFAMILY=e079f5d7-6c04-4b1b-b86b-35b0153d5b7d.fam
BLHA=28.28368001,113.45281448,67.001736,340.232800
TRANSFORMMATRIX=0.000026256,-0.999999998,0.000050303,0.000000000,1.000000000,0.000026256,-0.000000874,0.000000000,0.000000872,0.000050303,0.999999999,0.000000000,5.011035826,320.886802145,65.334125340,1.000000000
ENTITYNAME=Wire_Device
