OBJECTMODELPOINTER=33777c94-e4b9-4947-906f-f84480f3cb99.dev
BASEFAMILY=e082ab75-d9c3-4f2e-b2c2-3f73ef23b0a4.fam
BLHA=28.63586389,113.46501767,148.649697,277.610658
TRANSFORMMATRIX=-0.004832404,-0.999988323,0.000036163,0.000000000,0.999988324,-0.004832404,0.000000137,0.000000000,0.000000038,0.000036164,0.999999999,0.000000000,0.082144933,229.666720181,49.135500728,1.000000000
ENTITYNAME=Wire_Device
