OBJECTMODELPOINTER=33777c94-e4b9-4947-906f-f84480f3cb99.dev
BASEFAMILY=e0866a1d-51c3-49b6-b746-71d76309d2e1.fam
BLHA=28.31925198,113.37995663,64.126344,500.343289
TRANSFORMMATRIX=-0.154962267,0.987920389,0.000037566,0.000000000,-0.987920389,-0.154962267,0.000001253,0.000000000,0.000007060,-0.000036918,0.999999999,0.000000000,45.522572719,-235.265744718,62.654294916,1.000000000
ENTITYNAME=Wire_Device
