OBJECTMODELPOINTER=33777c94-e4b9-4947-906f-f84480f3cb99.dev
BASEFAMILY=e09fe780-afa2-4c84-a8e3-0681d2bb47c5.fam
BLHA=28.66573943,113.46033717,166.408962,277.610658
TRANSFORMMATRIX=0.002351440,-0.999997234,0.000048651,0.000000000,0.999997235,0.002351440,0.000002045,0.000000000,-0.000002160,0.000048645,0.999999999,0.000000000,-13.990904905,308.952894495,8.469859578,1.000000000
ENTITYNAME=Wire_Device
