ENTITYNAME=WIRE
BASEFAMILY=e0c6b195-cadf-46bb-8689-607f37bf25f8.fam
OBJECTMODELPOINTER=81b82497-164d-48c0-b1cb-18fa700dacdf.dev
KVALUE=0.000374
SPLIT=4
POINT0.BLHA=28.81363020,113.51792493,127.560,396.804576
POINT0.MATRIX0=0.599087552,0.800683524,-0.000000000,0.000000000,-0.800683524,0.599087552,0.000000000,0.000000000,0.000000000,0.000000000,1.000000000,0.000000000,-6.746732977,-9.420840028,28.838711044,1.000000000
POINT0.MATRIX1=0.599087552,0.800683524,-0.000000000,0.000000000,-0.800683524,0.599087552,0.000000000,0.000000000,0.000000000,0.000000000,1.000000000,0.000000000,-6.604229691,-10.211693704,29.203472159,1.000000000
POINT0.MATRIX2=0.599087552,0.800683524,-0.000000000,0.000000000,-0.800683524,0.599087552,0.000000000,0.000000000,0.000000000,0.000000000,1.000000000,0.000000000,-6.113798860,-10.126759522,29.203258535,1.000000000
POINT0.MATRIX3=0.599087552,0.800683524,-0.000000000,0.000000000,-0.800683524,0.599087552,0.000000000,0.000000000,0.000000000,0.000000000,1.000000000,0.000000000,-6.253669437,-9.332387217,28.838711044,1.000000000
POINT1.BLHA=28.81044857,113.51462416,146.504,227.348291
POINT1.MATRIX0=-0.735485915,-0.677540012,0.000000000,0.000000000,0.677540012,-0.735485915,0.000000000,0.000000000,-0.000000000,-0.000000000,1.000000000,0.000000000,12.096295675,-0.109725148,43.000006841,1.000000000
POINT1.MATRIX1=-0.735485915,-0.677540012,0.000000000,0.000000000,0.677540012,-0.735485915,0.000000000,0.000000000,-0.000000000,-0.000000000,1.000000000,0.000000000,12.096295676,-0.109725148,43.450003790,1.000000000
POINT1.MATRIX2=-0.735485915,-0.677540012,0.000000000,0.000000000,0.677540012,-0.735485915,0.000000000,0.000000000,-0.000000000,-0.000000000,1.000000000,0.000000000,11.645653395,-0.110596240,43.450003790,1.000000000
POINT1.MATRIX3=-0.735485915,-0.677540012,0.000000000,0.000000000,0.677540012,-0.735485915,0.000000000,0.000000000,-0.000000000,-0.000000000,1.000000000,0.000000000,11.645653395,-0.110596240,43.000006842,1.000000000
