OBJECTMODELPOINTER=33777c94-e4b9-4947-906f-f84480f3cb99.dev
BASEFAMILY=e0cb634a-70b6-42cd-ba71-7462fe203915.fam
BLHA=28.58865070,113.47941927,287.208654,287.849619
TRANSFORMMATRIX=-0.002232902,-0.999997507,0.000018516,0.000000000,0.999997507,-0.002232902,-0.000001808,0.000000000,0.000001849,0.000018512,1.000000000,0.000000000,11.619813140,117.593513882,21.612916181,1.000000000
ENTITYNAME=Wire_Device
