OBJECTMODELPOINTER=33777c94-e4b9-4947-906f-f84480f3cb99.dev
BASEFAMILY=e0dde457-782d-4cb3-bc9b-7f1274e92c61.fam
BLHA=28.43802035,113.38456732,303.277751,242.026912
TRANSFORMMATRIX=0.001504751,-0.999998867,0.000039439,0.000000000,0.999998868,0.001504751,0.000002148,0.000000000,-0.000002207,0.000039435,0.999999999,0.000000000,-13.530749658,250.680245981,-0.629371503,1.000000000
ENTITYNAME=Wire_Device
