OBJECTMODELPOINTER=33777c94-e4b9-4947-906f-f84480f3cb99.dev
BASEFAMILY=e0e04122-ad15-4dc3-977c-4e28bc3692a7.fam
BLHA=28.30961923,113.43478171,54.752520,501.227736
TRANSFORMMATRIX=0.251534712,0.967848278,0.000005566,0.000000000,-0.967848278,0.251534712,0.000001731,0.000000000,0.000000275,-0.000005822,1.000000000,0.000000000,1.846832939,-37.091133639,45.489689715,1.000000000
ENTITYNAME=Wire_Device
