OBJECTMODELPOINTER=33777c94-e4b9-4947-906f-f84480f3cb99.dev
BASEFAMILY=e0e85bc4-7252-459b-a7fe-f26850fdf6ef.fam
BLHA=28.28149698,113.45977476,95.758412,340.232800
TRANSFORMMATRIX=-0.000465607,-0.999999890,0.000052559,0.000000000,0.999999892,-0.000465607,-0.000000943,0.000000000,0.000000967,0.000052558,0.999999999,0.000000000,5.591509507,335.275907450,44.534532379,1.000000000
ENTITYNAME=Wire_Device
