OBJECTMODELPOINTER=33777c94-e4b9-4947-906f-f84480f3cb99.dev
BASEFAMILY=e0edc022-040e-4a9c-8abc-a3dc946af347.fam
BLHA=28.52337409,113.48828309,330.016596,210.734491
TRANSFORMMATRIX=-0.006901032,-0.999976186,0.000062549,0.000000000,0.999976188,-0.006901033,-0.000000768,0.000000000,0.000001199,0.000062542,0.999999998,0.000000000,8.533035165,398.706991995,21.663116903,1.000000000
ENTITYNAME=Wire_Device
