OBJECTMODELPOINTER=33777c94-e4b9-4947-906f-f84480f3cb99.dev
BASEFAMILY=e0f53b80-01cf-4457-a1a4-f61c26989fc8.fam
BLHA=28.70605444,113.45451077,165.912680,277.425083
TRANSFORMMATRIX=0.002584127,-0.999996660,0.000038921,0.000000000,0.999996661,0.002584127,-0.000001936,0.000000000,0.000001835,0.000038926,0.999999999,0.000000000,11.551214727,247.205754435,6.464331298,1.000000000
ENTITYNAME=Wire_Device
