OBJECTMODELPOINTER=33777c94-e4b9-4947-906f-f84480f3cb99.dev
BASEFAMILY=e0fa840a-e945-40ea-9c1a-928e6ae926cf.fam
BLHA=28.32854622,113.36798434,68.151851,482.460958
TRANSFORMMATRIX=-0.000019981,1.000000000,-0.000000084,0.000000000,-1.000000000,-0.000019981,0.000001176,0.000000000,0.000001176,0.000000084,1.000000000,0.000000000,7.496973707,0.519285880,37.434796016,1.000000000
ENTITYNAME=Wire_Device
