OBJECTMODELPOINTER=33777c94-e4b9-4947-906f-f84480f3cb99.dev
BASEFAMILY=e10b1a14-0d76-4018-b682-a667a3759361.fam
BLHA=28.40635362,113.37217651,164.659139,254.006183
TRANSFORMMATRIX=-0.589248675,-0.807951731,-0.000000179,0.000000000,0.807951731,-0.589248675,-0.000000412,0.000000000,0.000000228,-0.000000387,1.000000000,0.000000000,1.447334233,-2.455846003,21.742354440,1.000000000
ENTITYNAME=Wire_Device
