OBJECTMODELPOINTER=33777c94-e4b9-4947-906f-f84480f3cb99.dev
BASEFAMILY=e10cd118-766f-496a-87be-0d2f5fda4141.fam
BLHA=28.37348418,113.36536629,69.677902,286.379084
TRANSFORMMATRIX=-0.006826617,-0.999976698,0.000005068,0.000000000,0.999976698,-0.006826617,0.000001880,0.000000000,-0.000001845,0.000005081,1.000000000,0.000000000,-11.819931659,32.289573856,37.395105249,1.000000000
ENTITYNAME=Wire_Device
