OBJECTMODELPOINTER=33777c94-e4b9-4947-906f-f84480f3cb99.dev
BASEFAMILY=e117e41d-5936-4e47-87fe-adabb7b81f0f.fam
BLHA=28.26851271,113.48351910,83.112496,355.334735
TRANSFORMMATRIX=0.005389315,-0.999985477,0.000036354,0.000000000,0.999985478,0.005389315,-0.000000950,0.000000000,0.000000754,0.000036358,0.999999999,0.000000000,4.689184446,232.067691882,64.467931150,1.000000000
ENTITYNAME=Wire_Device
