OBJECTMODELPOINTER=33777c94-e4b9-4947-906f-f84480f3cb99.dev
BASEFAMILY=e138f406-7b6c-4be2-827f-bf049ce24be4.fam
BLHA=28.63586389,113.46501767,148.649697,277.610658
TRANSFORMMATRIX=-0.015694017,-0.999876841,0.000005037,0.000000000,0.999876841,-0.015694017,0.000001879,0.000000000,-0.000001800,0.000005066,1.000000000,0.000000000,-11.510785742,32.175948883,35.718447305,1.000000000
ENTITYNAME=Wire_Device
