ENTITYNAME=WIRE
BASEFAMILY=e13d4d47-e44b-46fb-9b7e-31767dd14717.fam
OBJECTMODELPOINTER=81b82497-164d-48c0-b1cb-18fa700dacdf.dev
KVALUE=0.000000
SPLIT=4
POINT0.BLHA=28.53408910,113.50849608,458.182,233.242345
POINT0.MATRIX0=-0.801173862,-0.598431653,0.000000000,0.000000000,0.598431653,-0.801173862,0.000000000,0.000000000,-0.000000000,0.000000000,1.000000000,0.000000000,7.724937600,3.998945316,38.790010724,1.000000000
POINT0.MATRIX1=-0.801173862,-0.598431653,0.000000000,0.000000000,0.598431653,-0.801173862,0.000000000,0.000000000,-0.000000000,0.000000000,1.000000000,0.000000000,7.724937601,3.998945316,39.240010771,1.000000000
POINT0.MATRIX2=-0.801173862,-0.598431653,0.000000000,0.000000000,0.598431653,-0.801173862,0.000000000,0.000000000,-0.000000000,0.000000000,1.000000000,0.000000000,7.274937572,3.998945615,39.240010771,1.000000000
POINT0.MATRIX3=-0.801173862,-0.598431653,0.000000000,0.000000000,0.598431653,-0.801173862,0.000000000,0.000000000,-0.000000000,0.000000000,1.000000000,0.000000000,7.274937572,3.998945615,38.790010724,1.000000000
POINT1.BLHA=28.53408910,113.50849608,458.182,233.242345
POINT1.MATRIX0=-0.801173862,-0.598431653,0.000000000,0.000000000,0.598431653,-0.801173862,0.000000000,0.000000000,-0.000000000,0.000000000,1.000000000,0.000000000,7.724937704,4.000945174,38.790010724,1.000000000
POINT1.MATRIX1=-0.801173862,-0.598431653,0.000000000,0.000000000,0.598431653,-0.801173862,0.000000000,0.000000000,-0.000000000,0.000000000,1.000000000,0.000000000,7.724937704,4.000945174,39.240010772,1.000000000
POINT1.MATRIX2=-0.801173862,-0.598431653,0.000000000,0.000000000,0.598431653,-0.801173862,0.000000000,0.000000000,-0.000000000,0.000000000,1.000000000,0.000000000,7.274937675,4.000945474,39.240010772,1.000000000
POINT1.MATRIX3=-0.801173862,-0.598431653,0.000000000,0.000000000,0.598431653,-0.801173862,0.000000000,0.000000000,-0.000000000,0.000000000,1.000000000,0.000000000,7.274937675,4.000945474,38.790010724,1.000000000
