OBJECTMODELPOINTER=33777c94-e4b9-4947-906f-f84480f3cb99.dev
BASEFAMILY=e14648db-7df8-42bd-8d2d-9a789662ac84.fam
BLHA=28.27757020,113.46637333,93.774105,312.669055
TRANSFORMMATRIX=-0.001241153,-0.999999227,0.000076353,0.000000000,0.999999230,-0.001241152,0.000001415,0.000000000,-0.000001321,0.000076355,0.999999997,0.000000000,-9.672029514,486.030630893,31.862334452,1.000000000
ENTITYNAME=Wire_Device
