OBJECTMODELPOINTER=33777c94-e4b9-4947-906f-f84480f3cb99.dev
BASEFAMILY=e14ba978-0958-40cf-85e4-0932ac5c736b.fam
BLHA=28.31775016,113.38284517,61.633463,329.270898
TRANSFORMMATRIX=0.001454891,-0.999998939,0.000065935,0.000000000,0.999998942,0.001454891,-0.000001366,0.000000000,0.000001270,0.000065936,0.999999998,0.000000000,7.114097547,420.287472733,56.014821166,1.000000000
ENTITYNAME=Wire_Device
