OBJECTMODELPOINTER=33777c94-e4b9-4947-906f-f84480f3cb99.dev
BASEFAMILY=e1517f2a-8b44-488e-be1c-1f03971a9c75.fam
BLHA=28.52337409,113.48828309,330.016596,210.734491
TRANSFORMMATRIX=0.006858733,-0.999976478,0.000029098,0.000000000,0.999976479,0.006858733,0.000001370,0.000000000,-0.000001569,0.000029088,1.000000000,0.000000000,-9.558662251,185.404036401,11.645783952,1.000000000
ENTITYNAME=Wire_Device
