OBJECTMODELPOINTER=33777c94-e4b9-4947-906f-f84480f3cb99.dev
BASEFAMILY=e1510e72-4f25-4a6e-b9b2-5d9d964e66da.fam
BLHA=28.74846038,113.45710577,102.803547,427.264866
TRANSFORMMATRIX=-0.183475333,0.983024314,0.000019525,0.000000000,-0.983024314,-0.183475333,-0.000001150,0.000000000,0.000002452,-0.000019404,1.000000000,0.000000000,15.409654560,-123.291983271,5.561848285,1.000000000
ENTITYNAME=Wire_Device
