OBJECTMODELPOINTER=33777c94-e4b9-4947-906f-f84480f3cb99.dev
BASEFAMILY=e15e4041-00a8-4883-b4ee-c1311e72f671.fam
BLHA=28.71568525,113.45475484,179.580025,274.089521
TRANSFORMMATRIX=-0.156430968,-0.987688893,0.000046484,0.000000000,0.987688894,-0.156430968,0.000000052,0.000000000,0.000007220,0.000045920,0.999999999,0.000000000,45.982222949,291.599702899,48.754492236,1.000000000
ENTITYNAME=Wire_Device
