OBJECTMODELPOINTER=33777c94-e4b9-4947-906f-f84480f3cb99.dev
BASEFAMILY=e1647a56-7a3d-4e3c-a572-3ca45efed7f1.fam
BLHA=28.61307891,113.46689101,233.448700,464.034761
TRANSFORMMATRIX=-0.181618022,0.983369153,0.000048819,0.000000000,-0.983369154,-0.181618023,0.000000298,0.000000000,0.000009159,-0.000047953,0.999999999,0.000000000,58.820323620,-304.681356427,2.049562197,1.000000000
ENTITYNAME=Wire_Device
