OBJECTMODELPOINTER=33777c94-e4b9-4947-906f-f84480f3cb99.dev
BASEFAMILY=e168bba8-fc9e-4e9e-a831-f5c1188946f2.fam
BLHA=28.39632770,113.36872548,122.542167,249.667673
TRANSFORMMATRIX=-0.000009166,-0.999999999,0.000047542,0.000000000,1.000000000,-0.000009166,-0.000001759,0.000000000,0.000001760,0.000047543,0.999999999,0.000000000,11.736849275,302.104196960,40.852375487,1.000000000
ENTITYNAME=Wire_Device
