OBJECTMODELPOINTER=33777c94-e4b9-4947-906f-f84480f3cb99.dev
BASEFAMILY=e1750cff-23e6-4dfe-a645-ffb543616e20.fam
BLHA=28.50209029,113.44375287,199.020645,200.251669
TRANSFORMMATRIX=-0.000004995,-1.000000000,0.000005427,0.000000000,1.000000000,-0.000004995,0.000000039,0.000000000,-0.000000038,0.000005427,1.000000000,0.000000000,-0.186066718,34.622011597,55.133340464,1.000000000
ENTITYNAME=Wire_Device
