OBJECTMODELPOINTER=33777c94-e4b9-4947-906f-f84480f3cb99.dev
BASEFAMILY=e1751e6d-ddbf-4303-86b6-b292a38cae58.fam
BLHA=28.49037109,113.42431436,249.696550,224.957371
TRANSFORMMATRIX=-0.000007668,-1.000000000,0.000018334,0.000000000,1.000000000,-0.000007668,-0.000001729,0.000000000,0.000001729,0.000018334,1.000000000,0.000000000,11.310691330,116.757576042,22.197471333,1.000000000
ENTITYNAME=Wire_Device
