OBJECTMODELPOINTER=33777c94-e4b9-4947-906f-f84480f3cb99.dev
BASEFAMILY=e17701ab-0534-417b-af2f-3482b41597f0.fam
BLHA=28.27407839,113.47004129,94.944746,312.669055
TRANSFORMMATRIX=0.001307955,-0.999999143,0.000052931,0.000000000,0.999999145,0.001307956,0.000001150,0.000000000,-0.000001219,0.000052930,0.999999999,0.000000000,-8.637333969,336.921959721,38.740559001,1.000000000
ENTITYNAME=Wire_Device
