OBJECTMODELPOINTER=33777c94-e4b9-4947-906f-f84480f3cb99.dev
BASEFAMILY=e1a9c487-8765-4872-9c7c-1dd23db9a9dd.fam
BLHA=28.31411764,113.38983103,66.771612,527.133635
TRANSFORMMATRIX=0.266181305,0.963922981,-0.000001173,0.000000000,-0.963922981,0.266181305,0.000001409,0.000000000,0.000001671,0.000000756,1.000000000,0.000000000,10.604147742,4.811173817,25.611084151,1.000000000
ENTITYNAME=Wire_Device
