OBJECTMODELPOINTER=33777c94-e4b9-4947-906f-f84480f3cb99.dev
BASEFAMILY=e1a968aa-5fa8-48c2-9a1b-42457fc6c100.fam
BLHA=28.28368001,113.45281448,67.001736,340.232800
TRANSFORMMATRIX=0.000015402,-0.999999999,0.000027796,0.000000000,1.000000000,0.000015402,0.000001571,0.000000000,-0.000001572,0.000027796,1.000000000,0.000000000,-10.276271658,177.330627823,42.603896712,1.000000000
ENTITYNAME=Wire_Device
