OBJECTMODELPOINTER=33777c94-e4b9-4947-906f-f84480f3cb99.dev
BASEFAMILY=e1aaa486-b534-484a-935d-5227edaba87e.fam
BLHA=28.74846038,113.45710577,102.803547,427.264866
TRANSFORMMATRIX=0.182742387,0.983160831,-0.000000991,0.000000000,-0.983160831,0.182742387,0.000001198,0.000000000,0.000001359,0.000000756,1.000000000,0.000000000,8.676090978,4.813400281,25.746264326,1.000000000
ENTITYNAME=Wire_Device
