ENTITYNAME=WIRE
BASEFAMILY=e1b1c510-24cb-42b7-a00d-65b56f8ae3d3.fam
OBJECTMODELPOINTER=81b82497-164d-48c0-b1cb-18fa700dacdf.dev
KVALUE=0.000000
SPLIT=4
POINT0.BLHA=28.62257154,113.46619683,208.116,273.436520
POINT0.MATRIX0=-0.998201823,0.059942640,-0.000000000,0.000000000,-0.059942640,-0.998201823,0.000000000,0.000000000,0.000000000,-0.000000000,1.000000000,0.000000000,12.954998137,-0.110098725,43.000001277,1.000000000
POINT0.MATRIX1=-0.998201823,0.059942640,-0.000000000,0.000000000,-0.059942640,-0.998201823,0.000000000,0.000000000,0.000000000,-0.000000000,1.000000000,0.000000000,12.954998137,-0.110098725,43.450005855,1.000000000
POINT0.MATRIX2=-0.998201823,0.059942640,-0.000000000,0.000000000,-0.059942640,-0.998201823,0.000000000,0.000000000,0.000000000,-0.000000000,1.000000000,0.000000000,12.504948105,-0.110465949,43.450005855,1.000000000
POINT0.MATRIX3=-0.998201823,0.059942640,-0.000000000,0.000000000,-0.059942640,-0.998201823,0.000000000,0.000000000,0.000000000,-0.000000000,1.000000000,0.000000000,12.504948105,-0.110465949,43.000001277,1.000000000
POINT1.BLHA=28.62257154,113.46619683,208.116,273.436520
POINT1.MATRIX0=-0.998201823,0.059942640,-0.000000000,0.000000000,-0.059942640,-0.998201823,0.000000000,0.000000000,0.000000000,-0.000000000,1.000000000,0.000000000,12.955074282,-0.000103252,43.000001278,1.000000000
POINT1.MATRIX1=-0.998201823,0.059942640,-0.000000000,0.000000000,-0.059942640,-0.998201823,0.000000000,0.000000000,0.000000000,-0.000000000,1.000000000,0.000000000,12.955074283,-0.000103252,43.450005856,1.000000000
POINT1.MATRIX2=-0.998201823,0.059942640,-0.000000000,0.000000000,-0.059942640,-0.998201823,0.000000000,0.000000000,0.000000000,-0.000000000,1.000000000,0.000000000,12.505024250,-0.000470475,43.450005856,1.000000000
POINT1.MATRIX3=-0.998201823,0.059942640,-0.000000000,0.000000000,-0.059942640,-0.998201823,0.000000000,0.000000000,0.000000000,-0.000000000,1.000000000,0.000000000,12.505024250,-0.000470476,43.000001277,1.000000000
