OBJECTMODELPOINTER=33777c94-e4b9-4947-906f-f84480f3cb99.dev
BASEFAMILY=e1ca143b-4c32-4d34-832e-9f89957ded49.fam
BLHA=28.49379582,113.42815973,297.068153,224.957371
TRANSFORMMATRIX=-0.000010550,-1.000000000,0.000026879,0.000000000,1.000000000,-0.000010550,0.000000202,0.000000000,-0.000000202,0.000026878,1.000000000,0.000000000,-0.840308173,171.127679819,16.163962908,1.000000000
ENTITYNAME=Wire_Device
