OBJECTMODELPOINTER=33777c94-e4b9-4947-906f-f84480f3cb99.dev
BASEFAMILY=e1d92010-54fa-40ea-a8c9-8592e4ad69aa.fam
BLHA=28.50885387,113.46090739,244.701846,210.734491
TRANSFORMMATRIX=-0.000009614,-1.000000000,0.000019081,0.000000000,1.000000000,-0.000009614,-0.000001737,0.000000000,0.000001737,0.000019082,1.000000000,0.000000000,11.323891877,121.662818368,35.456072146,1.000000000
ENTITYNAME=Wire_Device
