OBJECTMODELPOINTER=33777c94-e4b9-4947-906f-f84480f3cb99.dev
BASEFAMILY=e1de0fbf-4d16-464d-89af-287354d26743.fam
BLHA=28.39175425,113.36683981,143.500019,249.667673
TRANSFORMMATRIX=0.002615907,-0.999996575,0.000081661,0.000000000,0.999996579,0.002615906,-0.000001522,0.000000000,0.000001309,0.000081665,0.999999997,0.000000000,9.229771556,518.911627092,25.859725654,1.000000000
ENTITYNAME=Wire_Device
