OBJECTMODELPOINTER=33777c94-e4b9-4947-906f-f84480f3cb99.dev
BASEFAMILY=e1f59ffb-82e6-413a-a0d5-4d566ee61539.fam
BLHA=28.79327466,113.49529712,200.216421,221.400685
TRANSFORMMATRIX=-0.000022544,-0.999999998,0.000051177,0.000000000,1.000000000,-0.000022544,0.000000354,0.000000000,-0.000000352,0.000051177,0.999999999,0.000000000,-1.407928569,325.939335083,7.320709359,1.000000000
ENTITYNAME=Wire_Device
