ENTITYNAME=WIRE
BASEFAMILY=e1fffba5-72cb-4de1-87d8-f4a44a79d773.fam
OBJECTMODELPOINTER=31970f28-780e-4bf1-8adb-439f78c329a3.dev
KVALUE=0.000251
SPLIT=1
POINT0.BLHA=28.56112925,113.50240150,222.763,308.993779
POINT0.MATRIX0=-0.777214288,0.629236005,0.000000000,0.000000000,-0.629236005,-0.777214288,-0.000000000,0.000000000,0.000000000,0.000000000,1.000000000,0.000000000,-4.732594351,1.701315461,44.860300852,1.000000000
POINT1.BLHA=28.55813742,113.50479443,276.608,304.990571
POINT1.MATRIX0=-0.819246424,0.573441624,0.000000000,0.000000000,-0.573441624,-0.819246424,0.000000000,0.000000000,0.000000000,0.000000000,1.000000000,0.000000000,-11.322090690,-0.309951185,69.557998928,1.000000000
