OBJECTMODELPOINTER=33777c94-e4b9-4947-906f-f84480f3cb99.dev
BASEFAMILY=e20f2ae6-b6a9-4caa-9656-39649cdf3cdd.fam
BLHA=28.55813742,113.50479443,276.608256,304.990571
TRANSFORMMATRIX=0.000023380,-0.999999997,0.000074834,0.000000000,1.000000000,0.000023380,0.000000125,0.000000000,-0.000000126,0.000074834,0.999999997,0.000000000,-1.966774637,476.037496613,59.684402274,1.000000000
ENTITYNAME=Wire_Device
