OBJECTMODELPOINTER=33777c94-e4b9-4947-906f-f84480f3cb99.dev
BASEFAMILY=e223222f-f8a5-455f-a2b3-3072f4aebbac.fam
BLHA=28.53971514,113.51008635,497.099735,255.750198
TRANSFORMMATRIX=-0.001213211,-0.999999262,0.000061685,0.000000000,0.999999264,-0.001213211,0.000000328,0.000000000,-0.000000253,0.000061685,0.999999998,0.000000000,-1.128777936,391.848966233,-21.722905012,1.000000000
ENTITYNAME=Wire_Device
