OBJECTMODELPOINTER=33777c94-e4b9-4947-906f-f84480f3cb99.dev
BASEFAMILY=e25cbf2c-9c9a-495b-b982-8aa8fa918026.fam
BLHA=28.42674606,113.37865854,204.106778,254.006183
TRANSFORMMATRIX=-0.000011882,-0.999999997,0.000081842,0.000000000,1.000000000,-0.000011882,0.000000534,0.000000000,-0.000000533,0.000081843,0.999999997,0.000000000,-2.683976431,519.910159475,47.577424400,1.000000000
ENTITYNAME=Wire_Device
