OBJECTMODELPOINTER=33777c94-e4b9-4947-906f-f84480f3cb99.dev
BASEFAMILY=e26b493c-0ea4-42aa-a5b5-5bc72d5a52a1.fam
BLHA=28.26885822,113.47846971,85.176990,355.334735
TRANSFORMMATRIX=0.000022819,-0.999999999,0.000038920,0.000000000,1.000000000,0.000022820,0.000001434,0.000000000,-0.000001435,0.000038919,0.999999999,0.000000000,-9.214567982,248.420889807,25.761123353,1.000000000
ENTITYNAME=Wire_Device
