OBJECTMODELPOINTER=33777c94-e4b9-4947-906f-f84480f3cb99.dev
BASEFAMILY=e26b1709-fc34-405f-93fa-d49c134060f1.fam
BLHA=28.31498130,113.40038482,72.539572,2.946268
TRANSFORMMATRIX=-0.041778013,-0.999126917,0.000026270,0.000000000,0.999126918,-0.041778013,0.000001868,0.000000000,-0.000000769,0.000026325,1.000000000,0.000000000,-4.836420680,168.029490159,41.518951358,1.000000000
ENTITYNAME=Wire_Device
