OBJECTMODELPOINTER=33777c94-e4b9-4947-906f-f84480f3cb99.dev
BASEFAMILY=e271be46-6949-4b1e-b26b-14225610ff9c.fam
BLHA=28.32854622,113.36798434,68.151851,482.460958
TRANSFORMMATRIX=-0.107168952,0.994240824,0.000007206,0.000000000,-0.994240824,-0.107168952,0.000000212,0.000000000,0.000000983,-0.000007142,1.000000000,0.000000000,6.374755327,-45.433827187,30.544004419,1.000000000
ENTITYNAME=Wire_Device
