ENTITYNAME=WIRE
BASEFAMILY=e27b7fb8-bcfc-496f-90b1-0991a8f7fe4c.fam
OBJECTMODELPOINTER=81b82497-164d-48c0-b1cb-18fa700dacdf.dev
KVALUE=0.000375
SPLIT=4
POINT0.BLHA=28.31435017,113.39267151,117.559,4.996372
POINT0.MATRIX0=0.087092668,0.996200214,0.000000000,0.000000000,-0.996200214,0.087092668,0.000000000,0.000000000,0.000000000,-0.000000000,1.000000000,0.000000000,-7.069652376,0.130129992,65.066962784,1.000000000
POINT0.MATRIX1=0.087092668,0.996200214,0.000000000,0.000000000,-0.996200214,0.087092668,0.000000000,0.000000000,0.000000000,-0.000000000,1.000000000,0.000000000,-6.885395420,0.129705950,65.532065933,1.000000000
POINT0.MATRIX2=0.087092668,0.996200214,0.000000000,0.000000000,-0.996200214,0.087092668,0.000000000,0.000000000,0.000000000,-0.000000000,1.000000000,0.000000000,-7.350056794,0.129646981,65.715598648,1.000000000
POINT0.MATRIX3=0.087092668,0.996200214,0.000000000,0.000000000,-0.996200214,0.087092668,0.000000000,0.000000000,0.000000000,-0.000000000,1.000000000,0.000000000,-7.534313751,0.130071023,65.250495498,1.000000000
POINT1.BLHA=28.31470596,113.39701913,83.589,4.996372
POINT1.MATRIX0=0.087092668,0.996200214,-0.000000000,0.000000000,-0.996200214,0.087092668,0.000000000,0.000000000,-0.000000000,0.000000000,1.000000000,0.000000000,-7.068825642,-0.129847688,86.066700061,1.000000000
POINT1.MATRIX1=0.087092668,0.996200214,-0.000000000,0.000000000,-0.996200214,0.087092668,0.000000000,0.000000000,-0.000000000,0.000000000,1.000000000,0.000000000,-6.884568686,-0.130271730,86.531787952,1.000000000
POINT1.MATRIX2=0.087092668,0.996200214,-0.000000000,0.000000000,-0.996200214,0.087092668,0.000000000,0.000000000,-0.000000000,0.000000000,1.000000000,0.000000000,-7.349230061,-0.130330699,86.715320666,1.000000000
POINT1.MATRIX3=0.087092668,0.996200214,-0.000000000,0.000000000,-0.996200214,0.087092668,0.000000000,0.000000000,-0.000000000,0.000000000,1.000000000,0.000000000,-7.533487016,-0.129906658,86.250217517,1.000000000
