OBJECTMODELPOINTER=33777c94-e4b9-4947-906f-f84480f3cb99.dev
BASEFAMILY=e284799c-a9a2-489b-9ab7-f00fcf12a322.fam
BLHA=28.35190910,113.36144828,128.122186,278.143009
TRANSFORMMATRIX=0.000000205,-1.000000000,0.000016368,0.000000000,1.000000000,0.000000205,-0.000001785,0.000000000,0.000001785,0.000016368,1.000000000,0.000000000,11.319670195,103.940271786,26.613299618,1.000000000
ENTITYNAME=Wire_Device
