OBJECTMODELPOINTER=33777c94-e4b9-4947-906f-f84480f3cb99.dev
BASEFAMILY=e2a3f184-7857-4db2-9b3d-2bb1b8059cd8.fam
BLHA=28.36995278,113.36656265,67.148041,253.042546
TRANSFORMMATRIX=-0.548519233,-0.836137937,0.000050404,0.000000000,0.836137938,-0.548519233,0.000000329,0.000000000,0.000027373,0.000042325,0.999999999,0.000000000,175.036365293,269.131694260,31.329616385,1.000000000
ENTITYNAME=Wire_Device
