OBJECTMODELPOINTER=33777c94-e4b9-4947-906f-f84480f3cb99.dev
BASEFAMILY=e2bb0ece-a402-4225-bef3-0d867a9e6e00.fam
BLHA=28.31523299,113.41422428,48.000024,0.896163
TRANSFORMMATRIX=0.000024152,-0.999999999,0.000037397,0.000000000,1.000000000,0.000024152,-0.000000833,0.000000000,0.000000833,0.000037398,0.999999999,0.000000000,5.304861143,238.709670667,47.557610239,1.000000000
ENTITYNAME=Wire_Device
