OBJECTMODELPOINTER=33777c94-e4b9-4947-906f-f84480f3cb99.dev
BASEFAMILY=e2c2c1ab-cc83-497a-9ee5-1fdfa0260b76.fam
BLHA=28.30572385,113.43813150,65.831158,307.005893
TRANSFORMMATRIX=0.006623779,-0.999978062,0.000004387,0.000000000,0.999978063,0.006623779,0.000001182,0.000000000,-0.000001212,0.000004379,1.000000000,0.000000000,-7.787494218,27.881346726,34.345636201,1.000000000
ENTITYNAME=Wire_Device
