OBJECTMODELPOINTER=33777c94-e4b9-4947-906f-f84480f3cb99.dev
BASEFAMILY=e2c615c9-eb36-4153-ab88-58f5066a45e5.fam
BLHA=28.70103226,113.45527961,136.730850,277.425083
TRANSFORMMATRIX=0.000004864,-0.999999999,0.000053592,0.000000000,1.000000000,0.000004864,0.000002067,0.000000000,-0.000002068,0.000053592,0.999999999,0.000000000,-13.424068217,340.362267245,38.978377329,1.000000000
ENTITYNAME=Wire_Device
