OBJECTMODELPOINTER=33777c94-e4b9-4947-906f-f84480f3cb99.dev
BASEFAMILY=e2c7f52c-3ace-419c-877e-0bd5b4dfc625.fam
BLHA=28.30572385,113.43813150,65.831158,307.005893
TRANSFORMMATRIX=-0.003404617,-0.999994204,0.000031019,0.000000000,0.999994204,-0.003404617,-0.000000948,0.000000000,0.000001053,0.000031015,1.000000000,0.000000000,6.218724270,197.302462427,53.270554739,1.000000000
ENTITYNAME=Wire_Device
