OBJECTMODELPOINTER=33777c94-e4b9-4947-906f-f84480f3cb99.dev
BASEFAMILY=e2e5e628-d67a-46aa-b386-053fb31dc625.fam
BLHA=28.73032666,113.45294372,113.432437,258.301958
TRANSFORMMATRIX=-0.012652212,-0.999919956,0.000048499,0.000000000,0.999919958,-0.012652212,0.000002362,0.000000000,-0.000001748,0.000048524,0.999999999,0.000000000,-10.837054870,308.202659669,27.918792320,1.000000000
ENTITYNAME=Wire_Device
