OBJECTMODELPOINTER=33777c94-e4b9-4947-906f-f84480f3cb99.dev
BASEFAMILY=e302d4ce-cf2f-4810-b6c4-0e548e3b9658.fam
BLHA=28.31534552,113.42043692,48.733934,348.172871
TRANSFORMMATRIX=-0.218401521,-0.975858993,0.000040789,0.000000000,0.975858994,-0.218401522,-0.000001226,0.000000000,0.000010105,0.000039536,0.999999999,0.000000000,63.914900904,252.238512103,31.929919976,1.000000000
ENTITYNAME=Wire_Device
