OBJECTMODELPOINTER=33777c94-e4b9-4947-906f-f84480f3cb99.dev
BASEFAMILY=e3065829-7948-4897-a0ae-0594194b8cff.fam
BLHA=28.30399811,113.43961542,62.139238,477.400140
TRANSFORMMATRIX=-0.000732722,0.999999732,-0.000000060,0.000000000,-0.999999732,-0.000732722,-0.000001773,0.000000000,-0.000001773,0.000000059,1.000000000,0.000000000,-11.306927592,0.395611530,42.857355983,1.000000000
ENTITYNAME=Wire_Device
