OBJECTMODELPOINTER=33777c94-e4b9-4947-906f-f84480f3cb99.dev
BASEFAMILY=e333e07d-7594-4417-a346-3c6e8005abbc.fam
BLHA=28.44721846,113.39002654,265.559825,242.026912
TRANSFORMMATRIX=-0.002833565,-0.999995985,0.000004933,0.000000000,0.999995985,-0.002833565,0.000002125,0.000000000,-0.000002111,0.000004938,1.000000000,0.000000000,-13.392855398,31.371075137,46.754734412,1.000000000
ENTITYNAME=Wire_Device
