OBJECTMODELPOINTER=33777c94-e4b9-4947-906f-f84480f3cb99.dev
BASEFAMILY=e337c5bf-556a-4a7b-ba4d-f94eaf04d395.fam
BLHA=28.31502906,113.40300484,68.016258,0.896163
TRANSFORMMATRIX=-0.001689314,-0.999998573,0.000025203,0.000000000,0.999998573,-0.001689314,-0.000001324,0.000000000,0.000001366,0.000025200,1.000000000,0.000000000,8.687308773,160.855621580,45.385850377,1.000000000
ENTITYNAME=Wire_Device
