OBJECTMODELPOINTER=33777c94-e4b9-4947-906f-f84480f3cb99.dev
BASEFAMILY=e33ee8aa-adcc-42a1-958f-409ef273a2b5.fam
BLHA=28.68060600,113.45831192,164.595225,275.673275
TRANSFORMMATRIX=0.000000760,-0.999999999,0.000041192,0.000000000,1.000000000,0.000000760,0.000000169,0.000000000,-0.000000169,0.000041192,0.999999999,0.000000000,-1.212288110,261.598586435,37.505568828,1.000000000
ENTITYNAME=Wire_Device
