OBJECTMODELPOINTER=33777c94-e4b9-4947-906f-f84480f3cb99.dev
BASEFAMILY=e34af31a-338d-4a56-b2a2-861e31c0b755.fam
BLHA=28.57663112,113.48588937,251.356728,312.996987
TRANSFORMMATRIX=0.000006697,-1.000000000,0.000017255,0.000000000,1.000000000,0.000006697,0.000000029,0.000000000,-0.000000029,0.000017255,1.000000000,0.000000000,-0.471323446,109.838515256,39.692282769,1.000000000
ENTITYNAME=Wire_Device
