ENTITYNAME=WIRE
BASEFAMILY=e35762bc-7e47-4a61-8142-79960045c80a.fam
OBJECTMODELPOINTER=81b82497-164d-48c0-b1cb-18fa700dacdf.dev
KVALUE=0.000000
SPLIT=4
POINT0.BLHA=28.31435017,113.39267151,117.559,4.996372
POINT0.MATRIX0=0.087092668,0.996200214,0.000000000,0.000000000,-0.996200214,0.087092668,0.000000000,0.000000000,0.000000000,-0.000000000,1.000000000,0.000000000,10.001078241,0.000200618,52.066962784,1.000000000
POINT0.MATRIX1=0.087092668,0.996200214,0.000000000,0.000000000,-0.996200214,0.087092668,0.000000000,0.000000000,0.000000000,-0.000000000,1.000000000,0.000000000,10.185335197,-0.000223423,52.532065933,1.000000000
POINT0.MATRIX2=0.087092668,0.996200214,0.000000000,0.000000000,-0.996200214,0.087092668,0.000000000,0.000000000,0.000000000,-0.000000000,1.000000000,0.000000000,9.720673822,-0.000282392,52.715598648,1.000000000
POINT0.MATRIX3=0.087092668,0.996200214,0.000000000,0.000000000,-0.996200214,0.087092668,0.000000000,0.000000000,0.000000000,-0.000000000,1.000000000,0.000000000,9.536416867,0.000141649,52.250495499,1.000000000
POINT1.BLHA=28.31435017,113.39267151,117.559,4.996372
POINT1.MATRIX0=0.087092668,0.996200214,0.000000000,0.000000000,-0.996200214,0.087092668,0.000000000,0.000000000,0.000000000,-0.000000000,1.000000000,0.000000000,10.001079187,0.130211150,52.066962783,1.000000000
POINT1.MATRIX1=0.087092668,0.996200214,0.000000000,0.000000000,-0.996200214,0.087092668,0.000000000,0.000000000,0.000000000,-0.000000000,1.000000000,0.000000000,10.185336143,0.129787108,52.532065933,1.000000000
POINT1.MATRIX2=0.087092668,0.996200214,0.000000000,0.000000000,-0.996200214,0.087092668,0.000000000,0.000000000,0.000000000,-0.000000000,1.000000000,0.000000000,9.720674769,0.129728139,52.715598648,1.000000000
POINT1.MATRIX3=0.087092668,0.996200214,0.000000000,0.000000000,-0.996200214,0.087092668,0.000000000,0.000000000,0.000000000,-0.000000000,1.000000000,0.000000000,9.536417812,0.130152181,52.250495498,1.000000000
