OBJECTMODELPOINTER=33777c94-e4b9-4947-906f-f84480f3cb99.dev
BASEFAMILY=e364531b-ef5f-4db4-bce7-b23be60f7a11.fam
BLHA=28.33513056,113.36426418,74.466119,467.201749
TRANSFORMMATRIX=-0.154726558,0.987957333,0.000006666,0.000000000,-0.987957333,-0.154726558,0.000000202,0.000000000,0.000001231,-0.000006554,1.000000000,0.000000000,7.915954796,-41.648609267,30.653271200,1.000000000
ENTITYNAME=Wire_Device
