OBJECTMODELPOINTER=33777c94-e4b9-4947-906f-f84480f3cb99.dev
BASEFAMILY=e370064b-f4b9-4e8a-a57d-575995e6a12e.fam
BLHA=28.33182616,113.36613124,59.967362,296.260490
TRANSFORMMATRIX=0.010638226,-0.999943412,0.000026313,0.000000000,0.999943412,0.010638226,-0.000001781,0.000000000,0.000001501,0.000026331,1.000000000,0.000000000,9.221184013,167.347244873,26.739274200,1.000000000
ENTITYNAME=Wire_Device
