OBJECTMODELPOINTER=33777c94-e4b9-4947-906f-f84480f3cb99.dev
BASEFAMILY=e3771e3e-6f04-4143-ac6d-745ef68c53ac.fam
BLHA=28.26827851,113.48694026,97.359750,314.005848
TRANSFORMMATRIX=-0.768703977,-0.639604719,0.000001996,0.000000000,0.639604719,-0.768703977,-0.000001134,0.000000000,0.000002260,0.000000404,1.000000000,0.000000000,14.378839719,2.537159795,42.041613258,1.000000000
ENTITYNAME=Wire_Device
