OBJECTMODELPOINTER=33777c94-e4b9-4947-906f-f84480f3cb99.dev
BASEFAMILY=e37cc5db-25ab-4fc7-accb-656ebb298636.fam
BLHA=28.50469488,113.45163258,174.515783,200.251669
TRANSFORMMATRIX=0.002732731,-0.999996266,0.000018444,0.000000000,0.999996266,0.002732731,-0.000000102,0.000000000,0.000000052,0.000018445,1.000000000,0.000000000,0.529062876,117.664022249,23.358285816,1.000000000
ENTITYNAME=Wire_Device
