OBJECTMODELPOINTER=33777c94-e4b9-4947-906f-f84480f3cb99.dev
BASEFAMILY=e3c6d9aa-7d37-4fc6-a515-bf0b5c585dcf.fam
BLHA=28.29509828,113.44289412,61.743516,287.794387
TRANSFORMMATRIX=0.000009236,-0.999999999,0.000048512,0.000000000,1.000000000,0.000009236,0.000001320,0.000000000,-0.000001321,0.000048512,0.999999999,0.000000000,-8.894372015,308.206263675,11.935411060,1.000000000
ENTITYNAME=Wire_Device
