OBJECTMODELPOINTER=33777c94-e4b9-4947-906f-f84480f3cb99.dev
BASEFAMILY=e3d47fea-26d0-44b0-8a30-034bb05f0f69.fam
BLHA=28.28492071,113.44885804,59.682173,504.180323
TRANSFORMMATRIX=0.252898744,0.967492752,-0.000001061,0.000000000,-0.967492752,0.252898744,0.000001185,0.000000000,0.000001415,0.000000727,1.000000000,0.000000000,8.987235124,4.607214266,54.978966605,1.000000000
ENTITYNAME=Wire_Device
