OBJECTMODELPOINTER=33777c94-e4b9-4947-906f-f84480f3cb99.dev
BASEFAMILY=e3d6d3ed-df62-4f88-8e8c-3a92798fd4ae.fam
BLHA=28.36788990,113.36378392,64.428624,219.706007
TRANSFORMMATRIX=-0.012342481,-0.999923828,0.000035258,0.000000000,0.999923829,-0.012342480,0.000002143,0.000000000,-0.000001708,0.000035282,0.999999999,0.000000000,-10.294270424,224.698147704,17.975900201,1.000000000
ENTITYNAME=Wire_Device
