OBJECTMODELPOINTER=33777c94-e4b9-4947-906f-f84480f3cb99.dev
BASEFAMILY=e41f4e8c-eedb-42a0-a1a0-557218689874.fam
BLHA=28.53408910,113.50849608,458.182485,233.242345
TRANSFORMMATRIX=-0.566699595,-0.823924492,-0.000000172,0.000000000,0.823924492,-0.566699595,0.000001418,0.000000000,-0.000001265,0.000000662,1.000000000,0.000000000,-8.051224816,4.192250636,24.914287804,1.000000000
ENTITYNAME=Wire_Device
