OBJECTMODELPOINTER=33777c94-e4b9-4947-906f-f84480f3cb99.dev
BASEFAMILY=e42704cb-19e1-4f22-85af-5259a58171dd.fam
BLHA=28.45391595,113.39400228,204.515406,242.026912
TRANSFORMMATRIX=-0.008105158,-0.999967153,0.000006577,0.000000000,0.999967153,-0.008105158,-0.000001128,0.000000000,0.000001181,0.000006568,1.000000000,0.000000000,7.619841264,41.767419145,25.557863530,1.000000000
ENTITYNAME=Wire_Device
