ENTITYNAME=WIRE
BASEFAMILY=e42f2184-4ae9-44ac-bee6-228ad55f8536.fam
OBJECTMODELPOINTER=81b82497-164d-48c0-b1cb-18fa700dacdf.dev
KVALUE=0.000000
SPLIT=4
POINT0.BLHA=28.76146332,113.46687719,133.774,236.227775
POINT0.MATRIX0=-0.831254041,-0.555892723,0.000000000,0.000000000,0.555892723,-0.831254041,0.000000000,0.000000000,-0.000000000,0.000000000,1.000000000,0.000000000,12.095217027,-0.109844418,43.000001516,1.000000000
POINT0.MATRIX1=-0.831254041,-0.555892723,0.000000000,0.000000000,0.555892723,-0.831254041,0.000000000,0.000000000,-0.000000000,0.000000000,1.000000000,0.000000000,12.095217027,-0.109844418,43.450013723,1.000000000
POINT0.MATRIX2=-0.831254041,-0.555892723,0.000000000,0.000000000,0.555892723,-0.831254041,0.000000000,0.000000000,-0.000000000,0.000000000,1.000000000,0.000000000,11.644929466,-0.110219248,43.450013722,1.000000000
POINT0.MATRIX3=-0.831254041,-0.555892723,0.000000000,0.000000000,0.555892723,-0.831254041,0.000000000,0.000000000,-0.000000000,0.000000000,1.000000000,0.000000000,11.644929466,-0.110219248,43.000001515,1.000000000
POINT1.BLHA=28.76146332,113.46687719,133.774,236.227775
POINT1.MATRIX0=-0.831254041,-0.555892723,0.000000000,0.000000000,0.555892723,-0.831254041,0.000000000,0.000000000,-0.000000000,0.000000000,1.000000000,0.000000000,12.095097378,0.000158592,43.000001516,1.000000000
POINT1.MATRIX1=-0.831254041,-0.555892723,0.000000000,0.000000000,0.555892723,-0.831254041,0.000000000,0.000000000,-0.000000000,0.000000000,1.000000000,0.000000000,12.095097379,0.000158592,43.450013723,1.000000000
POINT1.MATRIX2=-0.831254041,-0.555892723,0.000000000,0.000000000,0.555892723,-0.831254041,0.000000000,0.000000000,-0.000000000,0.000000000,1.000000000,0.000000000,11.644809819,-0.000216237,43.450013723,1.000000000
POINT1.MATRIX3=-0.831254041,-0.555892723,0.000000000,0.000000000,0.555892723,-0.831254041,0.000000000,0.000000000,-0.000000000,0.000000000,1.000000000,0.000000000,11.644809818,-0.000216237,43.000001516,1.000000000
