OBJECTMODELPOINTER=33777c94-e4b9-4947-906f-f84480f3cb99.dev
BASEFAMILY=e4434c3a-54ff-4861-9c53-9ae71788e570.fam
BLHA=28.51918695,113.48038702,399.659330,210.734491
TRANSFORMMATRIX=-0.000027934,-0.999999998,0.000061089,0.000000000,1.000000000,-0.000027934,0.000002273,0.000000000,-0.000002272,0.000061090,0.999999998,0.000000000,-13.556544883,389.395213313,-9.719891045,1.000000000
ENTITYNAME=Wire_Device
