OBJECTMODELPOINTER=33777c94-e4b9-4947-906f-f84480f3cb99.dev
BASEFAMILY=e44932ec-0f04-4054-9cff-dd0d670ab7ef.fam
BLHA=28.51511181,113.47270360,348.782405,210.734491
TRANSFORMMATRIX=-0.000033220,-0.999999997,0.000070521,0.000000000,0.999999999,-0.000033220,0.000000474,0.000000000,-0.000000472,0.000070521,0.999999997,0.000000000,-1.974715180,449.548505486,57.480096257,1.000000000
ENTITYNAME=Wire_Device
