OBJECTMODELPOINTER=33777c94-e4b9-4947-906f-f84480f3cb99.dev
BASEFAMILY=e450234c-d07b-4fc5-a538-0f7f6dc7b622.fam
BLHA=28.45855791,113.39675815,237.532667,242.026912
TRANSFORMMATRIX=0.004357522,-0.999990506,0.000005347,0.000000000,0.999990506,0.004357522,-0.000002051,0.000000000,0.000002028,0.000005356,1.000000000,0.000000000,13.004588067,34.074249943,55.015773334,1.000000000
ENTITYNAME=Wire_Device
