ENTITYNAME=WIRE
BASEFAMILY=e4692fed-3184-4dca-b4f7-2cf0bcfab9bb.fam
OBJECTMODELPOINTER=81b82497-164d-48c0-b1cb-18fa700dacdf.dev
KVALUE=0.000000
SPLIT=4
POINT0.BLHA=28.78468964,113.48433856,117.864,408.814230
POINT0.MATRIX0=0.752578474,0.658502575,-0.000000000,0.000000000,-0.658502575,0.752578474,-0.000000000,0.000000000,0.000000000,-0.000000000,1.000000000,0.000000000,-9.724307382,0.000731143,25.790005135,1.000000000
POINT0.MATRIX1=0.752578474,0.658502575,-0.000000000,0.000000000,-0.658502575,0.752578474,-0.000000000,0.000000000,0.000000000,-0.000000000,1.000000000,0.000000000,-9.724307382,0.000731143,26.240005138,1.000000000
POINT0.MATRIX2=0.752578474,0.658502575,-0.000000000,0.000000000,-0.658502575,0.752578474,-0.000000000,0.000000000,0.000000000,-0.000000000,1.000000000,0.000000000,-9.274307436,0.000731094,26.240005138,1.000000000
POINT0.MATRIX3=0.752578474,0.658502575,-0.000000000,0.000000000,-0.658502575,0.752578474,-0.000000000,0.000000000,0.000000000,-0.000000000,1.000000000,0.000000000,-9.274307436,0.000731094,25.790005135,1.000000000
POINT1.BLHA=28.78468964,113.48433856,117.864,408.814230
POINT1.MATRIX0=0.752578474,0.658502575,-0.000000000,0.000000000,-0.658502575,0.752578474,-0.000000000,0.000000000,0.000000000,-0.000000000,1.000000000,0.000000000,-9.724307253,-0.001269033,25.790005135,1.000000000
POINT1.MATRIX1=0.752578474,0.658502575,-0.000000000,0.000000000,-0.658502575,0.752578474,-0.000000000,0.000000000,0.000000000,-0.000000000,1.000000000,0.000000000,-9.724307252,-0.001269033,26.240005139,1.000000000
POINT1.MATRIX2=0.752578474,0.658502575,-0.000000000,0.000000000,-0.658502575,0.752578474,-0.000000000,0.000000000,0.000000000,-0.000000000,1.000000000,0.000000000,-9.274307306,-0.001269082,26.240005138,1.000000000
POINT1.MATRIX3=0.752578474,0.658502575,-0.000000000,0.000000000,-0.658502575,0.752578474,-0.000000000,0.000000000,0.000000000,-0.000000000,1.000000000,0.000000000,-9.274307306,-0.001269083,25.790005135,1.000000000
