ENTITYNAME=WIRE
BASEFAMILY=e46ed1cf-f43a-44bd-a867-948ec586446a.fam
OBJECTMODELPOINTER=81b82497-164d-48c0-b1cb-18fa700dacdf.dev
KVALUE=0.094099
SPLIT=4
POINT0.BLHA=28.48504373,113.41833342,235.006,407.385386
POINT0.MATRIX0=0.735924420,0.677063695,-0.000000000,0.000000000,-0.677063695,0.735924420,0.000000000,0.000000000,-0.000000000,0.000000000,1.000000000,0.000000000,7.564910278,0.000126177,25.790000940,1.000000000
POINT0.MATRIX1=0.735924420,0.677063695,-0.000000000,0.000000000,-0.677063695,0.735924420,0.000000000,0.000000000,-0.000000000,0.000000000,1.000000000,0.000000000,7.564910278,0.000126177,26.240000939,1.000000000
POINT0.MATRIX2=0.735924420,0.677063695,-0.000000000,0.000000000,-0.677063695,0.735924420,0.000000000,0.000000000,-0.000000000,0.000000000,1.000000000,0.000000000,8.014910142,0.000126031,26.240000939,1.000000000
POINT0.MATRIX3=0.735924420,0.677063695,-0.000000000,0.000000000,-0.677063695,0.735924420,0.000000000,0.000000000,-0.000000000,0.000000000,1.000000000,0.000000000,8.014910142,0.000126031,25.790000941,1.000000000
POINT1.BLHA=28.48504373,113.41833342,235.006,407.385386
POINT1.MATRIX0=0.735924420,0.677063695,-0.000000000,0.000000000,-0.677063695,0.735924420,0.000000000,0.000000000,-0.000000000,0.000000000,1.000000000,0.000000000,7.454206262,-9.073110125,29.476675725,1.000000000
POINT1.MATRIX1=0.735924420,0.677063695,-0.000000000,0.000000000,-0.677063695,0.735924420,0.000000000,0.000000000,-0.000000000,0.000000000,1.000000000,0.000000000,7.462713727,-9.823169526,29.981248594,1.000000000
POINT1.MATRIX2=0.735924420,0.677063695,-0.000000000,0.000000000,-0.677063695,0.735924420,0.000000000,0.000000000,-0.000000000,0.000000000,1.000000000,0.000000000,7.962046950,-9.794381425,29.981248594,1.000000000
POINT1.MATRIX3=0.735924420,0.677063695,-0.000000000,0.000000000,-0.677063695,0.735924420,0.000000000,0.000000000,-0.000000000,0.000000000,1.000000000,0.000000000,7.953539485,-9.044322024,29.476690984,1.000000000
