OBJECTMODELPOINTER=33777c94-e4b9-4947-906f-f84480f3cb99.dev
BASEFAMILY=e4774b62-c67a-41c0-8d38-0041cd1557db.fam
BLHA=28.32529000,113.37096013,66.626202,509.137564
TRANSFORMMATRIX=-0.501184456,0.865340477,-0.000000052,0.000000000,-0.865340477,-0.501184456,-0.000001431,0.000000000,-0.000001265,-0.000000672,1.000000000,0.000000000,-8.030523814,-4.265860659,25.312646485,1.000000000
ENTITYNAME=Wire_Device
