OBJECTMODELPOINTER=33777c94-e4b9-4947-906f-f84480f3cb99.dev
BASEFAMILY=e47bed4b-b641-4a27-a710-d948fb6c3944.fam
BLHA=28.49379582,113.42815973,297.068153,224.957371
TRANSFORMMATRIX=0.002701226,-0.999996351,0.000048687,0.000000000,0.999996352,0.002701226,-0.000001733,0.000000000,0.000001601,0.000048691,0.999999999,0.000000000,11.002988112,310.034118737,-3.141572811,1.000000000
ENTITYNAME=Wire_Device
