OBJECTMODELPOINTER=33777c94-e4b9-4947-906f-f84480f3cb99.dev
BASEFAMILY=e4827268-033c-469f-92f8-b13f53ad126d.fam
BLHA=28.45391595,113.39400228,204.515406,242.026912
TRANSFORMMATRIX=0.002613876,-0.999996584,0.000006632,0.000000000,0.999996584,0.002613876,-0.000000170,0.000000000,0.000000153,0.000006633,1.000000000,0.000000000,1.066751827,42.164855809,32.049625708,1.000000000
ENTITYNAME=Wire_Device
