OBJECTMODELPOINTER=33777c94-e4b9-4947-906f-f84480f3cb99.dev
BASEFAMILY=e484b2eb-fcde-483e-bc63-aa6706a07070.fam
BLHA=28.61307891,113.46689101,233.448700,464.034761
TRANSFORMMATRIX=0.617332159,0.786702616,0.000000338,0.000000000,-0.786702616,0.617332159,0.000001315,0.000000000,0.000000826,-0.000001076,1.000000000,0.000000000,5.277311251,-6.848090961,35.296401642,1.000000000
ENTITYNAME=Wire_Device
