OBJECTMODELPOINTER=33777c94-e4b9-4947-906f-f84480f3cb99.dev
BASEFAMILY=e49ef923-ef75-4eda-90a0-18e74a8132e5.fam
BLHA=28.78468964,113.48433856,117.864116,408.814230
TRANSFORMMATRIX=-0.138575228,0.990351908,0.000059982,0.000000000,-0.990351910,-0.138575228,0.000001547,0.000000000,0.000009844,-0.000059190,0.999999998,0.000000000,61.733402659,-376.557782967,64.321071639,1.000000000
ENTITYNAME=Wire_Device
