OBJECTMODELPOINTER=33777c94-e4b9-4947-906f-f84480f3cb99.dev
BASEFAMILY=e4a34afd-b5af-4cb1-8d60-b77aa72fb9b9.fam
BLHA=28.78677028,113.48699418,119.837662,221.400685
TRANSFORMMATRIX=0.003374679,-0.999994306,0.000016919,0.000000000,0.999994306,0.003374679,0.000000121,0.000000000,-0.000000178,0.000016918,1.000000000,0.000000000,-0.854408031,107.747957563,38.447247813,1.000000000
ENTITYNAME=Wire_Device
