OBJECTMODELPOINTER=33777c94-e4b9-4947-906f-f84480f3cb99.dev
BASEFAMILY=e4a4f29c-0f93-48be-9ba8-588aa3f95e6f.fam
BLHA=28.75355465,113.46093365,124.778931,236.227775
TRANSFORMMATRIX=-0.004198992,-0.999991183,0.000049037,0.000000000,0.999991184,-0.004198992,0.000002430,0.000000000,-0.000002224,0.000049046,0.999999999,0.000000000,-13.426167487,311.925854552,30.210355171,1.000000000
ENTITYNAME=Wire_Device
