OBJECTMODELPOINTER=33777c94-e4b9-4947-906f-f84480f3cb99.dev
BASEFAMILY=e4ac6c50-7bca-4f8e-b152-135388be90f2.fam
BLHA=28.50595381,113.45544189,275.037773,205.493080
TRANSFORMMATRIX=-0.324149255,-0.946005952,0.000000179,0.000000000,0.946005952,-0.324149255,0.000001416,0.000000000,-0.000001281,0.000000629,1.000000000,0.000000000,-8.137800980,3.993189202,24.533519257,1.000000000
ENTITYNAME=Wire_Device
