OBJECTMODELPOINTER=33777c94-e4b9-4947-906f-f84480f3cb99.dev
BASEFAMILY=e4af6aa2-e7c2-4143-b583-12a8b90461ad.fam
BLHA=28.36295604,113.35959378,63.083646,458.145379
TRANSFORMMATRIX=0.005683563,0.999983848,0.000006089,0.000000000,-0.999983848,0.005683563,0.000000249,0.000000000,0.000000215,-0.000006091,1.000000000,0.000000000,1.398451350,-38.678371856,39.097281689,1.000000000
ENTITYNAME=Wire_Device
