OBJECTMODELPOINTER=33777c94-e4b9-4947-906f-f84480f3cb99.dev
BASEFAMILY=e4c10dbb-8068-4655-8c11-bde6d168f184.fam
BLHA=28.71973492,113.45364743,163.020408,283.291091
TRANSFORMMATRIX=-0.009348014,-0.999956305,0.000054213,0.000000000,0.999956306,-0.009348014,0.000002048,0.000000000,-0.000001541,0.000054230,0.999999998,0.000000000,-10.232521153,344.486826069,29.112906775,1.000000000
ENTITYNAME=Wire_Device
