OBJECTMODELPOINTER=33777c94-e4b9-4947-906f-f84480f3cb99.dev
BASEFAMILY=e4d3e0b2-8e7b-40c3-85fa-217d82eea18e.fam
BLHA=28.60915768,113.46895250,187.940881,294.633001
TRANSFORMMATRIX=0.000000896,-1.000000000,0.000005280,0.000000000,1.000000000,0.000000896,0.000000013,0.000000000,-0.000000013,0.000005280,1.000000000,0.000000000,-0.149132560,33.562649354,55.480981150,1.000000000
ENTITYNAME=Wire_Device
