ENTITYNAME=WIRE
BASEFAMILY=e50806f1-0e5e-4fa1-92dc-8a9bcef98f78.fam
OBJECTMODELPOINTER=81b82497-164d-48c0-b1cb-18fa700dacdf.dev
KVALUE=0.000376
SPLIT=4
POINT0.BLHA=28.31498130,113.40038482,72.540,2.946268
POINT0.MATRIX0=0.051399410,0.998678177,0.000000000,0.000000000,-0.998678177,0.051399410,-0.000000000,0.000000000,-0.000000000,0.000000000,1.000000000,0.000000000,-8.391961637,9.736989062,34.949701477,1.000000000
POINT0.MATRIX1=0.051399410,0.998678177,0.000000000,0.000000000,-0.998678177,0.051399410,-0.000000000,0.000000000,-0.000000000,0.000000000,1.000000000,0.000000000,-8.354765783,10.535693509,35.324915101,1.000000000
POINT0.MATRIX2=0.051399410,0.998678177,0.000000000,0.000000000,-0.998678177,0.051399410,-0.000000000,0.000000000,-0.000000000,0.000000000,1.000000000,0.000000000,-8.854343296,10.556760674,35.324899841,1.000000000
POINT0.MATRIX3=0.051399410,0.998678177,0.000000000,0.000000000,-0.998678177,0.051399410,-0.000000000,0.000000000,-0.000000000,0.000000000,1.000000000,0.000000000,-8.891526601,9.758300044,34.949716736,1.000000000
POINT1.BLHA=28.31502906,113.40300484,68.016,0.896163
POINT1.MATRIX0=0.015640353,0.999877682,-0.000000000,0.000000000,-0.999877682,0.015640353,-0.000000000,0.000000000,-0.000000000,-0.000000000,1.000000000,0.000000000,-7.335773601,-0.130129788,39.866812876,1.000000000
POINT1.MATRIX1=0.015640353,0.999877682,-0.000000000,0.000000000,-0.999877682,0.015640353,-0.000000000,0.000000000,-0.000000000,-0.000000000,1.000000000,0.000000000,-7.150203600,-0.130102478,40.330664805,1.000000000
POINT1.MATRIX2=0.015640353,0.999877682,-0.000000000,0.000000000,-0.999877682,0.015640353,-0.000000000,0.000000000,-0.000000000,-0.000000000,1.000000000,0.000000000,-7.613148341,-0.129941916,40.517325570,1.000000000
POINT1.MATRIX3=0.015640353,0.999877682,-0.000000000,0.000000000,-0.999877682,0.015640353,-0.000000000,0.000000000,-0.000000000,-0.000000000,1.000000000,0.000000000,-7.800671228,-0.129938679,40.053473642,1.000000000
