OBJECTMODELPOINTER=33777c94-e4b9-4947-906f-f84480f3cb99.dev
BASEFAMILY=e50bfd32-a203-478f-9b77-51a6896b2d82.fam
BLHA=28.31502906,113.40300484,68.016258,0.896163
TRANSFORMMATRIX=0.001751144,-0.999998467,0.000004811,0.000000000,0.999998467,0.001751144,0.000001201,0.000000000,-0.000001209,0.000004809,1.000000000,0.000000000,-7.680074877,30.698210045,37.476761277,1.000000000
ENTITYNAME=Wire_Device
