OBJECTMODELPOINTER=33777c94-e4b9-4947-906f-f84480f3cb99.dev
BASEFAMILY=e50e0d2b-3be6-43cc-b9e0-2bcaff5cc05a.fam
BLHA=28.31510010,113.40690744,78.265120,0.896163
TRANSFORMMATRIX=-0.002079702,-0.999997836,0.000044860,0.000000000,0.999997837,-0.002079702,0.000001821,0.000000000,-0.000001728,0.000044864,0.999999999,0.000000000,-10.947696316,286.363583748,39.434721626,1.000000000
ENTITYNAME=Wire_Device
