ENTITYNAME=WIRE
BASEFAMILY=e50ff309-9aba-437c-9fdc-5e0dcb6cef00.fam
OBJECTMODELPOINTER=31970f28-780e-4bf1-8adb-439f78c329a3.dev
KVALUE=0.000287
SPLIT=1
POINT0.BLHA=28.32529000,113.37096013,66.626,509.137564
POINT0.MATRIX0=0.512978582,-0.858401406,0.000000000,0.000000000,0.858401406,0.512978582,0.000000000,0.000000000,0.000000000,-0.000000000,1.000000000,0.000000000,5.161142262,1.331409281,43.945792830,1.000000000
POINT1.BLHA=28.32529000,113.37096013,66.626,509.137564
POINT1.MATRIX0=0.512978582,-0.858401406,0.000000000,0.000000000,0.858401406,0.512978582,0.000000000,0.000000000,0.000000000,-0.000000000,1.000000000,0.000000000,5.173772210,-1.331373745,43.990080213,1.000000000
