OBJECTMODELPOINTER=33777c94-e4b9-4947-906f-f84480f3cb99.dev
BASEFAMILY=e50f0c4e-7d4a-46f2-b5ca-a8cf478e939c.fam
BLHA=28.81479133,113.52057006,101.431429,372.952022
TRANSFORMMATRIX=-0.235811196,0.971798888,0.000037972,0.000000000,-0.971798888,-0.235811197,-0.000001295,0.000000000,0.000007695,-0.000037206,0.999999999,0.000000000,48.614583686,-237.382353060,48.287709999,1.000000000
ENTITYNAME=Wire_Device
