OBJECTMODELPOINTER=33777c94-e4b9-4947-906f-f84480f3cb99.dev
BASEFAMILY=e513a376-f107-4a5a-8631-18d11a23fcd4.fam
BLHA=28.31498130,113.40038482,72.539572,2.946268
TRANSFORMMATRIX=-0.024168913,-0.999707889,0.000000749,0.000000000,0.999707889,-0.024168913,-0.000001776,0.000000000,0.000001793,0.000000706,1.000000000,0.000000000,11.390737539,4.509497692,42.483734090,1.000000000
ENTITYNAME=Wire_Device
