OBJECTMODELPOINTER=33777c94-e4b9-4947-906f-f84480f3cb99.dev
BASEFAMILY=e52bbed9-dce2-42c1-ab56-9b44cf6adec1.fam
BLHA=28.80183094,113.50568524,205.477677,227.348291
TRANSFORMMATRIX=0.013231920,-0.999912454,0.000025570,0.000000000,0.999912454,0.013231920,-0.000001692,0.000000000,0.000001354,0.000025590,1.000000000,0.000000000,9.037942937,162.916584706,29.545230345,1.000000000
ENTITYNAME=Wire_Device
