OBJECTMODELPOINTER=33777c94-e4b9-4947-906f-f84480f3cb99.dev
BASEFAMILY=e55aea61-e05b-43d0-922f-adb6ce3129ba.fam
BLHA=28.59994740,113.47379389,183.494205,294.633001
TRANSFORMMATRIX=0.000016472,-0.999999997,0.000074002,0.000000000,1.000000000,0.000016472,0.000000178,0.000000000,-0.000000179,0.000074002,0.999999997,0.000000000,-2.067610143,470.361655677,57.040764328,1.000000000
ENTITYNAME=Wire_Device
