OBJECTMODELPOINTER=33777c94-e4b9-4947-906f-f84480f3cb99.dev
BASEFAMILY=e55cde63-4813-4dd8-bdbf-254e65237fcf.fam
BLHA=28.30572385,113.43813150,65.831158,307.005893
TRANSFORMMATRIX=0.006252607,-0.999980452,0.000013160,0.000000000,0.999980452,0.006252607,0.000001515,0.000000000,-0.000001598,0.000013150,1.000000000,0.000000000,-10.384857196,83.683262927,41.773266921,1.000000000
ENTITYNAME=Wire_Device
