OBJECTMODELPOINTER=33777c94-e4b9-4947-906f-f84480f3cb99.dev
BASEFAMILY=e56c1b37-086a-45c1-98e9-28a4b3ff8f8c.fam
BLHA=28.58865070,113.47941927,287.208654,287.849619
TRANSFORMMATRIX=0.000011264,-0.999999998,0.000063469,0.000000000,1.000000000,0.000011264,0.000000182,0.000000000,-0.000000183,0.000063469,0.999999998,0.000000000,-1.778560488,403.246183316,9.831060481,1.000000000
ENTITYNAME=Wire_Device
