ENTITYNAME=WIRE
BASEFAMILY=e576ba4c-7db1-4442-a473-fee8279def3c.fam
OBJECTMODELPOINTER=81b82497-164d-48c0-b1cb-18fa700dacdf.dev
KVALUE=0.087546
SPLIT=4
POINT0.BLHA=28.31411764,113.38983103,66.772,527.133635
POINT0.MATRIX0=0.222677850,-0.974892084,0.000000000,0.000000000,0.974892084,0.222677850,-0.000000000,0.000000000,-0.000000000,-0.000000000,1.000000000,0.000000000,-12.226224115,-0.000586324,25.790010355,1.000000000
POINT0.MATRIX1=0.222677850,-0.974892084,0.000000000,0.000000000,0.974892084,0.222677850,-0.000000000,0.000000000,-0.000000000,-0.000000000,1.000000000,0.000000000,-12.226224115,-0.000586323,26.240010358,1.000000000
POINT0.MATRIX2=0.222677850,-0.974892084,0.000000000,0.000000000,0.974892084,0.222677850,-0.000000000,0.000000000,-0.000000000,-0.000000000,1.000000000,0.000000000,-11.776224074,-0.000586713,26.240010357,1.000000000
POINT0.MATRIX3=0.222677850,-0.974892084,0.000000000,0.000000000,0.974892084,0.222677850,-0.000000000,0.000000000,-0.000000000,-0.000000000,1.000000000,0.000000000,-11.776224074,-0.000586713,25.790010354,1.000000000
POINT1.BLHA=28.31411764,113.38983103,66.772,527.133635
POINT1.MATRIX0=0.222677850,-0.974892084,0.000000000,0.000000000,0.974892084,0.222677850,-0.000000000,0.000000000,-0.000000000,-0.000000000,1.000000000,0.000000000,-7.956122891,-9.024561648,30.613401510,1.000000000
POINT1.MATRIX1=0.222677850,-0.974892084,0.000000000,0.000000000,0.974892084,0.222677850,-0.000000000,0.000000000,-0.000000000,-0.000000000,1.000000000,0.000000000,-7.777216766,-9.671318200,31.217620469,1.000000000
POINT1.MATRIX2=0.222677850,-0.974892084,0.000000000,0.000000000,0.974892084,0.222677850,-0.000000000,0.000000000,-0.000000000,-0.000000000,1.000000000,0.000000000,-7.302112892,-9.514716140,31.217559433,1.000000000
POINT1.MATRIX3=0.222677850,-0.974892084,0.000000000,0.000000000,0.974892084,0.222677850,-0.000000000,0.000000000,-0.000000000,-0.000000000,1.000000000,0.000000000,-7.479006142,-8.868000678,30.613386250,1.000000000
