ENTITYNAME=WIRE
BASEFAMILY=e57c93c1-dcd4-431e-a94e-05ced5716993.fam
OBJECTMODELPOINTER=81b82497-164d-48c0-b1cb-18fa700dacdf.dev
KVALUE=0.045325
SPLIT=4
POINT0.BLHA=28.81363020,113.51792493,127.560,396.804576
POINT0.MATRIX0=0.599087552,0.800683524,-0.000000000,0.000000000,-0.800683524,0.599087552,0.000000000,0.000000000,0.000000000,0.000000000,1.000000000,0.000000000,8.958893879,8.745934541,28.270611545,1.000000000
POINT0.MATRIX1=0.599087552,0.800683524,-0.000000000,0.000000000,-0.800683524,0.599087552,0.000000000,0.000000000,0.000000000,0.000000000,1.000000000,0.000000000,9.139442630,9.542649877,28.657153865,1.000000000
POINT0.MATRIX2=0.599087552,0.800683524,-0.000000000,0.000000000,-0.800683524,0.599087552,0.000000000,0.000000000,0.000000000,0.000000000,1.000000000,0.000000000,9.632515270,9.451805707,28.656909725,1.000000000
POINT0.MATRIX3=0.599087552,0.800683524,-0.000000000,0.000000000,-0.800683524,0.599087552,0.000000000,0.000000000,0.000000000,0.000000000,1.000000000,0.000000000,9.447961278,8.656257680,28.270611545,1.000000000
POINT1.BLHA=28.81363020,113.51792493,127.560,396.804576
POINT1.MATRIX0=0.599087552,0.800683524,-0.000000000,0.000000000,-0.800683524,0.599087552,0.000000000,0.000000000,0.000000000,0.000000000,1.000000000,0.000000000,8.543501356,-8.933607361,28.831859133,1.000000000
POINT1.MATRIX1=0.599087552,0.800683524,-0.000000000,0.000000000,-0.800683524,0.599087552,0.000000000,0.000000000,0.000000000,0.000000000,1.000000000,0.000000000,8.662675220,-9.711950242,29.275271675,1.000000000
POINT1.MATRIX2=0.599087552,0.800683524,-0.000000000,0.000000000,-0.800683524,0.599087552,0.000000000,0.000000000,0.000000000,0.000000000,1.000000000,0.000000000,9.152408653,-9.614907472,29.275271675,1.000000000
POINT1.MATRIX3=0.599087552,0.800683524,-0.000000000,0.000000000,-0.800683524,0.599087552,0.000000000,0.000000000,0.000000000,0.000000000,1.000000000,0.000000000,9.038117598,-8.836559024,28.831859133,1.000000000
