OBJECTMODELPOINTER=33777c94-e4b9-4947-906f-f84480f3cb99.dev
BASEFAMILY=e599eaaa-db5a-499f-b061-f547720c8262.fam
BLHA=28.42958283,113.37956045,205.551749,428.016547
TRANSFORMMATRIX=-0.118148637,0.992995921,0.000037489,0.000000000,-0.992995921,-0.118148637,0.000001391,0.000000000,0.000005811,-0.000037062,0.999999999,0.000000000,36.638373906,-235.452244567,16.920296812,1.000000000
ENTITYNAME=Wire_Device
