OBJECTMODELPOINTER=33777c94-e4b9-4947-906f-f84480f3cb99.dev
BASEFAMILY=e5b0d448-8b9e-4fd7-9307-02b36e712a5a.fam
BLHA=28.31411764,113.38983103,66.771612,527.133635
TRANSFORMMATRIX=-0.311451925,0.950261911,0.000007082,0.000000000,-0.950261911,-0.311451925,-0.000001269,0.000000000,0.000001000,-0.000007125,1.000000000,0.000000000,6.399485973,-45.476871927,59.586570898,1.000000000
ENTITYNAME=Wire_Device
