OBJECTMODELPOINTER=33777c94-e4b9-4947-906f-f84480f3cb99.dev
BASEFAMILY=e5baab6e-dc5d-45d7-b0dc-308f8b3ba147.fam
BLHA=28.31402241,113.42375188,48.067305,335.449580
TRANSFORMMATRIX=0.002231309,-0.999997510,0.000016473,0.000000000,0.999997511,0.002231309,-0.000001505,0.000000000,0.000001468,0.000016476,1.000000000,0.000000000,9.124564721,105.057303533,48.341153883,1.000000000
ENTITYNAME=Wire_Device
