OBJECTMODELPOINTER=33777c94-e4b9-4947-906f-f84480f3cb99.dev
BASEFAMILY=e5ceba55-c4de-437e-b172-ab532c71d4c5.fam
BLHA=28.37348418,113.36536629,69.677902,286.379084
TRANSFORMMATRIX=-0.006820114,-0.999976742,0.000048209,0.000000000,0.999976743,-0.006820114,0.000002046,0.000000000,-0.000001718,0.000048221,0.999999999,0.000000000,-11.391052441,306.345861333,19.390550255,1.000000000
ENTITYNAME=Wire_Device
