OBJECTMODELPOINTER=33777c94-e4b9-4947-906f-f84480f3cb99.dev
BASEFAMILY=e5e550da-2527-4db9-aa04-62f0039274a0.fam
BLHA=28.80841146,113.51251091,171.150662,227.348291
TRANSFORMMATRIX=-0.000007968,-0.999999999,0.000032798,0.000000000,1.000000000,-0.000007968,0.000002083,0.000000000,-0.000002083,0.000032799,0.999999999,0.000000000,-12.726189901,208.742990623,54.102239364,1.000000000
ENTITYNAME=Wire_Device
