OBJECTMODELPOINTER=33777c94-e4b9-4947-906f-f84480f3cb99.dev
BASEFAMILY=e5ec4293-ee89-400e-aaa5-7fba416c8ad0.fam
BLHA=28.37691435,113.36420413,70.521818,286.379084
TRANSFORMMATRIX=0.000009313,-0.999999998,0.000056232,0.000000000,1.000000000,0.000009313,-0.000001644,0.000000000,0.000001644,0.000056232,0.999999998,0.000000000,9.985091650,357.203400108,36.943988071,1.000000000
ENTITYNAME=Wire_Device
