OBJECTMODELPOINTER=33777c94-e4b9-4947-906f-f84480f3cb99.dev
BASEFAMILY=e5f14026-5e92-4d26-baa3-023600fa0aa4.fam
BLHA=28.74846038,113.45710577,102.803547,427.264866
TRANSFORMMATRIX=-0.189801705,0.981822443,0.000052130,0.000000000,-0.981822445,-0.189801706,0.000000465,0.000000000,0.000010351,-0.000051094,0.999999999,0.000000000,65.421875662,-324.595170744,-5.248747350,1.000000000
ENTITYNAME=Wire_Device
