OBJECTMODELPOINTER=33777c94-e4b9-4947-906f-f84480f3cb99.dev
BASEFAMILY=e5ffff50-3b6a-4237-a00e-4c757690c493.fam
BLHA=28.28368001,113.45281448,67.001736,340.232800
TRANSFORMMATRIX=0.000022370,-0.999999998,0.000050290,0.000000000,1.000000000,0.000022370,0.000001202,0.000000000,-0.000001204,0.000050290,0.999999999,0.000000000,-8.178476009,320.827237983,65.334038344,1.000000000
ENTITYNAME=Wire_Device
