OBJECTMODELPOINTER=33777c94-e4b9-4947-906f-f84480f3cb99.dev
BASEFAMILY=e604ffa9-e8ea-47e8-aaf5-624c938cde8f.fam
BLHA=28.28492071,113.44885804,59.682173,504.180323
TRANSFORMMATRIX=-0.274272392,0.961652045,0.000006999,0.000000000,-0.961652045,-0.274272392,0.000001663,0.000000000,0.000003519,-0.000006275,1.000000000,0.000000000,22.483054227,-40.036085444,42.594780690,1.000000000
ENTITYNAME=Wire_Device
