OBJECTMODELPOINTER=33777c94-e4b9-4947-906f-f84480f3cb99.dev
BASEFAMILY=e610360c-99b5-437a-8358-83e9e5f9ef06.fam
BLHA=28.27160371,113.47264060,64.950919,312.669055
TRANSFORMMATRIX=-0.007392601,-0.999972674,0.000005952,0.000000000,0.999972674,-0.007392601,-0.000001224,0.000000000,0.000001267,0.000005943,1.000000000,0.000000000,7.972700311,37.802814855,41.089840940,1.000000000
ENTITYNAME=Wire_Device
