OBJECTMODELPOINTER=33777c94-e4b9-4947-906f-f84480f3cb99.dev
BASEFAMILY=e61a956f-4294-4977-a950-b491c741cb35.fam
BLHA=28.44721846,113.39002654,265.559825,242.026912
TRANSFORMMATRIX=-0.002836813,-0.999995976,0.000017818,0.000000000,0.999995976,-0.002836813,0.000002218,0.000000000,-0.000002168,0.000017824,1.000000000,0.000000000,-13.576147967,113.286580476,33.648181256,1.000000000
ENTITYNAME=Wire_Device
