OBJECTMODELPOINTER=33777c94-e4b9-4947-906f-f84480f3cb99.dev
BASEFAMILY=e61d8da5-773a-4136-950a-6b743bda28db.fam
BLHA=28.78677028,113.48699418,119.837662,221.400685
TRANSFORMMATRIX=0.016583803,-0.999862479,0.000026522,0.000000000,0.999862479,0.016583803,-0.000001910,0.000000000,0.000001470,0.000026550,1.000000000,0.000000000,9.787439278,169.114994883,29.335123806,1.000000000
ENTITYNAME=Wire_Device
