OBJECTMODELPOINTER=33777c94-e4b9-4947-906f-f84480f3cb99.dev
BASEFAMILY=e62ed7a7-7458-4d0d-a307-28b47c351d57.fam
BLHA=28.41763874,113.37576334,172.022371,254.006183
TRANSFORMMATRIX=-0.000008925,-0.999999998,0.000057939,0.000000000,1.000000000,-0.000008925,-0.000001708,0.000000000,0.000001708,0.000057940,0.999999998,0.000000000,11.411461137,368.080708345,51.772736068,1.000000000
ENTITYNAME=Wire_Device
