OBJECTMODELPOINTER=33777c94-e4b9-4947-906f-f84480f3cb99.dev
BASEFAMILY=e630af62-cf73-4ea4-aedd-19d004e39e99.fam
BLHA=28.30070252,113.44082959,73.741833,287.794387
TRANSFORMMATRIX=0.001917932,-0.999998160,0.000049756,0.000000000,0.999998161,0.001917932,0.000001325,0.000000000,-0.000001420,0.000049753,0.999999999,0.000000000,-9.539984632,316.095100747,46.553892261,1.000000000
ENTITYNAME=Wire_Device
