OBJECTMODELPOINTER=33777c94-e4b9-4947-906f-f84480f3cb99.dev
BASEFAMILY=e630b24c-92a4-4af7-8afd-0d0f83168835.fam
BLHA=28.67734470,113.45869625,172.236825,275.673275
TRANSFORMMATRIX=0.003800827,-0.999992777,0.000025348,0.000000000,0.999992777,0.003800827,0.000001960,0.000000000,-0.000002056,0.000025340,1.000000000,0.000000000,-13.208000365,160.933548282,39.920175864,1.000000000
ENTITYNAME=Wire_Device
