OBJECTMODELPOINTER=33777c94-e4b9-4947-906f-f84480f3cb99.dev
BASEFAMILY=e643870a-5b53-49f0-a629-1f7453dca353.fam
BLHA=28.31534552,113.42043692,48.733934,348.172871
TRANSFORMMATRIX=-0.225240237,-0.974303257,0.000006573,0.000000000,0.974303257,-0.225240237,0.000001903,0.000000000,-0.000000373,0.000006832,1.000000000,0.000000000,-2.415404808,43.603171950,42.788970245,1.000000000
ENTITYNAME=Wire_Device
