OBJECTMODELPOINTER=33777c94-e4b9-4947-906f-f84480f3cb99.dev
BASEFAMILY=e66d4d49-b663-4855-b72a-57698cf5078c.fam
BLHA=28.74846038,113.45710577,102.803547,427.264866
TRANSFORMMATRIX=-0.183470403,0.983025232,0.000064075,0.000000000,-0.983025234,-0.183470403,-0.000000901,0.000000000,0.000010871,-0.000063152,0.999999998,0.000000000,68.595290277,-401.217330295,-7.349006012,1.000000000
ENTITYNAME=Wire_Device
