OBJECTMODELPOINTER=33777c94-e4b9-4947-906f-f84480f3cb99.dev
BASEFAMILY=e66d5542-60b8-4b25-9cfd-34274ad38140.fam
BLHA=28.49379582,113.42815973,297.068153,224.957371
TRANSFORMMATRIX=-0.002721369,-0.999996297,0.000005128,0.000000000,0.999996297,-0.002721369,0.000002130,0.000000000,-0.000002117,0.000005133,1.000000000,0.000000000,-13.388954094,32.649011562,49.159265369,1.000000000
ENTITYNAME=Wire_Device
