OBJECTMODELPOINTER=33777c94-e4b9-4947-906f-f84480f3cb99.dev
BASEFAMILY=e676d598-8ef0-44f2-9eec-af7edfd041ea.fam
BLHA=28.39175425,113.36683981,143.500019,249.667673
TRANSFORMMATRIX=0.002620033,-0.999996566,0.000059106,0.000000000,0.999996568,0.002620032,-0.000001679,0.000000000,0.000001525,0.000059110,0.999999998,0.000000000,10.359922896,375.600852409,13.428101294,1.000000000
ENTITYNAME=Wire_Device
