OBJECTMODELPOINTER=33777c94-e4b9-4947-906f-f84480f3cb99.dev
BASEFAMILY=e6a00e59-7177-4a2c-9ad1-0c3b0ab47397.fam
BLHA=28.34901903,113.36193338,109.289234,278.143009
TRANSFORMMATRIX=-0.004080979,-0.999991672,0.000050476,0.000000000,0.999991673,-0.004080979,-0.000001629,0.000000000,0.000001835,0.000050468,0.999999999,0.000000000,11.480174542,320.500739243,19.308807097,1.000000000
ENTITYNAME=Wire_Device
