OBJECTMODELPOINTER=33777c94-e4b9-4947-906f-f84480f3cb99.dev
BASEFAMILY=e6a1d88e-76fe-45a0-98da-086c3030217e.fam
BLHA=28.47144509,113.40546217,294.357908,229.813402
TRANSFORMMATRIX=-0.012554164,-0.999921193,0.000038327,0.000000000,0.999921193,-0.012554164,0.000002289,0.000000000,-0.000001808,0.000038352,0.999999999,0.000000000,-10.886434372,244.043455547,-5.542572349,1.000000000
ENTITYNAME=Wire_Device
