OBJECTMODELPOINTER=33777c94-e4b9-4947-906f-f84480f3cb99.dev
BASEFAMILY=e6d0f5e5-834a-4510-ba24-9470eaa5e651.fam
BLHA=28.44311633,113.38759173,262.560023,242.026912
TRANSFORMMATRIX=-0.000011512,-0.999999999,0.000047313,0.000000000,1.000000000,-0.000011512,0.000000346,0.000000000,-0.000000346,0.000047314,0.999999999,0.000000000,-1.556685437,300.790222257,68.105266971,1.000000000
ENTITYNAME=Wire_Device
