OBJECTMODELPOINTER=33777c94-e4b9-4947-906f-f84480f3cb99.dev
BASEFAMILY=e6e37bd5-dbef-40c0-8bd4-2370f280905f.fam
BLHA=28.51918695,113.48038702,399.659330,210.734491
TRANSFORMMATRIX=-0.000012624,-1.000000000,0.000027600,0.000000000,1.000000000,-0.000012624,0.000000183,0.000000000,-0.000000183,0.000027600,1.000000000,0.000000000,-0.761790082,175.939792130,2.099724949,1.000000000
ENTITYNAME=Wire_Device
