OBJECTMODELPOINTER=33777c94-e4b9-4947-906f-f84480f3cb99.dev
BASEFAMILY=e6e40407-b85b-4948-80d8-87a3b97fe7b8.fam
BLHA=28.46688419,113.40170203,216.340862,242.026912
TRANSFORMMATRIX=-0.000002372,-1.000000000,0.000018490,0.000000000,1.000000000,-0.000002372,0.000000135,0.000000000,-0.000000136,0.000018490,1.000000000,0.000000000,-0.609886510,117.550313901,31.455989409,1.000000000
ENTITYNAME=Wire_Device
