OBJECTMODELPOINTER=33777c94-e4b9-4947-906f-f84480f3cb99.dev
BASEFAMILY=e7134f4b-1395-47de-9342-35a6cbc2e412.fam
BLHA=28.52337409,113.48828309,330.016596,210.734491
TRANSFORMMATRIX=-0.715444324,-0.698669750,-0.000000295,0.000000000,0.698669750,-0.715444324,-0.000001276,0.000000000,0.000000681,-0.000001119,1.000000000,0.000000000,4.312977903,-7.123877552,36.754103522,1.000000000
ENTITYNAME=Wire_Device
