OBJECTMODELPOINTER=33777c94-e4b9-4947-906f-f84480f3cb99.dev
BASEFAMILY=e7196795-9423-4bc6-8155-97e90bf1cd41.fam
BLHA=28.30786495,113.43629033,62.969533,307.005893
TRANSFORMMATRIX=-0.000000332,-1.000000000,0.000005629,0.000000000,1.000000000,-0.000000332,0.000001499,0.000000000,-0.000001500,0.000005629,1.000000000,0.000000000,-9.641350788,35.836991826,45.471506831,1.000000000
ENTITYNAME=Wire_Device
