ENTITYNAME=WIRE
BASEFAMILY=e71a8178-0523-407e-b0ca-a30b7c28df19.fam
OBJECTMODELPOINTER=31970f28-780e-4bf1-8adb-439f78c329a3.dev
KVALUE=0.000242
SPLIT=1
POINT0.BLHA=28.59994740,113.47379389,183.494,294.633001
POINT0.MATRIX0=-0.908996188,0.416804426,-0.000000000,0.000000000,-0.416804426,-0.908996188,0.000000000,0.000000000,0.000000000,-0.000000000,1.000000000,0.000000000,11.319813056,0.309848507,66.558003353,1.000000000
POINT1.BLHA=28.59525170,113.47626182,222.708,294.633001
POINT1.MATRIX0=-0.908996188,0.416804426,0.000000000,0.000000000,-0.416804426,-0.908996188,0.000000000,0.000000000,-0.000000000,0.000000000,1.000000000,0.000000000,10.608657789,-0.309870761,51.557998951,1.000000000
