OBJECTMODELPOINTER=33777c94-e4b9-4947-906f-f84480f3cb99.dev
BASEFAMILY=e729266c-8c33-4b78-bd14-e38006f7e857.fam
BLHA=28.27407839,113.47004129,94.944746,312.669055
TRANSFORMMATRIX=0.001304085,-0.999999149,0.000042348,0.000000000,0.999999150,0.001304085,0.000001131,0.000000000,-0.000001186,0.000042346,0.999999999,0.000000000,-8.255427234,269.557513035,36.594895682,1.000000000
ENTITYNAME=Wire_Device
