OBJECTMODELPOINTER=33777c94-e4b9-4947-906f-f84480f3cb99.dev
BASEFAMILY=e72ffa5d-ec47-4b79-a5d1-204b35adfe40.fam
BLHA=28.31294059,113.42646212,52.368358,335.449580
TRANSFORMMATRIX=0.000026244,-0.999999998,0.000050926,0.000000000,1.000000000,0.000026244,0.000001317,0.000000000,-0.000001318,0.000050926,0.999999999,0.000000000,-9.014983921,324.788484963,25.435890671,1.000000000
ENTITYNAME=Wire_Device
