OBJECTMODELPOINTER=33777c94-e4b9-4947-906f-f84480f3cb99.dev
BASEFAMILY=e74595d3-294c-4b6e-b185-214d83aee263.fam
BLHA=28.29768818,113.44194006,79.179744,287.794387
TRANSFORMMATRIX=0.001533130,-0.999998825,0.000017118,0.000000000,0.999998825,0.001533130,-0.000001033,0.000000000,0.000001006,0.000017120,1.000000000,0.000000000,6.256129312,108.750194267,53.744548584,1.000000000
ENTITYNAME=Wire_Device
