OBJECTMODELPOINTER=33777c94-e4b9-4947-906f-f84480f3cb99.dev
BASEFAMILY=e74c71ea-889d-4355-b374-392747e2c7ca.fam
BLHA=28.66573943,113.46033717,166.408962,277.610658
TRANSFORMMATRIX=0.002348198,-0.999997243,0.000005848,0.000000000,0.999997243,0.002348198,0.000001882,0.000000000,-0.000001896,0.000005844,1.000000000,0.000000000,-12.124861496,37.123770552,35.287054815,1.000000000
ENTITYNAME=Wire_Device
