OBJECTMODELPOINTER=33777c94-e4b9-4947-906f-f84480f3cb99.dev
BASEFAMILY=e752ac8b-1511-4201-8da7-9dcf12882fb1.fam
BLHA=28.69702652,113.45589279,149.051008,277.425083
TRANSFORMMATRIX=0.000003383,-1.000000000,0.000027212,0.000000000,1.000000000,0.000003383,0.000001965,0.000000000,-0.000001965,0.000027212,1.000000000,0.000000000,-12.658273193,172.827607561,32.318122354,1.000000000
ENTITYNAME=Wire_Device
