OBJECTMODELPOINTER=33777c94-e4b9-4947-906f-f84480f3cb99.dev
BASEFAMILY=e753dc8a-9ffb-453b-97b4-4e11fecdcb65.fam
BLHA=28.68060600,113.45831192,164.595225,275.673275
TRANSFORMMATRIX=-0.000000526,-1.000000000,0.000018318,0.000000000,1.000000000,-0.000000526,0.000000077,0.000000000,-0.000000078,0.000018318,1.000000000,0.000000000,-0.553412191,116.332425544,35.147621748,1.000000000
ENTITYNAME=Wire_Device
