OBJECTMODELPOINTER=33777c94-e4b9-4947-906f-f84480f3cb99.dev
BASEFAMILY=e75600f8-9abb-4eae-b522-3680b3d12ff4.fam
BLHA=28.37348418,113.36536629,69.677902,286.379084
TRANSFORMMATRIX=-0.001026883,-0.999999472,0.000036307,0.000000000,0.999999473,-0.001026883,0.000000139,0.000000000,-0.000000102,0.000036308,0.999999999,0.000000000,-0.975899671,230.646784198,23.083477988,1.000000000
ENTITYNAME=Wire_Device
