OBJECTMODELPOINTER=33777c94-e4b9-4947-906f-f84480f3cb99.dev
BASEFAMILY=e758138a-bc81-4106-889d-a4a336288d34.fam
BLHA=28.27757020,113.46637333,93.774105,312.669055
TRANSFORMMATRIX=-0.000904635,-0.999999591,0.000018267,0.000000000,0.999999591,-0.000904635,0.000001165,0.000000000,-0.000001149,0.000018269,1.000000000,0.000000000,-7.616100596,116.300854500,56.368367673,1.000000000
ENTITYNAME=Wire_Device
