OBJECTMODELPOINTER=33777c94-e4b9-4947-906f-f84480f3cb99.dev
BASEFAMILY=e7627142-7429-427c-a867-16cf440a3a16.fam
BLHA=28.74846038,113.45710577,102.803547,427.264866
TRANSFORMMATRIX=-0.200720571,0.979648534,0.000052153,0.000000000,-0.979648535,-0.200720572,0.000001409,0.000000000,0.000011849,-0.000050807,0.999999999,0.000000000,74.977637603,-322.758561628,-9.302265975,1.000000000
ENTITYNAME=Wire_Device
