OBJECTMODELPOINTER=33777c94-e4b9-4947-906f-f84480f3cb99.dev
BASEFAMILY=e7843835-035c-4256-a35a-3d61e094e73a.fam
BLHA=28.56928949,113.49371034,236.536103,312.996987
TRANSFORMMATRIX=0.000006974,-1.000000000,0.000018057,0.000000000,1.000000000,0.000006974,0.000000029,0.000000000,-0.000000030,0.000018057,1.000000000,0.000000000,-0.485717715,114.946191236,40.142874358,1.000000000
ENTITYNAME=Wire_Device
