ENTITYNAME=WIRE
BASEFAMILY=e792ee17-9913-4566-8a5c-d41259646860.fam
OBJECTMODELPOINTER=31970f28-780e-4bf1-8adb-439f78c329a3.dev
KVALUE=0.000233
SPLIT=1
POINT0.BLHA=28.34583559,113.36246769,78.593,278.143009
POINT0.MATRIX0=-0.989917611,0.141644356,0.000000000,0.000000000,-0.141644356,-0.989917611,-0.000000000,0.000000000,-0.000000000,0.000000000,1.000000000,0.000000000,-11.321163662,0.630144066,63.558003040,1.000000000
POINT1.BLHA=28.34247838,113.36303113,107.751,278.143009
POINT1.MATRIX0=-0.989917611,0.141644356,-0.000000000,0.000000000,-0.141644356,-0.989917611,-0.000000000,0.000000000,0.000000000,-0.000000000,1.000000000,0.000000000,-9.868206627,-0.618622051,42.558009232,1.000000000
