OBJECTMODELPOINTER=33777c94-e4b9-4947-906f-f84480f3cb99.dev
BASEFAMILY=e7a53498-a8ea-4c62-bc52-e070fb22b9e3.fam
BLHA=28.70879307,113.45409149,169.216562,451.156517
TRANSFORMMATRIX=-0.658537151,0.752548218,-0.000000334,0.000000000,-0.752548218,-0.658537151,0.000001299,0.000000000,0.000000757,0.000001107,1.000000000,0.000000000,4.835656736,7.030324830,35.960363689,1.000000000
ENTITYNAME=Wire_Device
