OBJECTMODELPOINTER=33777c94-e4b9-4947-906f-f84480f3cb99.dev
BASEFAMILY=e7bf0ca8-df1b-4aff-a7b9-d47447255f61.fam
BLHA=28.40337100,113.37122865,129.378598,254.006183
TRANSFORMMATRIX=-0.011883801,-0.999929384,0.000037660,0.000000000,0.999929385,-0.011883801,0.000002337,0.000000000,-0.000001890,0.000037685,0.999999999,0.000000000,-11.726793862,239.377720472,41.040706326,1.000000000
ENTITYNAME=Wire_Device
