OBJECTMODELPOINTER=33777c94-e4b9-4947-906f-f84480f3cb99.dev
BASEFAMILY=e7ccef2b-cf45-41b9-8d33-aaa762b38dd7.fam
BLHA=28.30786495,113.43629033,62.969533,307.005893
TRANSFORMMATRIX=-0.000001669,-1.000000000,0.000005650,0.000000000,1.000000000,-0.000001669,-0.000001433,0.000000000,0.000001433,0.000005650,1.000000000,0.000000000,9.042190323,35.924366523,45.471486134,1.000000000
ENTITYNAME=Wire_Device
