OBJECTMODELPOINTER=33777c94-e4b9-4947-906f-f84480f3cb99.dev
BASEFAMILY=e7cd5055-bd7f-4d4e-a218-ffa2711d62af.fam
BLHA=28.57953661,113.48279374,260.580940,480.423303
TRANSFORMMATRIX=-0.231470669,0.972841882,0.000030217,0.000000000,-0.972841883,-0.231470670,0.000001163,0.000000000,0.000008126,-0.000029128,1.000000000,0.000000000,52.222648429,-185.332672553,20.698894038,1.000000000
ENTITYNAME=Wire_Device
