OBJECTMODELPOINTER=33777c94-e4b9-4947-906f-f84480f3cb99.dev
BASEFAMILY=e7d77df5-7fb2-4055-a11c-39db6b0f64b7.fam
BLHA=28.50885387,113.46090739,244.701846,210.734491
TRANSFORMMATRIX=-0.000003068,-1.000000000,0.000005964,0.000000000,1.000000000,-0.000003068,0.000000044,0.000000000,-0.000000044,0.000005964,1.000000000,0.000000000,-0.195957123,38.017977079,40.156913798,1.000000000
ENTITYNAME=Wire_Device
