OBJECTMODELPOINTER=33777c94-e4b9-4947-906f-f84480f3cb99.dev
BASEFAMILY=e7e9b7e1-6282-433e-b506-537727e410c0.fam
BLHA=28.81363020,113.51792493,127.559863,396.804576
TRANSFORMMATRIX=-0.180713358,0.983535806,0.000006064,0.000000000,-0.983535806,-0.180713358,0.000000217,0.000000000,0.000001310,-0.000005925,1.000000000,0.000000000,8.238341748,-37.731181596,32.921617132,1.000000000
ENTITYNAME=Wire_Device
