ENTITYNAME=WIRE
BASEFAMILY=e7ec20c5-ce93-4920-b0fa-c2283e7eee31.fam
OBJECTMODELPOINTER=81b82497-164d-48c0-b1cb-18fa700dacdf.dev
KVALUE=0.000000
SPLIT=4
POINT0.BLHA=28.79327466,113.49529712,200.216,221.400685
POINT0.MATRIX0=-0.661320829,-0.750103167,-0.000000000,0.000000000,0.750103167,-0.661320829,0.000000000,0.000000000,-0.000000000,0.000000000,1.000000000,0.000000000,0.182103133,-0.119798806,44.478131351,1.000000000
POINT0.MATRIX1=-0.661320829,-0.750103167,-0.000000000,0.000000000,0.750103167,-0.661320829,0.000000000,0.000000000,-0.000000000,0.000000000,1.000000000,0.000000000,0.215679696,-0.120108397,44.926899967,1.000000000
POINT0.MATRIX2=-0.661320829,-0.750103167,-0.000000000,0.000000000,0.750103167,-0.661320829,0.000000000,0.000000000,-0.000000000,0.000000000,1.000000000,0.000000000,-0.234102752,-0.119341166,44.960164127,1.000000000
POINT0.MATRIX3=-0.661320829,-0.750103167,-0.000000000,0.000000000,0.750103167,-0.661320829,0.000000000,0.000000000,-0.000000000,0.000000000,1.000000000,0.000000000,-0.266214270,-0.120323218,44.511395511,1.000000000
POINT1.BLHA=28.79327466,113.49529712,200.216,221.400685
POINT1.MATRIX0=-0.661320829,-0.750103167,-0.000000000,0.000000000,0.750103167,-0.661320829,0.000000000,0.000000000,-0.000000000,0.000000000,1.000000000,0.000000000,0.182110859,0.000213681,44.478131352,1.000000000
POINT1.MATRIX1=-0.661320829,-0.750103167,-0.000000000,0.000000000,0.750103167,-0.661320829,0.000000000,0.000000000,-0.000000000,0.000000000,1.000000000,0.000000000,0.215687422,-0.000095910,44.926899967,1.000000000
POINT1.MATRIX2=-0.661320829,-0.750103167,-0.000000000,0.000000000,0.750103167,-0.661320829,0.000000000,0.000000000,-0.000000000,0.000000000,1.000000000,0.000000000,-0.234095027,0.000671320,44.960164128,1.000000000
POINT1.MATRIX3=-0.661320829,-0.750103167,-0.000000000,0.000000000,0.750103167,-0.661320829,0.000000000,0.000000000,-0.000000000,0.000000000,1.000000000,0.000000000,-0.266206545,-0.000310731,44.511395511,1.000000000
