OBJECTMODELPOINTER=33777c94-e4b9-4947-906f-f84480f3cb99.dev
BASEFAMILY=e7f0b5dc-1c25-401d-9912-b704d464ee61.fam
BLHA=28.66573943,113.46033717,166.408962,277.610658
TRANSFORMMATRIX=0.000002746,-0.999999999,0.000038928,0.000000000,1.000000000,0.000002746,0.000000149,0.000000000,-0.000000149,0.000038929,0.999999999,0.000000000,-1.117065677,247.229750784,9.747265297,1.000000000
ENTITYNAME=Wire_Device
