OBJECTMODELPOINTER=33777c94-e4b9-4947-906f-f84480f3cb99.dev
BASEFAMILY=e7fe1553-f0b9-40a3-abb9-45a5d00b0b16.fam
BLHA=28.28368001,113.45281448,67.001736,340.232800
TRANSFORMMATRIX=0.000031497,-0.999999998,0.000059549,0.000000000,1.000000000,0.000031497,0.000001661,0.000000000,-0.000001663,0.000059549,0.999999998,0.000000000,-11.193084586,379.895743443,60.898034463,1.000000000
ENTITYNAME=Wire_Device
