OBJECTMODELPOINTER=33777c94-e4b9-4947-906f-f84480f3cb99.dev
BASEFAMILY=e803fc2d-1011-45b8-a7f7-df5f2f36e373.fam
BLHA=28.36075913,113.35996262,84.531423,278.143009
TRANSFORMMATRIX=0.001116799,-0.999999375,0.000060764,0.000000000,0.999999376,0.001116799,-0.000001910,0.000000000,0.000001842,0.000060765,0.999999998,0.000000000,11.473774421,385.892409545,23.662393247,1.000000000
ENTITYNAME=Wire_Device
