ENTITYNAME=WIRE
BASEFAMILY=e8095841-959d-45c2-8d6c-0c2663abb4bc.fam
OBJECTMODELPOINTER=81b82497-164d-48c0-b1cb-18fa700dacdf.dev
KVALUE=0.000000
SPLIT=4
POINT0.BLHA=28.72353047,113.45260943,123.369,283.291091
POINT0.MATRIX0=-0.973214630,0.229898421,0.000000000,0.000000000,-0.229898421,-0.973214630,0.000000000,0.000000000,0.000000000,-0.000000000,1.000000000,0.000000000,12.094854894,0.000156090,42.999996667,1.000000000
POINT0.MATRIX1=-0.973214630,0.229898421,0.000000000,0.000000000,-0.229898421,-0.973214630,0.000000000,0.000000000,0.000000000,-0.000000000,1.000000000,0.000000000,12.094854895,0.000156090,43.450008874,1.000000000
POINT0.MATRIX2=-0.973214630,0.229898421,0.000000000,0.000000000,-0.229898421,-0.973214630,0.000000000,0.000000000,0.000000000,-0.000000000,1.000000000,0.000000000,11.644826394,-0.001907081,43.450008873,1.000000000
POINT0.MATRIX3=-0.973214630,0.229898421,0.000000000,0.000000000,-0.229898421,-0.973214630,0.000000000,0.000000000,0.000000000,-0.000000000,1.000000000,0.000000000,11.644826394,-0.001907081,42.999996666,1.000000000
POINT1.BLHA=28.72353047,113.45260943,123.369,283.291091
POINT1.MATRIX0=-0.973214630,0.229898421,0.000000000,0.000000000,-0.229898421,-0.973214630,0.000000000,0.000000000,0.000000000,-0.000000000,1.000000000,0.000000000,12.094260658,0.110157467,42.999996666,1.000000000
POINT1.MATRIX1=-0.973214630,0.229898421,0.000000000,0.000000000,-0.229898421,-0.973214630,0.000000000,0.000000000,0.000000000,-0.000000000,1.000000000,0.000000000,12.094260658,0.110157467,43.450008874,1.000000000
POINT1.MATRIX2=-0.973214630,0.229898421,0.000000000,0.000000000,-0.229898421,-0.973214630,0.000000000,0.000000000,0.000000000,-0.000000000,1.000000000,0.000000000,11.644232159,0.108094295,43.450008874,1.000000000
POINT1.MATRIX3=-0.973214630,0.229898421,0.000000000,0.000000000,-0.229898421,-0.973214630,0.000000000,0.000000000,0.000000000,-0.000000000,1.000000000,0.000000000,11.644232158,0.108094295,42.999996666,1.000000000
