OBJECTMODELPOINTER=33777c94-e4b9-4947-906f-f84480f3cb99.dev
BASEFAMILY=e80b55c9-2a07-4fd5-81f6-73661ccdfb29.fam
BLHA=28.51918695,113.48038702,399.659330,210.734491
TRANSFORMMATRIX=-0.000032787,-0.999999997,0.000070944,0.000000000,0.999999999,-0.000032787,0.000000472,0.000000000,-0.000000470,0.000070944,0.999999997,0.000000000,-1.958175362,452.243028966,-6.814417464,1.000000000
ENTITYNAME=Wire_Device
