OBJECTMODELPOINTER=33777c94-e4b9-4947-906f-f84480f3cb99.dev
BASEFAMILY=e81a001b-f832-45ad-a2ab-b76091794290.fam
BLHA=28.58865070,113.47941927,287.208654,287.849619
TRANSFORMMATRIX=0.002252540,-0.999997459,0.000096127,0.000000000,0.999997463,0.002252540,0.000002129,0.000000000,-0.000002345,0.000096123,0.999999995,0.000000000,-15.888834630,610.728451265,38.423747025,1.000000000
ENTITYNAME=Wire_Device
