OBJECTMODELPOINTER=33777c94-e4b9-4947-906f-f84480f3cb99.dev
BASEFAMILY=e8432c83-23dd-4c65-b084-99e9e4f0a48e.fam
BLHA=28.53408910,113.50849608,458.182485,233.242345
TRANSFORMMATRIX=-0.390596959,-0.920561788,0.000101797,0.000000000,0.920561793,-0.390596961,-0.000000303,0.000000000,0.000040040,0.000093591,0.999999995,0.000000000,256.607007359,596.090187096,18.382185560,1.000000000
ENTITYNAME=Wire_Device
