OBJECTMODELPOINTER=33777c94-e4b9-4947-906f-f84480f3cb99.dev
BASEFAMILY=e84dfff8-369c-456e-bd99-c5525a3b64ab.fam
BLHA=28.36788990,113.36378392,64.428624,219.706007
TRANSFORMMATRIX=0.002432475,-0.999997041,0.000014639,0.000000000,0.999997042,0.002432475,0.000000119,0.000000000,-0.000000154,0.000014639,1.000000000,0.000000000,-0.743499023,93.239638665,26.719473374,1.000000000
ENTITYNAME=Wire_Device
