OBJECTMODELPOINTER=33777c94-e4b9-4947-906f-f84480f3cb99.dev
BASEFAMILY=e85a9431-12fc-4e26-b3ec-958fcc3a3536.fam
BLHA=28.65774704,113.46158959,182.997853,277.610658
TRANSFORMMATRIX=0.000002853,-0.999999999,0.000047716,0.000000000,1.000000000,0.000002853,-0.000001678,0.000000000,0.000001678,0.000047716,0.999999999,0.000000000,10.504518659,303.033983081,7.288345558,1.000000000
ENTITYNAME=Wire_Device
