OBJECTMODELPOINTER=33777c94-e4b9-4947-906f-f84480f3cb99.dev
BASEFAMILY=e8666684-d121-48f8-994d-10112af0721e.fam
BLHA=28.70605444,113.45451077,165.912680,277.425083
TRANSFORMMATRIX=-0.002577206,-0.999996678,0.000049508,0.000000000,0.999996679,-0.002577206,0.000002280,0.000000000,-0.000002152,0.000049515,0.999999999,0.000000000,-13.945618213,314.464689154,1.911664586,1.000000000
ENTITYNAME=Wire_Device
