OBJECTMODELPOINTER=33777c94-e4b9-4947-906f-f84480f3cb99.dev
BASEFAMILY=e86d3173-03c2-49aa-9e00-95257f8633dd.fam
BLHA=28.31775016,113.38284517,61.633463,329.270898
TRANSFORMMATRIX=-0.001458735,-0.999998936,0.000015769,0.000000000,0.999998936,-0.001458735,0.000001325,0.000000000,-0.000001302,0.000015771,1.000000000,0.000000000,-8.510578114,100.549947801,38.786609932,1.000000000
ENTITYNAME=Wire_Device
