OBJECTMODELPOINTER=33777c94-e4b9-4947-906f-f84480f3cb99.dev
BASEFAMILY=e87d8fee-f5df-41e3-81f6-8b733b030300.fam
BLHA=28.28368001,113.45281448,67.001736,340.232800
TRANSFORMMATRIX=0.000014856,-0.999999999,0.000027811,0.000000000,1.000000000,0.000014856,-0.000000938,0.000000000,0.000000937,0.000027811,1.000000000,0.000000000,5.660400318,177.403209676,55.553888363,1.000000000
ENTITYNAME=Wire_Device
