ENTITYNAME=WIRE
BASEFAMILY=e87f8a2b-b0d1-41d4-b272-cb109a435012.fam
OBJECTMODELPOINTER=81b82497-164d-48c0-b1cb-18fa700dacdf.dev
KVALUE=0.000000
SPLIT=4
POINT0.BLHA=28.54296028,113.51100370,560.595,255.750198
POINT0.MATRIX0=-0.969231762,-0.246149938,0.000000000,0.000000000,0.246149938,-0.969231762,0.000000000,0.000000000,-0.000000000,-0.000000000,1.000000000,0.000000000,12.955312060,-0.000118443,27.999996874,1.000000000
POINT0.MATRIX1=-0.969231762,-0.246149938,0.000000000,0.000000000,0.246149938,-0.969231762,0.000000000,0.000000000,-0.000000000,-0.000000000,1.000000000,0.000000000,12.955312060,-0.000118443,28.449978563,1.000000000
POINT0.MATRIX2=-0.969231762,-0.246149938,0.000000000,0.000000000,0.246149938,-0.969231762,0.000000000,0.000000000,-0.000000000,-0.000000000,1.000000000,0.000000000,12.504853828,0.000186201,28.449978563,1.000000000
POINT0.MATRIX3=-0.969231762,-0.246149938,0.000000000,0.000000000,0.246149938,-0.969231762,0.000000000,0.000000000,-0.000000000,-0.000000000,1.000000000,0.000000000,12.504853827,0.000186201,27.999996873,1.000000000
POINT1.BLHA=28.54296028,113.51100370,560.595,255.750198
POINT1.MATRIX0=-0.969231762,-0.246149938,0.000000000,0.000000000,0.246149938,-0.969231762,0.000000000,0.000000000,-0.000000000,-0.000000000,1.000000000,0.000000000,12.955412800,0.109873246,27.999996873,1.000000000
POINT1.MATRIX1=-0.969231762,-0.246149938,0.000000000,0.000000000,0.246149938,-0.969231762,0.000000000,0.000000000,-0.000000000,-0.000000000,1.000000000,0.000000000,12.955412800,0.109873246,28.449978563,1.000000000
POINT1.MATRIX2=-0.969231762,-0.246149938,0.000000000,0.000000000,0.246149938,-0.969231762,0.000000000,0.000000000,-0.000000000,-0.000000000,1.000000000,0.000000000,12.504954568,0.110177891,28.449978563,1.000000000
POINT1.MATRIX3=-0.969231762,-0.246149938,0.000000000,0.000000000,0.246149938,-0.969231762,0.000000000,0.000000000,-0.000000000,-0.000000000,1.000000000,0.000000000,12.504954568,0.110177891,27.999996874,1.000000000
