OBJECTMODELPOINTER=33777c94-e4b9-4947-906f-f84480f3cb99.dev
BASEFAMILY=e88251e3-cd22-4b12-8d16-24ba32e6a724.fam
BLHA=28.30572385,113.43813150,65.831158,307.005893
TRANSFORMMATRIX=-0.006298086,-0.999980166,0.000030936,0.000000000,0.999980167,-0.006298086,-0.000001379,0.000000000,0.000001574,0.000030926,1.000000000,0.000000000,9.535573815,196.728533800,41.124274740,1.000000000
ENTITYNAME=Wire_Device
