OBJECTMODELPOINTER=33777c94-e4b9-4947-906f-f84480f3cb99.dev
BASEFAMILY=e88377c7-863a-4aa3-9704-a49171e5adb8.fam
BLHA=28.31498130,113.40038482,72.539572,2.946268
TRANSFORMMATRIX=-0.041859801,-0.999123494,0.000006169,0.000000000,0.999123494,-0.041859801,0.000001455,0.000000000,-0.000001196,0.000006226,1.000000000,0.000000000,-7.579108091,39.730553907,32.772377332,1.000000000
ENTITYNAME=Wire_Device
