OBJECTMODELPOINTER=33777c94-e4b9-4947-906f-f84480f3cb99.dev
BASEFAMILY=e8876e79-2a2b-4c09-9c6f-0f21ab2a39e6.fam
BLHA=28.49037109,113.42431436,249.696550,224.957371
TRANSFORMMATRIX=-0.000020468,-0.999999998,0.000053134,0.000000000,1.000000000,-0.000020468,0.000000398,0.000000000,-0.000000396,0.000053134,0.999999999,0.000000000,-1.646638765,338.286193983,8.511441363,1.000000000
ENTITYNAME=Wire_Device
