OBJECTMODELPOINTER=33777c94-e4b9-4947-906f-f84480f3cb99.dev
BASEFAMILY=e89232db-d715-47d3-abe8-16df23967b99.fam
BLHA=28.78677028,113.48699418,119.837662,221.400685
TRANSFORMMATRIX=-0.017415804,-0.999848333,0.000016860,0.000000000,0.999848333,-0.017415804,0.000002209,0.000000000,-0.000001915,0.000016895,1.000000000,0.000000000,-11.911907892,107.574383740,35.244142536,1.000000000
ENTITYNAME=Wire_Device
