OBJECTMODELPOINTER=33777c94-e4b9-4947-906f-f84480f3cb99.dev
BASEFAMILY=e89eabb4-30f0-4cbf-8173-184f54152820.fam
BLHA=28.31470596,113.39701913,83.588909,4.996372
TRANSFORMMATRIX=-0.001644542,-0.999998648,0.000016138,0.000000000,0.999998648,-0.001644542,-0.000001002,0.000000000,0.000001028,0.000016136,1.000000000,0.000000000,6.580612732,102.997159793,65.569956067,1.000000000
ENTITYNAME=Wire_Device
