OBJECTMODELPOINTER=33777c94-e4b9-4947-906f-f84480f3cb99.dev
BASEFAMILY=e8c324a9-4650-45fb-9faf-6ede16f653ee.fam
BLHA=28.44721846,113.39002654,265.559825,242.026912
TRANSFORMMATRIX=-0.000019461,-0.999999997,0.000074281,0.000000000,1.000000000,-0.000019461,0.000000541,0.000000000,-0.000000539,0.000074280,0.999999997,0.000000000,-2.420093559,472.231620114,34.824966872,1.000000000
ENTITYNAME=Wire_Device
