ENTITYNAME=WIRE
BASEFAMILY=e8d1f91b-d3dd-499f-82a2-27b8686f2056.fam
OBJECTMODELPOINTER=81b82497-164d-48c0-b1cb-18fa700dacdf.dev
KVALUE=0.000000
SPLIT=4
POINT0.BLHA=28.47322316,113.40714488,338.740,229.813402
POINT0.MATRIX0=-0.763946986,-0.645279012,0.000000000,0.000000000,0.645279012,-0.763946986,0.000000000,0.000000000,-0.000000000,-0.000000000,1.000000000,0.000000000,13.545007397,0.599486255,52.741105745,1.000000000
POINT0.MATRIX1=-0.763946986,-0.645279012,0.000000000,0.000000000,0.645279012,-0.763946986,0.000000000,0.000000000,-0.000000000,-0.000000000,1.000000000,0.000000000,13.545007397,0.599486255,53.191102694,1.000000000
POINT0.MATRIX2=-0.763946986,-0.645279012,0.000000000,0.000000000,0.645279012,-0.763946986,0.000000000,0.000000000,-0.000000000,-0.000000000,1.000000000,0.000000000,13.094987367,0.600307182,53.191102693,1.000000000
POINT0.MATRIX3=-0.763946986,-0.645279012,0.000000000,0.000000000,0.645279012,-0.763946986,0.000000000,0.000000000,-0.000000000,-0.000000000,1.000000000,0.000000000,13.094987367,0.600307181,52.741105745,1.000000000
POINT1.BLHA=28.47322316,113.40714488,338.740,229.813402
POINT1.MATRIX0=-0.763946986,-0.645279012,0.000000000,0.000000000,0.645279012,-0.763946986,0.000000000,0.000000000,-0.000000000,-0.000000000,1.000000000,0.000000000,13.545280966,0.719489159,52.741105745,1.000000000
POINT1.MATRIX1=-0.763946986,-0.645279012,0.000000000,0.000000000,0.645279012,-0.763946986,0.000000000,0.000000000,-0.000000000,-0.000000000,1.000000000,0.000000000,13.545280966,0.719489159,53.191102694,1.000000000
POINT1.MATRIX2=-0.763946986,-0.645279012,0.000000000,0.000000000,0.645279012,-0.763946986,0.000000000,0.000000000,-0.000000000,-0.000000000,1.000000000,0.000000000,13.095260936,0.720310087,53.191102695,1.000000000
POINT1.MATRIX3=-0.763946986,-0.645279012,0.000000000,0.000000000,0.645279012,-0.763946986,0.000000000,0.000000000,-0.000000000,-0.000000000,1.000000000,0.000000000,13.095260936,0.720310087,52.741105746,1.000000000
