ENTITYNAME=WIRE
BASEFAMILY=e8f7e61f-5fa7-47f6-a349-9171105e2374.fam
OBJECTMODELPOINTER=81b82497-164d-48c0-b1cb-18fa700dacdf.dev
KVALUE=0.110855
SPLIT=4
POINT0.BLHA=28.48504373,113.41833342,235.006,407.385386
POINT0.MATRIX0=0.735924420,0.677063695,-0.000000000,0.000000000,-0.677063695,0.735924420,0.000000000,0.000000000,-0.000000000,0.000000000,1.000000000,0.000000000,1.969408405,9.433773365,36.097543872,1.000000000
POINT0.MATRIX1=0.735924420,0.677063695,-0.000000000,0.000000000,-0.677063695,0.735924420,0.000000000,0.000000000,-0.000000000,0.000000000,1.000000000,0.000000000,2.182727429,9.469465217,36.548376239,1.000000000
POINT0.MATRIX2=0.735924420,0.677063695,-0.000000000,0.000000000,-0.677063695,0.735924420,0.000000000,0.000000000,-0.000000000,0.000000000,1.000000000,0.000000000,1.750452983,10.243142428,36.729626156,1.000000000
POINT0.MATRIX3=0.735924420,0.677063695,-0.000000000,0.000000000,-0.677063695,0.735924420,0.000000000,0.000000000,-0.000000000,0.000000000,1.000000000,0.000000000,1.537284881,10.206925936,36.278797574,1.000000000
POINT1.BLHA=28.48504373,113.41833342,235.006,407.385386
POINT1.MATRIX0=0.735924420,0.677063695,-0.000000000,0.000000000,-0.677063695,0.735924420,0.000000000,0.000000000,-0.000000000,0.000000000,1.000000000,0.000000000,7.275206169,4.000858072,38.790000891,1.000000000
POINT1.MATRIX1=0.735924420,0.677063695,-0.000000000,0.000000000,-0.677063695,0.735924420,0.000000000,0.000000000,-0.000000000,0.000000000,1.000000000,0.000000000,7.275206169,4.000858072,39.240000939,1.000000000
POINT1.MATRIX2=0.735924420,0.677063695,-0.000000000,0.000000000,-0.677063695,0.735924420,0.000000000,0.000000000,-0.000000000,0.000000000,1.000000000,0.000000000,7.725206272,4.000857821,39.240000939,1.000000000
POINT1.MATRIX3=0.735924420,0.677063695,-0.000000000,0.000000000,-0.677063695,0.735924420,0.000000000,0.000000000,-0.000000000,0.000000000,1.000000000,0.000000000,7.725206272,4.000857821,38.790000892,1.000000000
