OBJECTMODELPOINTER=33777c94-e4b9-4947-906f-f84480f3cb99.dev
BASEFAMILY=e912b1b8-973d-4bed-a58c-7286236e9d67.fam
BLHA=28.36557656,113.36066804,62.497212,414.735470
TRANSFORMMATRIX=0.036439116,0.999335875,-0.000000158,0.000000000,-0.999335875,0.036439116,0.000001525,0.000000000,0.000001529,0.000000102,1.000000000,0.000000000,9.745883196,0.672327668,25.428521276,1.000000000
ENTITYNAME=Wire_Device
