ENTITYNAME=WIRE
BASEFAMILY=e927974e-e346-456b-b0e7-678427801d88.fam
OBJECTMODELPOINTER=31970f28-780e-4bf1-8adb-439f78c329a3.dev
KVALUE=0.000218
SPLIT=1
POINT0.BLHA=28.31515909,113.41015274,70.673,0.896163
POINT0.MATRIX0=0.015640353,0.999877682,-0.000000000,0.000000000,-0.999877682,0.015640353,0.000000000,0.000000000,0.000000000,-0.000000000,1.000000000,0.000000000,10.799894268,0.309935182,69.558001761,1.000000000
POINT1.BLHA=28.31523299,113.41422428,48.000,0.896163
POINT1.MATRIX0=0.015640353,0.999877682,-0.000000000,0.000000000,-0.999877682,0.015640353,-0.000000000,0.000000000,-0.000000000,-0.000000000,1.000000000,0.000000000,10.800251812,-0.309995019,66.558005580,1.000000000
