OBJECTMODELPOINTER=33777c94-e4b9-4947-906f-f84480f3cb99.dev
BASEFAMILY=e9319d98-27ce-42f7-b8ec-877340614271.fam
BLHA=28.61307891,113.46689101,233.448700,464.034761
TRANSFORMMATRIX=-0.181613406,0.983370007,0.000028178,0.000000000,-0.983370007,-0.181613407,0.000000247,0.000000000,0.000005359,-0.000027665,1.000000000,0.000000000,34.419885626,-175.775824650,8.269158029,1.000000000
ENTITYNAME=Wire_Device
