OBJECTMODELPOINTER=33777c94-e4b9-4947-906f-f84480f3cb99.dev
BASEFAMILY=e9354428-8c3e-4abe-91dc-eaf397492f59.fam
BLHA=28.75811652,113.46436186,140.284510,236.227775
TRANSFORMMATRIX=-0.000997041,-0.999999500,0.000078176,0.000000000,0.999999503,-0.000997041,-0.000001458,0.000000000,0.000001536,0.000078175,0.999999997,0.000000000,10.977310512,497.254945266,16.657208399,1.000000000
ENTITYNAME=Wire_Device
