OBJECTMODELPOINTER=33777c94-e4b9-4947-906f-f84480f3cb99.dev
BASEFAMILY=e938eeea-28f6-4822-ad7f-381a1320bfcf.fam
BLHA=28.73821142,113.45475326,97.655295,258.301958
TRANSFORMMATRIX=-0.008239064,-0.999966058,0.000039050,0.000000000,0.999966058,-0.008239064,0.000002307,0.000000000,-0.000001985,0.000039069,0.999999999,0.000000000,-12.412690581,248.134986181,50.551090543,1.000000000
ENTITYNAME=Wire_Device
