ENTITYNAME=WIRE
BASEFAMILY=e964ffab-86e9-41c6-b4d5-bf24516b32ac.fam
OBJECTMODELPOINTER=81b82497-164d-48c0-b1cb-18fa700dacdf.dev
KVALUE=0.000367
SPLIT=4
POINT0.BLHA=28.58307238,113.48148471,281.709,287.849619
POINT0.MATRIX0=-0.951864299,0.306519749,-0.000000000,0.000000000,-0.306519749,-0.951864299,-0.000000000,0.000000000,0.000000000,0.000000000,1.000000000,0.000000000,-13.096706224,0.723555319,52.741102528,1.000000000
POINT0.MATRIX1=-0.951864299,0.306519749,-0.000000000,0.000000000,-0.306519749,-0.951864299,-0.000000000,0.000000000,0.000000000,0.000000000,1.000000000,0.000000000,-13.096706224,0.723555319,53.191103291,1.000000000
POINT0.MATRIX2=-0.951864299,0.306519749,-0.000000000,0.000000000,-0.306519749,-0.951864299,-0.000000000,0.000000000,0.000000000,0.000000000,1.000000000,0.000000000,-13.546758655,0.716641212,53.191103291,1.000000000
POINT0.MATRIX3=-0.951864299,0.306519749,-0.000000000,0.000000000,-0.306519749,-0.951864299,-0.000000000,0.000000000,0.000000000,0.000000000,1.000000000,0.000000000,-13.546758655,0.716641212,52.741102528,1.000000000
POINT1.BLHA=28.57953661,113.48279374,260.581,480.423303
POINT1.MATRIX0=0.862307788,-0.506384517,0.000000000,0.000000000,0.506384517,0.862307788,0.000000000,0.000000000,-0.000000000,-0.000000000,1.000000000,0.000000000,9.259793039,9.385508308,29.397030053,1.000000000
POINT1.MATRIX1=0.862307788,-0.506384517,0.000000000,0.000000000,0.506384517,0.862307788,0.000000000,0.000000000,-0.000000000,-0.000000000,1.000000000,0.000000000,9.440405624,10.142408823,29.813322243,1.000000000
POINT1.MATRIX2=0.862307788,-0.506384517,0.000000000,0.000000000,0.506384517,0.862307788,0.000000000,0.000000000,-0.000000000,-0.000000000,1.000000000,0.000000000,9.926542487,10.026236746,29.813322243,1.000000000
POINT1.MATRIX3=0.862307788,-0.506384517,0.000000000,0.000000000,0.506384517,0.862307788,0.000000000,0.000000000,-0.000000000,-0.000000000,1.000000000,0.000000000,9.745929902,9.269336232,29.397035775,1.000000000
