OBJECTMODELPOINTER=33777c94-e4b9-4947-906f-f84480f3cb99.dev
BASEFAMILY=e96a2048-2407-45e5-b636-99d404f7efee.fam
BLHA=28.78677028,113.48699418,119.837662,221.400685
TRANSFORMMATRIX=-0.017419754,-0.999848264,0.000026356,0.000000000,0.999848265,-0.017419753,0.000002274,0.000000000,-0.000001815,0.000026391,1.000000000,0.000000000,-11.119608489,168.055472055,29.460093165,1.000000000
ENTITYNAME=Wire_Device
