OBJECTMODELPOINTER=33777c94-e4b9-4947-906f-f84480f3cb99.dev
BASEFAMILY=e96ce337-ea62-4a98-902b-70f026ad6550.fam
BLHA=28.30399811,113.43961542,62.139238,477.400140
TRANSFORMMATRIX=0.000812578,0.999999670,-0.000000032,0.000000000,-0.999999670,0.000812578,-0.000001490,0.000000000,-0.000001490,0.000000034,1.000000000,0.000000000,-9.500924933,0.233169817,54.917436160,1.000000000
ENTITYNAME=Wire_Device
