OBJECTMODELPOINTER=33777c94-e4b9-4947-906f-f84480f3cb99.dev
BASEFAMILY=e9853dd4-fae1-4a22-81f3-c4ab6d974dc4.fam
BLHA=28.31135450,113.43043530,49.303319,335.449580
TRANSFORMMATRIX=0.003182814,-0.999994935,0.000004348,0.000000000,0.999994935,0.003182814,0.000001503,0.000000000,-0.000001516,0.000004344,1.000000000,0.000000000,-9.692747820,27.718251746,47.220165168,1.000000000
ENTITYNAME=Wire_Device
