OBJECTMODELPOINTER=33777c94-e4b9-4947-906f-f84480f3cb99.dev
BASEFAMILY=e99373e1-3110-4bc6-b579-6891c96fb3a9.fam
BLHA=28.77401473,113.47631208,189.623101,236.227775
TRANSFORMMATRIX=-0.000013465,-0.999999999,0.000048441,0.000000000,1.000000000,-0.000013465,0.000000333,0.000000000,-0.000000332,0.000048440,0.999999999,0.000000000,-1.380686540,308.105854529,6.034729088,1.000000000
ENTITYNAME=Wire_Device
