OBJECTMODELPOINTER=33777c94-e4b9-4947-906f-f84480f3cb99.dev
BASEFAMILY=e9ac6425-6e17-4eac-bbd6-a153e19ff208.fam
BLHA=28.41408598,113.37463405,174.728080,254.006183
TRANSFORMMATRIX=-0.000000318,-1.000000000,0.000004339,0.000000000,1.000000000,-0.000000318,0.000000028,0.000000000,-0.000000029,0.000004340,1.000000000,0.000000000,-0.143078557,27.562514412,50.780372359,1.000000000
ENTITYNAME=Wire_Device
