OBJECTMODELPOINTER=33777c94-e4b9-4947-906f-f84480f3cb99.dev
BASEFAMILY=e9b4f044-6927-4b74-9941-91b6ec7a4bb8.fam
BLHA=28.74269478,113.45578230,73.560853,258.301958
TRANSFORMMATRIX=-0.000006329,-0.999999999,0.000051119,0.000000000,1.000000000,-0.000006329,-0.000001802,0.000000000,0.000001803,0.000051119,0.999999999,0.000000000,11.836525854,324.705060392,51.885350601,1.000000000
ENTITYNAME=Wire_Device
