OBJECTMODELPOINTER=33777c94-e4b9-4947-906f-f84480f3cb99.dev
BASEFAMILY=e9b5eaf0-9ef0-4204-9256-b06d1f6b8023.fam
BLHA=28.48698475,113.42051247,234.671308,224.957371
TRANSFORMMATRIX=0.014367735,-0.999896778,0.000029515,0.000000000,0.999896779,0.014367735,-0.000001647,0.000000000,0.000001222,0.000029536,1.000000000,0.000000000,8.270939751,188.063548890,26.371901884,1.000000000
ENTITYNAME=Wire_Device
