OBJECTMODELPOINTER=33777c94-e4b9-4947-906f-f84480f3cb99.dev
BASEFAMILY=e9b6700a-8c6c-41ee-ab59-b35a846b1e41.fam
BLHA=28.70879307,113.45409149,169.216562,451.156517
TRANSFORMMATRIX=-0.090459889,0.995900099,0.000031406,0.000000000,-0.995900100,-0.090459889,-0.000001058,0.000000000,0.000001787,-0.000031373,0.999999999,0.000000000,11.427037325,-199.232919204,34.385747473,1.000000000
ENTITYNAME=Wire_Device
