OBJECTMODELPOINTER=33777c94-e4b9-4947-906f-f84480f3cb99.dev
BASEFAMILY=e9b605c1-f082-4397-a1fa-b57415abc5c8.fam
BLHA=28.26885822,113.47846971,85.176990,355.334735
TRANSFORMMATRIX=0.000011097,-1.000000000,0.000017133,0.000000000,1.000000000,0.000011097,0.000001202,0.000000000,-0.000001202,0.000017133,1.000000000,0.000000000,-7.680178411,109.362990774,59.810806466,1.000000000
ENTITYNAME=Wire_Device
