OBJECTMODELPOINTER=33777c94-e4b9-4947-906f-f84480f3cb99.dev
BASEFAMILY=e9bdfeba-89bd-46ca-bf3b-417d7f994738.fam
BLHA=28.49037109,113.42431436,249.696550,224.957371
TRANSFORMMATRIX=-0.000020925,-0.999999998,0.000053112,0.000000000,1.000000000,-0.000020925,-0.000001471,0.000000000,0.000001472,0.000053112,0.999999999,0.000000000,10.249477365,338.174861514,8.580938115,1.000000000
ENTITYNAME=Wire_Device
