ENTITYNAME=WIRE
BASEFAMILY=e9c41fb9-2e43-4500-b54c-36bf9e9455d7.fam
OBJECTMODELPOINTER=81b82497-164d-48c0-b1cb-18fa700dacdf.dev
KVALUE=0.000000
SPLIT=4
POINT0.BLHA=28.34583559,113.36246769,78.593,278.143009
POINT0.MATRIX0=-0.989917611,0.141644356,0.000000000,0.000000000,-0.141644356,-0.989917611,-0.000000000,0.000000000,-0.000000000,0.000000000,1.000000000,0.000000000,0.181930336,-0.000620033,53.478133294,1.000000000
POINT0.MATRIX1=-0.989917611,0.141644356,0.000000000,0.000000000,-0.141644356,-0.989917611,-0.000000000,0.000000000,-0.000000000,0.000000000,1.000000000,0.000000000,0.214868635,-0.001387040,53.926909539,1.000000000
POINT0.MATRIX2=-0.989917611,0.141644356,0.000000000,0.000000000,-0.141644356,-0.989917611,-0.000000000,0.000000000,-0.000000000,0.000000000,1.000000000,0.000000000,-0.233356750,-0.000388376,53.960173699,1.000000000
POINT0.MATRIX3=-0.989917611,0.141644356,0.000000000,0.000000000,-0.141644356,-0.989917611,-0.000000000,0.000000000,-0.000000000,0.000000000,1.000000000,0.000000000,-0.267055055,-0.001485639,53.511397453,1.000000000
POINT1.BLHA=28.34583559,113.36246769,78.593,278.143009
POINT1.MATRIX0=-0.989917611,0.141644356,0.000000000,0.000000000,-0.141644356,-0.989917611,-0.000000000,0.000000000,-0.000000000,0.000000000,1.000000000,0.000000000,0.181931203,0.119379398,53.478133293,1.000000000
POINT1.MATRIX1=-0.989917611,0.141644356,0.000000000,0.000000000,-0.141644356,-0.989917611,-0.000000000,0.000000000,-0.000000000,0.000000000,1.000000000,0.000000000,0.214869501,0.118612391,53.926909539,1.000000000
POINT1.MATRIX2=-0.989917611,0.141644356,0.000000000,0.000000000,-0.141644356,-0.989917611,-0.000000000,0.000000000,-0.000000000,0.000000000,1.000000000,0.000000000,-0.233355883,0.119611055,53.960173698,1.000000000
POINT1.MATRIX3=-0.989917611,0.141644356,0.000000000,0.000000000,-0.141644356,-0.989917611,-0.000000000,0.000000000,-0.000000000,0.000000000,1.000000000,0.000000000,-0.267054188,0.118513792,53.511397453,1.000000000
