OBJECTMODELPOINTER=33777c94-e4b9-4947-906f-f84480f3cb99.dev
BASEFAMILY=e9d6f694-903c-4058-9dbc-fb27da3de389.fam
BLHA=28.28240757,113.45687165,86.867380,340.232800
TRANSFORMMATRIX=0.002221805,-0.999997532,0.000005693,0.000000000,0.999997532,0.002221805,0.000001507,0.000000000,-0.000001520,0.000005691,1.000000000,0.000000000,-9.717628569,36.315178883,47.371227828,1.000000000
ENTITYNAME=Wire_Device
