OBJECTMODELPOINTER=33777c94-e4b9-4947-906f-f84480f3cb99.dev
BASEFAMILY=e9e3a051-fe39-4d40-b250-2e02c87f0552.fam
BLHA=28.33832123,113.36372877,73.392099,278.143009
TRANSFORMMATRIX=0.016146373,-0.999869639,0.000017630,0.000000000,0.999869639,0.016146373,-0.000002011,0.000000000,0.000001726,0.000017660,1.000000000,0.000000000,10.932099793,112.142171046,40.035031873,1.000000000
ENTITYNAME=Wire_Device
