OBJECTMODELPOINTER=33777c94-e4b9-4947-906f-f84480f3cb99.dev
BASEFAMILY=e9e5eaa9-f4d0-4604-92eb-0e4f401c20f6.fam
BLHA=28.57953661,113.48279374,260.580940,480.423303
TRANSFORMMATRIX=-0.205995206,0.978553000,0.000029929,0.000000000,-0.978553001,-0.205995206,-0.000001208,0.000000000,0.000004983,-0.000029536,1.000000000,0.000000000,32.190361853,-187.886524315,20.429252810,1.000000000
ENTITYNAME=Wire_Device
