OBJECTMODELPOINTER=33777c94-e4b9-4947-906f-f84480f3cb99.dev
BASEFAMILY=e9ee946f-abbb-4ac9-8b72-fd80f8cebbe5.fam
BLHA=28.34583559,113.36246769,78.593273,278.143009
TRANSFORMMATRIX=-0.003870570,-0.999992509,0.000005993,0.000000000,0.999992509,-0.003870570,0.000002115,0.000000000,-0.000002092,0.000006002,1.000000000,0.000000000,-13.376524256,38.120030688,49.082066730,1.000000000
ENTITYNAME=Wire_Device
