OBJECTMODELPOINTER=33777c94-e4b9-4947-906f-f84480f3cb99.dev
BASEFAMILY=e9f44897-0833-43cd-8c52-a44f7241c049.fam
BLHA=28.68060600,113.45831192,164.595225,275.673275
TRANSFORMMATRIX=0.002378680,-0.999997170,0.000041156,0.000000000,0.999997171,0.002378680,-0.000001830,0.000000000,0.000001732,0.000041161,0.999999999,0.000000000,10.924734957,261.389648231,37.331967453,1.000000000
ENTITYNAME=Wire_Device
