OBJECTMODELPOINTER=33777c94-e4b9-4947-906f-f84480f3cb99.dev
BASEFAMILY=ea0dcc19-e2cb-44f9-b944-27194ddd9aaf.fam
BLHA=28.27160371,113.47264060,64.950919,312.669055
TRANSFORMMATRIX=-0.005702640,-0.999983740,0.000005947,0.000000000,0.999983740,-0.005702640,-0.000001077,0.000000000,0.000001111,0.000005941,1.000000000,0.000000000,6.974730944,37.793868936,65.563329282,1.000000000
ENTITYNAME=Wire_Device
