OBJECTMODELPOINTER=33777c94-e4b9-4947-906f-f84480f3cb99.dev
BASEFAMILY=ea0ed604-7aba-4d35-8169-1c5a15460fdb.fam
BLHA=28.50118026,113.44100017,250.748283,200.251669
TRANSFORMMATRIX=-0.003187662,-0.999994919,0.000035999,0.000000000,0.999994919,-0.003187662,-0.000001638,0.000000000,0.000001754,0.000035993,0.999999999,0.000000000,11.526240308,229.632179595,16.101229083,1.000000000
ENTITYNAME=Wire_Device
