OBJECTMODELPOINTER=33777c94-e4b9-4947-906f-f84480f3cb99.dev
BASEFAMILY=ea1adaf2-1e89-4405-b71a-2699c112a78d.fam
BLHA=28.30961923,113.43478171,54.752520,501.227736
TRANSFORMMATRIX=0.236321125,0.971675010,0.000006371,0.000000000,-0.971675010,0.236321125,-0.000001801,0.000000000,-0.000003257,-0.000005765,1.000000000,0.000000000,-20.623781168,-36.670903468,45.622800984,1.000000000
ENTITYNAME=Wire_Device
