OBJECTMODELPOINTER=33777c94-e4b9-4947-906f-f84480f3cb99.dev
BASEFAMILY=ea1c5eeb-0380-46e8-96b1-51c7d2a7a1f6.fam
BLHA=28.30399811,113.43961542,62.139238,477.400140
TRANSFORMMATRIX=0.163057700,0.986616534,0.000044038,0.000000000,-0.986616535,0.163057700,-0.000001226,0.000000000,-0.000008391,-0.000043249,0.999999999,0.000000000,-52.914238458,-274.815389765,34.459947319,1.000000000
ENTITYNAME=Wire_Device
