OBJECTMODELPOINTER=33777c94-e4b9-4947-906f-f84480f3cb99.dev
BASEFAMILY=ea1e5053-d91d-4a18-bb38-b54d8e27cb84.fam
BLHA=28.52337409,113.48828309,330.016596,210.734491
TRANSFORMMATRIX=0.719963340,-0.694012096,0.000000221,0.000000000,0.694012096,0.719963340,-0.000001266,0.000000000,0.000000720,0.000001065,1.000000000,0.000000000,4.591669808,6.795962092,35.556151652,1.000000000
ENTITYNAME=Wire_Device
