OBJECTMODELPOINTER=33777c94-e4b9-4947-906f-f84480f3cb99.dev
BASEFAMILY=ea2603c3-78ec-4a2a-a6ba-dc7fa55bd997.fam
BLHA=28.27160371,113.47264060,64.950919,312.669055
TRANSFORMMATRIX=-0.001290128,-0.999999167,0.000028983,0.000000000,0.999999168,-0.001290128,0.000001644,0.000000000,-0.000001606,0.000028985,1.000000000,0.000000000,-10.708232594,184.516579504,40.682904457,1.000000000
ENTITYNAME=Wire_Device
