OBJECTMODELPOINTER=33777c94-e4b9-4947-906f-f84480f3cb99.dev
BASEFAMILY=ea2c8561-6d43-4961-8c7a-032cb3ddbf5e.fam
BLHA=28.64674167,113.46331381,165.940967,277.610658
TRANSFORMMATRIX=0.000006186,-0.999999998,0.000062509,0.000000000,1.000000000,0.000006186,0.000002096,0.000000000,-0.000002096,0.000062509,0.999999998,0.000000000,-13.652860673,396.995401437,12.572680946,1.000000000
ENTITYNAME=Wire_Device
