OBJECTMODELPOINTER=33777c94-e4b9-4947-906f-f84480f3cb99.dev
BASEFAMILY=ea360487-4e37-4f97-8ab1-e41aaa61ff16.fam
BLHA=28.51626918,113.47488562,373.286539,210.734491
TRANSFORMMATRIX=-0.000016326,-0.999999999,0.000033602,0.000000000,1.000000000,-0.000016326,0.000000225,0.000000000,-0.000000224,0.000033602,0.999999999,0.000000000,-0.937145410,214.202999198,32.302814397,1.000000000
ENTITYNAME=Wire_Device
