OBJECTMODELPOINTER=33777c94-e4b9-4947-906f-f84480f3cb99.dev
BASEFAMILY=ea4d3e52-3cb7-4d57-bbf4-751a258d5984.fam
BLHA=28.49379582,113.42815973,297.068153,224.957371
TRANSFORMMATRIX=0.002693584,-0.999996370,0.000068787,0.000000000,0.999996372,0.002693584,-0.000001584,0.000000000,0.000001399,0.000068791,0.999999998,0.000000000,10.045578332,437.999573815,-7.864196989,1.000000000
ENTITYNAME=Wire_Device
