ENTITYNAME=WIRE
BASEFAMILY=ea8377bc-ff0b-43fd-b86a-722985bd2ded.fam
OBJECTMODELPOINTER=81b82497-164d-48c0-b1cb-18fa700dacdf.dev
KVALUE=0.000000
SPLIT=4
POINT0.BLHA=28.43346852,113.38186613,283.382,242.026912
POINT0.MATRIX0=-0.883168008,-0.469056788,0.000000000,0.000000000,0.469056788,-0.883168008,0.000000000,0.000000000,0.000000000,0.000000000,1.000000000,0.000000000,12.955001366,-0.480117798,40.741101165,1.000000000
POINT0.MATRIX1=-0.883168008,-0.469056788,0.000000000,0.000000000,0.469056788,-0.883168008,0.000000000,0.000000000,0.000000000,0.000000000,1.000000000,0.000000000,12.955001366,-0.480117799,41.191101928,1.000000000
POINT0.MATRIX2=-0.883168008,-0.469056788,0.000000000,0.000000000,0.469056788,-0.883168008,0.000000000,0.000000000,0.000000000,0.000000000,1.000000000,0.000000000,12.505034916,-0.480256298,41.191101928,1.000000000
POINT0.MATRIX3=-0.883168008,-0.469056788,0.000000000,0.000000000,0.469056788,-0.883168008,0.000000000,0.000000000,0.000000000,0.000000000,1.000000000,0.000000000,12.505034916,-0.480256298,40.741101165,1.000000000
POINT1.BLHA=28.43346852,113.38186613,283.382,242.026912
POINT1.MATRIX0=-0.883168008,-0.469056788,0.000000000,0.000000000,0.469056788,-0.883168008,0.000000000,0.000000000,0.000000000,0.000000000,1.000000000,0.000000000,12.953717765,0.478420619,40.741101165,1.000000000
POINT1.MATRIX1=-0.883168008,-0.469056788,0.000000000,0.000000000,0.469056788,-0.883168008,0.000000000,0.000000000,0.000000000,0.000000000,1.000000000,0.000000000,12.953717765,0.478420619,41.191101928,1.000000000
POINT1.MATRIX2=-0.883168008,-0.469056788,0.000000000,0.000000000,0.469056788,-0.883168008,0.000000000,0.000000000,0.000000000,0.000000000,1.000000000,0.000000000,12.503644015,0.482648124,41.191101928,1.000000000
POINT1.MATRIX3=-0.883168008,-0.469056788,0.000000000,0.000000000,0.469056788,-0.883168008,0.000000000,0.000000000,0.000000000,0.000000000,1.000000000,0.000000000,12.503644015,0.482648124,40.741101165,1.000000000
