ENTITYNAME=WIRE
BASEFAMILY=eaa5a716-3f52-4f7e-ba25-ab259f7edb50.fam
OBJECTMODELPOINTER=81b82497-164d-48c0-b1cb-18fa700dacdf.dev
KVALUE=0.000369
SPLIT=4
POINT0.BLHA=28.45391595,113.39400228,204.515,242.026912
POINT0.MATRIX0=-0.883168008,-0.469056788,-0.000000000,0.000000000,0.469056788,-0.883168008,-0.000000000,0.000000000,-0.000000000,-0.000000000,1.000000000,0.000000000,1.472957780,9.900553492,35.538319172,1.000000000
POINT0.MATRIX1=-0.883168008,-0.469056788,-0.000000000,0.000000000,0.469056788,-0.883168008,-0.000000000,0.000000000,-0.000000000,-0.000000000,1.000000000,0.000000000,1.668463983,9.962369745,35.994495929,1.000000000
POINT0.MATRIX2=-0.883168008,-0.469056788,-0.000000000,0.000000000,0.469056788,-0.883168008,-0.000000000,0.000000000,-0.000000000,-0.000000000,1.000000000,0.000000000,1.251841039,10.738484311,36.067875446,1.000000000
POINT0.MATRIX3=-0.883168008,-0.469056788,-0.000000000,0.000000000,0.469056788,-0.883168008,-0.000000000,0.000000000,-0.000000000,-0.000000000,1.000000000,0.000000000,1.056766071,10.676897090,35.611706318,1.000000000
POINT1.BLHA=28.44959265,113.39143584,231.811,242.026912
POINT1.MATRIX0=-0.883168008,-0.469056788,-0.000000000,0.000000000,0.469056788,-0.883168008,-0.000000000,0.000000000,0.000000000,0.000000000,1.000000000,0.000000000,0.179810248,-0.119539117,43.762686952,1.000000000
POINT1.MATRIX1=-0.883168008,-0.469056788,-0.000000000,0.000000000,0.469056788,-0.883168008,-0.000000000,0.000000000,0.000000000,0.000000000,1.000000000,0.000000000,0.217379326,-0.119489403,44.211142764,1.000000000
POINT1.MATRIX2=-0.883168008,-0.469056788,-0.000000000,0.000000000,0.469056788,-0.883168008,-0.000000000,0.000000000,0.000000000,0.000000000,1.000000000,0.000000000,-0.230835359,-0.119803276,44.248412356,1.000000000
POINT1.MATRIX3=-0.883168008,-0.469056788,-0.000000000,0.000000000,0.469056788,-0.883168008,-0.000000000,0.000000000,0.000000000,0.000000000,1.000000000,0.000000000,-0.268404435,-0.119852990,43.799956546,1.000000000
