OBJECTMODELPOINTER=33777c94-e4b9-4947-906f-f84480f3cb99.dev
BASEFAMILY=eaa61d1a-a9b2-4e86-b24a-0b5fd6c88cb4.fam
BLHA=28.38483527,113.36398740,139.075387,249.667673
TRANSFORMMATRIX=-0.018672405,-0.999825655,0.000004906,0.000000000,0.999825655,-0.018672405,0.000001897,0.000000000,-0.000001805,0.000004940,1.000000000,0.000000000,-11.464015984,31.371438514,28.462233198,1.000000000
ENTITYNAME=Wire_Device
