OBJECTMODELPOINTER=33777c94-e4b9-4947-906f-f84480f3cb99.dev
BASEFAMILY=eaa88180-2383-4faa-8e4f-ae2db07d1741.fam
BLHA=28.51918695,113.48038702,399.659330,210.734491
TRANSFORMMATRIX=-0.000022705,-0.999999999,0.000049272,0.000000000,1.000000000,-0.000022705,0.000000328,0.000000000,-0.000000326,0.000049272,0.999999999,0.000000000,-1.359987265,314.091171306,-9.379695349,1.000000000
ENTITYNAME=Wire_Device
