OBJECTMODELPOINTER=33777c94-e4b9-4947-906f-f84480f3cb99.dev
BASEFAMILY=eab8281b-3bbb-476c-ad28-f279d2edd301.fam
BLHA=28.31925198,113.37995663,64.126344,500.343289
TRANSFORMMATRIX=-0.154957244,0.987921177,0.000026606,0.000000000,-0.987921177,-0.154957244,0.000001222,0.000000000,0.000005331,-0.000026096,1.000000000,0.000000000,34.343810010,-166.304813475,57.201680205,1.000000000
ENTITYNAME=Wire_Device
