OBJECTMODELPOINTER=33777c94-e4b9-4947-906f-f84480f3cb99.dev
BASEFAMILY=eacdcfda-1440-4e3c-b3a6-009248faac3f.fam
BLHA=28.46688419,113.40170203,216.340862,242.026912
TRANSFORMMATRIX=0.001860400,-0.999998268,0.000051331,0.000000000,0.999998269,0.001860400,-0.000001823,0.000000000,0.000001727,0.000051334,0.999999999,0.000000000,11.715610224,326.380949088,25.737226382,1.000000000
ENTITYNAME=Wire_Device
