OBJECTMODELPOINTER=33777c94-e4b9-4947-906f-f84480f3cb99.dev
BASEFAMILY=ead3b6e4-4b4c-40a8-85f8-f37434d2f19a.fam
BLHA=28.73433869,113.45386444,142.659000,258.301958
TRANSFORMMATRIX=-0.007943323,-0.999968451,0.000007170,0.000000000,0.999968451,-0.007943323,-0.000001482,0.000000000,0.000001539,0.000007158,1.000000000,0.000000000,9.869877539,45.476077490,23.188190113,1.000000000
ENTITYNAME=Wire_Device
