OBJECTMODELPOINTER=33777c94-e4b9-4947-906f-f84480f3cb99.dev
BASEFAMILY=eae23d4d-da9e-4252-bfca-24f53124187a.fam
BLHA=28.27757020,113.46637333,93.774105,312.669055
TRANSFORMMATRIX=-0.001249628,-0.999999218,0.000053118,0.000000000,0.999999219,-0.001249628,0.000001374,0.000000000,-0.000001308,0.000053120,0.999999999,0.000000000,-9.207296753,338.136093441,19.667862021,1.000000000
ENTITYNAME=Wire_Device
