OBJECTMODELPOINTER=33777c94-e4b9-4947-906f-f84480f3cb99.dev
BASEFAMILY=eaedfbed-5f56-4d21-a602-715294cf2834.fam
BLHA=28.78677028,113.48699418,119.837662,221.400685
TRANSFORMMATRIX=0.016587657,-0.999862415,0.000016969,0.000000000,0.999862415,0.016587657,-0.000001976,0.000000000,0.000001695,0.000016999,1.000000000,0.000000000,11.059252151,108.293931602,35.136343449,1.000000000
ENTITYNAME=Wire_Device
