OBJECTMODELPOINTER=33777c94-e4b9-4947-906f-f84480f3cb99.dev
BASEFAMILY=eaee9a83-fa96-4507-a2ca-bdcb7ddb1f76.fam
BLHA=28.80183094,113.50568524,205.477677,227.348291
TRANSFORMMATRIX=-0.012919432,-0.999916541,0.000005117,0.000000000,0.999916541,-0.012919432,0.000001899,0.000000000,-0.000001832,0.000005141,1.000000000,0.000000000,-11.584914088,32.693657694,38.879233531,1.000000000
ENTITYNAME=Wire_Device
