OBJECTMODELPOINTER=33777c94-e4b9-4947-906f-f84480f3cb99.dev
BASEFAMILY=eaf3d242-13e8-4088-b244-1e7f94709e24.fam
BLHA=28.31925198,113.37995663,64.126344,500.343289
TRANSFORMMATRIX=-0.157024725,0.987594671,0.000037479,0.000000000,-0.987594672,-0.157024725,-0.000001078,0.000000000,0.000004821,-0.000037183,0.999999999,0.000000000,31.281936141,-236.917739383,62.539197012,1.000000000
ENTITYNAME=Wire_Device
