ENTITYNAME=WIRE
BASEFAMILY=eaf7e3a6-7f91-442a-825b-d64f0020a350.fam
OBJECTMODELPOINTER=81b82497-164d-48c0-b1cb-18fa700dacdf.dev
KVALUE=0.000000
SPLIT=4
POINT0.BLHA=28.41763874,113.37576334,172.022,254.006183
POINT0.MATRIX0=-0.961291434,-0.275533624,-0.000000000,0.000000000,0.275533624,-0.961291434,-0.000000000,0.000000000,-0.000000000,0.000000000,1.000000000,0.000000000,13.545101903,-0.110682288,52.000003082,1.000000000
POINT0.MATRIX1=-0.961291434,-0.275533624,-0.000000000,0.000000000,0.275533624,-0.961291434,-0.000000000,0.000000000,-0.000000000,0.000000000,1.000000000,0.000000000,13.545101903,-0.110682288,52.450000031,1.000000000
POINT0.MATRIX2=-0.961291434,-0.275533624,-0.000000000,0.000000000,0.275533624,-0.961291434,-0.000000000,0.000000000,-0.000000000,0.000000000,1.000000000,0.000000000,13.094789003,-0.109721440,52.450000031,1.000000000
POINT0.MATRIX3=-0.961291434,-0.275533624,-0.000000000,0.000000000,0.275533624,-0.961291434,-0.000000000,0.000000000,-0.000000000,0.000000000,1.000000000,0.000000000,13.094789003,-0.109721441,52.000003082,1.000000000
POINT1.BLHA=28.41763874,113.37576334,172.022,254.006183
POINT1.MATRIX0=-0.961291434,-0.275533624,-0.000000000,0.000000000,0.275533624,-0.961291434,-0.000000000,0.000000000,-0.000000000,0.000000000,1.000000000,0.000000000,13.545174516,-0.000675944,52.000003082,1.000000000
POINT1.MATRIX1=-0.961291434,-0.275533624,-0.000000000,0.000000000,0.275533624,-0.961291434,-0.000000000,0.000000000,-0.000000000,0.000000000,1.000000000,0.000000000,13.545174516,-0.000675944,52.450000030,1.000000000
POINT1.MATRIX2=-0.961291434,-0.275533624,-0.000000000,0.000000000,0.275533624,-0.961291434,-0.000000000,0.000000000,-0.000000000,0.000000000,1.000000000,0.000000000,13.094861616,0.000284904,52.450000031,1.000000000
POINT1.MATRIX3=-0.961291434,-0.275533624,-0.000000000,0.000000000,0.275533624,-0.961291434,-0.000000000,0.000000000,-0.000000000,0.000000000,1.000000000,0.000000000,13.094861616,0.000284904,52.000003082,1.000000000
