ENTITYNAME=WIRE
BASEFAMILY=eb194060-d571-4545-bda3-9b96e53f9dd9.fam
OBJECTMODELPOINTER=81b82497-164d-48c0-b1cb-18fa700dacdf.dev
KVALUE=0.000000
SPLIT=4
POINT0.BLHA=28.76435807,113.46905293,179.070,236.227775
POINT0.MATRIX0=-0.831254041,-0.555892723,0.000000000,0.000000000,0.555892723,-0.831254041,0.000000000,0.000000000,0.000000000,-0.000000000,1.000000000,0.000000000,0.181031447,-0.000974837,28.762682660,1.000000000
POINT0.MATRIX1=-0.831254041,-0.555892723,0.000000000,0.000000000,0.555892723,-0.831254041,0.000000000,0.000000000,0.000000000,-0.000000000,1.000000000,0.000000000,0.217662473,0.000025664,29.211138471,1.000000000
POINT0.MATRIX2=-0.831254041,-0.555892723,0.000000000,0.000000000,0.555892723,-0.831254041,0.000000000,0.000000000,0.000000000,-0.000000000,1.000000000,0.000000000,-0.230118759,-0.001022696,29.248408063,1.000000000
POINT0.MATRIX3=-0.831254041,-0.555892723,0.000000000,0.000000000,0.555892723,-0.831254041,0.000000000,0.000000000,0.000000000,-0.000000000,1.000000000,0.000000000,-0.267835513,-0.000399654,28.799952252,1.000000000
POINT1.BLHA=28.76435807,113.46905293,179.070,236.227775
POINT1.MATRIX0=-0.831254041,-0.555892723,0.000000000,0.000000000,0.555892723,-0.831254041,0.000000000,0.000000000,0.000000000,-0.000000000,1.000000000,0.000000000,0.181022298,0.119032853,28.762682661,1.000000000
POINT1.MATRIX1=-0.831254041,-0.555892723,0.000000000,0.000000000,0.555892723,-0.831254041,0.000000000,0.000000000,0.000000000,-0.000000000,1.000000000,0.000000000,0.217653324,0.120033354,29.211138472,1.000000000
POINT1.MATRIX2=-0.831254041,-0.555892723,0.000000000,0.000000000,0.555892723,-0.831254041,0.000000000,0.000000000,0.000000000,-0.000000000,1.000000000,0.000000000,-0.230127908,0.118984994,29.248408063,1.000000000
POINT1.MATRIX3=-0.831254041,-0.555892723,0.000000000,0.000000000,0.555892723,-0.831254041,0.000000000,0.000000000,0.000000000,-0.000000000,1.000000000,0.000000000,-0.267844662,0.119608036,28.799952252,1.000000000
