OBJECTMODELPOINTER=33777c94-e4b9-4947-906f-f84480f3cb99.dev
BASEFAMILY=eb20648a-9eaf-4124-b9f6-929220c90a4b.fam
BLHA=28.42958283,113.37956045,205.551749,428.016547
TRANSFORMMATRIX=-0.256816465,0.966460192,0.000000354,0.000000000,-0.966460192,-0.256816465,-0.000001436,0.000000000,-0.000001298,-0.000000710,1.000000000,0.000000000,-8.283609425,-4.532265428,22.306542756,1.000000000
ENTITYNAME=Wire_Device
