OBJECTMODELPOINTER=33777c94-e4b9-4947-906f-f84480f3cb99.dev
BASEFAMILY=eb3cd2c4-1ecc-49a9-9528-d086f6cd72d8.fam
BLHA=28.47949059,113.41307678,290.814083,229.813402
TRANSFORMMATRIX=0.000907390,-0.999999586,0.000062049,0.000000000,0.999999588,0.000907390,0.000002461,0.000000000,-0.000002518,0.000062047,0.999999998,0.000000000,-15.024697313,394.827554481,50.581826396,1.000000000
ENTITYNAME=Wire_Device
