OBJECTMODELPOINTER=33777c94-e4b9-4947-906f-f84480f3cb99.dev
BASEFAMILY=eb4903b0-8742-463e-be29-5fdb3673ff6d.fam
BLHA=28.63338498,113.46540590,167.944131,275.523589
TRANSFORMMATRIX=-0.054206013,-0.998529772,0.000052020,0.000000000,0.998529773,-0.054206013,-0.000000945,0.000000000,0.000003764,0.000051892,0.999999999,0.000000000,23.858256279,329.532445801,40.595522461,1.000000000
ENTITYNAME=Wire_Device
