OBJECTMODELPOINTER=33777c94-e4b9-4947-906f-f84480f3cb99.dev
BASEFAMILY=eb6ed2be-4f81-4727-a3c9-395c42d1e09e.fam
BLHA=28.31925198,113.37995663,64.126344,500.343289
TRANSFORMMATRIX=-0.153409745,0.988162664,0.000017702,0.000000000,-0.988162664,-0.153409745,0.000001739,0.000000000,0.000004435,-0.000017226,1.000000000,0.000000000,28.496181944,-109.792592673,43.149566501,1.000000000
ENTITYNAME=Wire_Device
