ENTITYNAME=WIRE
BASEFAMILY=eb75c24a-22b6-4ce9-bb3f-c1818870d709.fam
OBJECTMODELPOINTER=81b82497-164d-48c0-b1cb-18fa700dacdf.dev
KVALUE=0.000374
SPLIT=4
POINT0.BLHA=28.80418340,113.50812520,199.973,227.348291
POINT0.MATRIX0=-0.735485915,-0.677540012,-0.000000000,0.000000000,0.677540012,-0.735485915,-0.000000000,0.000000000,-0.000000000,0.000000000,1.000000000,0.000000000,12.094390578,0.110602418,43.000000405,1.000000000
POINT0.MATRIX1=-0.735485915,-0.677540012,-0.000000000,0.000000000,0.677540012,-0.735485915,-0.000000000,0.000000000,-0.000000000,0.000000000,1.000000000,0.000000000,12.094390578,0.110602418,43.449997353,1.000000000
POINT0.MATRIX2=-0.735485915,-0.677540012,-0.000000000,0.000000000,0.677540012,-0.735485915,-0.000000000,0.000000000,-0.000000000,0.000000000,1.000000000,0.000000000,11.644466546,0.110392987,43.449997354,1.000000000
POINT0.MATRIX3=-0.735485915,-0.677540012,-0.000000000,0.000000000,0.677540012,-0.735485915,-0.000000000,0.000000000,-0.000000000,0.000000000,1.000000000,0.000000000,11.644466545,0.110392987,43.000000405,1.000000000
POINT1.BLHA=28.80183094,113.50568524,205.478,227.348291
POINT1.MATRIX0=-0.735485915,-0.677540012,-0.000000000,0.000000000,0.677540012,-0.735485915,0.000000000,0.000000000,-0.000000000,0.000000000,1.000000000,0.000000000,12.094624421,-0.111424017,42.999996459,1.000000000
POINT1.MATRIX1=-0.735485915,-0.677540012,-0.000000000,0.000000000,0.677540012,-0.735485915,0.000000000,0.000000000,-0.000000000,0.000000000,1.000000000,0.000000000,12.094624421,-0.111424016,43.450001037,1.000000000
POINT1.MATRIX2=-0.735485915,-0.677540012,-0.000000000,0.000000000,0.677540012,-0.735485915,0.000000000,0.000000000,-0.000000000,0.000000000,1.000000000,0.000000000,11.643490244,-0.107437135,43.450001038,1.000000000
POINT1.MATRIX3=-0.735485915,-0.677540012,-0.000000000,0.000000000,0.677540012,-0.735485915,0.000000000,0.000000000,-0.000000000,0.000000000,1.000000000,0.000000000,11.643490244,-0.107437136,42.999996460,1.000000000
