ENTITYNAME=WIRE
BASEFAMILY=eb78f744-cdec-4e13-9e68-c706506548c0.fam
OBJECTMODELPOINTER=81b82497-164d-48c0-b1cb-18fa700dacdf.dev
KVALUE=0.000000
SPLIT=4
POINT0.BLHA=28.77096466,113.47401910,153.559,236.227775
POINT0.MATRIX0=-0.831254041,-0.555892723,-0.000000000,0.000000000,0.555892723,-0.831254041,-0.000000000,0.000000000,0.000000000,-0.000000000,1.000000000,0.000000000,-12.505684550,0.000412910,43.000000337,1.000000000
POINT0.MATRIX1=-0.831254041,-0.555892723,-0.000000000,0.000000000,0.555892723,-0.831254041,-0.000000000,0.000000000,0.000000000,-0.000000000,1.000000000,0.000000000,-12.505684549,0.000412910,43.449997285,1.000000000
POINT0.MATRIX2=-0.831254041,-0.555892723,-0.000000000,0.000000000,0.555892723,-0.831254041,-0.000000000,0.000000000,0.000000000,-0.000000000,1.000000000,0.000000000,-12.955160338,0.000580944,43.449997285,1.000000000
POINT0.MATRIX3=-0.831254041,-0.555892723,-0.000000000,0.000000000,0.555892723,-0.831254041,-0.000000000,0.000000000,0.000000000,-0.000000000,1.000000000,0.000000000,-12.955160339,0.000580945,43.000000336,1.000000000
POINT1.BLHA=28.77096466,113.47401910,153.559,236.227775
POINT1.MATRIX0=-0.831254041,-0.555892723,-0.000000000,0.000000000,0.555892723,-0.831254041,-0.000000000,0.000000000,0.000000000,-0.000000000,1.000000000,0.000000000,-12.505465618,0.110403709,43.000000337,1.000000000
POINT1.MATRIX1=-0.831254041,-0.555892723,-0.000000000,0.000000000,0.555892723,-0.831254041,-0.000000000,0.000000000,0.000000000,-0.000000000,1.000000000,0.000000000,-12.505465618,0.110403709,43.449997285,1.000000000
POINT1.MATRIX2=-0.831254041,-0.555892723,-0.000000000,0.000000000,0.555892723,-0.831254041,-0.000000000,0.000000000,0.000000000,-0.000000000,1.000000000,0.000000000,-12.954941406,0.110571744,43.449997285,1.000000000
POINT1.MATRIX3=-0.831254041,-0.555892723,-0.000000000,0.000000000,0.555892723,-0.831254041,-0.000000000,0.000000000,0.000000000,-0.000000000,1.000000000,0.000000000,-12.954941407,0.110571744,43.000000336,1.000000000
