ENTITYNAME=WIRE
BASEFAMILY=eb93df76-912e-468f-8bf2-78fa60556acc.fam
OBJECTMODELPOINTER=31970f28-780e-4bf1-8adb-439f78c329a3.dev
KVALUE=0.000287
SPLIT=1
POINT0.BLHA=28.36075913,113.35996262,84.531,278.143009
POINT0.MATRIX0=-0.989917611,0.141644356,0.000000000,0.000000000,-0.141644356,-0.989917611,0.000000000,0.000000000,-0.000000000,-0.000000000,1.000000000,0.000000000,-11.941604701,-0.015290336,57.558008941,1.000000000
POINT1.BLHA=28.36075913,113.35996262,84.531,278.143009
POINT1.MATRIX0=-0.989917611,0.141644356,0.000000000,0.000000000,-0.141644356,-0.989917611,0.000000000,0.000000000,-0.000000000,-0.000000000,1.000000000,0.000000000,-11.949838356,0.016103271,57.558008941,1.000000000
