OBJECTMODELPOINTER=33777c94-e4b9-4947-906f-f84480f3cb99.dev
BASEFAMILY=ebac6776-365a-45c6-ae55-ba39c5153923.fam
BLHA=28.55326393,113.50869198,332.868298,304.990571
TRANSFORMMATRIX=-0.006790166,-0.999976946,0.000018341,0.000000000,0.999976947,-0.006790165,0.000002220,0.000000000,-0.000002096,0.000018356,1.000000000,0.000000000,-13.636248947,116.795431554,44.136183912,1.000000000
ENTITYNAME=Wire_Device
