OBJECTMODELPOINTER=33777c94-e4b9-4947-906f-f84480f3cb99.dev
BASEFAMILY=ebaf15c3-dea2-4393-9361-a7dfc24fcfd5.fam
BLHA=28.78468964,113.48433856,117.864116,408.814230
TRANSFORMMATRIX=-0.120000305,0.992773854,0.000027748,0.000000000,-0.992773855,-0.120000305,-0.000000999,0.000000000,0.000002337,-0.000027668,1.000000000,0.000000000,14.436996324,-176.053760935,32.444768521,1.000000000
ENTITYNAME=Wire_Device
