OBJECTMODELPOINTER=33777c94-e4b9-4947-906f-f84480f3cb99.dev
BASEFAMILY=ebebec4c-bd71-4e08-a68a-81869987f237.fam
BLHA=28.73032666,113.45294372,113.432437,258.301958
TRANSFORMMATRIX=0.002116896,-0.999997758,0.000048620,0.000000000,0.999997759,0.002116896,0.000000276,0.000000000,-0.000000379,0.000048619,0.999999999,0.000000000,-2.098015335,308.812271420,32.803483260,1.000000000
ENTITYNAME=Wire_Device
