OBJECTMODELPOINTER=33777c94-e4b9-4947-906f-f84480f3cb99.dev
BASEFAMILY=ebf39845-98ac-48d6-b54e-d8e16de0833b.fam
BLHA=28.51284150,113.46842369,376.044241,210.734491
TRANSFORMMATRIX=-0.005945328,-0.999982326,0.000029657,0.000000000,0.999982326,-0.005945328,0.000000199,0.000000000,-0.000000023,0.000029658,1.000000000,0.000000000,0.283351298,189.057835135,-44.449636719,1.000000000
ENTITYNAME=Wire_Device
