OBJECTMODELPOINTER=33777c94-e4b9-4947-906f-f84480f3cb99.dev
BASEFAMILY=ebf7d4ee-1d17-441e-9d37-b6e0e0ce4693.fam
BLHA=28.50306305,113.44669559,173.869453,200.251669
TRANSFORMMATRIX=-0.000011581,-1.000000000,0.000024117,0.000000000,1.000000000,-0.000011581,-0.000001944,0.000000000,0.000001944,0.000024117,1.000000000,0.000000000,12.611059478,153.869726621,56.789928863,1.000000000
ENTITYNAME=Wire_Device
