OBJECTMODELPOINTER=33777c94-e4b9-4947-906f-f84480f3cb99.dev
BASEFAMILY=ebfe5100-9dd6-4e60-b87b-f770d9549920.fam
BLHA=28.53408910,113.50849608,458.182485,233.242345
TRANSFORMMATRIX=-0.381806117,-0.924242437,0.000078341,0.000000000,0.924242440,-0.381806119,0.000000382,0.000000000,0.000029558,0.000072552,0.999999997,0.000000000,189.482659491,462.062528183,-4.592957187,1.000000000
ENTITYNAME=Wire_Device
