OBJECTMODELPOINTER=33777c94-e4b9-4947-906f-f84480f3cb99.dev
BASEFAMILY=ec0265d0-a0d7-451d-a592-f2f924da1756.fam
BLHA=28.62257154,113.46619683,208.116407,273.436520
TRANSFORMMATRIX=0.000001190,-1.000000000,0.000019190,0.000000000,1.000000000,0.000001190,0.000002073,0.000000000,-0.000002074,0.000019189,1.000000000,0.000000000,-13.273893708,121.865815939,18.725839379,1.000000000
ENTITYNAME=Wire_Device
