OBJECTMODELPOINTER=33777c94-e4b9-4947-906f-f84480f3cb99.dev
BASEFAMILY=ec15f7ee-96f5-4cf7-8d30-82ed15f6defc.fam
BLHA=28.58865070,113.47941927,287.208654,287.849619
TRANSFORMMATRIX=0.000005401,-1.000000000,0.000028674,0.000000000,1.000000000,0.000005401,0.000000085,0.000000000,-0.000000085,0.000028674,1.000000000,0.000000000,-0.817354285,182.176983940,13.706338912,1.000000000
ENTITYNAME=Wire_Device
