OBJECTMODELPOINTER=33777c94-e4b9-4947-906f-f84480f3cb99.dev
BASEFAMILY=ec2902a6-9c1e-4b3b-93bc-e74b98c3c1de.fam
BLHA=28.28708442,113.44692142,57.763329,308.127846
TRANSFORMMATRIX=-0.006757549,-0.999977167,0.000005667,0.000000000,0.999977167,-0.006757549,-0.000001222,0.000000000,0.000001260,0.000005659,1.000000000,0.000000000,7.937823102,35.982987198,42.042053884,1.000000000
ENTITYNAME=Wire_Device
