OBJECTMODELPOINTER=33777c94-e4b9-4947-906f-f84480f3cb99.dev
BASEFAMILY=ec4091a1-80a5-40f0-8215-dc3df4b14d18.fam
BLHA=28.34247838,113.36303113,107.750676,278.143009
TRANSFORMMATRIX=-0.003122598,-0.999995124,0.000036688,0.000000000,0.999995125,-0.003122598,-0.000001693,0.000000000,0.000001808,0.000036683,0.999999999,0.000000000,11.365141738,232.950543221,8.225619923,1.000000000
ENTITYNAME=Wire_Device
