OBJECTMODELPOINTER=33777c94-e4b9-4947-906f-f84480f3cb99.dev
BASEFAMILY=ec5600ea-f2e2-4dfe-a2b6-0e7b08e60280.fam
BLHA=28.59994740,113.47379389,183.494205,294.633001
TRANSFORMMATRIX=0.001035208,-0.999999464,0.000028900,0.000000000,0.999999464,0.001035208,-0.000002019,0.000000000,0.000001989,0.000028902,1.000000000,0.000000000,12.323534489,183.679802615,36.506858540,1.000000000
ENTITYNAME=Wire_Device
