OBJECTMODELPOINTER=33777c94-e4b9-4947-906f-f84480f3cb99.dev
BASEFAMILY=ec6618d0-1acd-40e1-a2aa-bda061d5ee86.fam
BLHA=28.26885822,113.47846971,85.176990,355.334735
TRANSFORMMATRIX=0.000018802,-0.999999999,0.000038931,0.000000000,1.000000000,0.000018802,-0.000000939,0.000000000,0.000000938,0.000038931,0.999999999,0.000000000,5.853574398,248.486805770,50.361100007,1.000000000
ENTITYNAME=Wire_Device
