OBJECTMODELPOINTER=33777c94-e4b9-4947-906f-f84480f3cb99.dev
BASEFAMILY=ec777dfc-012c-4afd-b1db-b141f842c148.fam
BLHA=28.54843684,113.51255198,454.586266,280.370385
TRANSFORMMATRIX=-0.598864148,-0.800850630,-0.000000080,0.000000000,0.800850630,-0.598864148,0.000001635,0.000000000,-0.000001358,0.000000915,1.000000000,0.000000000,-8.670378143,5.821470517,25.840747438,1.000000000
ENTITYNAME=Wire_Device
