OBJECTMODELPOINTER=33777c94-e4b9-4947-906f-f84480f3cb99.dev
BASEFAMILY=ec883b3f-b9a4-484b-972e-ef366c4b9d16.fam
BLHA=28.56112925,113.50240150,222.763342,308.993779
TRANSFORMMATRIX=-0.061108950,-0.998131102,0.000017703,0.000000000,0.998131102,-0.061108950,0.000001565,0.000000000,-0.000000482,0.000017765,1.000000000,0.000000000,-3.347435951,113.057911949,40.457120134,1.000000000
ENTITYNAME=Wire_Device
