ENTITYNAME=WIRE
BASEFAMILY=ec9eb00c-7804-4204-8e4c-062dd5c7df68.fam
OBJECTMODELPOINTER=31970f28-780e-4bf1-8adb-439f78c329a3.dev
KVALUE=0.000287
SPLIT=1
POINT0.BLHA=28.71568525,113.45475484,179.580,274.089521
POINT0.MATRIX0=-0.997453842,0.071315024,0.000000000,0.000000000,-0.071315024,-0.997453842,0.000000000,0.000000000,0.000000000,0.000000000,1.000000000,0.000000000,5.578130873,-1.354591821,43.933836943,1.000000000
POINT1.BLHA=28.71568525,113.45475484,179.580,274.089521
POINT1.MATRIX0=-0.997453842,0.071315024,0.000000000,0.000000000,-0.071315024,-0.997453842,0.000000000,0.000000000,0.000000000,0.000000000,1.000000000,0.000000000,5.580871100,1.358821865,43.990773565,1.000000000
