OBJECTMODELPOINTER=33777c94-e4b9-4947-906f-f84480f3cb99.dev
BASEFAMILY=ecb1903b-5c01-4f31-9086-7aab4f4025ab.fam
BLHA=28.81479133,113.52057006,101.431429,372.952022
TRANSFORMMATRIX=-0.235826203,0.971795247,0.000006483,0.000000000,-0.971795247,-0.235826203,-0.000001489,0.000000000,0.000000082,-0.000006650,1.000000000,0.000000000,0.474300836,-42.441969855,30.501753082,1.000000000
ENTITYNAME=Wire_Device
