OBJECTMODELPOINTER=33777c94-e4b9-4947-906f-f84480f3cb99.dev
BASEFAMILY=ecb6eb61-4bc2-4180-96da-c96972516e64.fam
BLHA=28.37691435,113.36420413,70.521818,286.379084
TRANSFORMMATRIX=-0.000058830,-0.999999998,0.000026241,0.000000000,0.999999998,-0.000058830,0.000000105,0.000000000,-0.000000103,0.000026242,1.000000000,0.000000000,-0.893624006,166.701490879,27.250462567,1.000000000
ENTITYNAME=Wire_Device
