OBJECTMODELPOINTER=33777c94-e4b9-4947-906f-f84480f3cb99.dev
BASEFAMILY=ecbc0d47-c0f2-4a29-8f76-c09cf3ac923e.fam
BLHA=28.50885387,113.46090739,244.701846,210.734491
TRANSFORMMATRIX=-0.000009149,-1.000000000,0.000019043,0.000000000,1.000000000,-0.000009149,0.000000133,0.000000000,-0.000000133,0.000019044,1.000000000,0.000000000,-0.570350842,121.393467795,35.422553772,1.000000000
ENTITYNAME=Wire_Device
