OBJECTMODELPOINTER=33777c94-e4b9-4947-906f-f84480f3cb99.dev
BASEFAMILY=ecd3d3e6-44ff-46d0-b150-de54d6a6cceb.fam
BLHA=28.36075913,113.35996262,84.531423,278.143009
TRANSFORMMATRIX=0.001115098,-0.999999378,0.000039362,0.000000000,0.999999378,0.001115098,-0.000002007,0.000000000,0.000001963,0.000039364,0.999999999,0.000000000,12.346248112,249.975477095,19.284584355,1.000000000
ENTITYNAME=Wire_Device
