OBJECTMODELPOINTER=33777c94-e4b9-4947-906f-f84480f3cb99.dev
BASEFAMILY=ece7c5c4-8e85-4e07-8625-22cc075b0bb8.fam
BLHA=28.57663112,113.48588937,251.356728,312.996987
TRANSFORMMATRIX=0.000028024,-0.999999997,0.000068953,0.000000000,1.000000000,0.000028025,0.000002207,0.000000000,-0.000002209,0.000068953,0.999999998,0.000000000,-15.204085937,438.967168464,37.568215275,1.000000000
ENTITYNAME=Wire_Device
