OBJECTMODELPOINTER=33777c94-e4b9-4947-906f-f84480f3cb99.dev
BASEFAMILY=ed0d7ab4-c7cb-46fb-bcb0-8cde76b48d56.fam
BLHA=28.73433869,113.45386444,142.659000,258.301958
TRANSFORMMATRIX=-0.588835031,-0.808253244,-0.000000180,0.000000000,0.808253244,-0.588835031,-0.000000410,0.000000000,0.000000225,-0.000000387,1.000000000,0.000000000,1.436392445,-2.459303798,21.737712618,1.000000000
ENTITYNAME=Wire_Device
