OBJECTMODELPOINTER=33777c94-e4b9-4947-906f-f84480f3cb99.dev
BASEFAMILY=ed1d379c-d944-46a4-b34e-8de1d9af6acc.fam
BLHA=28.38706938,113.36490839,130.458199,249.667673
TRANSFORMMATRIX=-0.000008522,-0.999999999,0.000035595,0.000000000,1.000000000,-0.000008522,-0.000001613,0.000000000,0.000001614,0.000035595,0.999999999,0.000000000,10.677974636,226.189344522,40.570589271,1.000000000
ENTITYNAME=Wire_Device
