OBJECTMODELPOINTER=33777c94-e4b9-4947-906f-f84480f3cb99.dev
BASEFAMILY=ed2f2e5d-1808-42f6-ad9d-80fe22e3b737.fam
BLHA=28.30070252,113.44082959,73.741833,287.794387
TRANSFORMMATRIX=0.001377768,-0.999999051,0.000027649,0.000000000,0.999999051,0.001377768,0.000001140,0.000000000,-0.000001177,0.000027648,1.000000000,0.000000000,-7.780868738,175.655408227,57.720302863,1.000000000
ENTITYNAME=Wire_Device
