OBJECTMODELPOINTER=33777c94-e4b9-4947-906f-f84480f3cb99.dev
BASEFAMILY=ed3ae2d3-6d01-4b84-ba6a-71c6aea6857d.fam
BLHA=28.61647630,113.46664258,210.970212,273.436520
TRANSFORMMATRIX=0.012419871,-0.999922870,0.000018590,0.000000000,0.999922870,0.012419871,-0.000001919,0.000000000,0.000001687,0.000018612,1.000000000,0.000000000,10.737578364,118.193123017,34.829336598,1.000000000
ENTITYNAME=Wire_Device
