ENTITYNAME=WIRE
BASEFAMILY=ed4b320b-843e-4ef8-833c-132f432e8505.fam
OBJECTMODELPOINTER=31970f28-780e-4bf1-8adb-439f78c329a3.dev
KVALUE=0.000217
SPLIT=1
POINT0.BLHA=28.68327588,113.45799727,190.105,276.549179
POINT0.MATRIX0=-0.993474323,0.114055990,-0.000000000,0.000000000,-0.114055990,-0.993474323,-0.000000000,0.000000000,-0.000000000,0.000000000,1.000000000,0.000000000,5.521483889,1.559611477,43.924153406,1.000000000
POINT1.BLHA=28.68060600,113.45831192,164.595,275.673275
POINT1.MATRIX0=-0.995101789,0.098855601,0.000000000,0.000000000,-0.098855601,-0.995101789,0.000000000,0.000000000,0.000000000,0.000000000,1.000000000,0.000000000,10.615338110,-0.634520759,54.558003927,1.000000000
