OBJECTMODELPOINTER=33777c94-e4b9-4947-906f-f84480f3cb99.dev
BASEFAMILY=ed506181-63af-4882-acb9-3d4671425161.fam
BLHA=28.30399811,113.43961542,62.139238,477.400140
TRANSFORMMATRIX=0.170723464,0.985318982,0.000043857,0.000000000,-0.985318983,0.170723464,0.000001858,0.000000000,-0.000005657,-0.000043531,0.999999999,0.000000000,-35.480894365,-276.642877105,45.646965018,1.000000000
ENTITYNAME=Wire_Device
