OBJECTMODELPOINTER=33777c94-e4b9-4947-906f-f84480f3cb99.dev
BASEFAMILY=ed53d104-1ac8-4bbe-8598-a71eeb8c4cfb.fam
BLHA=28.56928949,113.49371034,236.536103,312.996987
TRANSFORMMATRIX=0.000028592,-0.999999997,0.000075443,0.000000000,1.000000000,0.000028592,0.000002213,0.000000000,-0.000002215,0.000075443,0.999999997,0.000000000,-15.349575210,480.277998541,47.496103292,1.000000000
ENTITYNAME=Wire_Device
