OBJECTMODELPOINTER=33777c94-e4b9-4947-906f-f84480f3cb99.dev
BASEFAMILY=ed6315b5-cd08-4121-9c13-a908c92f22ed.fam
BLHA=28.40635362,113.37217651,164.659139,254.006183
TRANSFORMMATRIX=0.010508383,-0.999944785,0.000006851,0.000000000,0.999944785,0.010508383,0.000001567,0.000000000,-0.000001638,0.000006834,1.000000000,0.000000000,-10.395351410,43.398347031,23.734708109,1.000000000
ENTITYNAME=Wire_Device
