OBJECTMODELPOINTER=33777c94-e4b9-4947-906f-f84480f3cb99.dev
BASEFAMILY=ed74361d-77ef-48f6-9971-febcf0a51a9f.fam
BLHA=28.79022096,113.49139881,176.212376,221.400685
TRANSFORMMATRIX=-0.000032939,-0.999999996,0.000084927,0.000000000,0.999999999,-0.000032939,0.000000588,0.000000000,-0.000000585,0.000084927,0.999999996,0.000000000,-2.337987684,540.882498116,-6.732035839,1.000000000
ENTITYNAME=Wire_Device
