ENTITYNAME=WIRE
BASEFAMILY=ed94d9a0-f849-4103-86c3-5a95e3b545d1.fam
OBJECTMODELPOINTER=81b82497-164d-48c0-b1cb-18fa700dacdf.dev
KVALUE=0.000000
SPLIT=4
POINT0.BLHA=28.34583559,113.36246769,78.593,278.143009
POINT0.MATRIX0=-0.989917611,0.141644356,0.000000000,0.000000000,-0.141644356,-0.989917611,-0.000000000,0.000000000,-0.000000000,0.000000000,1.000000000,0.000000000,-13.094840621,0.600374565,52.741101357,1.000000000
POINT0.MATRIX1=-0.989917611,0.141644356,0.000000000,0.000000000,-0.141644356,-0.989917611,-0.000000000,0.000000000,-0.000000000,0.000000000,1.000000000,0.000000000,-13.094840622,0.600374565,53.191098305,1.000000000
POINT0.MATRIX2=-0.989917611,0.141644356,0.000000000,0.000000000,-0.141644356,-0.989917611,-0.000000000,0.000000000,-0.000000000,0.000000000,1.000000000,0.000000000,-13.545069378,0.597713851,53.191098305,1.000000000
POINT0.MATRIX3=-0.989917611,0.141644356,0.000000000,0.000000000,-0.141644356,-0.989917611,-0.000000000,0.000000000,-0.000000000,0.000000000,1.000000000,0.000000000,-13.545069378,0.597713851,52.741101357,1.000000000
POINT1.BLHA=28.34583559,113.36246769,78.593,278.143009
POINT1.MATRIX0=-0.989917611,0.141644356,0.000000000,0.000000000,-0.141644356,-0.989917611,-0.000000000,0.000000000,-0.000000000,0.000000000,1.000000000,0.000000000,-13.095301548,0.720378416,52.741101356,1.000000000
POINT1.MATRIX1=-0.989917611,0.141644356,0.000000000,0.000000000,-0.141644356,-0.989917611,-0.000000000,0.000000000,-0.000000000,0.000000000,1.000000000,0.000000000,-13.095301549,0.720378415,53.191098304,1.000000000
POINT1.MATRIX2=-0.989917611,0.141644356,0.000000000,0.000000000,-0.141644356,-0.989917611,-0.000000000,0.000000000,-0.000000000,0.000000000,1.000000000,0.000000000,-13.545530305,0.717717701,53.191098305,1.000000000
POINT1.MATRIX3=-0.989917611,0.141644356,0.000000000,0.000000000,-0.141644356,-0.989917611,-0.000000000,0.000000000,-0.000000000,0.000000000,1.000000000,0.000000000,-13.545530305,0.717717701,52.741101357,1.000000000
