OBJECTMODELPOINTER=33777c94-e4b9-4947-906f-f84480f3cb99.dev
BASEFAMILY=ed9a63cb-c45f-4a2f-a445-48e809ac3f87.fam
BLHA=28.38483527,113.36398740,139.075387,249.667673
TRANSFORMMATRIX=0.004154459,-0.999991370,0.000014655,0.000000000,0.999991370,0.004154459,0.000000105,0.000000000,-0.000000166,0.000014654,1.000000000,0.000000000,-0.903192756,93.112542159,19.971543583,1.000000000
ENTITYNAME=Wire_Device
