OBJECTMODELPOINTER=33777c94-e4b9-4947-906f-f84480f3cb99.dev
BASEFAMILY=ed9e652e-1355-4d30-83fb-3fe025c84cc8.fam
BLHA=28.64674167,113.46331381,165.940967,277.610658
TRANSFORMMATRIX=0.000002777,-1.000000000,0.000016675,0.000000000,1.000000000,0.000002777,0.000001923,0.000000000,-0.000001923,0.000016674,1.000000000,0.000000000,-12.345622987,105.907126394,19.196603500,1.000000000
ENTITYNAME=Wire_Device
