OBJECTMODELPOINTER=33777c94-e4b9-4947-906f-f84480f3cb99.dev
BASEFAMILY=eda4d67b-68d5-4877-955d-226076587ed4.fam
BLHA=28.30070252,113.44082959,73.741833,287.794387
TRANSFORMMATRIX=0.001914238,-0.999998167,0.000027649,0.000000000,0.999998168,0.001914238,0.000001257,0.000000000,-0.000001309,0.000027647,1.000000000,0.000000000,-8.622054981,175.650074763,33.170491073,1.000000000
ENTITYNAME=Wire_Device
