OBJECTMODELPOINTER=33777c94-e4b9-4947-906f-f84480f3cb99.dev
BASEFAMILY=eda93ba1-6fad-4f70-9e97-096bda243e77.fam
BLHA=28.67276970,113.45923535,192.994115,456.641966
TRANSFORMMATRIX=-0.004941978,0.999987788,0.000018040,0.000000000,-0.999987788,-0.004941978,-0.000001106,0.000000000,-0.000001016,-0.000018046,1.000000000,0.000000000,-6.419547654,-114.599532435,9.785905186,1.000000000
ENTITYNAME=Wire_Device
