OBJECTMODELPOINTER=33777c94-e4b9-4947-906f-f84480f3cb99.dev
BASEFAMILY=edaa8125-7635-485d-8406-d28d2b4832ff.fam
BLHA=28.49037109,113.42431436,249.696550,224.957371
TRANSFORMMATRIX=-0.000006071,-1.000000000,0.000018326,0.000000000,1.000000000,-0.000006071,0.000002000,0.000000000,-0.000002000,0.000018326,1.000000000,0.000000000,-12.429184771,116.643903404,22.197474261,1.000000000
ENTITYNAME=Wire_Device
