OBJECTMODELPOINTER=33777c94-e4b9-4947-906f-f84480f3cb99.dev
BASEFAMILY=edbc6b5f-7f41-4e15-8f81-e1656444e260.fam
BLHA=28.72596649,113.45194319,126.516960,450.796525
TRANSFORMMATRIX=-0.596295834,0.802764771,-0.000000359,0.000000000,-0.802764771,-0.596295834,0.000001319,0.000000000,0.000000845,0.000001075,1.000000000,0.000000000,5.390734830,6.823772465,35.809426759,1.000000000
ENTITYNAME=Wire_Device
