OBJECTMODELPOINTER=33777c94-e4b9-4947-906f-f84480f3cb99.dev
BASEFAMILY=edd8da19-6558-412f-9f26-b9f4d7de9c89.fam
BLHA=28.48698475,113.42051247,234.671308,224.957371
TRANSFORMMATRIX=-0.014692991,-0.999892051,0.000039529,0.000000000,0.999892052,-0.014692991,0.000002160,0.000000000,-0.000001580,0.000039556,0.999999999,0.000000000,-9.399769991,251.816758521,27.395678417,1.000000000
ENTITYNAME=Wire_Device
