OBJECTMODELPOINTER=33777c94-e4b9-4947-906f-f84480f3cb99.dev
BASEFAMILY=edf3a214-fefe-4772-aef5-163b9f0b91b4.fam
BLHA=28.42194077,113.37713088,216.761088,254.006183
TRANSFORMMATRIX=-0.001193658,-0.999999288,0.000004703,0.000000000,0.999999288,-0.001193658,-0.000001964,0.000000000,0.000001970,0.000004701,1.000000000,0.000000000,12.610776030,29.877994449,35.916742495,1.000000000
ENTITYNAME=Wire_Device
