OBJECTMODELPOINTER=33777c94-e4b9-4947-906f-f84480f3cb99.dev
BASEFAMILY=edf5cc4a-0144-4184-8a11-c2b8c9b23333.fam
BLHA=28.64054809,113.46428400,121.846877,277.610658
TRANSFORMMATRIX=0.000001622,-1.000000000,0.000029713,0.000000000,1.000000000,0.000001622,0.000000112,0.000000000,-0.000000112,0.000029713,1.000000000,0.000000000,-0.845594110,188.702988827,34.933349612,1.000000000
ENTITYNAME=Wire_Device
