OBJECTMODELPOINTER=33777c94-e4b9-4947-906f-f84480f3cb99.dev
BASEFAMILY=ee3afe91-6ddf-4615-9bab-1adc559945ed.fam
BLHA=28.32474464,113.37442409,71.722945,330.514691
TRANSFORMMATRIX=-0.326220642,-0.945293654,0.000027856,0.000000000,0.945293654,-0.326220643,-0.000001003,0.000000000,0.000010035,0.000026005,1.000000000,0.000000000,63.436761199,165.638728739,53.610601334,1.000000000
ENTITYNAME=Wire_Device
