OBJECTMODELPOINTER=33777c94-e4b9-4947-906f-f84480f3cb99.dev
BASEFAMILY=ee56b0f7-4174-4460-91de-d910651952ea.fam
BLHA=28.51626918,113.47488562,373.286539,210.734491
TRANSFORMMATRIX=-0.005838091,-0.999982958,0.000025025,0.000000000,0.999982958,-0.005838091,-0.000001700,0.000000000,0.000001846,0.000025014,1.000000000,0.000000000,12.100762552,159.490905511,31.886438063,1.000000000
ENTITYNAME=Wire_Device
