OBJECTMODELPOINTER=33777c94-e4b9-4947-906f-f84480f3cb99.dev
BASEFAMILY=ee5c846e-5293-4659-b5aa-32a85d4081ce.fam
BLHA=28.50209029,113.44375287,199.020645,200.251669
TRANSFORMMATRIX=0.005054241,-0.999987227,0.000028834,0.000000000,0.999987227,0.005054241,-0.000001913,0.000000000,0.000001768,0.000028844,1.000000000,0.000000000,11.539510714,184.021262999,71.284424426,1.000000000
ENTITYNAME=Wire_Device
