OBJECTMODELPOINTER=33777c94-e4b9-4947-906f-f84480f3cb99.dev
BASEFAMILY=ee5fe44f-731d-41ab-ab85-6e10239e1122.fam
BLHA=28.49972812,113.43660808,222.066271,200.251669
TRANSFORMMATRIX=0.017836818,-0.999840911,0.000016352,0.000000000,0.999840911,0.017836818,-0.000001992,0.000000000,0.000001700,0.000016384,1.000000000,0.000000000,10.979549222,104.540981177,54.908186990,1.000000000
ENTITYNAME=Wire_Device
