OBJECTMODELPOINTER=33777c94-e4b9-4947-906f-f84480f3cb99.dev
BASEFAMILY=ee69867e-07c5-44f4-907d-fdcc56232ea7.fam
BLHA=28.51174980,113.46636581,279.463297,210.734491
TRANSFORMMATRIX=-0.236441098,-0.971645824,0.000000322,0.000000000,0.971645824,-0.236441098,0.000001455,0.000000000,-0.000001337,0.000000657,1.000000000,0.000000000,-8.495113480,4.169739931,24.904372892,1.000000000
ENTITYNAME=Wire_Device
