OBJECTMODELPOINTER=33777c94-e4b9-4947-906f-f84480f3cb99.dev
BASEFAMILY=ee74d664-08cf-479b-88eb-c722e562855c.fam
BLHA=28.45855791,113.39675815,237.532667,242.026912
TRANSFORMMATRIX=-0.000008400,-1.000000000,0.000026294,0.000000000,1.000000000,-0.000008400,0.000000192,0.000000000,-0.000000192,0.000026294,1.000000000,0.000000000,-0.864345303,167.158328681,47.746582000,1.000000000
ENTITYNAME=Wire_Device
