ENTITYNAME=WIRE
BASEFAMILY=ee8b1030-744e-43b2-b2df-7978e039db7f.fam
OBJECTMODELPOINTER=31970f28-780e-4bf1-8adb-439f78c329a3.dev
KVALUE=0.000287
SPLIT=1
POINT0.BLHA=28.79959310,113.50336431,218.110,224.374488
POINT0.MATRIX0=-0.699345139,-0.714784147,-0.000000000,0.000000000,0.714784147,-0.699345139,0.000000000,0.000000000,-0.000000000,0.000000000,1.000000000,0.000000000,5.531142709,-1.364006957,37.965577673,1.000000000
POINT1.BLHA=28.79959310,113.50336431,218.110,224.374488
POINT1.MATRIX0=-0.699345139,-0.714784147,-0.000000000,0.000000000,0.714784147,-0.699345139,0.000000000,0.000000000,-0.000000000,0.000000000,1.000000000,0.000000000,5.528965972,1.358738966,37.932562781,1.000000000
