ENTITYNAME=WIRE
BASEFAMILY=ee979a42-d596-4f8f-b2ca-fdb063ee94e2.fam
OBJECTMODELPOINTER=81b82497-164d-48c0-b1cb-18fa700dacdf.dev
KVALUE=0.000000
SPLIT=4
POINT0.BLHA=28.33832123,113.36372877,73.392,278.143009
POINT0.MATRIX0=-0.989917611,0.141644356,-0.000000000,0.000000000,-0.141644356,-0.989917611,0.000000000,0.000000000,-0.000000000,-0.000000000,1.000000000,0.000000000,0.182041481,-0.119532530,59.478135419,1.000000000
POINT0.MATRIX1=-0.989917611,0.141644356,-0.000000000,0.000000000,-0.141644356,-0.989917611,0.000000000,0.000000000,-0.000000000,-0.000000000,1.000000000,0.000000000,0.214979779,-0.120299537,59.926911664,1.000000000
POINT0.MATRIX2=-0.989917611,0.141644356,-0.000000000,0.000000000,-0.141644356,-0.989917611,0.000000000,0.000000000,-0.000000000,-0.000000000,1.000000000,0.000000000,-0.233245605,-0.119300873,59.960175824,1.000000000
POINT0.MATRIX3=-0.989917611,0.141644356,-0.000000000,0.000000000,-0.141644356,-0.989917611,0.000000000,0.000000000,-0.000000000,-0.000000000,1.000000000,0.000000000,-0.266943911,-0.120398136,59.511399579,1.000000000
POINT1.BLHA=28.33832123,113.36372877,73.392,278.143009
POINT1.MATRIX0=-0.989917611,0.141644356,-0.000000000,0.000000000,-0.141644356,-0.989917611,0.000000000,0.000000000,-0.000000000,-0.000000000,1.000000000,0.000000000,0.182044236,0.000466631,59.478135419,1.000000000
POINT1.MATRIX1=-0.989917611,0.141644356,-0.000000000,0.000000000,-0.141644356,-0.989917611,0.000000000,0.000000000,-0.000000000,-0.000000000,1.000000000,0.000000000,0.214982534,-0.000300376,59.926911664,1.000000000
POINT1.MATRIX2=-0.989917611,0.141644356,-0.000000000,0.000000000,-0.141644356,-0.989917611,0.000000000,0.000000000,-0.000000000,-0.000000000,1.000000000,0.000000000,-0.233242850,0.000698288,59.960175824,1.000000000
POINT1.MATRIX3=-0.989917611,0.141644356,-0.000000000,0.000000000,-0.141644356,-0.989917611,0.000000000,0.000000000,-0.000000000,-0.000000000,1.000000000,0.000000000,-0.266941155,-0.000398975,59.511399579,1.000000000
