OBJECTMODELPOINTER=33777c94-e4b9-4947-906f-f84480f3cb99.dev
BASEFAMILY=eec727c6-437d-4963-9b64-347b53c29a4b.fam
BLHA=28.50306305,113.44669559,173.869453,200.251669
TRANSFORMMATRIX=-0.000007789,-1.000000000,0.000015438,0.000000000,1.000000000,-0.000007789,0.000000102,0.000000000,-0.000000102,0.000015438,1.000000000,0.000000000,-0.479556171,98.480361236,54.098697542,1.000000000
ENTITYNAME=Wire_Device
