OBJECTMODELPOINTER=33777c94-e4b9-4947-906f-f84480f3cb99.dev
BASEFAMILY=eece9292-8932-475c-94ab-219332861388.fam
BLHA=28.31435017,113.39267151,117.559440,4.996372
TRANSFORMMATRIX=0.000000901,-1.000000000,0.000005379,0.000000000,1.000000000,0.000000901,0.000001165,0.000000000,-0.000001165,0.000005379,1.000000000,0.000000000,-7.382358577,34.330302614,59.277234307,1.000000000
ENTITYNAME=Wire_Device
