OBJECTMODELPOINTER=33777c94-e4b9-4947-906f-f84480f3cb99.dev
BASEFAMILY=eef17201-4f4e-408b-b6b9-eb6ddd92e88b.fam
BLHA=28.59525170,113.47626182,222.708449,294.633001
TRANSFORMMATRIX=0.009467919,-0.999955178,0.000005212,0.000000000,0.999955178,0.009467919,-0.000001984,0.000000000,0.000001934,0.000005231,1.000000000,0.000000000,12.272395008,33.220508175,33.161771880,1.000000000
ENTITYNAME=Wire_Device
