ENTITYNAME=WIRE
BASEFAMILY=eef8f0fb-0e43-45c8-890f-f85e8760f90f.fam
OBJECTMODELPOINTER=81b82497-164d-48c0-b1cb-18fa700dacdf.dev
KVALUE=0.000000
SPLIT=4
POINT0.BLHA=28.50118026,113.44100017,250.748,200.251669
POINT0.MATRIX0=-0.346144382,-0.938181255,0.000000000,0.000000000,0.938181255,-0.346144382,-0.000000000,0.000000000,0.000000000,-0.000000000,1.000000000,0.000000000,-11.644335606,-0.718893487,40.741099674,1.000000000
POINT0.MATRIX1=-0.346144382,-0.938181255,0.000000000,0.000000000,0.938181255,-0.346144382,-0.000000000,0.000000000,0.000000000,-0.000000000,1.000000000,0.000000000,-11.644335606,-0.718893487,41.191100436,1.000000000
POINT0.MATRIX2=-0.346144382,-0.938181255,0.000000000,0.000000000,0.938181255,-0.346144382,-0.000000000,0.000000000,0.000000000,-0.000000000,1.000000000,0.000000000,-12.094781029,-0.720986407,41.191100436,1.000000000
POINT0.MATRIX3=-0.346144382,-0.938181255,0.000000000,0.000000000,0.938181255,-0.346144382,-0.000000000,0.000000000,0.000000000,-0.000000000,1.000000000,0.000000000,-12.094781029,-0.720986407,40.741099674,1.000000000
POINT1.BLHA=28.50118026,113.44100017,250.748,200.251669
POINT1.MATRIX0=-0.346144382,-0.938181255,0.000000000,0.000000000,0.938181255,-0.346144382,-0.000000000,0.000000000,0.000000000,-0.000000000,1.000000000,0.000000000,-11.644935632,-0.598886104,40.741099674,1.000000000
POINT1.MATRIX1=-0.346144382,-0.938181255,0.000000000,0.000000000,0.938181255,-0.346144382,-0.000000000,0.000000000,0.000000000,-0.000000000,1.000000000,0.000000000,-11.644935632,-0.598886104,41.191100436,1.000000000
POINT1.MATRIX2=-0.346144382,-0.938181255,0.000000000,0.000000000,0.938181255,-0.346144382,-0.000000000,0.000000000,0.000000000,-0.000000000,1.000000000,0.000000000,-12.095386336,-0.600993339,41.191100436,1.000000000
POINT1.MATRIX3=-0.346144382,-0.938181255,0.000000000,0.000000000,0.938181255,-0.346144382,-0.000000000,0.000000000,0.000000000,-0.000000000,1.000000000,0.000000000,-12.095386336,-0.600993339,40.741099673,1.000000000
