OBJECTMODELPOINTER=33777c94-e4b9-4947-906f-f84480f3cb99.dev
BASEFAMILY=ef052b4f-23e3-49c2-940d-d77794643f26.fam
BLHA=28.28033977,113.46346380,83.899072,326.450928
TRANSFORMMATRIX=-0.237786611,-0.971317419,0.000006934,0.000000000,0.971317419,-0.237786611,-0.000001105,0.000000000,0.000002722,0.000006472,1.000000000,0.000000000,17.209996560,41.204431859,56.292460632,1.000000000
ENTITYNAME=Wire_Device
