OBJECTMODELPOINTER=33777c94-e4b9-4947-906f-f84480f3cb99.dev
BASEFAMILY=ef1622b3-4408-4414-9704-69f44a731473.fam
BLHA=28.64054809,113.46428400,121.846877,277.610658
TRANSFORMMATRIX=-0.002763053,-0.999996181,0.000065992,0.000000000,0.999996183,-0.002763053,0.000002337,0.000000000,-0.000002154,0.000065997,0.999999998,0.000000000,-14.037863038,419.152085015,45.933160292,1.000000000
ENTITYNAME=Wire_Device
