OBJECTMODELPOINTER=33777c94-e4b9-4947-906f-f84480f3cb99.dev
BASEFAMILY=ef43a6f6-d97e-451b-b848-0ec1f2e7f83c.fam
BLHA=28.54843684,113.51255198,454.586266,280.370385
TRANSFORMMATRIX=0.000041504,-0.999999999,-0.000000070,0.000000000,0.999999999,0.000041504,-0.000001175,0.000000000,0.000001175,-0.000000070,1.000000000,0.000000000,7.502187128,-0.448935202,37.434775951,1.000000000
ENTITYNAME=Wire_Device
