ENTITYNAME=WIRE
BASEFAMILY=ef652216-d4a4-40f6-934d-e5dc29af109a.fam
OBJECTMODELPOINTER=81b82497-164d-48c0-b1cb-18fa700dacdf.dev
KVALUE=0.000000
SPLIT=4
POINT0.BLHA=28.71973492,113.45364743,163.020,283.291091
POINT0.MATRIX0=-0.973214630,0.229898421,-0.000000000,0.000000000,-0.229898421,-0.973214630,-0.000000000,0.000000000,-0.000000000,-0.000000000,1.000000000,0.000000000,-11.645052210,-0.600554246,37.000005552,1.000000000
POINT0.MATRIX1=-0.973214630,0.229898421,-0.000000000,0.000000000,-0.229898421,-0.973214630,-0.000000000,0.000000000,-0.000000000,-0.000000000,1.000000000,0.000000000,-11.645052210,-0.600554246,37.450002515,1.000000000
POINT0.MATRIX2=-0.973214630,0.229898421,-0.000000000,0.000000000,-0.229898421,-0.973214630,-0.000000000,0.000000000,-0.000000000,-0.000000000,1.000000000,0.000000000,-12.094657870,-0.598703542,37.450002515,1.000000000
POINT0.MATRIX3=-0.973214630,0.229898421,-0.000000000,0.000000000,-0.229898421,-0.973214630,-0.000000000,0.000000000,-0.000000000,-0.000000000,1.000000000,0.000000000,-12.094657870,-0.598703542,37.000005553,1.000000000
POINT1.BLHA=28.71973492,113.45364743,163.020,283.291091
POINT1.MATRIX0=-0.973214630,0.229898421,-0.000000000,0.000000000,-0.229898421,-0.973214630,-0.000000000,0.000000000,-0.000000000,-0.000000000,1.000000000,0.000000000,-11.645052197,-0.490554219,37.000005552,1.000000000
POINT1.MATRIX1=-0.973214630,0.229898421,-0.000000000,0.000000000,-0.229898421,-0.973214630,-0.000000000,0.000000000,-0.000000000,-0.000000000,1.000000000,0.000000000,-11.645052197,-0.490554219,37.450002515,1.000000000
POINT1.MATRIX2=-0.973214630,0.229898421,-0.000000000,0.000000000,-0.229898421,-0.973214630,-0.000000000,0.000000000,-0.000000000,-0.000000000,1.000000000,0.000000000,-12.094657848,-0.488703519,37.450002515,1.000000000
POINT1.MATRIX3=-0.973214630,0.229898421,-0.000000000,0.000000000,-0.229898421,-0.973214630,-0.000000000,0.000000000,-0.000000000,-0.000000000,1.000000000,0.000000000,-12.094657848,-0.488703519,37.000005552,1.000000000
