OBJECTMODELPOINTER=33777c94-e4b9-4947-906f-f84480f3cb99.dev
BASEFAMILY=ef6f49db-068e-40c7-8205-8df8110d3ff9.fam
BLHA=28.36075913,113.35996262,84.531423,278.143009
TRANSFORMMATRIX=-0.001104741,-0.999999386,0.000083924,0.000000000,0.999999390,-0.001104741,0.000002568,0.000000000,-0.000002474,0.000083926,0.999999996,0.000000000,-16.185754219,532.995459176,43.946816338,1.000000000
ENTITYNAME=Wire_Device
