OBJECTMODELPOINTER=33777c94-e4b9-4947-906f-f84480f3cb99.dev
BASEFAMILY=ef8131b0-ff88-474b-a024-82c41b6b0855.fam
BLHA=28.73821142,113.45475326,97.655295,258.301958
TRANSFORMMATRIX=-0.008235273,-0.999966090,0.000005380,0.000000000,0.999966090,-0.008235274,0.000002118,0.000000000,-0.000002073,0.000005398,1.000000000,0.000000000,-13.195541451,34.268489077,54.477883949,1.000000000
ENTITYNAME=Wire_Device
