OBJECTMODELPOINTER=33777c94-e4b9-4947-906f-f84480f3cb99.dev
BASEFAMILY=ef84d052-d1f2-406f-9dbd-4982ee5b5add.fam
BLHA=28.42194077,113.37713088,216.761088,254.006183
TRANSFORMMATRIX=-0.001200271,-0.999999278,0.000049901,0.000000000,0.999999280,-0.001200271,-0.000001669,0.000000000,0.000001728,0.000049899,0.999999999,0.000000000,11.467306271,317.001437465,-0.603980731,1.000000000
ENTITYNAME=Wire_Device
