OBJECTMODELPOINTER=33777c94-e4b9-4947-906f-f84480f3cb99.dev
BASEFAMILY=ef883475-cd5a-4d02-b083-e7651dbc4017.fam
BLHA=28.59994740,113.47379389,183.494205,294.633001
TRANSFORMMATRIX=-0.001014277,-0.999999484,0.000061356,0.000000000,0.999999486,-0.001014277,0.000002236,0.000000000,-0.000002174,0.000061357,0.999999998,0.000000000,-14.633116780,390.017123555,45.158468449,1.000000000
ENTITYNAME=Wire_Device
