OBJECTMODELPOINTER=33777c94-e4b9-4947-906f-f84480f3cb99.dev
BASEFAMILY=ef8e761f-bd9a-4695-afbb-1cee3a4e5283.fam
BLHA=28.47144509,113.40546217,294.357908,229.813402
TRANSFORMMATRIX=0.012016986,-0.999927793,0.000005390,0.000000000,0.999927793,0.012016985,-0.000001959,0.000000000,0.000001895,0.000005413,1.000000000,0.000000000,12.156058113,34.477524097,34.433900815,1.000000000
ENTITYNAME=Wire_Device
