OBJECTMODELPOINTER=33777c94-e4b9-4947-906f-f84480f3cb99.dev
BASEFAMILY=ef9267cf-e5b3-44e8-afe3-84e1f9a70775.fam
BLHA=28.32529000,113.37096013,66.626202,509.137564
TRANSFORMMATRIX=-0.364656198,0.931142232,0.000018336,0.000000000,-0.931142232,-0.364656198,0.000001053,0.000000000,0.000007667,-0.000016689,1.000000000,0.000000000,48.994728798,-106.492984424,26.727002728,1.000000000
ENTITYNAME=Wire_Device
