OBJECTMODELPOINTER=33777c94-e4b9-4947-906f-f84480f3cb99.dev
BASEFAMILY=ef93bb07-230d-4e35-be92-3ecfea2cad07.fam
BLHA=28.73433869,113.45386444,142.659000,258.301958
TRANSFORMMATRIX=0.000055745,-0.999999998,0.000018380,0.000000000,0.999999998,0.000055745,0.000000103,0.000000000,-0.000000103,0.000018379,1.000000000,0.000000000,-0.541139290,116.740763706,22.082397550,1.000000000
ENTITYNAME=Wire_Device
