OBJECTMODELPOINTER=33777c94-e4b9-4947-906f-f84480f3cb99.dev
BASEFAMILY=efb38759-97f6-4743-9b7e-583e2b697e1a.fam
BLHA=28.56112925,113.50240150,222.763342,308.993779
TRANSFORMMATRIX=-0.773949768,0.633246995,0.000000206,0.000000000,-0.633246995,-0.773949768,-0.000002125,0.000000000,-0.000001187,-0.000001775,1.000000000,0.000000000,-7.528435350,-11.277088225,26.152679441,1.000000000
ENTITYNAME=Wire_Device
