OBJECTMODELPOINTER=33777c94-e4b9-4947-906f-f84480f3cb99.dev
BASEFAMILY=efb3e97e-2ab1-4616-a549-4b737dee7e53.fam
BLHA=28.28492071,113.44885804,59.682173,504.180323
TRANSFORMMATRIX=-0.275880640,0.961191902,0.000006847,0.000000000,-0.961191902,-0.275880640,0.000001122,0.000000000,0.000002968,-0.000006271,1.000000000,0.000000000,18.974727476,-40.007215832,54.931614868,1.000000000
ENTITYNAME=Wire_Device
