OBJECTMODELPOINTER=33777c94-e4b9-4947-906f-f84480f3cb99.dev
BASEFAMILY=efbb61bf-6461-483d-ba39-3ec60523696b.fam
BLHA=28.36995278,113.36656265,67.148041,253.042546
TRANSFORMMATRIX=-0.264009173,-0.964520169,-0.000000620,0.000000000,0.964520169,-0.264009173,-0.000001305,0.000000000,0.000001095,-0.000000944,1.000000000,0.000000000,6.979737717,-5.981196072,36.395304241,1.000000000
ENTITYNAME=Wire_Device
