OBJECTMODELPOINTER=33777c94-e4b9-4947-906f-f84480f3cb99.dev
BASEFAMILY=efc44bcf-109a-4675-8a06-226e3e67856e.fam
BLHA=28.69273331,113.45654991,185.538391,277.425083
TRANSFORMMATRIX=-0.004093083,-0.999991622,0.000050212,0.000000000,0.999991623,-0.004093083,-0.000001664,0.000000000,0.000001870,0.000050205,0.999999999,0.000000000,11.723269061,318.837980943,31.795188625,1.000000000
ENTITYNAME=Wire_Device
