OBJECTMODELPOINTER=33777c94-e4b9-4947-906f-f84480f3cb99.dev
BASEFAMILY=efd28c49-6343-4586-b5fa-f240dcae3f61.fam
BLHA=28.31294059,113.42646212,52.368358,335.449580
TRANSFORMMATRIX=0.000030915,-0.999999998,0.000060303,0.000000000,1.000000000,0.000030915,0.000001657,0.000000000,-0.000001659,0.000060303,0.999999998,0.000000000,-11.299934844,384.591470982,42.840374211,1.000000000
ENTITYNAME=Wire_Device
