OBJECTMODELPOINTER=33777c94-e4b9-4947-906f-f84480f3cb99.dev
BASEFAMILY=efe41fc5-a471-474b-bdc6-9459e8e339db.fam
BLHA=28.74846038,113.45710577,102.803547,427.264866
TRANSFORMMATRIX=-0.189799325,0.981822902,0.000074348,0.000000000,-0.981822905,-0.189799326,0.000000589,0.000000000,0.000014690,-0.000072884,0.999999997,0.000000000,92.838454656,-463.025748419,1.100766855,1.000000000
ENTITYNAME=Wire_Device
