OBJECTMODELPOINTER=33777c94-e4b9-4947-906f-f84480f3cb99.dev
BASEFAMILY=eff72ff0-9b0b-4129-8c8d-a25b98c3ab10.fam
BLHA=28.29509828,113.44289412,61.743516,287.794387
TRANSFORMMATRIX=0.000008847,-0.999999998,0.000060650,0.000000000,1.000000000,0.000008847,-0.000000827,0.000000000,0.000000826,0.000060650,0.999999998,0.000000000,4.687188861,385.299980272,41.223099399,1.000000000
ENTITYNAME=Wire_Device
