OBJECTMODELPOINTER=33777c94-e4b9-4947-906f-f84480f3cb99.dev
BASEFAMILY=eff8e19b-9fb1-4af3-9e6d-cf15c585c0e0.fam
BLHA=28.50118026,113.44100017,250.748283,200.251669
TRANSFORMMATRIX=0.003147105,-0.999995047,0.000046034,0.000000000,0.999995048,0.003147105,0.000002162,0.000000000,-0.000002307,0.000046026,0.999999999,0.000000000,-14.165077340,293.592976719,16.136596231,1.000000000
ENTITYNAME=Wire_Device
