OBJECTMODELPOINTER=33777c94-e4b9-4947-906f-f84480f3cb99.dev
BASEFAMILY=effacada-5bb6-45ae-81cb-5253087686af.fam
BLHA=28.31294059,113.42646212,52.368358,335.449580
TRANSFORMMATRIX=0.000030454,-0.999999998,0.000060320,0.000000000,1.000000000,0.000030454,-0.000000968,0.000000000,0.000000966,0.000060321,0.999999998,0.000000000,5.383512000,384.670084424,31.290364129,1.000000000
ENTITYNAME=Wire_Device
