OBJECTMODELPOINTER=33777c94-e4b9-4947-906f-f84480f3cb99.dev
BASEFAMILY=f00c5079-deca-4e59-8457-87e0ee406c38.fam
BLHA=28.56335436,113.50003182,213.977894,312.996987
TRANSFORMMATRIX=-0.008700866,-0.999962146,0.000025820,0.000000000,0.999962147,-0.008700866,0.000002040,0.000000000,-0.000001815,0.000025836,1.000000000,0.000000000,-11.984672746,164.494331365,30.542903732,1.000000000
ENTITYNAME=Wire_Device
