ENTITYNAME=WIRE
BASEFAMILY=f022dc85-8a81-4fa6-b842-4f716e3c336c.fam
OBJECTMODELPOINTER=81b82497-164d-48c0-b1cb-18fa700dacdf.dev
KVALUE=0.000371
SPLIT=4
POINT0.BLHA=28.49713910,113.43191399,298.003,224.957371
POINT0.MATRIX0=-0.706580481,-0.707632690,-0.000000000,0.000000000,0.707632690,-0.706580481,-0.000000000,0.000000000,-0.000000000,-0.000000000,1.000000000,0.000000000,0.180387097,0.120059670,37.762688722,1.000000000
POINT0.MATRIX1=-0.706580481,-0.707632690,-0.000000000,0.000000000,0.707632690,-0.706580481,-0.000000000,0.000000000,-0.000000000,-0.000000000,1.000000000,0.000000000,0.217675920,0.120087414,38.211142625,1.000000000
POINT0.MATRIX2=-0.706580481,-0.707632690,-0.000000000,0.000000000,0.707632690,-0.706580481,-0.000000000,0.000000000,-0.000000000,-0.000000000,1.000000000,0.000000000,-0.230826023,0.120098985,38.248410311,1.000000000
POINT0.MATRIX3=-0.706580481,-0.707632690,-0.000000000,0.000000000,0.707632690,-0.706580481,-0.000000000,0.000000000,-0.000000000,-0.000000000,1.000000000,0.000000000,-0.268071721,0.120114431,37.799956407,1.000000000
POINT1.BLHA=28.49573132,113.43033310,334.786,224.957371
POINT1.MATRIX0=-0.706580481,-0.707632690,-0.000000000,0.000000000,0.707632690,-0.706580481,-0.000000000,0.000000000,0.000000000,-0.000000000,1.000000000,0.000000000,0.180220251,-0.119791550,34.762690456,1.000000000
POINT1.MATRIX1=-0.706580481,-0.707632690,-0.000000000,0.000000000,0.707632690,-0.706580481,-0.000000000,0.000000000,0.000000000,-0.000000000,1.000000000,0.000000000,0.217509075,-0.119763806,35.211142452,1.000000000
POINT1.MATRIX2=-0.706580481,-0.707632690,-0.000000000,0.000000000,0.707632690,-0.706580481,-0.000000000,0.000000000,0.000000000,-0.000000000,1.000000000,0.000000000,-0.230992869,-0.119752236,35.248412044,1.000000000
POINT1.MATRIX3=-0.706580481,-0.707632690,-0.000000000,0.000000000,0.707632690,-0.706580481,-0.000000000,0.000000000,0.000000000,-0.000000000,1.000000000,0.000000000,-0.268238566,-0.119736789,34.799956233,1.000000000
