OBJECTMODELPOINTER=33777c94-e4b9-4947-906f-f84480f3cb99.dev
BASEFAMILY=f03bc4d4-1368-4167-b0f4-e0bef5ad78a4.fam
BLHA=28.31498130,113.40038482,72.539572,2.946268
TRANSFORMMATRIX=-0.041788864,-0.999126464,0.000006110,0.000000000,0.999126464,-0.041788864,0.000001767,0.000000000,-0.000001510,0.000006179,1.000000000,0.000000000,-9.576051017,39.435814816,43.846071753,1.000000000
ENTITYNAME=Wire_Device
