OBJECTMODELPOINTER=33777c94-e4b9-4947-906f-f84480f3cb99.dev
BASEFAMILY=f03c0588-8704-4349-8a38-b360b9c4b480.fam
BLHA=28.31925198,113.37995663,64.126344,500.343289
TRANSFORMMATRIX=0.136687323,0.990614242,-0.000001031,0.000000000,-0.990614242,0.136687323,0.000001756,0.000000000,0.000001881,0.000000781,1.000000000,0.000000000,11.953393684,4.947300238,42.389893375,1.000000000
ENTITYNAME=Wire_Device
