OBJECTMODELPOINTER=33777c94-e4b9-4947-906f-f84480f3cb99.dev
BASEFAMILY=f0466b1e-8e78-4567-90c5-e94695f1fd46.fam
BLHA=28.32854622,113.36798434,68.151851,482.460958
TRANSFORMMATRIX=-0.107188107,0.994238757,0.000064286,0.000000000,-0.994238759,-0.107188107,0.000000365,0.000000000,0.000007253,-0.000063877,0.999999998,0.000000000,47.186700061,-406.329649043,28.231227121,1.000000000
ENTITYNAME=Wire_Device
