OBJECTMODELPOINTER=33777c94-e4b9-4947-906f-f84480f3cb99.dev
BASEFAMILY=f04859ff-49eb-4277-bb50-4a75c11bb9ce.fam
BLHA=28.76435807,113.46905293,179.070265,236.227775
TRANSFORMMATRIX=-0.000010787,-0.999999999,0.000035092,0.000000000,1.000000000,-0.000010787,-0.000001622,0.000000000,0.000001622,0.000035092,0.999999999,0.000000000,10.874792959,223.231615999,-2.703650880,1.000000000
ENTITYNAME=Wire_Device
