OBJECTMODELPOINTER=33777c94-e4b9-4947-906f-f84480f3cb99.dev
BASEFAMILY=f05da1d2-8819-4c3d-b160-9c9d2f48e597.fam
BLHA=28.27160371,113.47264060,64.950919,312.669055
TRANSFORMMATRIX=-0.001293932,-0.999999163,0.000018552,0.000000000,0.999999163,-0.001293932,0.000001625,0.000000000,-0.000001601,0.000018554,1.000000000,0.000000000,-10.505203868,118.121721267,44.143871864,1.000000000
ENTITYNAME=Wire_Device
