OBJECTMODELPOINTER=33777c94-e4b9-4947-906f-f84480f3cb99.dev
BASEFAMILY=f05d234e-4ac5-4fac-b677-a7d4830e901d.fam
BLHA=28.50885387,113.46090739,244.701846,210.734491
TRANSFORMMATRIX=-0.000008019,-1.000000000,0.000019073,0.000000000,1.000000000,-0.000008019,0.000001996,0.000000000,-0.000001996,0.000019073,1.000000000,0.000000000,-12.416100869,121.556217573,35.456055089,1.000000000
ENTITYNAME=Wire_Device
