OBJECTMODELPOINTER=33777c94-e4b9-4947-906f-f84480f3cb99.dev
BASEFAMILY=f060524b-c67e-4b67-8bac-8b9fd6e47313.fam
BLHA=28.43802035,113.38456732,303.277751,242.026912
TRANSFORMMATRIX=-0.001519286,-0.999998846,0.000016210,0.000000000,0.999998846,-0.001519286,-0.000001744,0.000000000,0.000001769,0.000016208,1.000000000,0.000000000,11.497795179,103.063445737,14.765886345,1.000000000
ENTITYNAME=Wire_Device
