ENTITYNAME=WIRE
BASEFAMILY=f06e0875-e461-4055-94f9-fdac9ffe7f9e.fam
OBJECTMODELPOINTER=81b82497-164d-48c0-b1cb-18fa700dacdf.dev
KVALUE=0.000372
SPLIT=4
POINT0.BLHA=28.71568525,113.45475484,179.580,274.089521
POINT0.MATRIX0=-0.997453842,0.071315024,0.000000000,0.000000000,-0.071315024,-0.997453842,0.000000000,0.000000000,0.000000000,0.000000000,1.000000000,0.000000000,9.244719674,9.395622222,29.387712128,1.000000000
POINT0.MATRIX1=-0.997453842,0.071315024,0.000000000,0.000000000,-0.071315024,-0.997453842,0.000000000,0.000000000,0.000000000,0.000000000,1.000000000,0.000000000,9.380864985,10.163258163,29.803079254,1.000000000
POINT0.MATRIX2=-0.997453842,0.071315024,0.000000000,0.000000000,-0.071315024,-0.997453842,0.000000000,0.000000000,0.000000000,0.000000000,1.000000000,0.000000000,8.888194720,10.249393519,29.803109772,1.000000000
POINT0.MATRIX3=-0.997453842,0.071315024,0.000000000,0.000000000,-0.071315024,-0.997453842,0.000000000,0.000000000,0.000000000,0.000000000,1.000000000,0.000000000,8.752292928,9.481740167,29.387651092,1.000000000
POINT1.BLHA=28.71274605,113.45447194,199.235,264.887951
POINT1.MATRIX0=-0.996022350,-0.089103753,-0.000000000,0.000000000,0.089103753,-0.996022350,-0.000000000,0.000000000,-0.000000000,-0.000000000,1.000000000,0.000000000,12.095042517,-0.110352419,34.000004420,1.000000000
POINT1.MATRIX1=-0.996022350,-0.089103753,-0.000000000,0.000000000,0.089103753,-0.996022350,-0.000000000,0.000000000,-0.000000000,-0.000000000,1.000000000,0.000000000,12.095042517,-0.110352419,34.450001368,1.000000000
POINT1.MATRIX2=-0.996022350,-0.089103753,-0.000000000,0.000000000,0.089103753,-0.996022350,-0.000000000,0.000000000,-0.000000000,-0.000000000,1.000000000,0.000000000,11.645102664,-0.111385357,34.450001368,1.000000000
POINT1.MATRIX3=-0.996022350,-0.089103753,-0.000000000,0.000000000,0.089103753,-0.996022350,-0.000000000,0.000000000,-0.000000000,-0.000000000,1.000000000,0.000000000,11.645102664,-0.111385357,34.000004420,1.000000000
