OBJECTMODELPOINTER=33777c94-e4b9-4947-906f-f84480f3cb99.dev
BASEFAMILY=f06f10fe-3f5d-47b8-9a48-b746157e76fe.fam
BLHA=28.70879307,113.45409149,169.216562,451.156517
TRANSFORMMATRIX=0.106798345,0.994280702,-0.000000902,0.000000000,-0.994280702,0.106798345,0.000001209,0.000000000,0.000001298,0.000000768,1.000000000,0.000000000,8.287560713,4.876966200,25.619689972,1.000000000
ENTITYNAME=Wire_Device
