OBJECTMODELPOINTER=33777c94-e4b9-4947-906f-f84480f3cb99.dev
BASEFAMILY=f076eb39-05d5-442b-b414-ee5fb390c5bf.fam
BLHA=28.52337409,113.48828309,330.016596,210.734491
TRANSFORMMATRIX=-0.232305156,-0.972642953,0.000000341,0.000000000,0.972642953,-0.232305156,0.000001456,0.000000000,-0.000001337,0.000000670,1.000000000,0.000000000,-8.494942826,4.250627954,25.172717790,1.000000000
ENTITYNAME=Wire_Device
