ENTITYNAME=WIRE
BASEFAMILY=f07821ea-93ea-4197-88f0-64d75abe532e.fam
OBJECTMODELPOINTER=81b82497-164d-48c0-b1cb-18fa700dacdf.dev
KVALUE=0.000370
SPLIT=4
POINT0.BLHA=28.69273331,113.45654991,185.538,277.425083
POINT0.MATRIX0=-0.991614682,0.129229724,-0.000000000,0.000000000,-0.129229724,-0.991614682,-0.000000000,0.000000000,-0.000000000,0.000000000,1.000000000,0.000000000,-11.644811034,0.110000424,31.000004811,1.000000000
POINT0.MATRIX1=-0.991614682,0.129229724,-0.000000000,0.000000000,-0.129229724,-0.991614682,-0.000000000,0.000000000,-0.000000000,0.000000000,1.000000000,0.000000000,-11.644811034,0.110000424,31.450001760,1.000000000
POINT0.MATRIX2=-0.991614682,0.129229724,-0.000000000,0.000000000,-0.129229724,-0.991614682,-0.000000000,0.000000000,-0.000000000,0.000000000,1.000000000,0.000000000,-12.094929875,0.109571813,31.450001759,1.000000000
POINT0.MATRIX3=-0.991614682,0.129229724,-0.000000000,0.000000000,-0.129229724,-0.991614682,-0.000000000,0.000000000,-0.000000000,0.000000000,1.000000000,0.000000000,-12.094929875,0.109571813,31.000004810,1.000000000
POINT1.BLHA=28.68956538,113.45703476,163.838,277.425083
POINT1.MATRIX0=-0.991614682,0.129229724,0.000000000,0.000000000,-0.129229724,-0.991614682,0.000000000,0.000000000,-0.000000000,-0.000000000,1.000000000,0.000000000,-13.094966419,-0.110292759,58.000004786,1.000000000
POINT1.MATRIX1=-0.991614682,0.129229724,0.000000000,0.000000000,-0.129229724,-0.991614682,0.000000000,0.000000000,-0.000000000,-0.000000000,1.000000000,0.000000000,-13.094966419,-0.110292759,58.450001734,1.000000000
POINT1.MATRIX2=-0.991614682,0.129229724,0.000000000,0.000000000,-0.129229724,-0.991614682,0.000000000,0.000000000,-0.000000000,-0.000000000,1.000000000,0.000000000,-13.545085260,-0.110721370,58.450001734,1.000000000
POINT1.MATRIX3=-0.991614682,0.129229724,0.000000000,0.000000000,-0.129229724,-0.991614682,0.000000000,0.000000000,-0.000000000,-0.000000000,1.000000000,0.000000000,-13.545085260,-0.110721370,58.000004786,1.000000000
