OBJECTMODELPOINTER=33777c94-e4b9-4947-906f-f84480f3cb99.dev
BASEFAMILY=f08d2aa7-75b5-4bc2-a048-bd2537a08989.fam
BLHA=28.52807252,113.49714509,416.575795,210.734491
TRANSFORMMATRIX=-0.000007520,-1.000000000,0.000015567,0.000000000,1.000000000,-0.000007520,0.000000101,0.000000000,-0.000000101,0.000015567,1.000000000,0.000000000,-0.415907773,99.232976470,17.443171558,1.000000000
ENTITYNAME=Wire_Device
