OBJECTMODELPOINTER=33777c94-e4b9-4947-906f-f84480f3cb99.dev
BASEFAMILY=f0a58de2-9321-4db1-a845-9e9047e1cd33.fam
BLHA=28.30961923,113.43478171,54.752520,501.227736
TRANSFORMMATRIX=0.236318332,0.971675690,0.000015100,0.000000000,-0.971675690,0.236318332,-0.000001783,0.000000000,-0.000005301,-0.000014251,1.000000000,0.000000000,-33.496148481,-90.696969804,45.542631006,1.000000000
ENTITYNAME=Wire_Device
