OBJECTMODELPOINTER=33777c94-e4b9-4947-906f-f84480f3cb99.dev
BASEFAMILY=f0e09100-5adc-40f1-bb84-718266456140.fam
BLHA=28.51284150,113.46842369,376.044241,210.734491
TRANSFORMMATRIX=-0.005935117,-0.999982387,0.000007780,0.000000000,0.999982387,-0.005935117,0.000000052,0.000000000,-0.000000006,0.000007781,1.000000000,0.000000000,0.073751997,49.596747482,13.058319685,1.000000000
ENTITYNAME=Wire_Device
