OBJECTMODELPOINTER=33777c94-e4b9-4947-906f-f84480f3cb99.dev
BASEFAMILY=f0e29332-a4a3-48da-8f4c-075db54d4bb1.fam
BLHA=28.61307891,113.46689101,233.448700,464.034761
TRANSFORMMATRIX=-0.196530676,0.980497676,0.000006175,0.000000000,-0.980497676,-0.196530676,0.000001139,0.000000000,0.000002330,-0.000005830,1.000000000,0.000000000,14.916947892,-37.055704605,22.640313747,1.000000000
ENTITYNAME=Wire_Device
