OBJECTMODELPOINTER=33777c94-e4b9-4947-906f-f84480f3cb99.dev
BASEFAMILY=f0e7229b-9375-41d6-a42c-04f74a80e140.fam
BLHA=28.74846038,113.45710577,102.803547,427.264866
TRANSFORMMATRIX=-0.183466818,0.983025899,0.000096474,0.000000000,-0.983025903,-0.183466819,-0.000000719,0.000000000,0.000016994,-0.000094968,0.999999995,0.000000000,107.276178314,-603.347659769,20.262459776,1.000000000
ENTITYNAME=Wire_Device
