OBJECTMODELPOINTER=33777c94-e4b9-4947-906f-f84480f3cb99.dev
BASEFAMILY=f0f97a6c-2d83-4dd6-a28a-41a5001aece4.fam
BLHA=28.59994740,113.47379389,183.494205,294.633001
TRANSFORMMATRIX=0.001042644,-0.999999455,0.000061382,0.000000000,0.999999456,0.001042643,-0.000001941,0.000000000,0.000001877,0.000061383,0.999999998,0.000000000,11.203435383,390.130636428,45.158430961,1.000000000
ENTITYNAME=Wire_Device
