OBJECTMODELPOINTER=33777c94-e4b9-4947-906f-f84480f3cb99.dev
BASEFAMILY=f0fe4c6a-ddb3-4f85-9bc9-109771b2e2ff.fam
BLHA=28.50118026,113.44100017,250.748283,200.251669
TRANSFORMMATRIX=0.003162401,-0.999994999,0.000015898,0.000000000,0.999995000,0.003162401,0.000001969,0.000000000,-0.000002019,0.000015892,1.000000000,0.000000000,-12.660761765,101.358939300,25.196951375,1.000000000
ENTITYNAME=Wire_Device
