OBJECTMODELPOINTER=33777c94-e4b9-4947-906f-f84480f3cb99.dev
BASEFAMILY=f1054f2b-769e-46ea-8278-eaef7efc595e.fam
BLHA=28.59994740,113.47379389,183.494205,294.633001
TRANSFORMMATRIX=0.000008640,-0.999999999,0.000039716,0.000000000,1.000000000,0.000008640,0.000000096,0.000000000,-0.000000096,0.000039716,0.999999999,0.000000000,-1.109747985,252.439296314,35.899264509,1.000000000
ENTITYNAME=Wire_Device
