OBJECTMODELPOINTER=33777c94-e4b9-4947-906f-f84480f3cb99.dev
BASEFAMILY=f1163fcc-c31f-45ae-994e-3665917d3112.fam
BLHA=28.29768818,113.44194006,79.179744,287.794387
TRANSFORMMATRIX=0.002153398,-0.999997681,0.000005724,0.000000000,0.999997681,0.002153398,-0.000001528,0.000000000,0.000001515,0.000005727,1.000000000,0.000000000,9.613458637,36.370563360,51.522943057,1.000000000
ENTITYNAME=Wire_Device
