OBJECTMODELPOINTER=33777c94-e4b9-4947-906f-f84480f3cb99.dev
BASEFAMILY=f11a43ad-83f0-4be9-ac1b-d8c71ba2431b.fam
BLHA=28.46846127,113.40263855,250.773411,415.920157
TRANSFORMMATRIX=0.106267309,0.994337598,-0.000000900,0.000000000,-0.994337598,0.106267309,0.000001209,0.000000000,0.000001298,0.000000767,1.000000000,0.000000000,8.284455727,4.897372783,25.799471824,1.000000000
ENTITYNAME=Wire_Device
