OBJECTMODELPOINTER=33777c94-e4b9-4947-906f-f84480f3cb99.dev
BASEFAMILY=f1365fed-6644-4398-8df4-72645cbca84b.fam
BLHA=28.38483527,113.36398740,139.075387,249.667673
TRANSFORMMATRIX=0.008022192,-0.999967821,0.000035218,0.000000000,0.999967822,0.008022192,-0.000001618,0.000000000,0.000001336,0.000035229,0.999999999,0.000000000,8.898248058,223.863893031,3.878095125,1.000000000
ENTITYNAME=Wire_Device
