OBJECTMODELPOINTER=33777c94-e4b9-4947-906f-f84480f3cb99.dev
BASEFAMILY=f1378753-968c-4444-b13c-c1534c15458c.fam
BLHA=28.31402241,113.42375188,48.067305,335.449580
TRANSFORMMATRIX=0.002237309,-0.999997497,0.000016472,0.000000000,0.999997497,0.002237309,-0.000001190,0.000000000,0.000001153,0.000016474,1.000000000,0.000000000,7.124730253,105.047647679,36.759209576,1.000000000
ENTITYNAME=Wire_Device
