ENTITYNAME=WIRE
BASEFAMILY=f13d5e01-142d-4b48-9f29-622609e6e255.fam
OBJECTMODELPOINTER=81b82497-164d-48c0-b1cb-18fa700dacdf.dev
KVALUE=0.000322
SPLIT=4
POINT0.BLHA=28.26827851,113.48694026,97.360,314.005848
POINT0.MATRIX0=-0.719268901,0.694731781,-0.000000000,0.000000000,-0.694731781,-0.719268901,-0.000000000,0.000000000,-0.000000000,0.000000000,1.000000000,0.000000000,-5.376481160,8.383964404,34.888935766,1.000000000
POINT0.MATRIX1=-0.719268901,0.694731781,-0.000000000,0.000000000,-0.694731781,-0.719268901,-0.000000000,0.000000000,-0.000000000,0.000000000,1.000000000,0.000000000,-4.960954200,9.074215942,35.258198462,1.000000000
POINT0.MATRIX2=-0.719268901,0.694731781,-0.000000000,0.000000000,-0.694731781,-0.719268901,-0.000000000,0.000000000,-0.000000000,0.000000000,1.000000000,0.000000000,-5.387443596,9.334091960,35.258488378,1.000000000
POINT0.MATRIX3=-0.719268901,0.694731781,-0.000000000,0.000000000,-0.694731781,-0.719268901,-0.000000000,0.000000000,-0.000000000,0.000000000,1.000000000,0.000000000,-5.805684350,8.641030777,34.889134130,1.000000000
POINT1.BLHA=28.26762350,113.48697800,100.998,272.676960
POINT1.MATRIX0=-0.998908737,0.046704776,-0.000000000,0.000000000,-0.046704776,-0.998908737,-0.000000000,0.000000000,-0.000000000,-0.000000000,1.000000000,0.000000000,-20.624835946,-8.925098223,26.447137060,1.000000000
POINT1.MATRIX1=-0.998908737,0.046704776,-0.000000000,0.000000000,-0.046704776,-0.998908737,-0.000000000,0.000000000,-0.000000000,-0.000000000,1.000000000,0.000000000,-20.738998916,-9.694042888,26.863625708,1.000000000
POINT1.MATRIX2=-0.998908737,0.046704776,-0.000000000,0.000000000,-0.046704776,-0.998908737,-0.000000000,0.000000000,-0.000000000,-0.000000000,1.000000000,0.000000000,-21.144060945,-9.784598376,26.585290136,1.000000000
POINT1.MATRIX3=-0.998908737,0.046704776,-0.000000000,0.000000000,-0.046704776,-0.998908737,-0.000000000,0.000000000,-0.000000000,-0.000000000,1.000000000,0.000000000,-21.029897974,-9.015653711,26.168816748,1.000000000
