OBJECTMODELPOINTER=33777c94-e4b9-4947-906f-f84480f3cb99.dev
BASEFAMILY=f13e7a83-9024-4259-b7ea-c77d2ffe1d9a.fam
BLHA=28.79327466,113.49529712,200.216421,221.400685
TRANSFORMMATRIX=-0.000008787,-1.000000000,0.000017605,0.000000000,1.000000000,-0.000008787,0.000000124,0.000000000,-0.000000124,0.000017605,1.000000000,0.000000000,-0.501137275,112.120683627,22.980013649,1.000000000
ENTITYNAME=Wire_Device
