OBJECTMODELPOINTER=33777c94-e4b9-4947-906f-f84480f3cb99.dev
BASEFAMILY=f13f5c6c-9403-4a95-b98a-6436e593b2b8.fam
BLHA=28.79669223,113.49966037,193.055862,221.400685
TRANSFORMMATRIX=0.000000687,-1.000000000,0.000005382,0.000000000,1.000000000,0.000000687,0.000002036,0.000000000,-0.000002036,0.000005382,1.000000000,0.000000000,-12.873233820,34.245673988,36.883175530,1.000000000
ENTITYNAME=Wire_Device
