OBJECTMODELPOINTER=33777c94-e4b9-4947-906f-f84480f3cb99.dev
BASEFAMILY=f1424b32-acb8-488d-be35-46548ea469e6.fam
BLHA=28.31411764,113.38983103,66.771612,527.133635
TRANSFORMMATRIX=-0.306222000,0.951960128,0.000037958,0.000000000,-0.951960129,-0.306222000,0.000001831,0.000000000,0.000013368,-0.000035574,0.999999999,0.000000000,85.158000478,-227.110702674,91.315987370,1.000000000
ENTITYNAME=Wire_Device
