OBJECTMODELPOINTER=33777c94-e4b9-4947-906f-f84480f3cb99.dev
BASEFAMILY=f1477f1b-097f-4499-b8e7-1c20f16d4af4.fam
BLHA=28.36788990,113.36378392,64.428624,219.706007
TRANSFORMMATRIX=-0.012338435,-0.999923878,0.000025555,0.000000000,0.999923879,-0.012338435,0.000002067,0.000000000,-0.000001751,0.000025579,1.000000000,0.000000000,-10.730194206,162.893807567,19.732806377,1.000000000
ENTITYNAME=Wire_Device
