OBJECTMODELPOINTER=33777c94-e4b9-4947-906f-f84480f3cb99.dev
BASEFAMILY=f175ed76-4167-4dcf-958b-c7f5a9fa2833.fam
BLHA=28.71973492,113.45364743,163.020408,283.291091
TRANSFORMMATRIX=0.010075717,-0.999949237,0.000063862,0.000000000,0.999949239,0.010075717,-0.000001647,0.000000000,0.000001003,0.000063876,0.999999998,0.000000000,5.934213793,405.734571440,37.303068130,1.000000000
ENTITYNAME=Wire_Device
