OBJECTMODELPOINTER=33777c94-e4b9-4947-906f-f84480f3cb99.dev
BASEFAMILY=f17cb6b3-aefa-4f42-9628-062247be54dd.fam
BLHA=28.75811652,113.46436186,140.284510,236.227775
TRANSFORMMATRIX=-0.000989549,-0.999999509,0.000053396,0.000000000,0.999999510,-0.000989549,-0.000001629,0.000000000,0.000001683,0.000053395,0.999999999,0.000000000,11.532850181,339.640887685,3.376642344,1.000000000
ENTITYNAME=Wire_Device
