OBJECTMODELPOINTER=33777c94-e4b9-4947-906f-f84480f3cb99.dev
BASEFAMILY=f17eabb1-0adf-45a2-af3b-025fba8c35ae.fam
BLHA=28.75811652,113.46436186,140.284510,236.227775
TRANSFORMMATRIX=0.000961040,-0.999999537,0.000041951,0.000000000,0.999999538,0.000961040,0.000002286,0.000000000,-0.000002326,0.000041949,0.999999999,0.000000000,-14.189517894,266.780016352,3.440512269,1.000000000
ENTITYNAME=Wire_Device
