OBJECTMODELPOINTER=33777c94-e4b9-4947-906f-f84480f3cb99.dev
BASEFAMILY=f188436d-22c9-422e-86b4-591d3d0310c5.fam
BLHA=28.47949059,113.41307678,290.814083,229.813402
TRANSFORMMATRIX=0.000903928,-0.999999589,0.000072039,0.000000000,0.999999591,0.000903928,0.000002536,0.000000000,-0.000002601,0.000072037,0.999999997,0.000000000,-15.394257713,458.404221198,62.940518330,1.000000000
ENTITYNAME=Wire_Device
