OBJECTMODELPOINTER=33777c94-e4b9-4947-906f-f84480f3cb99.dev
BASEFAMILY=f1912f09-85e7-4231-8779-63e295b80361.fam
BLHA=28.27407839,113.47004129,94.944746,312.669055
TRANSFORMMATRIX=-0.001216694,-0.999999258,0.000052946,0.000000000,0.999999260,-0.001216694,-0.000000921,0.000000000,0.000000986,0.000052945,0.999999999,0.000000000,5.402203110,336.983917451,38.740526476,1.000000000
ENTITYNAME=Wire_Device
