OBJECTMODELPOINTER=33777c94-e4b9-4947-906f-f84480f3cb99.dev
BASEFAMILY=f1bb8b38-704f-43b3-9ef4-e3ae9080cbf0.fam
BLHA=28.74846038,113.45710577,102.803547,427.264866
TRANSFORMMATRIX=-0.605553931,0.795804270,-0.000000381,0.000000000,-0.795804270,-0.605553931,0.000001314,0.000000000,0.000000816,0.000001099,1.000000000,0.000000000,5.211076632,6.990836892,36.234857753,1.000000000
ENTITYNAME=Wire_Device
