ENTITYNAME=WIRE
BASEFAMILY=f1f25ded-e7a7-48e9-81b6-6a74e7c7c0b9.fam
OBJECTMODELPOINTER=81b82497-164d-48c0-b1cb-18fa700dacdf.dev
KVALUE=0.000000
SPLIT=4
POINT0.BLHA=28.31534552,113.42043692,48.734,348.172871
POINT0.MATRIX0=-0.204959508,0.978770453,-0.000000000,0.000000000,-0.978770453,-0.204959508,-0.000000000,0.000000000,0.000000000,0.000000000,1.000000000,0.000000000,9.540550029,-0.001025779,31.789999162,1.000000000
POINT0.MATRIX1=-0.204959508,0.978770453,-0.000000000,0.000000000,-0.978770453,-0.204959508,-0.000000000,0.000000000,0.000000000,0.000000000,1.000000000,0.000000000,9.540550029,-0.001025779,32.239999150,1.000000000
POINT0.MATRIX2=-0.204959508,0.978770453,-0.000000000,0.000000000,-0.978770453,-0.204959508,-0.000000000,0.000000000,0.000000000,0.000000000,1.000000000,0.000000000,9.090550005,-0.001025813,32.239999149,1.000000000
POINT0.MATRIX3=-0.204959508,0.978770453,-0.000000000,0.000000000,-0.978770453,-0.204959508,-0.000000000,0.000000000,0.000000000,0.000000000,1.000000000,0.000000000,9.090550005,-0.001025813,31.789999161,1.000000000
POINT1.BLHA=28.31534552,113.42043692,48.734,348.172871
POINT1.MATRIX0=-0.204959508,0.978770453,-0.000000000,0.000000000,-0.978770453,-0.204959508,-0.000000000,0.000000000,0.000000000,0.000000000,1.000000000,0.000000000,9.540549881,0.000974550,31.789999161,1.000000000
POINT1.MATRIX1=-0.204959508,0.978770453,-0.000000000,0.000000000,-0.978770453,-0.204959508,-0.000000000,0.000000000,0.000000000,0.000000000,1.000000000,0.000000000,9.540549881,0.000974550,32.239999149,1.000000000
POINT1.MATRIX2=-0.204959508,0.978770453,-0.000000000,0.000000000,-0.978770453,-0.204959508,-0.000000000,0.000000000,0.000000000,0.000000000,1.000000000,0.000000000,9.090549974,0.000974541,32.239999150,1.000000000
POINT1.MATRIX3=-0.204959508,0.978770453,-0.000000000,0.000000000,-0.978770453,-0.204959508,-0.000000000,0.000000000,0.000000000,0.000000000,1.000000000,0.000000000,9.090549974,0.000974540,31.789999162,1.000000000
