OBJECTMODELPOINTER=33777c94-e4b9-4947-906f-f84480f3cb99.dev
BASEFAMILY=f1f5ad1f-fc72-4a12-bada-85bfcfdf8f12.fam
BLHA=28.54536406,113.51168326,478.790289,255.750198
TRANSFORMMATRIX=-0.002151607,-0.999997685,0.000037153,0.000000000,0.999997685,-0.002151607,0.000002284,0.000000000,-0.000002205,0.000037158,0.999999999,0.000000000,-13.774803357,236.028865324,99.352285718,1.000000000
ENTITYNAME=Wire_Device
