OBJECTMODELPOINTER=33777c94-e4b9-4947-906f-f84480f3cb99.dev
BASEFAMILY=f1f9e085-68f4-482e-84e4-9fe3dc229f9f.fam
BLHA=28.45391595,113.39400228,204.515406,242.026912
TRANSFORMMATRIX=0.008090216,-0.999967272,0.000054970,0.000000000,0.999967274,0.008090216,0.000001569,0.000000000,-0.000002014,0.000054956,0.999999998,0.000000000,-12.083989169,349.348287240,31.886705787,1.000000000
ENTITYNAME=Wire_Device
