OBJECTMODELPOINTER=33777c94-e4b9-4947-906f-f84480f3cb99.dev
BASEFAMILY=f20ce1c1-dabb-4b4e-9b99-094f9b812c0e.fam
BLHA=28.28033977,113.46346380,83.899072,326.450928
TRANSFORMMATRIX=-0.236810053,-0.971555968,0.000017272,0.000000000,0.971555968,-0.236810053,-0.000001298,0.000000000,0.000005352,0.000016474,1.000000000,0.000000000,33.783936743,104.901900090,30.590489876,1.000000000
ENTITYNAME=Wire_Device
