ENTITYNAME=WIRE
BASEFAMILY=f2108372-3147-45c3-bd98-06e7a4346f32.fam
OBJECTMODELPOINTER=31970f28-780e-4bf1-8adb-439f78c329a3.dev
KVALUE=0.000287
SPLIT=1
POINT0.BLHA=28.74269478,113.45578230,73.561,258.301958
POINT0.MATRIX0=-0.979229741,-0.202753828,-0.000000000,0.000000000,0.202753828,-0.979229741,-0.000000000,0.000000000,-0.000000000,0.000000000,1.000000000,0.000000000,-11.317007765,-0.010534780,69.557997886,1.000000000
POINT1.BLHA=28.74269478,113.45578230,73.561,258.301958
POINT1.MATRIX0=-0.979229741,-0.202753828,-0.000000000,0.000000000,0.202753828,-0.979229741,-0.000000000,0.000000000,-0.000000000,0.000000000,1.000000000,0.000000000,-11.320053433,0.010393668,69.557997886,1.000000000
