ENTITYNAME=WIRE
BASEFAMILY=f22700ae-9e31-44d8-b826-e32ec28396bc.fam
OBJECTMODELPOINTER=81b82497-164d-48c0-b1cb-18fa700dacdf.dev
KVALUE=0.087862
SPLIT=4
POINT0.BLHA=28.72596649,113.45194319,126.517,450.796525
POINT0.MATRIX0=0.999903369,-0.013901533,0.000000000,0.000000000,0.013901533,0.999903369,0.000000000,0.000000000,-0.000000000,-0.000000000,1.000000000,0.000000000,-10.224923652,0.001323998,25.790008424,1.000000000
POINT0.MATRIX1=0.999903369,-0.013901533,0.000000000,0.000000000,0.013901533,0.999903369,0.000000000,0.000000000,-0.000000000,-0.000000000,1.000000000,0.000000000,-10.224923652,0.001323998,26.240008427,1.000000000
POINT0.MATRIX2=0.999903369,-0.013901533,0.000000000,0.000000000,0.013901533,0.999903369,0.000000000,0.000000000,-0.000000000,-0.000000000,1.000000000,0.000000000,-9.774923752,0.001323936,26.240008427,1.000000000
POINT0.MATRIX3=0.999903369,-0.013901533,0.000000000,0.000000000,0.013901533,0.999903369,0.000000000,0.000000000,-0.000000000,-0.000000000,1.000000000,0.000000000,-9.774923752,0.001323936,25.790008424,1.000000000
POINT1.BLHA=28.72596649,113.45194319,126.517,450.796525
POINT1.MATRIX0=0.999903369,-0.013901533,0.000000000,0.000000000,0.013901533,0.999903369,0.000000000,0.000000000,-0.000000000,-0.000000000,1.000000000,0.000000000,-6.865892903,-8.969194499,29.176982713,1.000000000
POINT1.MATRIX1=0.999903369,-0.013901533,0.000000000,0.000000000,0.013901533,0.999903369,0.000000000,0.000000000,-0.000000000,-0.000000000,1.000000000,0.000000000,-6.744493707,-9.724521864,29.653555466,1.000000000
POINT1.MATRIX2=0.999903369,-0.013901533,0.000000000,0.000000000,0.013901533,0.999903369,0.000000000,0.000000000,-0.000000000,-0.000000000,1.000000000,0.000000000,-6.254400136,-9.623903319,29.653433397,1.000000000
POINT1.MATRIX3=0.999903369,-0.013901533,0.000000000,0.000000000,0.013901533,0.999903369,0.000000000,0.000000000,-0.000000000,-0.000000000,1.000000000,0.000000000,-6.376233264,-8.864663293,29.176982714,1.000000000
