OBJECTMODELPOINTER=33777c94-e4b9-4947-906f-f84480f3cb99.dev
BASEFAMILY=f22c2672-ba63-4c7f-a3b6-42b328524bbc.fam
BLHA=28.29509828,113.44289412,61.743516,287.794387
TRANSFORMMATRIX=0.000003119,-1.000000000,0.000027310,0.000000000,1.000000000,0.000003119,-0.000001360,0.000000000,0.000001360,0.000027309,1.000000000,0.000000000,8.410290819,173.485068570,25.776118545,1.000000000
ENTITYNAME=Wire_Device
