ENTITYNAME=WIRE
BASEFAMILY=f231f458-240f-4a2a-97f7-00bd98f3b86b.fam
OBJECTMODELPOINTER=81b82497-164d-48c0-b1cb-18fa700dacdf.dev
KVALUE=0.000000
SPLIT=4
POINT0.BLHA=28.51918695,113.48038702,399.659,210.734491
POINT0.MATRIX0=-0.511060437,-0.859544780,0.000000000,0.000000000,0.859544780,-0.511060437,-0.000000000,0.000000000,0.000000000,-0.000000000,1.000000000,0.000000000,0.225018242,0.000034405,37.000001252,1.000000000
POINT0.MATRIX1=-0.511060437,-0.859544780,0.000000000,0.000000000,0.859544780,-0.511060437,-0.000000000,0.000000000,0.000000000,-0.000000000,1.000000000,0.000000000,0.225018242,0.000034405,37.449998200,1.000000000
POINT0.MATRIX2=-0.511060437,-0.859544780,0.000000000,0.000000000,0.859544780,-0.511060437,-0.000000000,0.000000000,0.000000000,-0.000000000,1.000000000,0.000000000,-0.224917760,-0.000007452,37.449998200,1.000000000
POINT0.MATRIX3=-0.511060437,-0.859544780,0.000000000,0.000000000,0.859544780,-0.511060437,-0.000000000,0.000000000,0.000000000,-0.000000000,1.000000000,0.000000000,-0.224917760,-0.000007452,37.000001252,1.000000000
POINT1.BLHA=28.51918695,113.48038702,399.659,210.734491
POINT1.MATRIX0=-0.511060437,-0.859544780,0.000000000,0.000000000,0.859544780,-0.511060437,-0.000000000,0.000000000,0.000000000,-0.000000000,1.000000000,0.000000000,0.225017746,0.110027174,37.000001251,1.000000000
POINT1.MATRIX1=-0.511060437,-0.859544780,0.000000000,0.000000000,0.859544780,-0.511060437,-0.000000000,0.000000000,0.000000000,-0.000000000,1.000000000,0.000000000,0.225017746,0.110027174,37.449998199,1.000000000
POINT1.MATRIX2=-0.511060437,-0.859544780,0.000000000,0.000000000,0.859544780,-0.511060437,-0.000000000,0.000000000,0.000000000,-0.000000000,1.000000000,0.000000000,-0.224918256,0.109985317,37.449998200,1.000000000
POINT1.MATRIX3=-0.511060437,-0.859544780,0.000000000,0.000000000,0.859544780,-0.511060437,-0.000000000,0.000000000,0.000000000,-0.000000000,1.000000000,0.000000000,-0.224918256,0.109985317,37.000001252,1.000000000
