OBJECTMODELPOINTER=33777c94-e4b9-4947-906f-f84480f3cb99.dev
BASEFAMILY=f23960a8-94a2-4d66-b466-c3d71c6be101.fam
BLHA=28.54296028,113.51100370,560.594660,255.750198
TRANSFORMMATRIX=-0.000007564,-0.999999999,0.000052503,0.000000000,1.000000000,-0.000007564,0.000002273,0.000000000,-0.000002273,0.000052503,0.999999999,0.000000000,-14.090194676,333.506151079,-22.715662286,1.000000000
ENTITYNAME=Wire_Device
