OBJECTMODELPOINTER=33777c94-e4b9-4947-906f-f84480f3cb99.dev
BASEFAMILY=f23b7e11-3729-4c3b-a60f-7c10e5bab5f9.fam
BLHA=28.31925198,113.37995663,64.126344,500.343289
TRANSFORMMATRIX=-0.153418852,0.988161249,0.000037588,0.000000000,-0.988161250,-0.153418853,0.000001795,0.000000000,0.000007541,-0.000036867,0.999999999,0.000000000,48.584329694,-234.952386282,49.959950057,1.000000000
ENTITYNAME=Wire_Device
