OBJECTMODELPOINTER=33777c94-e4b9-4947-906f-f84480f3cb99.dev
BASEFAMILY=f23d3c85-c9ba-4371-8272-562d5589b9e1.fam
BLHA=28.49713910,113.43191399,298.003064,224.957371
TRANSFORMMATRIX=-0.000001409,-1.000000000,0.000005596,0.000000000,1.000000000,-0.000001409,0.000001905,0.000000000,-0.000001906,0.000005596,1.000000000,0.000000000,-12.038784310,35.598467402,40.970579517,1.000000000
ENTITYNAME=Wire_Device
