ENTITYNAME=WIRE
BASEFAMILY=f23e429d-ea13-4bc3-b02a-bfbea560d025.fam
OBJECTMODELPOINTER=31970f28-780e-4bf1-8adb-439f78c329a3.dev
KVALUE=0.000239
SPLIT=1
POINT0.BLHA=28.75355465,113.46093365,124.779,236.227775
POINT0.MATRIX0=-0.831254041,-0.555892723,0.000000000,0.000000000,0.555892723,-0.831254041,0.000000000,0.000000000,-0.000000000,0.000000000,1.000000000,0.000000000,-11.319992191,0.309777481,63.558006833,1.000000000
POINT1.BLHA=28.75094621,113.45897359,113.767,236.227775
POINT1.MATRIX0=-0.831254041,-0.555892723,-0.000000000,0.000000000,0.555892723,-0.831254041,-0.000000000,0.000000000,0.000000000,0.000000000,1.000000000,0.000000000,-9.866279030,-0.311172657,54.558000599,1.000000000
