OBJECTMODELPOINTER=33777c94-e4b9-4947-906f-f84480f3cb99.dev
BASEFAMILY=f24fef98-1b65-4b10-9c2d-a392522525c7.fam
BLHA=28.29509828,113.44289412,61.743516,287.794387
TRANSFORMMATRIX=0.000010357,-0.999999998,0.000069744,0.000000000,1.000000000,0.000010357,-0.000000799,0.000000000,0.000000798,0.000069744,0.999999998,0.000000000,4.420995988,443.071576699,47.733227937,1.000000000
ENTITYNAME=Wire_Device
