OBJECTMODELPOINTER=33777c94-e4b9-4947-906f-f84480f3cb99.dev
BASEFAMILY=f25703dd-3216-4b11-9fa9-19c7f18ad971.fam
BLHA=28.51511181,113.47270360,348.782405,210.734491
TRANSFORMMATRIX=-0.001231428,-0.999999241,0.000049056,0.000000000,0.999999242,-0.001231428,0.000002424,0.000000000,-0.000002364,0.000049059,0.999999999,0.000000000,-14.316136587,312.705309930,41.952504764,1.000000000
ENTITYNAME=Wire_Device
