ENTITYNAME=WIRE
BASEFAMILY=f258085f-06a3-4664-80e9-072b2fb74684.fam
OBJECTMODELPOINTER=81b82497-164d-48c0-b1cb-18fa700dacdf.dev
KVALUE=0.000369
SPLIT=4
POINT0.BLHA=28.47322316,113.40714488,338.740,229.813402
POINT0.MATRIX0=-0.763946986,-0.645279012,0.000000000,0.000000000,0.645279012,-0.763946986,0.000000000,0.000000000,-0.000000000,-0.000000000,1.000000000,0.000000000,0.181940692,0.119933569,53.478135775,1.000000000
POINT0.MATRIX1=-0.763946986,-0.645279012,0.000000000,0.000000000,0.645279012,-0.763946986,0.000000000,0.000000000,-0.000000000,-0.000000000,1.000000000,0.000000000,0.215201199,0.119904683,53.926904391,1.000000000
POINT0.MATRIX2=-0.763946986,-0.645279012,0.000000000,0.000000000,0.645279012,-0.763946986,0.000000000,0.000000000,-0.000000000,-0.000000000,1.000000000,0.000000000,-0.233500577,0.119921625,53.960168551,1.000000000
POINT0.MATRIX3=-0.763946986,-0.645279012,0.000000000,0.000000000,0.645279012,-0.763946986,0.000000000,0.000000000,-0.000000000,-0.000000000,1.000000000,0.000000000,-0.266761084,0.119950511,53.511399935,1.000000000
POINT1.BLHA=28.47144509,113.40546217,294.358,229.813402
POINT1.MATRIX0=-0.763946986,-0.645279012,0.000000000,0.000000000,0.645279012,-0.763946986,0.000000000,0.000000000,-0.000000000,0.000000000,1.000000000,0.000000000,0.181955484,-0.119864389,44.478135288,1.000000000
POINT1.MATRIX1=-0.763946986,-0.645279012,0.000000000,0.000000000,0.645279012,-0.763946986,0.000000000,0.000000000,-0.000000000,0.000000000,1.000000000,0.000000000,0.215215991,-0.119893275,44.926903904,1.000000000
POINT1.MATRIX2=-0.763946986,-0.645279012,0.000000000,0.000000000,0.645279012,-0.763946986,0.000000000,0.000000000,-0.000000000,0.000000000,1.000000000,0.000000000,-0.233485785,-0.119876333,44.960166157,1.000000000
POINT1.MATRIX3=-0.763946986,-0.645279012,0.000000000,0.000000000,0.645279012,-0.763946986,0.000000000,0.000000000,-0.000000000,0.000000000,1.000000000,0.000000000,-0.266746293,-0.119847447,44.511397540,1.000000000
