OBJECTMODELPOINTER=33777c94-e4b9-4947-906f-f84480f3cb99.dev
BASEFAMILY=f25af901-6aa7-444a-8893-9b4ec895189a.fam
BLHA=28.30572385,113.43813150,65.831158,307.005893
TRANSFORMMATRIX=0.006249736,-0.999980470,0.000004399,0.000000000,0.999980470,0.006249736,0.000001496,0.000000000,-0.000001524,0.000004390,1.000000000,0.000000000,-9.777507167,27.952196197,45.819041853,1.000000000
ENTITYNAME=Wire_Device
