ENTITYNAME=WIRE
BASEFAMILY=f25ff5fd-b471-4782-b867-d86fc4e3ee1c.fam
OBJECTMODELPOINTER=81b82497-164d-48c0-b1cb-18fa700dacdf.dev
KVALUE=0.000000
SPLIT=4
POINT0.BLHA=28.34247838,113.36303113,107.751,278.143009
POINT0.MATRIX0=-0.989917611,0.141644356,-0.000000000,0.000000000,-0.141644356,-0.989917611,-0.000000000,0.000000000,0.000000000,-0.000000000,1.000000000,0.000000000,-11.645236582,-0.477790182,31.741108503,1.000000000
POINT0.MATRIX1=-0.989917611,0.141644356,-0.000000000,0.000000000,-0.141644356,-0.989917611,-0.000000000,0.000000000,0.000000000,-0.000000000,1.000000000,0.000000000,-11.645236582,-0.477790182,32.191105451,1.000000000
POINT0.MATRIX2=-0.989917611,0.141644356,-0.000000000,0.000000000,-0.141644356,-0.989917611,-0.000000000,0.000000000,0.000000000,-0.000000000,1.000000000,0.000000000,-12.095465354,-0.480450894,32.191105450,1.000000000
POINT0.MATRIX3=-0.989917611,0.141644356,-0.000000000,0.000000000,-0.141644356,-0.989917611,-0.000000000,0.000000000,0.000000000,-0.000000000,1.000000000,0.000000000,-12.095465353,-0.480450894,31.741108503,1.000000000
POINT1.BLHA=28.34247838,113.36303113,107.751,278.143009
POINT1.MATRIX0=-0.989917611,0.141644356,-0.000000000,0.000000000,-0.141644356,-0.989917611,-0.000000000,0.000000000,0.000000000,-0.000000000,1.000000000,0.000000000,-11.645430259,0.479873454,31.741108503,1.000000000
POINT1.MATRIX1=-0.989917611,0.141644356,-0.000000000,0.000000000,-0.141644356,-0.989917611,-0.000000000,0.000000000,0.000000000,-0.000000000,1.000000000,0.000000000,-11.645430259,0.479873454,32.191105451,1.000000000
POINT1.MATRIX2=-0.989917611,0.141644356,-0.000000000,0.000000000,-0.141644356,-0.989917611,-0.000000000,0.000000000,0.000000000,-0.000000000,1.000000000,0.000000000,-12.095105717,0.481079612,32.191105450,1.000000000
POINT1.MATRIX3=-0.989917611,0.141644356,-0.000000000,0.000000000,-0.141644356,-0.989917611,-0.000000000,0.000000000,0.000000000,-0.000000000,1.000000000,0.000000000,-12.095105716,0.481079612,31.741108502,1.000000000
