OBJECTMODELPOINTER=33777c94-e4b9-4947-906f-f84480f3cb99.dev
BASEFAMILY=f2657768-f963-4d88-87aa-8581683f5ebd.fam
BLHA=28.49878841,113.43376617,260.859889,392.604520
TRANSFORMMATRIX=-0.232124086,0.972686181,0.000034965,0.000000000,-0.972686182,-0.232124086,0.000001367,0.000000000,0.000009446,-0.000033692,0.999999999,0.000000000,59.569838499,-214.606061050,66.144219117,1.000000000
ENTITYNAME=Wire_Device
