OBJECTMODELPOINTER=33777c94-e4b9-4947-906f-f84480f3cb99.dev
BASEFAMILY=f273f01a-47ac-45fc-8d9e-b447b5908c5a.fam
BLHA=28.60915768,113.46895250,187.940881,294.633001
TRANSFORMMATRIX=0.000003302,-1.000000000,0.000015807,0.000000000,1.000000000,0.000003302,0.000000039,0.000000000,-0.000000039,0.000015807,1.000000000,0.000000000,-0.446038121,100.467864055,52.470404768,1.000000000
ENTITYNAME=Wire_Device
