ENTITYNAME=WIRE
BASEFAMILY=f279937d-9ec7-4212-8419-6d4eac5819c8.fam
OBJECTMODELPOINTER=31970f28-780e-4bf1-8adb-439f78c329a3.dev
KVALUE=0.000239
SPLIT=1
POINT0.BLHA=28.77883021,113.47993260,194.739,236.227775
POINT0.MATRIX0=-0.831254041,-0.555892723,0.000000000,0.000000000,0.555892723,-0.831254041,0.000000000,0.000000000,-0.000000000,0.000000000,1.000000000,0.000000000,9.869336086,0.309916679,54.558005028,1.000000000
POINT1.BLHA=28.77621013,113.47796265,180.198,236.227775
POINT1.MATRIX0=-0.831254041,-0.555892723,-0.000000000,0.000000000,0.555892723,-0.831254041,-0.000000000,0.000000000,0.000000000,0.000000000,1.000000000,0.000000000,11.320241580,-0.310353479,63.558004552,1.000000000
