OBJECTMODELPOINTER=33777c94-e4b9-4947-906f-f84480f3cb99.dev
BASEFAMILY=f27c2962-f947-4b49-a630-2aedf677ec96.fam
BLHA=28.31411764,113.38983103,66.771612,527.133635
TRANSFORMMATRIX=-0.313583266,0.949560706,0.000028431,0.000000000,-0.949560706,-0.313583266,-0.000001396,0.000000000,0.000007590,-0.000027435,1.000000000,0.000000000,48.405121958,-175.130450417,63.182448995,1.000000000
ENTITYNAME=Wire_Device
