ENTITYNAME=WIRE
BASEFAMILY=f27d70c4-512c-4e24-acbe-89febf1577c1.fam
OBJECTMODELPOINTER=81b82497-164d-48c0-b1cb-18fa700dacdf.dev
KVALUE=0.000000
SPLIT=4
POINT0.BLHA=28.31775016,113.38284517,61.633,329.270898
POINT0.MATRIX0=-0.510979593,0.859592843,0.000000000,0.000000000,-0.859592843,-0.510979593,0.000000000,0.000000000,-0.000000000,-0.000000000,1.000000000,0.000000000,7.999698818,-0.000492949,52.466969326,1.000000000
POINT0.MATRIX1=-0.510979593,0.859592843,0.000000000,0.000000000,-0.859592843,-0.510979593,0.000000000,0.000000000,-0.000000000,-0.000000000,1.000000000,0.000000000,8.183593429,-0.000241210,52.932072475,1.000000000
POINT0.MATRIX2=-0.510979593,0.859592843,0.000000000,0.000000000,-0.859592843,-0.510979593,0.000000000,0.000000000,-0.000000000,-0.000000000,1.000000000,0.000000000,7.717913159,-0.000427514,53.115605190,1.000000000
POINT0.MATRIX3=-0.510979593,0.859592843,0.000000000,0.000000000,-0.859592843,-0.510979593,0.000000000,0.000000000,-0.000000000,-0.000000000,1.000000000,0.000000000,7.534018548,-0.000679253,52.650502041,1.000000000
POINT1.BLHA=28.31775016,113.38284517,61.633,329.270898
POINT1.MATRIX0=-0.510979593,0.859592843,0.000000000,0.000000000,-0.859592843,-0.510979593,0.000000000,0.000000000,-0.000000000,-0.000000000,1.000000000,0.000000000,7.999696115,0.129515102,52.466969325,1.000000000
POINT1.MATRIX1=-0.510979593,0.859592843,0.000000000,0.000000000,-0.859592843,-0.510979593,0.000000000,0.000000000,-0.000000000,-0.000000000,1.000000000,0.000000000,8.183590727,0.129766841,52.932072475,1.000000000
POINT1.MATRIX2=-0.510979593,0.859592843,0.000000000,0.000000000,-0.859592843,-0.510979593,0.000000000,0.000000000,-0.000000000,-0.000000000,1.000000000,0.000000000,7.717910457,0.129580537,53.115605190,1.000000000
POINT1.MATRIX3=-0.510979593,0.859592843,0.000000000,0.000000000,-0.859592843,-0.510979593,0.000000000,0.000000000,-0.000000000,-0.000000000,1.000000000,0.000000000,7.534015846,0.129328798,52.650502040,1.000000000
