ENTITYNAME=WIRE
BASEFAMILY=f283f8b4-0e12-40c5-be37-34838356e10d.fam
OBJECTMODELPOINTER=81b82497-164d-48c0-b1cb-18fa700dacdf.dev
KVALUE=0.000367
SPLIT=4
POINT0.BLHA=28.63009153,113.46564681,168.256,273.436520
POINT0.MATRIX0=-0.998201823,0.059942640,0.000000000,0.000000000,-0.059942640,-0.998201823,-0.000000000,0.000000000,0.000000000,-0.000000000,1.000000000,0.000000000,0.225217752,0.109220628,46.000001570,1.000000000
POINT0.MATRIX1=-0.998201823,0.059942640,0.000000000,0.000000000,-0.059942640,-0.998201823,-0.000000000,0.000000000,0.000000000,-0.000000000,1.000000000,0.000000000,0.225217751,0.109220628,46.449998518,1.000000000
POINT0.MATRIX2=-0.998201823,0.059942640,0.000000000,0.000000000,-0.059942640,-0.998201823,-0.000000000,0.000000000,0.000000000,-0.000000000,1.000000000,0.000000000,-0.224715205,0.110803017,46.449998518,1.000000000
POINT0.MATRIX3=-0.998201823,0.059942640,0.000000000,0.000000000,-0.059942640,-0.998201823,-0.000000000,0.000000000,0.000000000,-0.000000000,1.000000000,0.000000000,-0.224715205,0.110803018,46.000001570,1.000000000
POINT1.BLHA=28.62772353,113.46582002,199.213,273.436520
POINT1.MATRIX0=-0.998201823,0.059942640,-0.000000000,0.000000000,-0.059942640,-0.998201823,-0.000000000,0.000000000,-0.000000000,-0.000000000,1.000000000,0.000000000,0.225079639,-0.109543424,33.999998811,1.000000000
POINT1.MATRIX1=-0.998201823,0.059942640,-0.000000000,0.000000000,-0.059942640,-0.998201823,-0.000000000,0.000000000,-0.000000000,-0.000000000,1.000000000,0.000000000,0.225079639,-0.109543424,34.449995759,1.000000000
POINT1.MATRIX2=-0.998201823,0.059942640,-0.000000000,0.000000000,-0.059942640,-0.998201823,-0.000000000,0.000000000,-0.000000000,-0.000000000,1.000000000,0.000000000,-0.224970393,-0.109910647,34.449995760,1.000000000
POINT1.MATRIX3=-0.998201823,0.059942640,-0.000000000,0.000000000,-0.059942640,-0.998201823,-0.000000000,0.000000000,-0.000000000,-0.000000000,1.000000000,0.000000000,-0.224970393,-0.109910647,33.999998812,1.000000000
