OBJECTMODELPOINTER=33777c94-e4b9-4947-906f-f84480f3cb99.dev
BASEFAMILY=f28a779b-4a86-490a-b49a-1bba1b130e70.fam
BLHA=28.65134658,113.46259240,159.100648,277.610658
TRANSFORMMATRIX=0.000003974,-0.999999998,0.000064900,0.000000000,1.000000000,0.000003974,-0.000001614,0.000000000,0.000001613,0.000064901,0.999999998,0.000000000,10.016541939,412.165726636,28.125287693,1.000000000
ENTITYNAME=Wire_Device
