OBJECTMODELPOINTER=33777c94-e4b9-4947-906f-f84480f3cb99.dev
BASEFAMILY=f28d52ca-00ee-4acc-8383-6c3ae6d2ab4c.fam
BLHA=28.77621013,113.47796265,180.198107,236.227775
TRANSFORMMATRIX=0.004963534,-0.999987681,0.000029358,0.000000000,0.999987682,0.004963534,-0.000001892,0.000000000,0.000001746,0.000029367,1.000000000,0.000000000,11.572567329,186.820036218,45.254319816,1.000000000
ENTITYNAME=Wire_Device
