OBJECTMODELPOINTER=33777c94-e4b9-4947-906f-f84480f3cb99.dev
BASEFAMILY=f29ee442-6a08-4fe4-9992-9322eaf638a4.fam
BLHA=28.41763874,113.37576334,172.022371,254.006183
TRANSFORMMATRIX=-0.000005925,-0.999999999,0.000037348,0.000000000,1.000000000,-0.000005926,-0.000001843,0.000000000,0.000001843,0.000037347,0.999999999,0.000000000,12.089722741,237.270744624,40.460648180,1.000000000
ENTITYNAME=Wire_Device
