OBJECTMODELPOINTER=33777c94-e4b9-4947-906f-f84480f3cb99.dev
BASEFAMILY=f2ae3836-58d2-461e-8814-ba7bd131edca.fam
BLHA=28.60915768,113.46895250,187.940881,294.633001
TRANSFORMMATRIX=0.001420285,-0.999998990,0.000050027,0.000000000,0.999998991,0.001420285,-0.000001966,0.000000000,0.000001895,0.000050029,0.999999999,0.000000000,11.460469604,317.967778519,65.479591367,1.000000000
ENTITYNAME=Wire_Device
