ENTITYNAME=WIRE
BASEFAMILY=f2b63b6d-2992-4ab3-baaf-7fb99fd1a9e8.fam
OBJECTMODELPOINTER=81b82497-164d-48c0-b1cb-18fa700dacdf.dev
KVALUE=0.000372
SPLIT=4
POINT0.BLHA=28.33182616,113.36613124,59.967,296.260490
POINT0.MATRIX0=-0.896791752,0.442452882,-0.000000000,0.000000000,-0.442452882,-0.896791752,-0.000000000,0.000000000,0.000000000,-0.000000000,1.000000000,0.000000000,0.180638280,0.120417372,43.762681340,1.000000000
POINT0.MATRIX1=-0.896791752,0.442452882,-0.000000000,0.000000000,-0.442452882,-0.896791752,-0.000000000,0.000000000,0.000000000,-0.000000000,1.000000000,0.000000000,0.217327895,0.119738925,44.211137150,1.000000000
POINT0.MATRIX2=-0.896791752,0.442452882,-0.000000000,0.000000000,-0.442452882,-0.896791752,-0.000000000,0.000000000,0.000000000,-0.000000000,1.000000000,0.000000000,-0.231197685,0.118883303,44.248399114,1.000000000
POINT0.MATRIX3=-0.896791752,0.442452882,-0.000000000,0.000000000,-0.442452882,-0.896791752,-0.000000000,0.000000000,0.000000000,-0.000000000,1.000000000,0.000000000,-0.268325186,0.119777792,43.799958562,1.000000000
POINT1.BLHA=28.32854622,113.36798434,68.152,482.460958
POINT1.MATRIX0=0.843757372,-0.536724787,-0.000000000,0.000000000,0.536724787,0.843757372,-0.000000000,0.000000000,-0.000000000,0.000000000,1.000000000,0.000000000,2.056681360,10.631136562,35.445569621,1.000000000
POINT1.MATRIX1=0.843757372,-0.536724787,-0.000000000,0.000000000,0.536724787,0.843757372,-0.000000000,0.000000000,-0.000000000,0.000000000,1.000000000,0.000000000,2.251072599,10.681091418,35.903714763,1.000000000
POINT1.MATRIX2=0.843757372,-0.536724787,-0.000000000,0.000000000,0.536724787,0.843757372,-0.000000000,0.000000000,-0.000000000,0.000000000,1.000000000,0.000000000,2.584331355,9.864939901,35.850553141,1.000000000
POINT1.MATRIX3=0.843757372,-0.536724787,-0.000000000,0.000000000,0.536724787,0.843757372,-0.000000000,0.000000000,-0.000000000,0.000000000,1.000000000,0.000000000,2.390988407,9.816633008,35.392408000,1.000000000
