OBJECTMODELPOINTER=33777c94-e4b9-4947-906f-f84480f3cb99.dev
BASEFAMILY=f2b9fd41-5ee2-491b-8659-1c15a20b4bea.fam
BLHA=28.34901903,113.36193338,109.289234,278.143009
TRANSFORMMATRIX=0.004088220,-0.999991643,0.000028078,0.000000000,0.999991643,0.004088220,0.000001986,0.000000000,-0.000002100,0.000028070,1.000000000,0.000000000,-13.537368096,178.270904420,16.882370249,1.000000000
ENTITYNAME=Wire_Device
