OBJECTMODELPOINTER=33777c94-e4b9-4947-906f-f84480f3cb99.dev
BASEFAMILY=f2b9d115-6dba-4c2e-8ba2-09543d22a0ff.fam
BLHA=28.36557656,113.36066804,62.497212,414.735470
TRANSFORMMATRIX=-0.256589044,0.966520595,0.000040257,0.000000000,-0.966520596,-0.256589045,0.000001379,0.000000000,0.000011662,-0.000038555,0.999999999,0.000000000,73.712420452,-245.067318902,26.551474069,1.000000000
ENTITYNAME=Wire_Device
