OBJECTMODELPOINTER=33777c94-e4b9-4947-906f-f84480f3cb99.dev
BASEFAMILY=f2c3527f-89c8-4d19-a153-56b6a24d37b0.fam
BLHA=28.26851271,113.48351910,83.112496,355.334735
TRANSFORMMATRIX=0.005372535,-0.999985568,0.000005066,0.000000000,0.999985568,0.005372535,-0.000001071,0.000000000,0.000001044,0.000005072,1.000000000,0.000000000,6.614091566,32.369112912,68.034003979,1.000000000
ENTITYNAME=Wire_Device
