OBJECTMODELPOINTER=33777c94-e4b9-4947-906f-f84480f3cb99.dev
BASEFAMILY=f2c53150-71b2-4f44-b5e7-fd54e9f62a1f.fam
BLHA=28.77883021,113.47993260,194.739259,236.227775
TRANSFORMMATRIX=-0.004176786,-0.999991277,0.000027394,0.000000000,0.999991277,-0.004176786,-0.000001677,0.000000000,0.000001791,0.000027387,1.000000000,0.000000000,11.833553299,174.220697317,29.255446190,1.000000000
ENTITYNAME=Wire_Device
