OBJECTMODELPOINTER=33777c94-e4b9-4947-906f-f84480f3cb99.dev
BASEFAMILY=f2d93782-0798-4deb-8e5a-5a2d033686f2.fam
BLHA=28.42674606,113.37865854,204.106778,254.006183
TRANSFORMMATRIX=0.001547684,-0.999998800,0.000071393,0.000000000,0.999998802,0.001547684,0.000002325,0.000000000,-0.000002436,0.000071389,0.999999997,0.000000000,-14.916465384,453.486960850,33.525395469,1.000000000
ENTITYNAME=Wire_Device
