OBJECTMODELPOINTER=33777c94-e4b9-4947-906f-f84480f3cb99.dev
BASEFAMILY=f2de618c-c3a9-495e-ae10-01da6c677777.fam
BLHA=28.28368001,113.45281448,67.001736,340.232800
TRANSFORMMATRIX=0.000008820,-1.000000000,0.000015904,0.000000000,1.000000000,0.000008820,-0.000000972,0.000000000,0.000000971,0.000015904,1.000000000,0.000000000,6.004192849,101.441595344,56.597499508,1.000000000
ENTITYNAME=Wire_Device
