OBJECTMODELPOINTER=33777c94-e4b9-4947-906f-f84480f3cb99.dev
BASEFAMILY=f2e3a541-7350-4b17-bfa2-36618c66ac6c.fam
BLHA=28.71568525,113.45475484,179.580025,274.089521
TRANSFORMMATRIX=-0.156429230,-0.987689170,0.000006646,0.000000000,0.987689170,-0.156429230,-0.000000147,0.000000000,0.000001185,0.000006542,1.000000000,0.000000000,7.549122916,41.539095750,34.785328881,1.000000000
ENTITYNAME=Wire_Device
