OBJECTMODELPOINTER=33777c94-e4b9-4947-906f-f84480f3cb99.dev
BASEFAMILY=f2f074be-9d4b-4188-bdda-e3bcf22f1c76.fam
BLHA=28.29509828,113.44289412,61.743516,287.794387
TRANSFORMMATRIX=0.000009145,-0.999999999,0.000048513,0.000000000,1.000000000,0.000009145,0.000001203,0.000000000,-0.000001204,0.000048513,0.999999999,0.000000000,-8.147354531,308.211113410,36.435411421,1.000000000
ENTITYNAME=Wire_Device
