ENTITYNAME=WIRE
BASEFAMILY=f2f32c35-a187-451b-8e9f-dcf066ade406.fam
OBJECTMODELPOINTER=81b82497-164d-48c0-b1cb-18fa700dacdf.dev
KVALUE=0.090367
SPLIT=4
POINT0.BLHA=28.59065738,113.47867622,222.764,291.241310
POINT0.MATRIX0=-0.932062828,0.362296680,0.000000000,0.000000000,-0.362296680,-0.932062828,0.000000000,0.000000000,0.000000000,-0.000000000,1.000000000,0.000000000,-7.119917995,-8.865351845,28.214841443,1.000000000
POINT0.MATRIX1=-0.932062828,0.362296680,0.000000000,0.000000000,-0.362296680,-0.932062828,0.000000000,0.000000000,0.000000000,-0.000000000,1.000000000,0.000000000,-7.113767122,-9.684501266,28.595983106,1.000000000
POINT0.MATRIX2=-0.932062828,0.362296680,0.000000000,0.000000000,-0.362296680,-0.932062828,0.000000000,0.000000000,0.000000000,-0.000000000,1.000000000,0.000000000,-7.613239172,-9.709332744,28.595861035,1.000000000
POINT0.MATRIX3=-0.932062828,0.362296680,0.000000000,0.000000000,-0.362296680,-0.932062828,0.000000000,0.000000000,0.000000000,-0.000000000,1.000000000,0.000000000,-7.619339392,-8.890726883,28.214810926,1.000000000
POINT1.BLHA=28.59065738,113.47867622,222.764,291.241310
POINT1.MATRIX0=-0.932062828,0.362296680,0.000000000,0.000000000,-0.362296680,-0.932062828,0.000000000,0.000000000,0.000000000,-0.000000000,1.000000000,0.000000000,-9.274927976,0.000070101,25.790001052,1.000000000
POINT1.MATRIX1=-0.932062828,0.362296680,0.000000000,0.000000000,-0.362296680,-0.932062828,0.000000000,0.000000000,0.000000000,-0.000000000,1.000000000,0.000000000,-9.274927976,0.000070101,26.240001041,1.000000000
POINT1.MATRIX2=-0.932062828,0.362296680,0.000000000,0.000000000,-0.362296680,-0.932062828,0.000000000,0.000000000,0.000000000,-0.000000000,1.000000000,0.000000000,-9.724928040,0.000070148,26.240001041,1.000000000
POINT1.MATRIX3=-0.932062828,0.362296680,0.000000000,0.000000000,-0.362296680,-0.932062828,0.000000000,0.000000000,0.000000000,-0.000000000,1.000000000,0.000000000,-9.724928040,0.000070147,25.790001052,1.000000000
