OBJECTMODELPOINTER=33777c94-e4b9-4947-906f-f84480f3cb99.dev
BASEFAMILY=f2f4056d-fa79-454b-b9c9-4daac0454098.fam
BLHA=28.41010958,113.37337020,176.661664,254.006183
TRANSFORMMATRIX=-0.008339312,-0.999965227,0.000005307,0.000000000,0.999965227,-0.008339312,0.000002123,0.000000000,-0.000002078,0.000005325,1.000000000,0.000000000,-13.214604982,33.805533721,44.537220791,1.000000000
ENTITYNAME=Wire_Device
