OBJECTMODELPOINTER=33777c94-e4b9-4947-906f-f84480f3cb99.dev
BASEFAMILY=f301fec3-7b38-472c-866c-192b875acb56.fam
BLHA=28.53408910,113.50849608,458.182485,233.242345
TRANSFORMMATRIX=-0.377936706,-0.925831435,0.000031008,0.000000000,0.925831435,-0.377936706,0.000001493,0.000000000,0.000010337,0.000029272,0.999999999,0.000000000,66.327014411,186.401433004,-7.100744607,1.000000000
ENTITYNAME=Wire_Device
