OBJECTMODELPOINTER=33777c94-e4b9-4947-906f-f84480f3cb99.dev
BASEFAMILY=f303fbb1-08d8-4fec-9ebb-030e388925a0.fam
BLHA=28.57663112,113.48588937,251.356728,312.996987
TRANSFORMMATRIX=0.000012397,-0.999999999,0.000038337,0.000000000,1.000000000,0.000012397,-0.000002027,0.000000000,0.000002026,0.000038337,0.999999999,0.000000000,12.272717135,244.008223055,29.180519662,1.000000000
ENTITYNAME=Wire_Device
