OBJECTMODELPOINTER=33777c94-e4b9-4947-906f-f84480f3cb99.dev
BASEFAMILY=f30cf7ab-1bd8-47fd-a237-94bfd9b33404.fam
BLHA=28.71568525,113.45475484,179.580025,274.089521
TRANSFORMMATRIX=-0.173936352,-0.984756896,0.000037569,0.000000000,0.984756897,-0.173936352,-0.000000940,0.000000000,0.000007460,0.000036833,0.999999999,0.000000000,47.534946921,233.890004696,39.548863360,1.000000000
ENTITYNAME=Wire_Device
