OBJECTMODELPOINTER=33777c94-e4b9-4947-906f-f84480f3cb99.dev
BASEFAMILY=f3167d51-fd06-4645-9551-634c0d5406f7.fam
BLHA=28.80841146,113.51251091,171.150662,227.348291
TRANSFORMMATRIX=-0.000014199,-0.999999999,0.000032800,0.000000000,1.000000000,-0.000014199,0.000000223,0.000000000,-0.000000223,0.000032799,0.999999999,0.000000000,-0.881056775,208.783684443,54.883272143,1.000000000
ENTITYNAME=Wire_Device
