OBJECTMODELPOINTER=33777c94-e4b9-4947-906f-f84480f3cb99.dev
BASEFAMILY=f31f3b51-9954-450a-8f7f-15b1589ea392.fam
BLHA=28.54843684,113.51255198,454.586266,280.370385
TRANSFORMMATRIX=-0.044779235,-0.998996907,-0.000000010,0.000000000,0.998996907,-0.044779235,-0.000001725,0.000000000,0.000001723,-0.000000088,1.000000000,0.000000000,10.997666967,-0.566227990,24.513678484,1.000000000
ENTITYNAME=Wire_Device
