OBJECTMODELPOINTER=33777c94-e4b9-4947-906f-f84480f3cb99.dev
BASEFAMILY=f3489c17-ba61-4479-8565-9964bac99717.fam
BLHA=28.46846127,113.40263855,250.773411,415.920157
TRANSFORMMATRIX=-0.073974887,0.997260104,0.000025675,0.000000000,-0.997260105,-0.073974887,-0.000000999,0.000000000,0.000000903,-0.000025679,1.000000000,0.000000000,5.359391245,-163.317932654,13.482468918,1.000000000
ENTITYNAME=Wire_Device
