OBJECTMODELPOINTER=33777c94-e4b9-4947-906f-f84480f3cb99.dev
BASEFAMILY=f352d780-6357-440b-9a63-d20a72c63300.fam
BLHA=28.26851271,113.48351910,83.112496,355.334735
TRANSFORMMATRIX=0.005378489,-0.999985536,0.000016168,0.000000000,0.999985536,0.005378489,-0.000001028,0.000000000,0.000000940,0.000016174,1.000000000,0.000000000,5.931056264,103.229863384,63.372431441,1.000000000
ENTITYNAME=Wire_Device
