OBJECTMODELPOINTER=33777c94-e4b9-4947-906f-f84480f3cb99.dev
BASEFAMILY=f36520e5-6d1b-45cf-90fd-56cd1645dd92.fam
BLHA=28.51918695,113.48038702,399.659330,210.734491
TRANSFORMMATRIX=-0.000007770,-1.000000000,0.000017745,0.000000000,1.000000000,-0.000007770,0.000001984,0.000000000,-0.000001985,0.000017745,1.000000000,0.000000000,-12.360263501,113.092182090,11.987156493,1.000000000
ENTITYNAME=Wire_Device
