OBJECTMODELPOINTER=33777c94-e4b9-4947-906f-f84480f3cb99.dev
BASEFAMILY=f38d80d0-e7da-4033-8f0c-b50e371b38a7.fam
BLHA=28.27757020,113.46637333,93.774105,312.669055
TRANSFORMMATRIX=-0.001267185,-0.999999197,0.000004989,0.000000000,0.999999197,-0.001267185,0.000001288,0.000000000,-0.000001282,0.000004990,1.000000000,0.000000000,-8.244644888,31.785240954,46.054881834,1.000000000
ENTITYNAME=Wire_Device
