ENTITYNAME=WIRE
BASEFAMILY=f39838ad-211a-49bf-9df9-dce88f481426.fam
OBJECTMODELPOINTER=31970f28-780e-4bf1-8adb-439f78c329a3.dev
KVALUE=0.000287
SPLIT=1
POINT0.BLHA=28.47508033,113.40890253,351.780,229.813402
POINT0.MATRIX0=-0.763946986,-0.645279012,-0.000000000,0.000000000,0.645279012,-0.763946986,0.000000000,0.000000000,0.000000000,0.000000000,1.000000000,0.000000000,11.319826399,-0.010092172,63.558000245,1.000000000
POINT1.BLHA=28.47508033,113.40890253,351.780,229.813402
POINT1.MATRIX0=-0.763946986,-0.645279012,-0.000000000,0.000000000,0.645279012,-0.763946986,0.000000000,0.000000000,0.000000000,0.000000000,1.000000000,0.000000000,11.320042528,0.009670407,63.558000245,1.000000000
