ENTITYNAME=WIRE
BASEFAMILY=f39a1045-7bc5-421a-9f77-b315953f85b4.fam
OBJECTMODELPOINTER=81b82497-164d-48c0-b1cb-18fa700dacdf.dev
KVALUE=0.000372
SPLIT=4
POINT0.BLHA=28.31402241,113.42375188,48.067,335.449580
POINT0.MATRIX0=-0.415493846,0.909595989,0.000000000,0.000000000,-0.909595989,-0.415493846,0.000000000,0.000000000,0.000000000,-0.000000000,1.000000000,0.000000000,-10.003240648,0.130197091,55.066971796,1.000000000
POINT0.MATRIX1=-0.415493846,0.909595989,0.000000000,0.000000000,-0.909595989,-0.415493846,0.000000000,0.000000000,0.000000000,-0.000000000,1.000000000,0.000000000,-9.820533836,0.129778895,55.532075423,1.000000000
POINT0.MATRIX2=-0.415493846,0.909595989,0.000000000,0.000000000,-0.909595989,-0.415493846,0.000000000,0.000000000,0.000000000,-0.000000000,1.000000000,0.000000000,-10.286335110,0.129448795,55.715608137,1.000000000
POINT0.MATRIX3=-0.415493846,0.909595989,0.000000000,0.000000000,-0.909595989,-0.415493846,0.000000000,0.000000000,0.000000000,-0.000000000,1.000000000,0.000000000,-10.469041921,0.129866991,55.250504511,1.000000000
POINT1.BLHA=28.31294059,113.42646212,52.368,335.449580
POINT1.MATRIX0=-0.415493846,0.909595989,-0.000000000,0.000000000,-0.909595989,-0.415493846,0.000000000,0.000000000,-0.000000000,-0.000000000,1.000000000,0.000000000,-9.335368944,-0.129956425,51.416812484,1.000000000
POINT1.MATRIX1=-0.415493846,0.909595989,-0.000000000,0.000000000,-0.909595989,-0.415493846,0.000000000,0.000000000,-0.000000000,-0.000000000,1.000000000,0.000000000,-9.148601829,-0.129861945,51.880664413,1.000000000
POINT1.MATRIX2=-0.415493846,0.909595989,-0.000000000,0.000000000,-0.909595989,-0.415493846,0.000000000,0.000000000,-0.000000000,-0.000000000,1.000000000,0.000000000,-9.612372951,-0.129935707,52.067325180,1.000000000
POINT1.MATRIX3=-0.415493846,0.909595989,-0.000000000,0.000000000,-0.909595989,-0.415493846,0.000000000,0.000000000,-0.000000000,-0.000000000,1.000000000,0.000000000,-9.799190785,-0.129919152,51.603473252,1.000000000
