OBJECTMODELPOINTER=33777c94-e4b9-4947-906f-f84480f3cb99.dev
BASEFAMILY=f3b980ff-a472-4278-ab01-b897377e8572.fam
BLHA=28.50709200,113.45758686,253.896568,210.734491
TRANSFORMMATRIX=-0.005261271,-0.999986159,0.000013258,0.000000000,0.999986159,-0.005261271,0.000000094,0.000000000,-0.000000025,0.000013258,1.000000000,0.000000000,0.036526494,84.515515850,43.955317379,1.000000000
ENTITYNAME=Wire_Device
