OBJECTMODELPOINTER=33777c94-e4b9-4947-906f-f84480f3cb99.dev
BASEFAMILY=f3d96ada-6237-41f9-a87f-ce9e39f3e094.fam
BLHA=28.55326393,113.50869198,332.868298,304.990571
TRANSFORMMATRIX=-0.006769324,-0.999977084,0.000085634,0.000000000,0.999977088,-0.006769324,0.000002330,0.000000000,-0.000001751,0.000085647,0.999999996,0.000000000,-12.481135752,544.857161267,111.259877416,1.000000000
ENTITYNAME=Wire_Device
