OBJECTMODELPOINTER=33777c94-e4b9-4947-906f-f84480f3cb99.dev
BASEFAMILY=f3dce230-c891-4595-b224-6d8ea32ed6d9.fam
BLHA=28.47322316,113.40714488,338.739938,229.813402
TRANSFORMMATRIX=-0.002316961,-0.999997316,0.000015357,0.000000000,0.999997316,-0.002316961,0.000002207,0.000000000,-0.000002171,0.000015362,1.000000000,0.000000000,-13.578406206,97.726707948,26.871705469,1.000000000
ENTITYNAME=Wire_Device
