ENTITYNAME=WIRE
BASEFAMILY=f3e16d7a-254d-46bf-86b5-cc21abee464b.fam
OBJECTMODELPOINTER=81b82497-164d-48c0-b1cb-18fa700dacdf.dev
KVALUE=0.000000
SPLIT=4
POINT0.BLHA=28.31775016,113.38284517,61.633,329.270898
POINT0.MATRIX0=-0.510979593,0.859592843,0.000000000,0.000000000,-0.859592843,-0.510979593,0.000000000,0.000000000,-0.000000000,-0.000000000,1.000000000,0.000000000,7.065661378,-0.000184672,77.066975429,1.000000000
POINT0.MATRIX1=-0.510979593,0.859592843,0.000000000,0.000000000,-0.859592843,-0.510979593,0.000000000,0.000000000,-0.000000000,-0.000000000,1.000000000,0.000000000,7.249555989,0.000067067,77.532078578,1.000000000
POINT0.MATRIX2=-0.510979593,0.859592843,0.000000000,0.000000000,-0.859592843,-0.510979593,0.000000000,0.000000000,-0.000000000,-0.000000000,1.000000000,0.000000000,6.783875719,-0.000119237,77.715611293,1.000000000
POINT0.MATRIX3=-0.510979593,0.859592843,0.000000000,0.000000000,-0.859592843,-0.510979593,0.000000000,0.000000000,-0.000000000,-0.000000000,1.000000000,0.000000000,6.599981108,-0.000370977,77.250508144,1.000000000
POINT1.BLHA=28.31775016,113.38284517,61.633,329.270898
POINT1.MATRIX0=-0.510979593,0.859592843,0.000000000,0.000000000,-0.859592843,-0.510979593,0.000000000,0.000000000,-0.000000000,-0.000000000,1.000000000,0.000000000,7.065658676,0.129823379,77.066975429,1.000000000
POINT1.MATRIX1=-0.510979593,0.859592843,0.000000000,0.000000000,-0.859592843,-0.510979593,0.000000000,0.000000000,-0.000000000,-0.000000000,1.000000000,0.000000000,7.249553287,0.130075118,77.532078579,1.000000000
POINT1.MATRIX2=-0.510979593,0.859592843,0.000000000,0.000000000,-0.859592843,-0.510979593,0.000000000,0.000000000,-0.000000000,-0.000000000,1.000000000,0.000000000,6.783873018,0.129888814,77.715611294,1.000000000
POINT1.MATRIX3=-0.510979593,0.859592843,0.000000000,0.000000000,-0.859592843,-0.510979593,0.000000000,0.000000000,-0.000000000,-0.000000000,1.000000000,0.000000000,6.599978406,0.129637075,77.250508144,1.000000000
