OBJECTMODELPOINTER=33777c94-e4b9-4947-906f-f84480f3cb99.dev
BASEFAMILY=f4142db6-0007-45a3-8a77-c039e83b1b79.fam
BLHA=28.31775016,113.38284517,61.633463,329.270898
TRANSFORMMATRIX=0.001441983,-0.999998959,0.000045875,0.000000000,0.999998960,0.001441983,-0.000001107,0.000000000,0.000001041,0.000045876,0.999999999,0.000000000,5.949325106,292.417460286,33.034285079,1.000000000
ENTITYNAME=Wire_Device
