OBJECTMODELPOINTER=33777c94-e4b9-4947-906f-f84480f3cb99.dev
BASEFAMILY=f41efe46-be93-4b0b-b24f-426f0068c89c.fam
BLHA=28.32474464,113.37442409,71.722945,330.514691
TRANSFORMMATRIX=0.471981700,-0.881608346,-0.000000063,0.000000000,0.881608346,0.471981700,0.000001457,0.000000000,-0.000001256,-0.000000743,1.000000000,0.000000000,-7.971877219,-4.719275517,48.783416108,1.000000000
ENTITYNAME=Wire_Device
