OBJECTMODELPOINTER=33777c94-e4b9-4947-906f-f84480f3cb99.dev
BASEFAMILY=f422f19a-4313-4758-a086-d72bf5d1b5c3.fam
BLHA=28.28368001,113.45281448,67.001736,340.232800
TRANSFORMMATRIX=0.000004485,-1.000000000,0.000015906,0.000000000,1.000000000,0.000004485,-0.000001404,0.000000000,0.000001404,0.000015906,1.000000000,0.000000000,8.750469737,101.453575306,43.647451438,1.000000000
ENTITYNAME=Wire_Device
