OBJECTMODELPOINTER=33777c94-e4b9-4947-906f-f84480f3cb99.dev
BASEFAMILY=f437e474-78fb-44d4-8020-e5489aa58c6c.fam
BLHA=28.64054809,113.46428400,121.846877,277.610658
TRANSFORMMATRIX=0.002768487,-0.999996168,0.000004972,0.000000000,0.999996168,0.002768487,-0.000002068,0.000000000,0.000002055,0.000004977,1.000000000,0.000000000,13.091391633,31.601816404,50.001976400,1.000000000
ENTITYNAME=Wire_Device
