ENTITYNAME=WIRE
BASEFAMILY=f44ce9e5-b9be-4836-ba37-62c4da1ccc49.fam
OBJECTMODELPOINTER=81b82497-164d-48c0-b1cb-18fa700dacdf.dev
KVALUE=0.085683
SPLIT=4
POINT0.BLHA=28.30399811,113.43961542,62.139,477.400140
POINT0.MATRIX0=0.887814260,-0.460201956,-0.000000000,0.000000000,0.460201956,0.887814260,-0.000000000,0.000000000,-0.000000000,0.000000000,1.000000000,0.000000000,10.774590396,-0.000762876,31.789999116,1.000000000
POINT0.MATRIX1=0.887814260,-0.460201956,-0.000000000,0.000000000,0.460201956,0.887814260,-0.000000000,0.000000000,-0.000000000,0.000000000,1.000000000,0.000000000,10.774590397,-0.000762876,32.239999104,1.000000000
POINT0.MATRIX2=0.887814260,-0.460201956,-0.000000000,0.000000000,0.460201956,0.887814260,-0.000000000,0.000000000,-0.000000000,0.000000000,1.000000000,0.000000000,11.224590374,-0.000762893,32.239999104,1.000000000
POINT0.MATRIX3=0.887814260,-0.460201956,-0.000000000,0.000000000,0.460201956,0.887814260,-0.000000000,0.000000000,-0.000000000,0.000000000,1.000000000,0.000000000,11.224590373,-0.000762892,31.789999116,1.000000000
POINT1.BLHA=28.30399811,113.43961542,62.139,477.400140
POINT1.MATRIX0=0.887814260,-0.460201956,-0.000000000,0.000000000,0.460201956,0.887814260,-0.000000000,0.000000000,-0.000000000,0.000000000,1.000000000,0.000000000,7.116014264,-9.008382000,34.826653529,1.000000000
POINT1.MATRIX1=0.887814260,-0.460201956,-0.000000000,0.000000000,0.460201956,0.887814260,-0.000000000,0.000000000,-0.000000000,0.000000000,1.000000000,0.000000000,6.947118619,-9.777082683,35.269010354,1.000000000
POINT1.MATRIX2=0.887814260,-0.460201956,-0.000000000,0.000000000,0.460201956,0.887814260,-0.000000000,0.000000000,-0.000000000,0.000000000,1.000000000,0.000000000,7.439603746,-9.862970010,35.269010354,1.000000000
POINT1.MATRIX3=0.887814260,-0.460201956,-0.000000000,0.000000000,0.460201956,0.887814260,-0.000000000,0.000000000,-0.000000000,0.000000000,1.000000000,0.000000000,7.610188712,-9.090745143,34.826867151,1.000000000
