OBJECTMODELPOINTER=33777c94-e4b9-4947-906f-f84480f3cb99.dev
BASEFAMILY=f44ecdd7-fe76-4023-8432-3bf2a020c231.fam
BLHA=28.76146332,113.46687719,133.774448,236.227775
TRANSFORMMATRIX=-0.001955559,-0.999998086,0.000062948,0.000000000,0.999998088,-0.001955559,-0.000001430,0.000000000,0.000001553,0.000062944,0.999999998,0.000000000,10.852058640,400.385653344,37.078813040,1.000000000
ENTITYNAME=Wire_Device
