ENTITYNAME=WIRE
BASEFAMILY=f45a179a-74ea-4c32-b633-25cb45083212.fam
OBJECTMODELPOINTER=31970f28-780e-4bf1-8adb-439f78c329a3.dev
KVALUE=0.000287
SPLIT=1
POINT0.BLHA=28.35569166,113.36081333,82.536,278.143009
POINT0.MATRIX0=-0.989917611,0.141644356,0.000000000,0.000000000,-0.141644356,-0.989917611,0.000000000,0.000000000,0.000000000,-0.000000000,1.000000000,0.000000000,11.320083050,-0.010569790,63.558000367,1.000000000
POINT1.BLHA=28.35569166,113.36081333,82.536,278.143009
POINT1.MATRIX0=-0.989917611,0.141644356,0.000000000,0.000000000,-0.141644356,-0.989917611,0.000000000,0.000000000,0.000000000,-0.000000000,1.000000000,0.000000000,11.319017400,0.010220259,63.558000367,1.000000000
