OBJECTMODELPOINTER=33777c94-e4b9-4947-906f-f84480f3cb99.dev
BASEFAMILY=f45a6fc5-65cd-498b-8255-f5c12aa5a747.fam
BLHA=28.31566161,113.38686189,71.437616,329.270898
TRANSFORMMATRIX=-0.007553121,-0.999971475,0.000005244,0.000000000,0.999971475,-0.007553121,-0.000001434,0.000000000,0.000001473,0.000005233,1.000000000,0.000000000,9.290700965,33.332409307,46.421824727,1.000000000
ENTITYNAME=Wire_Device
