OBJECTMODELPOINTER=33777c94-e4b9-4947-906f-f84480f3cb99.dev
BASEFAMILY=f466eff6-7ce7-4336-b81c-c85da1004728.fam
BLHA=28.80183094,113.50568524,205.477677,227.348291
TRANSFORMMATRIX=0.013239373,-0.999912356,0.000005110,0.000000000,0.999912356,0.013239373,-0.000001830,0.000000000,0.000001762,0.000005134,1.000000000,0.000000000,11.303610157,32.711291504,38.896669721,1.000000000
ENTITYNAME=Wire_Device
