ENTITYNAME=WIRE
BASEFAMILY=f47ae8e2-7919-438f-b3ec-23ebd0dfe09a.fam
OBJECTMODELPOINTER=81b82497-164d-48c0-b1cb-18fa700dacdf.dev
KVALUE=0.084313
SPLIT=4
POINT0.BLHA=28.32474464,113.37442409,71.723,330.514691
POINT0.MATRIX0=-0.492200384,0.870481925,0.000000000,0.000000000,-0.870481925,-0.492200384,0.000000000,0.000000000,0.000000000,0.000000000,1.000000000,0.000000000,-7.000605540,-8.603648156,28.686424398,1.000000000
POINT0.MATRIX1=-0.492200384,0.870481925,0.000000000,0.000000000,-0.870481925,-0.492200384,0.000000000,0.000000000,0.000000000,0.000000000,1.000000000,0.000000000,-6.733834742,-9.352230721,29.115312957,1.000000000
POINT0.MATRIX2=-0.492200384,0.870481925,0.000000000,0.000000000,-0.870481925,-0.492200384,0.000000000,0.000000000,0.000000000,0.000000000,1.000000000,0.000000000,-7.195699097,-9.539341656,29.115312957,1.000000000
POINT0.MATRIX3=-0.492200384,0.870481925,0.000000000,0.000000000,-0.870481925,-0.492200384,0.000000000,0.000000000,0.000000000,0.000000000,1.000000000,0.000000000,-7.461010058,-8.789372717,28.686454914,1.000000000
POINT1.BLHA=28.32474464,113.37442409,71.723,330.514691
POINT1.MATRIX0=-0.492200384,0.870481925,0.000000000,0.000000000,-0.870481925,-0.492200384,0.000000000,0.000000000,0.000000000,0.000000000,1.000000000,0.000000000,-11.774652784,-0.000126660,25.790001833,1.000000000
POINT1.MATRIX1=-0.492200384,0.870481925,0.000000000,0.000000000,-0.870481925,-0.492200384,0.000000000,0.000000000,0.000000000,0.000000000,1.000000000,0.000000000,-11.774652784,-0.000126660,26.240001821,1.000000000
POINT1.MATRIX2=-0.492200384,0.870481925,0.000000000,0.000000000,-0.870481925,-0.492200384,0.000000000,0.000000000,0.000000000,0.000000000,1.000000000,0.000000000,-12.224652837,-0.000126448,26.240001820,1.000000000
POINT1.MATRIX3=-0.492200384,0.870481925,0.000000000,0.000000000,-0.870481925,-0.492200384,0.000000000,0.000000000,0.000000000,0.000000000,1.000000000,0.000000000,-12.224652837,-0.000126448,25.790001833,1.000000000
