OBJECTMODELPOINTER=33777c94-e4b9-4947-906f-f84480f3cb99.dev
BASEFAMILY=f47cbe65-7756-48b0-b458-ac180d599239.fam
BLHA=28.48305469,113.41645050,246.976349,229.813402
TRANSFORMMATRIX=0.001662848,-0.999998617,0.000040459,0.000000000,0.999998617,0.001662848,0.000002164,0.000000000,-0.000002231,0.000040454,0.999999999,0.000000000,-13.550446779,257.418189152,38.393673159,1.000000000
ENTITYNAME=Wire_Device
