OBJECTMODELPOINTER=33777c94-e4b9-4947-906f-f84480f3cb99.dev
BASEFAMILY=f49657db-b4c5-4a0f-b089-b3e141f8aaaa.fam
BLHA=28.80679371,113.51083278,186.898436,227.348291
TRANSFORMMATRIX=-0.000001755,-1.000000000,0.000004937,0.000000000,1.000000000,-0.000001755,0.000001897,0.000000000,-0.000001897,0.000004937,1.000000000,0.000000000,-11.999615432,31.394656431,40.040973911,1.000000000
ENTITYNAME=Wire_Device
