OBJECTMODELPOINTER=33777c94-e4b9-4947-906f-f84480f3cb99.dev
BASEFAMILY=f49cde71-38e0-4bf0-890b-e58c4c61f6ec.fam
BLHA=28.28368001,113.45281448,67.001736,340.232800
TRANSFORMMATRIX=0.000027065,-0.999999998,0.000059552,0.000000000,1.000000000,0.000027065,0.000001229,0.000000000,-0.000001230,0.000059551,0.999999998,0.000000000,-8.445626177,379.909226555,73.847943902,1.000000000
ENTITYNAME=Wire_Device
