OBJECTMODELPOINTER=33777c94-e4b9-4947-906f-f84480f3cb99.dev
BASEFAMILY=f4a4a95b-c9cd-4f9a-9069-da2f014d5559.fam
BLHA=28.31402241,113.42375188,48.067305,335.449580
TRANSFORMMATRIX=-0.002283029,-0.999997393,0.000039297,0.000000000,0.999997394,-0.002283029,0.000001391,0.000000000,-0.000001302,0.000039300,0.999999999,0.000000000,-8.762271510,250.644217756,40.581666720,1.000000000
ENTITYNAME=Wire_Device
