OBJECTMODELPOINTER=33777c94-e4b9-4947-906f-f84480f3cb99.dev
BASEFAMILY=f4af8600-ed3d-4f16-b3bc-a3f75b90b84d.fam
BLHA=28.32854622,113.36798434,68.151851,482.460958
TRANSFORMMATRIX=-0.106446202,0.994318463,0.000031019,0.000000000,-0.994318463,-0.106446202,-0.000001103,0.000000000,0.000002204,-0.000030961,1.000000000,0.000000000,14.516834330,-196.922301070,11.265289932,1.000000000
ENTITYNAME=Wire_Device
