ENTITYNAME=WIRE
BASEFAMILY=f4b27f45-2878-418e-97ce-368cf8941da4.fam
OBJECTMODELPOINTER=81b82497-164d-48c0-b1cb-18fa700dacdf.dev
KVALUE=0.000000
SPLIT=4
POINT0.BLHA=28.56928949,113.49371034,236.536,312.996987
POINT0.MATRIX0=-0.731389569,0.681959895,-0.000000000,0.000000000,-0.681959895,-0.731389569,0.000000000,0.000000000,-0.000000000,-0.000000000,1.000000000,0.000000000,13.545006288,-0.000065555,58.000000178,1.000000000
POINT0.MATRIX1=-0.731389569,0.681959895,-0.000000000,0.000000000,-0.681959895,-0.731389569,0.000000000,0.000000000,-0.000000000,-0.000000000,1.000000000,0.000000000,13.545006287,-0.000065555,58.450000940,1.000000000
POINT0.MATRIX2=-0.731389569,0.681959895,-0.000000000,0.000000000,-0.681959895,-0.731389569,0.000000000,0.000000000,-0.000000000,-0.000000000,1.000000000,0.000000000,13.095188229,0.000094758,58.450000941,1.000000000
POINT0.MATRIX3=-0.731389569,0.681959895,-0.000000000,0.000000000,-0.681959895,-0.731389569,0.000000000,0.000000000,-0.000000000,-0.000000000,1.000000000,0.000000000,13.095188230,0.000094758,58.000000178,1.000000000
POINT1.BLHA=28.56928949,113.49371034,236.536,312.996987
POINT1.MATRIX0=-0.731389569,0.681959895,-0.000000000,0.000000000,-0.681959895,-0.731389569,0.000000000,0.000000000,-0.000000000,-0.000000000,1.000000000,0.000000000,13.545013359,0.109937070,58.000000178,1.000000000
POINT1.MATRIX1=-0.731389569,0.681959895,-0.000000000,0.000000000,-0.681959895,-0.731389569,0.000000000,0.000000000,-0.000000000,-0.000000000,1.000000000,0.000000000,13.545013358,0.109937070,58.450000940,1.000000000
POINT1.MATRIX2=-0.731389569,0.681959895,-0.000000000,0.000000000,-0.681959895,-0.731389569,0.000000000,0.000000000,-0.000000000,-0.000000000,1.000000000,0.000000000,13.095195300,0.110097383,58.450000940,1.000000000
POINT1.MATRIX3=-0.731389569,0.681959895,-0.000000000,0.000000000,-0.681959895,-0.731389569,0.000000000,0.000000000,-0.000000000,-0.000000000,1.000000000,0.000000000,13.095195301,0.110097383,58.000000178,1.000000000
