OBJECTMODELPOINTER=33777c94-e4b9-4947-906f-f84480f3cb99.dev
BASEFAMILY=f4bbc900-7b71-4d4a-b280-67335c48e644.fam
BLHA=28.71973492,113.45364743,163.020408,283.291091
TRANSFORMMATRIX=-0.002487936,-0.999996905,0.000017064,0.000000000,0.999996905,-0.002487936,0.000000058,0.000000000,-0.000000016,0.000017064,1.000000000,0.000000000,-0.227154105,108.390990779,26.881470430,1.000000000
ENTITYNAME=Wire_Device
