OBJECTMODELPOINTER=33777c94-e4b9-4947-906f-f84480f3cb99.dev
BASEFAMILY=f4becbeb-9f1c-43c4-8d4e-6a4d9d5e9bf8.fam
BLHA=28.27757020,113.46637333,93.774105,312.669055
TRANSFORMMATRIX=0.001239678,-0.999999231,0.000029901,0.000000000,0.999999232,0.001239678,-0.000001180,0.000000000,0.000001143,0.000029902,1.000000000,0.000000000,6.786329945,190.311756445,23.690369511,1.000000000
ENTITYNAME=Wire_Device
