OBJECTMODELPOINTER=33777c94-e4b9-4947-906f-f84480f3cb99.dev
BASEFAMILY=f4bf0811-9f32-4580-9170-3f679c2c1da6.fam
BLHA=28.78677028,113.48699418,119.837662,221.400685
TRANSFORMMATRIX=-0.017424581,-0.999848180,0.000037963,0.000000000,0.999848180,-0.017424580,0.000002354,0.000000000,-0.000001692,0.000037998,0.999999999,0.000000000,-10.151247649,241.976785721,26.052584656,1.000000000
ENTITYNAME=Wire_Device
