OBJECTMODELPOINTER=33777c94-e4b9-4947-906f-f84480f3cb99.dev
BASEFAMILY=f4ccdd50-06f4-4b12-9c09-ec208e305e02.fam
BLHA=28.28368001,113.45281448,67.001736,340.232800
TRANSFORMMATRIX=0.000016335,-0.999999999,0.000038383,0.000000000,1.000000000,0.000016335,0.000001169,0.000000000,-0.000001170,0.000038382,0.999999999,0.000000000,-7.835004638,244.865063298,58.239275768,1.000000000
ENTITYNAME=Wire_Device
