OBJECTMODELPOINTER=33777c94-e4b9-4947-906f-f84480f3cb99.dev
BASEFAMILY=f4d55ffa-1dfa-476f-b449-e3030c1fba39.fam
BLHA=28.31775016,113.38284517,61.633463,329.270898
TRANSFORMMATRIX=-0.001035170,-0.999999463,0.000045858,0.000000000,0.999999464,-0.001035170,0.000001263,0.000000000,-0.000001215,0.000045859,0.999999999,0.000000000,-8.394732295,292.345161990,57.570306748,1.000000000
ENTITYNAME=Wire_Device
