OBJECTMODELPOINTER=33777c94-e4b9-4947-906f-f84480f3cb99.dev
BASEFAMILY=f4d5b98d-0811-427a-93db-074ab71a28ca.fam
BLHA=28.47508033,113.40890253,351.780005,229.813402
TRANSFORMMATRIX=-0.000012915,-0.999999999,0.000036246,0.000000000,1.000000000,-0.000012914,0.000000275,0.000000000,-0.000000275,0.000036246,0.999999999,0.000000000,-1.160402865,230.670429940,39.303529620,1.000000000
ENTITYNAME=Wire_Device
