OBJECTMODELPOINTER=33777c94-e4b9-4947-906f-f84480f3cb99.dev
BASEFAMILY=f4fecc74-23a1-4f85-8c81-fe4d9f1d57e9.fam
BLHA=28.57953661,113.48279374,260.580940,480.423303
TRANSFORMMATRIX=-0.587980887,0.808874821,-0.000000394,0.000000000,-0.808874821,-0.587980887,0.000001324,0.000000000,0.000000839,0.000001097,1.000000000,0.000000000,5.332930967,6.963985517,36.308669632,1.000000000
ENTITYNAME=Wire_Device
