OBJECTMODELPOINTER=33777c94-e4b9-4947-906f-f84480f3cb99.dev
BASEFAMILY=f4ff35ad-7419-4e1c-953d-2283e2a47215.fam
BLHA=28.61647630,113.46664258,210.970212,273.436520
TRANSFORMMATRIX=-0.014754600,-0.999891145,0.000018424,0.000000000,0.999891145,-0.014754600,0.000002072,0.000000000,-0.000001800,0.000018452,1.000000000,0.000000000,-11.524843598,117.182546457,34.998941717,1.000000000
ENTITYNAME=Wire_Device
