OBJECTMODELPOINTER=33777c94-e4b9-4947-906f-f84480f3cb99.dev
BASEFAMILY=f509c9e1-8906-4177-8773-d0fb9a3f63c3.fam
BLHA=28.65418328,113.46214797,157.582490,277.610658
TRANSFORMMATRIX=0.000001482,-0.999999999,0.000035984,0.000000000,1.000000000,0.000001482,-0.000001723,0.000000000,0.000001723,0.000035985,0.999999999,0.000000000,10.841496715,228.522793511,35.961588268,1.000000000
ENTITYNAME=Wire_Device
