OBJECTMODELPOINTER=33777c94-e4b9-4947-906f-f84480f3cb99.dev
BASEFAMILY=f517c0ec-0f85-443b-9dfd-2a2b829b5ee8.fam
BLHA=28.44044510,113.38600635,302.501930,242.026912
TRANSFORMMATRIX=-0.000008377,-1.000000000,0.000030545,0.000000000,1.000000000,-0.000008377,0.000000225,0.000000000,-0.000000225,0.000030544,0.999999999,0.000000000,-1.016341874,194.185775607,27.674295680,1.000000000
ENTITYNAME=Wire_Device
