OBJECTMODELPOINTER=33777c94-e4b9-4947-906f-f84480f3cb99.dev
BASEFAMILY=f51e78ed-6424-4fcb-9c24-fe2b269eba11.fam
BLHA=28.53408910,113.50849608,458.182485,233.242345
TRANSFORMMATRIX=0.513452973,-0.858117734,-0.000000052,0.000000000,0.858117734,0.513452973,0.000001463,0.000000000,-0.000001228,-0.000000796,1.000000000,0.000000000,-7.840387420,-5.081664498,25.386332694,1.000000000
ENTITYNAME=Wire_Device
