OBJECTMODELPOINTER=33777c94-e4b9-4947-906f-f84480f3cb99.dev
BASEFAMILY=f5298a72-ed50-4633-99a5-710c90205625.fam
BLHA=28.71973492,113.45364743,163.020408,283.291091
TRANSFORMMATRIX=-0.002486319,-0.999996909,0.000029848,0.000000000,0.999996909,-0.002486319,0.000000102,0.000000000,-0.000000028,0.000029849,1.000000000,0.000000000,-0.397037402,189.601626910,24.852563943,1.000000000
ENTITYNAME=Wire_Device
