OBJECTMODELPOINTER=33777c94-e4b9-4947-906f-f84480f3cb99.dev
BASEFAMILY=f539b603-3a51-4761-a69c-e7ca27d4f0f7.fam
BLHA=28.76565082,113.47002463,165.077698,236.227775
TRANSFORMMATRIX=0.012121132,-0.999926536,0.000004313,0.000000000,0.999926536,0.012121132,-0.000002160,0.000000000,0.000002107,0.000004339,1.000000000,0.000000000,13.494678588,27.632280928,41.601544069,1.000000000
ENTITYNAME=Wire_Device
