OBJECTMODELPOINTER=33777c94-e4b9-4947-906f-f84480f3cb99.dev
BASEFAMILY=f544046e-46f8-4324-b8a3-b9c284f27b59.fam
BLHA=28.50209029,113.44375287,199.020645,200.251669
TRANSFORMMATRIX=0.005060616,-0.999987195,0.000016267,0.000000000,0.999987195,0.005060616,-0.000001993,0.000000000,0.000001911,0.000016277,1.000000000,0.000000000,12.317281007,103.853758274,60.181901466,1.000000000
ENTITYNAME=Wire_Device
