OBJECTMODELPOINTER=33777c94-e4b9-4947-906f-f84480f3cb99.dev
BASEFAMILY=f5453644-7751-44ac-9586-a2c47ea07221.fam
BLHA=28.31510010,113.40690744,78.265120,0.896163
TRANSFORMMATRIX=-0.001511902,-0.999998857,0.000015960,0.000000000,0.999998857,-0.001511902,0.000001215,0.000000000,-0.000001192,0.000015962,1.000000000,0.000000000,-7.555599698,101.884200167,57.540490940,1.000000000
ENTITYNAME=Wire_Device
