ENTITYNAME=WIRE
BASEFAMILY=f54985a7-67b9-4eda-ba16-bd316f97e1ea.fam
OBJECTMODELPOINTER=81b82497-164d-48c0-b1cb-18fa700dacdf.dev
KVALUE=0.000000
SPLIT=4
POINT0.BLHA=28.53971514,113.51008635,497.100,255.750198
POINT0.MATRIX0=-0.969231762,-0.246149938,-0.000000000,0.000000000,0.246149938,-0.969231762,-0.000000000,0.000000000,-0.000000000,-0.000000000,1.000000000,0.000000000,0.225032486,-0.000163863,40.000003051,1.000000000
POINT0.MATRIX1=-0.969231762,-0.246149938,-0.000000000,0.000000000,0.246149938,-0.969231762,-0.000000000,0.000000000,-0.000000000,-0.000000000,1.000000000,0.000000000,0.225032486,-0.000163863,40.450015258,1.000000000
POINT0.MATRIX2=-0.969231762,-0.246149938,-0.000000000,0.000000000,0.246149938,-0.969231762,-0.000000000,0.000000000,-0.000000000,-0.000000000,1.000000000,0.000000000,-0.225410722,0.000081624,40.450015258,1.000000000
POINT0.MATRIX3=-0.969231762,-0.246149938,-0.000000000,0.000000000,0.246149938,-0.969231762,-0.000000000,0.000000000,-0.000000000,-0.000000000,1.000000000,0.000000000,-0.225410722,0.000081624,40.000003051,1.000000000
POINT1.BLHA=28.53971514,113.51008635,497.100,255.750198
POINT1.MATRIX0=-0.969231762,-0.246149938,-0.000000000,0.000000000,0.246149938,-0.969231762,-0.000000000,0.000000000,-0.000000000,-0.000000000,1.000000000,0.000000000,0.225118379,0.109839798,40.000003051,1.000000000
POINT1.MATRIX1=-0.969231762,-0.246149938,-0.000000000,0.000000000,0.246149938,-0.969231762,-0.000000000,0.000000000,-0.000000000,-0.000000000,1.000000000,0.000000000,0.225118379,0.109839798,40.450015258,1.000000000
POINT1.MATRIX2=-0.969231762,-0.246149938,-0.000000000,0.000000000,0.246149938,-0.969231762,-0.000000000,0.000000000,-0.000000000,-0.000000000,1.000000000,0.000000000,-0.225324830,0.110085286,40.450015258,1.000000000
POINT1.MATRIX3=-0.969231762,-0.246149938,-0.000000000,0.000000000,0.246149938,-0.969231762,-0.000000000,0.000000000,-0.000000000,-0.000000000,1.000000000,0.000000000,-0.225324830,0.110085286,40.000003051,1.000000000
