OBJECTMODELPOINTER=33777c94-e4b9-4947-906f-f84480f3cb99.dev
BASEFAMILY=f5593f5d-48bd-48db-b1b3-94d5b53312ee.fam
BLHA=28.31411764,113.38983103,66.771612,527.133635
TRANSFORMMATRIX=0.345307813,0.938489486,-0.000000077,0.000000000,-0.938489486,0.345307813,-0.000001832,0.000000000,-0.000001692,0.000000705,1.000000000,0.000000000,-10.758602481,4.511752069,36.628928715,1.000000000
ENTITYNAME=Wire_Device
