OBJECTMODELPOINTER=33777c94-e4b9-4947-906f-f84480f3cb99.dev
BASEFAMILY=f55aae98-f345-466f-a634-b67ac1cc224b.fam
BLHA=28.49037109,113.42431436,249.696550,224.957371
TRANSFORMMATRIX=-0.000016506,-0.999999999,0.000041519,0.000000000,1.000000000,-0.000016506,-0.000001557,0.000000000,0.000001558,0.000041519,0.999999999,0.000000000,10.603202873,264.369042084,9.070459169,1.000000000
ENTITYNAME=Wire_Device
