OBJECTMODELPOINTER=33777c94-e4b9-4947-906f-f84480f3cb99.dev
BASEFAMILY=f582d824-a86a-4388-a756-c7a90239ac59.fam
BLHA=28.63338498,113.46540590,167.944131,275.523589
TRANSFORMMATRIX=-0.018833528,-0.999822633,0.000019478,0.000000000,0.999822633,-0.018833528,0.000001257,0.000000000,-0.000000889,0.000019498,1.000000000,0.000000000,-5.738627322,123.829349969,24.606019786,1.000000000
ENTITYNAME=Wire_Device
