ENTITYNAME=WIRE
BASEFAMILY=f588ecae-2ab9-40ed-a606-7ac81ffe6141.fam
OBJECTMODELPOINTER=81b82497-164d-48c0-b1cb-18fa700dacdf.dev
KVALUE=0.000373
SPLIT=4
POINT0.BLHA=28.28492071,113.44885804,59.682,504.180323
POINT0.MATRIX0=0.585236184,-0.810862879,-0.000000000,0.000000000,0.810862879,0.585236184,-0.000000000,0.000000000,-0.000000000,-0.000000000,1.000000000,0.000000000,13.198516133,-9.135598031,45.741130534,1.000000000
POINT0.MATRIX1=0.585236184,-0.810862879,-0.000000000,0.000000000,0.810862879,0.585236184,-0.000000000,0.000000000,-0.000000000,-0.000000000,1.000000000,0.000000000,13.419413757,-9.915559089,46.096629800,1.000000000
POINT0.MATRIX2=0.585236184,-0.810862879,-0.000000000,0.000000000,0.810862879,0.585236184,-0.000000000,0.000000000,-0.000000000,-0.000000000,1.000000000,0.000000000,13.900283838,-9.777523490,46.096629801,1.000000000
POINT0.MATRIX3=0.585236184,-0.810862879,-0.000000000,0.000000000,0.810862879,0.585236184,-0.000000000,0.000000000,-0.000000000,-0.000000000,1.000000000,0.000000000,13.681862931,-8.997656673,45.741130533,1.000000000
POINT1.BLHA=28.28368001,113.45281448,67.002,340.232800
POINT1.MATRIX0=-0.338199241,0.941074531,0.000000000,0.000000000,-0.941074531,-0.338199241,0.000000000,0.000000000,0.000000000,-0.000000000,1.000000000,0.000000000,-9.334757575,-0.129827911,51.416811559,1.000000000
POINT1.MATRIX1=-0.338199241,0.941074531,0.000000000,0.000000000,-0.941074531,-0.338199241,0.000000000,0.000000000,0.000000000,-0.000000000,1.000000000,0.000000000,-9.147990444,-0.129770371,51.880663488,1.000000000
POINT1.MATRIX2=-0.338199241,0.941074531,0.000000000,0.000000000,-0.941074531,-0.338199241,0.000000000,0.000000000,0.000000000,-0.000000000,1.000000000,0.000000000,-9.612760604,-0.130115257,52.067324255,1.000000000
POINT1.MATRIX3=-0.338199241,0.941074531,0.000000000,0.000000000,-0.941074531,-0.338199241,0.000000000,0.000000000,0.000000000,-0.000000000,1.000000000,0.000000000,-9.799527735,-0.130172798,51.603472325,1.000000000
