ENTITYNAME=WIRE
BASEFAMILY=f58d92fd-48a7-450f-a0fa-83b334719d4c.fam
OBJECTMODELPOINTER=81b82497-164d-48c0-b1cb-18fa700dacdf.dev
KVALUE=0.000367
SPLIT=4
POINT0.BLHA=28.61647630,113.46664258,210.970,273.436520
POINT0.MATRIX0=-0.998201823,0.059942640,0.000000000,0.000000000,-0.059942640,-0.998201823,0.000000000,0.000000000,0.000000000,0.000000000,1.000000000,0.000000000,-12.505607085,0.111116089,42.999999912,1.000000000
POINT0.MATRIX1=-0.998201823,0.059942640,0.000000000,0.000000000,-0.059942640,-0.998201823,0.000000000,0.000000000,0.000000000,0.000000000,1.000000000,0.000000000,-12.505607085,0.111116089,43.450000675,1.000000000
POINT0.MATRIX2=-0.998201823,0.059942640,0.000000000,0.000000000,-0.059942640,-0.998201823,0.000000000,0.000000000,0.000000000,0.000000000,1.000000000,0.000000000,-12.955774193,0.108799253,43.450000675,1.000000000
POINT0.MATRIX3=-0.998201823,0.059942640,0.000000000,0.000000000,-0.059942640,-0.998201823,0.000000000,0.000000000,0.000000000,0.000000000,1.000000000,0.000000000,-12.955774193,0.108799253,42.999999912,1.000000000
POINT1.BLHA=28.61307891,113.46689101,233.449,464.034761
POINT1.MATRIX0=0.970148776,-0.242510520,-0.000000000,0.000000000,0.242510520,0.970148776,-0.000000000,0.000000000,0.000000000,0.000000000,1.000000000,0.000000000,8.939483942,9.316951825,28.411223292,1.000000000
POINT1.MATRIX1=0.970148776,-0.242510520,-0.000000000,0.000000000,0.242510520,0.970148776,-0.000000000,0.000000000,0.000000000,0.000000000,1.000000000,0.000000000,9.102180322,10.122842115,28.735155941,1.000000000
POINT1.MATRIX2=0.970148776,-0.242510520,-0.000000000,0.000000000,0.242510520,0.970148776,-0.000000000,0.000000000,0.000000000,0.000000000,1.000000000,0.000000000,9.592227556,10.023495835,28.735033870,1.000000000
POINT1.MATRIX3=0.970148776,-0.242510520,-0.000000000,0.000000000,0.242510520,0.970148776,-0.000000000,0.000000000,0.000000000,0.000000000,1.000000000,0.000000000,9.429650052,9.218079135,28.411028743,1.000000000
