OBJECTMODELPOINTER=33777c94-e4b9-4947-906f-f84480f3cb99.dev
BASEFAMILY=f59cddaf-cfd9-4459-874b-64c0d63dacaf.fam
BLHA=28.77096466,113.47401910,153.559218,236.227775
TRANSFORMMATRIX=0.001699408,-0.999998552,0.000095504,0.000000000,0.999998556,0.001699408,0.000002649,0.000000000,-0.000002811,0.000095499,0.999999995,0.000000000,-16.462896139,607.385597594,30.726350380,1.000000000
ENTITYNAME=Wire_Device
