OBJECTMODELPOINTER=33777c94-e4b9-4947-906f-f84480f3cb99.dev
BASEFAMILY=f5a346e6-ff74-4450-bec6-cc314fdac5a3.fam
BLHA=28.26907527,113.47529619,67.190721,514.001895
TRANSFORMMATRIX=-0.365276906,0.930898911,0.000007753,0.000000000,-0.930898911,-0.365276906,0.000001549,0.000000000,0.000004275,-0.000006652,1.000000000,0.000000000,27.257003371,-42.471579770,47.745703016,1.000000000
ENTITYNAME=Wire_Device
