ENTITYNAME=WIRE
BASEFAMILY=f5dc426d-39c8-4e6a-b1a3-d3268877b4a3.fam
OBJECTMODELPOINTER=81b82497-164d-48c0-b1cb-18fa700dacdf.dev
KVALUE=0.160880
SPLIT=4
POINT0.BLHA=28.32529000,113.37096013,66.626,509.137564
POINT0.MATRIX0=0.512978582,-0.858401406,0.000000000,0.000000000,0.858401406,0.512978582,0.000000000,0.000000000,0.000000000,-0.000000000,1.000000000,0.000000000,4.502258370,8.829342940,35.687439388,1.000000000
POINT0.MATRIX1=0.512978582,-0.858401406,0.000000000,0.000000000,0.858401406,0.512978582,0.000000000,0.000000000,0.000000000,-0.000000000,1.000000000,0.000000000,4.703147889,8.828234034,36.145538753,1.000000000
POINT0.MATRIX2=0.512978582,-0.858401406,0.000000000,0.000000000,0.858401406,0.512978582,0.000000000,0.000000000,0.000000000,-0.000000000,1.000000000,0.000000000,4.523930729,9.705868353,36.262722916,1.000000000
POINT0.MATRIX3=0.512978582,-0.858401406,0.000000000,0.000000000,0.858401406,0.512978582,0.000000000,0.000000000,0.000000000,-0.000000000,1.000000000,0.000000000,4.323291715,9.706558133,35.804623557,1.000000000
POINT1.BLHA=28.32529000,113.37096013,66.626,509.137564
POINT1.MATRIX0=0.512978582,-0.858401406,0.000000000,0.000000000,0.858401406,0.512978582,0.000000000,0.000000000,0.000000000,-0.000000000,1.000000000,0.000000000,7.274271494,4.000920924,38.790004051,1.000000000
POINT1.MATRIX1=0.512978582,-0.858401406,0.000000000,0.000000000,0.858401406,0.512978582,0.000000000,0.000000000,0.000000000,-0.000000000,1.000000000,0.000000000,7.274271494,4.000920924,39.240004099,1.000000000
POINT1.MATRIX2=0.512978582,-0.858401406,0.000000000,0.000000000,0.858401406,0.512978582,0.000000000,0.000000000,0.000000000,-0.000000000,1.000000000,0.000000000,7.724271526,4.000920846,39.240004098,1.000000000
POINT1.MATRIX3=0.512978582,-0.858401406,0.000000000,0.000000000,0.858401406,0.512978582,0.000000000,0.000000000,0.000000000,-0.000000000,1.000000000,0.000000000,7.724271526,4.000920846,38.790004051,1.000000000
