OBJECTMODELPOINTER=33777c94-e4b9-4947-906f-f84480f3cb99.dev
BASEFAMILY=f5ef6712-5948-4ae9-aa33-9ad3a5385710.fam
BLHA=28.28240757,113.45687165,86.867380,340.232800
TRANSFORMMATRIX=0.001615057,-0.999998695,0.000030304,0.000000000,0.999998696,0.001615058,0.000001145,0.000000000,-0.000001194,0.000030302,1.000000000,0.000000000,-7.903724121,193.316111225,65.727196689,1.000000000
ENTITYNAME=Wire_Device
