OBJECTMODELPOINTER=33777c94-e4b9-4947-906f-f84480f3cb99.dev
BASEFAMILY=f5fecca7-e490-421b-94c3-353e3ad697c0.fam
BLHA=28.35190910,113.36144828,128.122186,278.143009
TRANSFORMMATRIX=0.000002190,-1.000000000,0.000016346,0.000000000,1.000000000,0.000002190,0.000001934,0.000000000,-0.000001934,0.000016346,1.000000000,0.000000000,-12.419357769,103.813980375,26.613320997,1.000000000
ENTITYNAME=Wire_Device
