OBJECTMODELPOINTER=33777c94-e4b9-4947-906f-f84480f3cb99.dev
BASEFAMILY=f607b023-d7f4-475c-bedf-8ffb5a2f61bc.fam
BLHA=28.31925198,113.37995663,64.126344,500.343289
TRANSFORMMATRIX=-0.158616327,0.987340296,0.000006305,0.000000000,-0.987340296,-0.158616327,-0.000001712,0.000000000,-0.000000691,-0.000006497,1.000000000,0.000000000,-4.285951821,-41.369923165,44.427161143,1.000000000
ENTITYNAME=Wire_Device
