OBJECTMODELPOINTER=33777c94-e4b9-4947-906f-f84480f3cb99.dev
BASEFAMILY=f6196a53-458c-43d7-b2eb-1e17cbf504dc.fam
BLHA=28.76146332,113.46687719,133.774448,236.227775
TRANSFORMMATRIX=0.001923450,-0.999998149,0.000040568,0.000000000,0.999998150,0.001923450,0.000002141,0.000000000,-0.000002219,0.000040564,0.999999999,0.000000000,-13.524083816,257.973844200,25.697689893,1.000000000
ENTITYNAME=Wire_Device
