OBJECTMODELPOINTER=33777c94-e4b9-4947-906f-f84480f3cb99.dev
BASEFAMILY=f62650db-4ad5-4ad6-af97-e0ac779db647.fam
BLHA=28.65418328,113.46214797,157.582490,277.610658
TRANSFORMMATRIX=0.000001599,-1.000000000,0.000005002,0.000000000,1.000000000,0.000001599,0.000001879,0.000000000,-0.000001879,0.000005002,1.000000000,0.000000000,-12.013120979,31.773349636,37.323675459,1.000000000
ENTITYNAME=Wire_Device
