ENTITYNAME=WIRE
BASEFAMILY=f645d38c-30b5-4446-8046-45825413b2f9.fam
OBJECTMODELPOINTER=31970f28-780e-4bf1-8adb-439f78c329a3.dev
KVALUE=0.000287
SPLIT=1
POINT0.BLHA=28.49878841,113.43376617,260.860,392.604520
POINT0.MATRIX0=0.538837238,0.842409895,0.000000000,0.000000000,-0.842409895,0.538837238,-0.000000000,0.000000000,0.000000000,-0.000000000,1.000000000,0.000000000,-5.909299007,1.352490418,43.942708393,1.000000000
POINT1.BLHA=28.49878841,113.43376617,260.860,392.604520
POINT1.MATRIX0=0.538837238,0.842409895,0.000000000,0.000000000,-0.842409895,0.538837238,-0.000000000,0.000000000,0.000000000,-0.000000000,1.000000000,0.000000000,-5.907650394,-1.353824835,44.041921992,1.000000000
