OBJECTMODELPOINTER=33777c94-e4b9-4947-906f-f84480f3cb99.dev
BASEFAMILY=f65d2c48-e04e-464f-ad9a-016536f73919.fam
BLHA=28.32292443,113.37625760,67.775568,311.415680
TRANSFORMMATRIX=-0.001721101,-0.999998516,0.000079289,0.000000000,0.999998519,-0.001721101,-0.000000829,0.000000000,0.000000966,0.000079287,0.999999997,0.000000000,4.846660221,504.602110150,48.501198247,1.000000000
ENTITYNAME=Wire_Device
