OBJECTMODELPOINTER=33777c94-e4b9-4947-906f-f84480f3cb99.dev
BASEFAMILY=f6620a4d-939c-466a-9055-0b0f38e0cdf8.fam
BLHA=28.31523299,113.41422428,48.000024,0.896163
TRANSFORMMATRIX=0.000023296,-0.999999999,0.000046742,0.000000000,1.000000000,0.000023296,-0.000001220,0.000000000,0.000001219,0.000046743,0.999999999,0.000000000,7.763511968,298.359648370,38.523687476,1.000000000
ENTITYNAME=Wire_Device
