OBJECTMODELPOINTER=33777c94-e4b9-4947-906f-f84480f3cb99.dev
BASEFAMILY=f67cd7fc-a44d-4529-8d2a-c70541717569.fam
BLHA=28.57953661,113.48279374,260.580940,480.423303
TRANSFORMMATRIX=-0.231482597,0.972839043,0.000062676,0.000000000,-0.972839045,-0.231482597,0.000001218,0.000000000,0.000015693,-0.000060692,0.999999998,0.000000000,100.918749054,-386.152104883,40.801126099,1.000000000
ENTITYNAME=Wire_Device
