OBJECTMODELPOINTER=33777c94-e4b9-4947-906f-f84480f3cb99.dev
BASEFAMILY=f67e06c4-3400-4f01-827d-f4e19982bff9.fam
BLHA=28.49878841,113.43376617,260.859889,392.604520
TRANSFORMMATRIX=-0.209925469,0.977717391,0.000015625,0.000000000,-0.977717391,-0.209925469,0.000000284,0.000000000,0.000003558,-0.000015217,1.000000000,0.000000000,22.396554756,-96.934984727,45.792409123,1.000000000
ENTITYNAME=Wire_Device
