OBJECTMODELPOINTER=33777c94-e4b9-4947-906f-f84480f3cb99.dev
BASEFAMILY=f6a60fe3-2bc6-4702-a47d-fe06e8df65f9.fam
BLHA=28.39913011,113.36988101,173.073049,251.836928
TRANSFORMMATRIX=-0.055674591,-0.998448967,0.000006647,0.000000000,0.998448967,-0.055674591,-0.000001119,0.000000000,0.000001488,0.000006575,1.000000000,0.000000000,9.554955993,41.781919921,22.907070295,1.000000000
ENTITYNAME=Wire_Device
