OBJECTMODELPOINTER=33777c94-e4b9-4947-906f-f84480f3cb99.dev
BASEFAMILY=f6b4da77-621e-4043-a681-d196f4a5a9b5.fam
BLHA=28.31135450,113.43043530,49.303319,335.449580
TRANSFORMMATRIX=0.003299137,-0.999994557,0.000046151,0.000000000,0.999994558,0.003299137,0.000001303,0.000000000,-0.000001454,0.000046147,0.999999999,0.000000000,-9.824586836,294.309413941,21.825920263,1.000000000
ENTITYNAME=Wire_Device
