OBJECTMODELPOINTER=33777c94-e4b9-4947-906f-f84480f3cb99.dev
BASEFAMILY=f6bd0ea7-d83f-4904-8877-22504b3bd736.fam
BLHA=28.26907527,113.47529619,67.190721,514.001895
TRANSFORMMATRIX=-0.270870620,0.962615763,0.000001180,0.000000000,-0.962615763,-0.270870620,0.000001678,0.000000000,0.000001935,-0.000000682,1.000000000,0.000000000,12.305519792,-4.373827329,42.843390876,1.000000000
ENTITYNAME=Wire_Device
