OBJECTMODELPOINTER=33777c94-e4b9-4947-906f-f84480f3cb99.dev
BASEFAMILY=f6c6e6d4-d535-4d8b-b354-4cd1b34d7c2c.fam
BLHA=28.38483527,113.36398740,139.075387,249.667673
TRANSFORMMATRIX=0.008023810,-0.999967808,0.000026236,0.000000000,0.999967809,0.008023810,-0.000001680,0.000000000,0.000001470,0.000026248,1.000000000,0.000000000,9.657668332,166.796690836,8.298052708,1.000000000
ENTITYNAME=Wire_Device
