ENTITYNAME=WIRE
BASEFAMILY=f6e3d83d-fc82-48b3-8b40-b8ed40baa1d2.fam
OBJECTMODELPOINTER=81b82497-164d-48c0-b1cb-18fa700dacdf.dev
KVALUE=0.000368
SPLIT=4
POINT0.BLHA=28.50885387,113.46090739,244.702,210.734491
POINT0.MATRIX0=-0.511060437,-0.859544780,0.000000000,0.000000000,0.859544780,-0.511060437,0.000000000,0.000000000,0.000000000,-0.000000000,1.000000000,0.000000000,12.094951268,0.720070360,43.741100364,1.000000000
POINT0.MATRIX1=-0.511060437,-0.859544780,0.000000000,0.000000000,0.859544780,-0.511060437,0.000000000,0.000000000,0.000000000,-0.000000000,1.000000000,0.000000000,12.094951268,0.720070361,44.191101127,1.000000000
POINT0.MATRIX2=-0.511060437,-0.859544780,0.000000000,0.000000000,0.859544780,-0.511060437,0.000000000,0.000000000,0.000000000,-0.000000000,1.000000000,0.000000000,11.645015267,0.720028503,44.191101127,1.000000000
POINT0.MATRIX3=-0.511060437,-0.859544780,0.000000000,0.000000000,0.859544780,-0.511060437,0.000000000,0.000000000,0.000000000,-0.000000000,1.000000000,0.000000000,11.645015267,0.720028503,43.741100364,1.000000000
POINT1.BLHA=28.50709200,113.45758686,253.897,210.734491
POINT1.MATRIX0=-0.511060437,-0.859544780,0.000000000,0.000000000,0.859544780,-0.511060437,-0.000000000,0.000000000,-0.000000000,-0.000000000,1.000000000,0.000000000,12.095035797,-0.720069614,43.741101493,1.000000000
POINT1.MATRIX1=-0.511060437,-0.859544780,0.000000000,0.000000000,0.859544780,-0.511060437,-0.000000000,0.000000000,-0.000000000,-0.000000000,1.000000000,0.000000000,12.095035797,-0.720069614,44.191100348,1.000000000
POINT1.MATRIX2=-0.511060437,-0.859544780,0.000000000,0.000000000,0.859544780,-0.511060437,-0.000000000,0.000000000,-0.000000000,-0.000000000,1.000000000,0.000000000,11.645099795,-0.720111472,44.191100349,1.000000000
POINT1.MATRIX3=-0.511060437,-0.859544780,0.000000000,0.000000000,0.859544780,-0.511060437,-0.000000000,0.000000000,-0.000000000,-0.000000000,1.000000000,0.000000000,11.645099795,-0.720111472,43.741101493,1.000000000
