ENTITYNAME=WIRE
BASEFAMILY=f6ecfebe-8511-45c4-a1e5-05323184a085.fam
OBJECTMODELPOINTER=81b82497-164d-48c0-b1cb-18fa700dacdf.dev
KVALUE=0.106495
SPLIT=4
POINT0.BLHA=28.67276970,113.45923535,192.994,456.641966
POINT0.MATRIX0=0.993288314,-0.115664713,-0.000000000,0.000000000,0.115664713,0.993288314,-0.000000000,0.000000000,0.000000000,-0.000000000,1.000000000,0.000000000,7.275029492,-3.999492402,38.789995714,1.000000000
POINT0.MATRIX1=0.993288314,-0.115664713,-0.000000000,0.000000000,0.115664713,0.993288314,-0.000000000,0.000000000,0.000000000,-0.000000000,1.000000000,0.000000000,7.275029491,-3.999492403,39.239995762,1.000000000
POINT0.MATRIX2=0.993288314,-0.115664713,-0.000000000,0.000000000,0.115664713,0.993288314,-0.000000000,0.000000000,0.000000000,-0.000000000,1.000000000,0.000000000,7.725029488,-3.999492603,39.239995761,1.000000000
POINT0.MATRIX3=0.993288314,-0.115664713,-0.000000000,0.000000000,0.115664713,0.993288314,-0.000000000,0.000000000,0.000000000,-0.000000000,1.000000000,0.000000000,7.725029489,-3.999492602,38.789995713,1.000000000
POINT1.BLHA=28.67276970,113.45923535,192.994,456.641966
POINT1.MATRIX0=0.993288314,-0.115664713,-0.000000000,0.000000000,0.115664713,0.993288314,-0.000000000,0.000000000,0.000000000,-0.000000000,1.000000000,0.000000000,1.621126819,-9.957816435,34.799408211,1.000000000
POINT1.MATRIX1=0.993288314,-0.115664713,-0.000000000,0.000000000,0.115664713,0.993288314,-0.000000000,0.000000000,0.000000000,-0.000000000,1.000000000,0.000000000,1.421232160,-9.354659662,35.443337633,1.000000000
POINT1.MATRIX2=0.993288314,-0.115664713,-0.000000000,0.000000000,0.115664713,0.993288314,-0.000000000,0.000000000,0.000000000,-0.000000000,1.000000000,0.000000000,1.898365083,-9.382691495,35.590028002,1.000000000
POINT1.MATRIX3=0.993288314,-0.115664713,-0.000000000,0.000000000,0.115664713,0.993288314,-0.000000000,0.000000000,0.000000000,-0.000000000,1.000000000,0.000000000,2.098372696,-9.984878260,34.946090951,1.000000000
