OBJECTMODELPOINTER=33777c94-e4b9-4947-906f-f84480f3cb99.dev
BASEFAMILY=f6ed743f-cf45-4ba8-9535-0609186d9e48.fam
BLHA=28.27757020,113.46637333,93.774105,312.669055
TRANSFORMMATRIX=0.001256674,-0.999999208,0.000076370,0.000000000,0.999999210,0.001256674,-0.000001098,0.000000000,0.000001002,0.000076371,0.999999997,0.000000000,5.117797591,486.096502314,31.862315141,1.000000000
ENTITYNAME=Wire_Device
