OBJECTMODELPOINTER=33777c94-e4b9-4947-906f-f84480f3cb99.dev
BASEFAMILY=f6f88860-8fb6-42ca-bf3f-27821bd6553c.fam
BLHA=28.27757020,113.46637333,93.774105,312.669055
TRANSFORMMATRIX=0.001248392,-0.999999219,0.000053137,0.000000000,0.999999221,0.001248392,-0.000001453,0.000000000,0.000001386,0.000053139,0.999999999,0.000000000,7.951961090,338.213000557,31.235808004,1.000000000
ENTITYNAME=Wire_Device
