OBJECTMODELPOINTER=33777c94-e4b9-4947-906f-f84480f3cb99.dev
BASEFAMILY=f6ff124f-a89a-4233-9dcd-ec0773a8a193.fam
BLHA=28.26907527,113.47529619,67.190721,514.001895
TRANSFORMMATRIX=-0.370277429,0.928921216,0.000005768,0.000000000,-0.928921216,-0.370277429,-0.000001411,0.000000000,0.000000825,-0.000005880,1.000000000,0.000000000,5.324095191,-37.507075547,59.750176579,1.000000000
ENTITYNAME=Wire_Device
