OBJECTMODELPOINTER=33777c94-e4b9-4947-906f-f84480f3cb99.dev
BASEFAMILY=f7049315-d3ea-4975-b4f0-210843f129a7.fam
BLHA=28.73032666,113.45294372,113.432437,258.301958
TRANSFORMMATRIX=0.002121609,-0.999997749,0.000004575,0.000000000,0.999997749,0.002121609,0.000000030,0.000000000,-0.000000039,0.000004574,1.000000000,0.000000000,-0.220406819,29.059363867,54.184783482,1.000000000
ENTITYNAME=Wire_Device
