OBJECTMODELPOINTER=33777c94-e4b9-4947-906f-f84480f3cb99.dev
BASEFAMILY=f710d0dc-b788-43c5-b822-cf244c598dcf.fam
BLHA=28.47508033,113.40890253,351.780005,229.813402
TRANSFORMMATRIX=-0.000002101,-1.000000000,0.000005074,0.000000000,1.000000000,-0.000002101,0.000000042,0.000000000,-0.000000042,0.000005074,1.000000000,0.000000000,-0.184687128,32.290007014,49.343679597,1.000000000
ENTITYNAME=Wire_Device
