OBJECTMODELPOINTER=33777c94-e4b9-4947-906f-f84480f3cb99.dev
BASEFAMILY=f7167279-52f6-4567-b967-875e70881d4f.fam
BLHA=28.31523299,113.41422428,48.000024,0.896163
TRANSFORMMATRIX=0.000018260,-0.999999999,0.000037398,0.000000000,1.000000000,0.000018260,-0.000000951,0.000000000,0.000000950,0.000037398,0.999999999,0.000000000,6.052401827,238.712405880,23.057610244,1.000000000
ENTITYNAME=Wire_Device
