OBJECTMODELPOINTER=33777c94-e4b9-4947-906f-f84480f3cb99.dev
BASEFAMILY=f718e12b-2be8-40b5-ac7e-5e412303c9cb.fam
BLHA=28.31534552,113.42043692,48.733934,348.172871
TRANSFORMMATRIX=-0.225320612,-0.974284672,0.000006687,0.000000000,0.974284672,-0.225320612,0.000001593,0.000000000,-0.000000045,0.000006873,1.000000000,0.000000000,-0.331477494,43.863879379,31.736665707,1.000000000
ENTITYNAME=Wire_Device
