OBJECTMODELPOINTER=33777c94-e4b9-4947-906f-f84480f3cb99.dev
BASEFAMILY=f7345789-8ea2-4068-9280-88dd6270dcb1.fam
BLHA=28.31502906,113.40300484,68.016258,0.896163
TRANSFORMMATRIX=0.001773097,-0.999998427,0.000045568,0.000000000,0.999998428,0.001773097,0.000001407,0.000000000,-0.000001488,0.000045565,0.999999999,0.000000000,-9.420600473,290.842542523,42.899500400,1.000000000
ENTITYNAME=Wire_Device
