ENTITYNAME=WIRE
BASEFAMILY=f734c781-bdc1-4c9a-8f58-e9f2f67e50b1.fam
OBJECTMODELPOINTER=81b82497-164d-48c0-b1cb-18fa700dacdf.dev
KVALUE=0.000000
SPLIT=4
POINT0.BLHA=28.31498130,113.40038482,72.540,2.946268
POINT0.MATRIX0=0.051399410,0.998678177,0.000000000,0.000000000,-0.998678177,0.051399410,-0.000000000,0.000000000,-0.000000000,0.000000000,1.000000000,0.000000000,9.725502477,-0.001168831,54.790009949,1.000000000
POINT0.MATRIX1=0.051399410,0.998678177,0.000000000,0.000000000,-0.998678177,0.051399410,-0.000000000,0.000000000,-0.000000000,0.000000000,1.000000000,0.000000000,9.725502477,-0.001168831,55.240009952,1.000000000
POINT0.MATRIX2=0.051399410,0.998678177,0.000000000,0.000000000,-0.998678177,0.051399410,-0.000000000,0.000000000,-0.000000000,0.000000000,1.000000000,0.000000000,9.275502512,-0.001169039,55.240009953,1.000000000
POINT0.MATRIX3=0.051399410,0.998678177,0.000000000,0.000000000,-0.998678177,0.051399410,-0.000000000,0.000000000,-0.000000000,0.000000000,1.000000000,0.000000000,9.275502512,-0.001169039,54.790009949,1.000000000
POINT1.BLHA=28.31498130,113.40038482,72.540,2.946268
POINT1.MATRIX0=0.051399410,0.998678177,0.000000000,0.000000000,-0.998678177,0.051399410,-0.000000000,0.000000000,-0.000000000,0.000000000,1.000000000,0.000000000,9.725502499,0.000830805,54.790009949,1.000000000
POINT1.MATRIX1=0.051399410,0.998678177,0.000000000,0.000000000,-0.998678177,0.051399410,-0.000000000,0.000000000,-0.000000000,0.000000000,1.000000000,0.000000000,9.725502499,0.000830805,55.240009953,1.000000000
POINT1.MATRIX2=0.051399410,0.998678177,0.000000000,0.000000000,-0.998678177,0.051399410,-0.000000000,0.000000000,-0.000000000,0.000000000,1.000000000,0.000000000,9.275502499,0.000831076,55.240009953,1.000000000
POINT1.MATRIX3=0.051399410,0.998678177,0.000000000,0.000000000,-0.998678177,0.051399410,-0.000000000,0.000000000,-0.000000000,0.000000000,1.000000000,0.000000000,9.275502499,0.000831076,54.790009949,1.000000000
