OBJECTMODELPOINTER=33777c94-e4b9-4947-906f-f84480f3cb99.dev
BASEFAMILY=f7691648-d39a-44fd-9505-c3fec35b1d4d.fam
BLHA=28.64054809,113.46428400,121.846877,277.610658
TRANSFORMMATRIX=-0.002766539,-0.999996173,0.000018148,0.000000000,0.999996173,-0.002766539,0.000002156,0.000000000,-0.000002106,0.000018154,1.000000000,0.000000000,-13.517562837,115.303289552,39.681713809,1.000000000
ENTITYNAME=Wire_Device
