OBJECTMODELPOINTER=33777c94-e4b9-4947-906f-f84480f3cb99.dev
BASEFAMILY=f7936567-fe53-4c0a-9101-9c963235cc61.fam
BLHA=28.47144509,113.40546217,294.357908,229.813402
TRANSFORMMATRIX=-0.012558342,-0.999921140,0.000050195,0.000000000,0.999921141,-0.012558342,0.000002378,0.000000000,-0.000001748,0.000050221,0.999999999,0.000000000,-10.312713358,319.576818826,-11.904450991,1.000000000
ENTITYNAME=Wire_Device
