OBJECTMODELPOINTER=33777c94-e4b9-4947-906f-f84480f3cb99.dev
BASEFAMILY=f79a9ac8-5f94-4c03-9b80-7a8c019af666.fam
BLHA=28.67276970,113.45923535,192.994115,456.641966
TRANSFORMMATRIX=-0.004942693,0.999987784,0.000028542,0.000000000,-0.999987785,-0.004942693,-0.000001065,0.000000000,-0.000000923,-0.000028547,1.000000000,0.000000000,-5.787937435,-181.294216909,2.418012852,1.000000000
ENTITYNAME=Wire_Device
