OBJECTMODELPOINTER=33777c94-e4b9-4947-906f-f84480f3cb99.dev
BASEFAMILY=f7add57a-6fd5-42d1-bde6-8fef1911e010.fam
BLHA=28.52615363,113.49352553,361.372655,210.734491
TRANSFORMMATRIX=-0.001674368,-0.999998598,0.000005546,0.000000000,0.999998598,-0.001674368,0.000002131,0.000000000,-0.000002121,0.000005549,1.000000000,0.000000000,-13.410752314,35.342807600,54.216461280,1.000000000
ENTITYNAME=Wire_Device
