ENTITYNAME=WIRE
BASEFAMILY=f7ada049-73c4-45a3-a17d-fa2371fed30e.fam
OBJECTMODELPOINTER=81b82497-164d-48c0-b1cb-18fa700dacdf.dev
KVALUE=0.000000
SPLIT=4
POINT0.BLHA=28.26885822,113.47846971,85.177,355.334735
POINT0.MATRIX0=-0.081334298,0.996686878,-0.000000000,0.000000000,-0.996686878,-0.081334298,0.000000000,0.000000000,0.000000000,0.000000000,1.000000000,0.000000000,-10.003914987,-0.130190997,64.066966495,1.000000000
POINT0.MATRIX1=-0.081334298,0.996686878,-0.000000000,0.000000000,-0.996686878,-0.081334298,0.000000000,0.000000000,0.000000000,0.000000000,1.000000000,0.000000000,-9.819718228,-0.130101766,64.532069646,1.000000000
POINT0.MATRIX2=-0.081334298,0.996686878,-0.000000000,0.000000000,-0.996686878,-0.081334298,0.000000000,0.000000000,0.000000000,0.000000000,1.000000000,0.000000000,-10.284153075,-0.130034228,64.715602360,1.000000000
POINT0.MATRIX3=-0.081334298,0.996686878,-0.000000000,0.000000000,-0.996686878,-0.081334298,0.000000000,0.000000000,0.000000000,0.000000000,1.000000000,0.000000000,-10.468349834,-0.130123459,64.250499210,1.000000000
POINT1.BLHA=28.26885822,113.47846971,85.177,355.334735
POINT1.MATRIX0=-0.081334298,0.996686878,-0.000000000,0.000000000,-0.996686878,-0.081334298,0.000000000,0.000000000,0.000000000,0.000000000,1.000000000,0.000000000,-10.003915737,-0.000182689,64.066966495,1.000000000
POINT1.MATRIX1=-0.081334298,0.996686878,-0.000000000,0.000000000,-0.996686878,-0.081334298,0.000000000,0.000000000,0.000000000,0.000000000,1.000000000,0.000000000,-9.819718978,-0.000093457,64.532069645,1.000000000
POINT1.MATRIX2=-0.081334298,0.996686878,-0.000000000,0.000000000,-0.996686878,-0.081334298,0.000000000,0.000000000,0.000000000,0.000000000,1.000000000,0.000000000,-10.284153825,-0.000025919,64.715602360,1.000000000
POINT1.MATRIX3=-0.081334298,0.996686878,-0.000000000,0.000000000,-0.996686878,-0.081334298,0.000000000,0.000000000,0.000000000,0.000000000,1.000000000,0.000000000,-10.468350585,-0.000115150,64.250499210,1.000000000
