OBJECTMODELPOINTER=33777c94-e4b9-4947-906f-f84480f3cb99.dev
BASEFAMILY=f7b152a4-6913-488e-ac35-affee7a79673.fam
BLHA=28.80841146,113.51251091,171.150662,227.348291
TRANSFORMMATRIX=-0.000011097,-1.000000000,0.000024414,0.000000000,1.000000000,-0.000011097,0.000000167,0.000000000,-0.000000167,0.000024414,1.000000000,0.000000000,-0.662320090,155.404468802,48.994479533,1.000000000
ENTITYNAME=Wire_Device
