OBJECTMODELPOINTER=33777c94-e4b9-4947-906f-f84480f3cb99.dev
BASEFAMILY=f7ba993c-6fc0-4150-afbc-4dd36a30d34a.fam
BLHA=28.49379582,113.42815973,297.068153,224.957371
TRANSFORMMATRIX=0.002698042,-0.999996359,0.000057062,0.000000000,0.999996360,0.002698042,-0.000001671,0.000000000,0.000001517,0.000057066,0.999999998,0.000000000,10.604060552,363.353001330,-6.587244225,1.000000000
ENTITYNAME=Wire_Device
