OBJECTMODELPOINTER=33777c94-e4b9-4947-906f-f84480f3cb99.dev
BASEFAMILY=f7beaa88-e1fc-4742-a790-ab3eadeb672e.fam
BLHA=28.67276970,113.45923535,192.994115,456.641966
TRANSFORMMATRIX=-0.028941945,0.999581094,0.000006063,0.000000000,-0.999581094,-0.028941945,0.000001193,0.000000000,0.000001368,-0.000006026,1.000000000,0.000000000,8.755079922,-38.276454811,22.278681521,1.000000000
ENTITYNAME=Wire_Device
