OBJECTMODELPOINTER=33777c94-e4b9-4947-906f-f84480f3cb99.dev
BASEFAMILY=f7e4837a-0dc4-4d92-8fad-291bd9fb418c.fam
BLHA=28.77883021,113.47993260,194.739259,236.227775
TRANSFORMMATRIX=-0.004173790,-0.999991290,0.000017542,0.000000000,0.999991290,-0.004173790,-0.000001744,0.000000000,0.000001817,0.000017535,1.000000000,0.000000000,11.846225167,111.559826403,31.701265403,1.000000000
ENTITYNAME=Wire_Device
