OBJECTMODELPOINTER=33777c94-e4b9-4947-906f-f84480f3cb99.dev
BASEFAMILY=f7e58c63-2bbb-499a-91eb-82645e00fbf7.fam
BLHA=28.68327588,113.45799727,190.105481,276.549179
TRANSFORMMATRIX=0.002346978,-0.999997245,0.000040425,0.000000000,0.999997246,0.002346978,0.000001333,0.000000000,-0.000001428,0.000040422,0.999999999,0.000000000,-9.265156787,256.716772792,16.133780731,1.000000000
ENTITYNAME=Wire_Device
