ENTITYNAME=WIRE
BASEFAMILY=f83ad677-6a63-4887-a810-4a68cbcf1dea.fam
OBJECTMODELPOINTER=81b82497-164d-48c0-b1cb-18fa700dacdf.dev
KVALUE=0.000370
SPLIT=4
POINT0.BLHA=28.39913011,113.36988101,173.073,251.836928
POINT0.MATRIX0=-0.950173157,-0.311722587,0.000000000,0.000000000,0.311722587,-0.950173157,0.000000000,0.000000000,0.000000000,-0.000000000,1.000000000,0.000000000,8.219551445,9.370459665,28.169177530,1.000000000
POINT0.MATRIX1=-0.950173157,-0.311722587,0.000000000,0.000000000,0.311722587,-0.950173157,0.000000000,0.000000000,0.000000000,-0.000000000,1.000000000,0.000000000,8.265480096,10.198496038,28.469592568,1.000000000
POINT0.MATRIX2=-0.950173157,-0.311722587,0.000000000,0.000000000,0.311722587,-0.950173157,0.000000000,0.000000000,0.000000000,-0.000000000,1.000000000,0.000000000,7.766408188,10.226959483,28.469829079,1.000000000
POINT0.MATRIX3=-0.950173157,-0.311722587,0.000000000,0.000000000,0.311722587,-0.950173157,0.000000000,0.000000000,0.000000000,-0.000000000,1.000000000,0.000000000,7.720320002,9.397842998,28.169360635,1.000000000
POINT1.BLHA=28.39632770,113.36872548,122.542,249.667673
POINT1.MATRIX0=-0.937693038,-0.347464771,0.000000000,0.000000000,0.347464771,-0.937693038,0.000000000,0.000000000,-0.000000000,0.000000000,1.000000000,0.000000000,13.547066406,-0.715991428,58.741106120,1.000000000
POINT1.MATRIX1=-0.937693038,-0.347464771,0.000000000,0.000000000,0.347464771,-0.937693038,0.000000000,0.000000000,-0.000000000,0.000000000,1.000000000,0.000000000,13.547066406,-0.715991428,59.191103068,1.000000000
POINT1.MATRIX2=-0.937693038,-0.347464771,0.000000000,0.000000000,0.347464771,-0.937693038,0.000000000,0.000000000,-0.000000000,0.000000000,1.000000000,0.000000000,13.097153207,-0.724407281,59.191103068,1.000000000
POINT1.MATRIX3=-0.937693038,-0.347464771,0.000000000,0.000000000,0.347464771,-0.937693038,0.000000000,0.000000000,-0.000000000,0.000000000,1.000000000,0.000000000,13.097153207,-0.724407281,58.741106120,1.000000000
