OBJECTMODELPOINTER=33777c94-e4b9-4947-906f-f84480f3cb99.dev
BASEFAMILY=f84a82cb-b7fd-45ec-a81e-114697be9384.fam
BLHA=28.31411764,113.38983103,66.771612,527.133635
TRANSFORMMATRIX=-0.306548127,0.951855160,0.000017889,0.000000000,-0.951855160,-0.306548128,0.000001390,0.000000000,0.000006808,-0.000016602,1.000000000,0.000000000,43.355848700,-105.991680395,47.628973391,1.000000000
ENTITYNAME=Wire_Device
