OBJECTMODELPOINTER=33777c94-e4b9-4947-906f-f84480f3cb99.dev
BASEFAMILY=f860445b-323f-4e12-aca1-fb5ce15bacb0.fam
BLHA=28.52807252,113.49714509,416.575795,210.734491
TRANSFORMMATRIX=-0.003524549,-0.999993788,0.000027239,0.000000000,0.999993789,-0.003524549,-0.000001690,0.000000000,0.000001785,0.000027233,1.000000000,0.000000000,11.751813076,173.627144109,7.432435599,1.000000000
ENTITYNAME=Wire_Device
