OBJECTMODELPOINTER=33777c94-e4b9-4947-906f-f84480f3cb99.dev
BASEFAMILY=f869b749-d561-4196-a962-54f3f4c36ea5.fam
BLHA=28.57262295,113.49015944,261.228990,312.996987
TRANSFORMMATRIX=0.000024428,-0.999999998,0.000063711,0.000000000,1.000000000,0.000024428,0.000002196,0.000000000,-0.000002198,0.000063712,0.999999998,0.000000000,-15.046402995,405.599535651,23.263764062,1.000000000
ENTITYNAME=Wire_Device
