ENTITYNAME=WIRE
BASEFAMILY=f86a3949-48a9-4175-a2b9-926ad08953cc.fam
OBJECTMODELPOINTER=81b82497-164d-48c0-b1cb-18fa700dacdf.dev
KVALUE=0.000367
SPLIT=4
POINT0.BLHA=28.63338498,113.46540590,167.944,275.523589
POINT0.MATRIX0=-0.995356654,0.096255554,-0.000000000,0.000000000,-0.096255554,-0.995356654,0.000000000,0.000000000,-0.000000000,0.000000000,1.000000000,0.000000000,8.214743124,9.512269943,29.034982508,1.000000000
POINT0.MATRIX1=-0.995356654,0.096255554,-0.000000000,0.000000000,-0.096255554,-0.995356654,0.000000000,0.000000000,-0.000000000,0.000000000,1.000000000,0.000000000,8.258209818,10.306696705,29.418161218,1.000000000
POINT0.MATRIX2=-0.995356654,0.096255554,-0.000000000,0.000000000,-0.096255554,-0.995356654,0.000000000,0.000000000,-0.000000000,0.000000000,1.000000000,0.000000000,7.759043514,10.334364895,29.418138331,1.000000000
POINT0.MATRIX3=-0.995356654,0.096255554,-0.000000000,0.000000000,-0.096255554,-0.995356654,0.000000000,0.000000000,-0.000000000,0.000000000,1.000000000,0.000000000,7.715482821,9.538966103,29.034982508,1.000000000
POINT1.BLHA=28.63009153,113.46564681,168.256,273.436520
POINT1.MATRIX0=-0.998201823,0.059942640,0.000000000,0.000000000,-0.059942640,-0.998201823,-0.000000000,0.000000000,0.000000000,-0.000000000,1.000000000,0.000000000,14.175747311,-0.109086845,46.000001332,1.000000000
POINT1.MATRIX1=-0.998201823,0.059942640,0.000000000,0.000000000,-0.059942640,-0.998201823,-0.000000000,0.000000000,0.000000000,-0.000000000,1.000000000,0.000000000,14.175747311,-0.109086845,46.449998280,1.000000000
POINT1.MATRIX2=-0.998201823,0.059942640,0.000000000,0.000000000,-0.059942640,-0.998201823,-0.000000000,0.000000000,0.000000000,-0.000000000,1.000000000,0.000000000,13.725580204,-0.111403681,46.449998280,1.000000000
POINT1.MATRIX3=-0.998201823,0.059942640,0.000000000,0.000000000,-0.059942640,-0.998201823,-0.000000000,0.000000000,0.000000000,-0.000000000,1.000000000,0.000000000,13.725580204,-0.111403681,46.000001331,1.000000000
