OBJECTMODELPOINTER=33777c94-e4b9-4947-906f-f84480f3cb99.dev
BASEFAMILY=f86bb957-a2f0-4bf5-992d-70dbda132009.fam
BLHA=28.48504373,113.41833342,235.006355,407.385386
TRANSFORMMATRIX=-0.037816690,0.999284693,0.000017300,0.000000000,-0.999284693,-0.037816690,0.000000337,0.000000000,0.000000991,-0.000017275,1.000000000,0.000000000,6.026401225,-109.942252944,35.946504347,1.000000000
ENTITYNAME=Wire_Device
