ENTITYNAME=WIRE
BASEFAMILY=f87364b1-7aaa-41db-bab0-e8782e81a85c.fam
OBJECTMODELPOINTER=81b82497-164d-48c0-b1cb-18fa700dacdf.dev
KVALUE=0.000000
SPLIT=4
POINT0.BLHA=28.71973492,113.45364743,163.020,283.291091
POINT0.MATRIX0=-0.973214630,0.229898421,-0.000000000,0.000000000,-0.229898421,-0.973214630,-0.000000000,0.000000000,-0.000000000,-0.000000000,1.000000000,0.000000000,12.093612143,0.486835275,37.000005552,1.000000000
POINT0.MATRIX1=-0.973214630,0.229898421,-0.000000000,0.000000000,-0.229898421,-0.973214630,-0.000000000,0.000000000,-0.000000000,-0.000000000,1.000000000,0.000000000,12.093612144,0.486835275,37.450002514,1.000000000
POINT0.MATRIX2=-0.973214630,0.229898421,-0.000000000,0.000000000,-0.229898421,-0.973214630,-0.000000000,0.000000000,-0.000000000,-0.000000000,1.000000000,0.000000000,11.643954117,0.492712108,37.450002515,1.000000000
POINT0.MATRIX3=-0.973214630,0.229898421,-0.000000000,0.000000000,-0.229898421,-0.973214630,-0.000000000,0.000000000,-0.000000000,-0.000000000,1.000000000,0.000000000,11.643954117,0.492712108,37.000005552,1.000000000
POINT1.BLHA=28.71973492,113.45364743,163.020,283.291091
POINT1.MATRIX0=-0.973214630,0.229898421,-0.000000000,0.000000000,-0.229898421,-0.973214630,-0.000000000,0.000000000,-0.000000000,-0.000000000,1.000000000,0.000000000,12.094716237,0.596829728,37.000005552,1.000000000
POINT1.MATRIX1=-0.973214630,0.229898421,-0.000000000,0.000000000,-0.229898421,-0.973214630,-0.000000000,0.000000000,-0.000000000,-0.000000000,1.000000000,0.000000000,12.094716237,0.596829728,37.450002515,1.000000000
POINT1.MATRIX2=-0.973214630,0.229898421,-0.000000000,0.000000000,-0.229898421,-0.973214630,-0.000000000,0.000000000,-0.000000000,-0.000000000,1.000000000,0.000000000,11.645058211,0.602706561,37.450002515,1.000000000
POINT1.MATRIX3=-0.973214630,0.229898421,-0.000000000,0.000000000,-0.229898421,-0.973214630,-0.000000000,0.000000000,-0.000000000,-0.000000000,1.000000000,0.000000000,11.645058211,0.602706561,37.000005552,1.000000000
