ENTITYNAME=WIRE
BASEFAMILY=f882477b-98f9-48e7-8cb5-2dad704c59f4.fam
OBJECTMODELPOINTER=81b82497-164d-48c0-b1cb-18fa700dacdf.dev
KVALUE=0.000000
SPLIT=4
POINT0.BLHA=28.39632770,113.36872548,122.542,249.667673
POINT0.MATRIX0=-0.937693038,-0.347464771,0.000000000,0.000000000,0.347464771,-0.937693038,0.000000000,0.000000000,-0.000000000,0.000000000,1.000000000,0.000000000,-13.095076117,-0.603941728,58.741106150,1.000000000
POINT0.MATRIX1=-0.937693038,-0.347464771,0.000000000,0.000000000,0.347464771,-0.937693038,0.000000000,0.000000000,-0.000000000,0.000000000,1.000000000,0.000000000,-13.095076117,-0.603941728,59.191103098,1.000000000
POINT0.MATRIX2=-0.937693038,-0.347464771,0.000000000,0.000000000,0.347464771,-0.937693038,0.000000000,0.000000000,-0.000000000,0.000000000,1.000000000,0.000000000,-13.544924158,-0.595670201,59.191103098,1.000000000
POINT0.MATRIX3=-0.937693038,-0.347464771,0.000000000,0.000000000,0.347464771,-0.937693038,0.000000000,0.000000000,-0.000000000,0.000000000,1.000000000,0.000000000,-13.544924158,-0.595670201,58.741106150,1.000000000
POINT1.BLHA=28.39632770,113.36872548,122.542,249.667673
POINT1.MATRIX0=-0.937693038,-0.347464771,0.000000000,0.000000000,0.347464771,-0.937693038,0.000000000,0.000000000,-0.000000000,0.000000000,1.000000000,0.000000000,-13.092974576,-0.483960196,58.741106150,1.000000000
POINT1.MATRIX1=-0.937693038,-0.347464771,0.000000000,0.000000000,0.347464771,-0.937693038,0.000000000,0.000000000,-0.000000000,0.000000000,1.000000000,0.000000000,-13.092974576,-0.483960196,59.191103098,1.000000000
POINT1.MATRIX2=-0.937693038,-0.347464771,0.000000000,0.000000000,0.347464771,-0.937693038,0.000000000,0.000000000,-0.000000000,0.000000000,1.000000000,0.000000000,-13.542822666,-0.475688622,59.191103099,1.000000000
POINT1.MATRIX3=-0.937693038,-0.347464771,0.000000000,0.000000000,0.347464771,-0.937693038,0.000000000,0.000000000,-0.000000000,0.000000000,1.000000000,0.000000000,-13.542822667,-0.475688622,58.741106150,1.000000000
