OBJECTMODELPOINTER=33777c94-e4b9-4947-906f-f84480f3cb99.dev
BASEFAMILY=f8833423-d54b-4678-8395-a854c08f4088.fam
BLHA=28.31510010,113.40690744,78.265120,0.896163
TRANSFORMMATRIX=-0.002079688,-0.999997836,0.000044862,0.000000000,0.999997837,-0.002079688,0.000001506,0.000000000,-0.000001413,0.000044865,0.999999999,0.000000000,-8.947505150,286.372878525,27.879692534,1.000000000
ENTITYNAME=Wire_Device
