ENTITYNAME=WIRE
BASEFAMILY=f88976ea-2230-4e8b-883b-1d6b009fc44c.fam
OBJECTMODELPOINTER=81b82497-164d-48c0-b1cb-18fa700dacdf.dev
KVALUE=0.000000
SPLIT=4
POINT0.BLHA=28.31294059,113.42646212,52.368,335.449580
POINT0.MATRIX0=-0.415493846,0.909595989,-0.000000000,0.000000000,-0.909595989,-0.415493846,0.000000000,0.000000000,-0.000000000,-0.000000000,1.000000000,0.000000000,-7.334372606,-0.129440759,39.866763656,1.000000000
POINT0.MATRIX1=-0.415493846,0.909595989,-0.000000000,0.000000000,-0.909595989,-0.415493846,0.000000000,0.000000000,-0.000000000,-0.000000000,1.000000000,0.000000000,-7.147605491,-0.129346279,40.330615585,1.000000000
POINT0.MATRIX2=-0.415493846,0.909595989,-0.000000000,0.000000000,-0.909595989,-0.415493846,0.000000000,0.000000000,-0.000000000,-0.000000000,1.000000000,0.000000000,-7.611376612,-0.129420042,40.517276351,1.000000000
POINT0.MATRIX3=-0.415493846,0.909595989,-0.000000000,0.000000000,-0.909595989,-0.415493846,0.000000000,0.000000000,-0.000000000,-0.000000000,1.000000000,0.000000000,-7.798194447,-0.129403487,40.053424423,1.000000000
POINT1.BLHA=28.31294059,113.42646212,52.368,335.449580
POINT1.MATRIX0=-0.415493846,0.909595989,-0.000000000,0.000000000,-0.909595989,-0.415493846,0.000000000,0.000000000,-0.000000000,-0.000000000,1.000000000,0.000000000,-7.334371376,0.000551972,39.866763656,1.000000000
POINT1.MATRIX1=-0.415493846,0.909595989,-0.000000000,0.000000000,-0.909595989,-0.415493846,0.000000000,0.000000000,-0.000000000,-0.000000000,1.000000000,0.000000000,-7.147604261,0.000646452,40.330615585,1.000000000
POINT1.MATRIX2=-0.415493846,0.909595989,-0.000000000,0.000000000,-0.909595989,-0.415493846,0.000000000,0.000000000,-0.000000000,-0.000000000,1.000000000,0.000000000,-7.611375383,0.000572690,40.517276351,1.000000000
POINT1.MATRIX3=-0.415493846,0.909595989,-0.000000000,0.000000000,-0.909595989,-0.415493846,0.000000000,0.000000000,-0.000000000,-0.000000000,1.000000000,0.000000000,-7.798193218,0.000589245,40.053424422,1.000000000
