OBJECTMODELPOINTER=33777c94-e4b9-4947-906f-f84480f3cb99.dev
BASEFAMILY=f8896c1f-e7fa-4e62-b179-ef63a83eabb3.fam
BLHA=28.68956538,113.45703476,163.838478,277.425083
TRANSFORMMATRIX=0.000000726,-1.000000000,0.000016395,0.000000000,1.000000000,0.000000726,0.000000063,0.000000000,-0.000000063,0.000016395,1.000000000,0.000000000,-0.473545031,104.120567892,47.585527493,1.000000000
ENTITYNAME=Wire_Device
