OBJECTMODELPOINTER=33777c94-e4b9-4947-906f-f84480f3cb99.dev
BASEFAMILY=f8a7f4a9-10e9-4a52-bf03-d01693b1a6fc.fam
BLHA=28.27757020,113.46637333,93.774105,312.669055
TRANSFORMMATRIX=0.001243927,-0.999999225,0.000041518,0.000000000,0.999999226,0.001243927,-0.000001160,0.000000000,0.000001107,0.000041519,0.999999999,0.000000000,6.369182442,264.257611699,19.653528381,1.000000000
ENTITYNAME=Wire_Device
