OBJECTMODELPOINTER=33777c94-e4b9-4947-906f-f84480f3cb99.dev
BASEFAMILY=f8de49ab-c70b-44b2-86c1-669a64e6de43.fam
BLHA=28.75811652,113.46436186,140.284510,236.227775
TRANSFORMMATRIX=-0.000020328,-0.999999998,0.000064827,0.000000000,1.000000000,-0.000020328,0.000000451,0.000000000,-0.000000449,0.000064827,0.999999998,0.000000000,-1.880418552,412.323467639,8.716232222,1.000000000
ENTITYNAME=Wire_Device
