OBJECTMODELPOINTER=33777c94-e4b9-4947-906f-f84480f3cb99.dev
BASEFAMILY=f8e922b1-e865-4193-9a41-fa6ab0f4c504.fam
BLHA=28.48305469,113.41645050,246.976349,229.813402
TRANSFORMMATRIX=0.001670673,-0.999998604,0.000017865,0.000000000,0.999998604,0.001670673,0.000001996,0.000000000,-0.000002026,0.000017862,1.000000000,0.000000000,-12.611078107,113.634768531,33.836693443,1.000000000
ENTITYNAME=Wire_Device
