OBJECTMODELPOINTER=33777c94-e4b9-4947-906f-f84480f3cb99.dev
BASEFAMILY=f8eeb85b-d1ce-4ad8-a53e-3f08c1916ecc.fam
BLHA=28.58865070,113.47941927,287.208654,287.849619
TRANSFORMMATRIX=0.002244916,-0.999997479,0.000051181,0.000000000,0.999997480,0.002244916,0.000002004,0.000000000,-0.000002118,0.000051177,0.999999999,0.000000000,-14.009061318,325.166685870,6.846103376,1.000000000
ENTITYNAME=Wire_Device
