OBJECTMODELPOINTER=33777c94-e4b9-4947-906f-f84480f3cb99.dev
BASEFAMILY=f9079058-f885-4663-b1a1-4deba289eaf0.fam
BLHA=28.31534552,113.42043692,48.733934,348.172871
TRANSFORMMATRIX=-0.424584085,-0.905388510,0.000000029,0.000000000,0.905388510,-0.424584085,0.000001494,0.000000000,-0.000001341,0.000000660,1.000000000,0.000000000,-8.520368225,4.223621031,54.644749354,1.000000000
ENTITYNAME=Wire_Device
