OBJECTMODELPOINTER=33777c94-e4b9-4947-906f-f84480f3cb99.dev
BASEFAMILY=f9162405-77eb-46e5-bc51-71ea234997a3.fam
BLHA=28.65418328,113.46214797,157.582490,277.610658
TRANSFORMMATRIX=0.000002416,-1.000000000,0.000015988,0.000000000,1.000000000,0.000002416,0.000001920,0.000000000,-0.000001921,0.000015989,1.000000000,0.000000000,-12.327223419,101.549677141,33.565779303,1.000000000
ENTITYNAME=Wire_Device
