OBJECTMODELPOINTER=33777c94-e4b9-4947-906f-f84480f3cb99.dev
BASEFAMILY=f9419bd0-6706-4e0f-b785-1092d11acf67.fam
BLHA=28.51174980,113.46636581,279.463297,210.734491
TRANSFORMMATRIX=0.730239629,-0.683191104,0.000000222,0.000000000,0.683191104,0.730239629,-0.000001260,0.000000000,0.000000699,0.000001071,1.000000000,0.000000000,4.458368797,6.838284765,35.006817361,1.000000000
ENTITYNAME=Wire_Device
