OBJECTMODELPOINTER=33777c94-e4b9-4947-906f-f84480f3cb99.dev
BASEFAMILY=f94491a1-f70d-40af-bac7-678d8cbbd83e.fam
BLHA=28.46688419,113.40170203,216.340862,242.026912
TRANSFORMMATRIX=-0.000004947,-1.000000000,0.000028752,0.000000000,1.000000000,-0.000004947,0.000000208,0.000000000,-0.000000209,0.000028752,1.000000000,0.000000000,-0.934750993,182.789105574,26.498382709,1.000000000
ENTITYNAME=Wire_Device
