ENTITYNAME=WIRE
BASEFAMILY=f94e6455-b4e1-4172-b784-f362a8f12094.fam
OBJECTMODELPOINTER=81b82497-164d-48c0-b1cb-18fa700dacdf.dev
KVALUE=0.000000
SPLIT=4
POINT0.BLHA=28.28708442,113.44692142,57.763,308.127846
POINT0.MATRIX0=-0.786635049,0.617418254,0.000000000,0.000000000,-0.617418254,-0.786635049,-0.000000000,0.000000000,-0.000000000,0.000000000,1.000000000,0.000000000,-8.002598440,-0.128976091,46.466970879,1.000000000
POINT0.MATRIX1=-0.786635049,0.617418254,0.000000000,0.000000000,-0.617418254,-0.786635049,-0.000000000,0.000000000,-0.000000000,0.000000000,1.000000000,0.000000000,-7.819059206,-0.129025952,46.932074029,1.000000000
POINT0.MATRIX2=-0.786635049,0.617418254,0.000000000,0.000000000,-0.617418254,-0.786635049,-0.000000000,0.000000000,-0.000000000,0.000000000,1.000000000,0.000000000,-8.284160072,-0.128959353,47.115606744,1.000000000
POINT0.MATRIX3=-0.786635049,0.617418254,0.000000000,0.000000000,-0.617418254,-0.786635049,-0.000000000,0.000000000,-0.000000000,0.000000000,1.000000000,0.000000000,-8.467651292,-0.128947176,46.650503595,1.000000000
POINT1.BLHA=28.28708442,113.44692142,57.763,308.127846
POINT1.MATRIX0=-0.786635049,0.617418254,0.000000000,0.000000000,-0.617418254,-0.786635049,-0.000000000,0.000000000,-0.000000000,0.000000000,1.000000000,0.000000000,-8.002600828,0.001028134,46.466970880,1.000000000
POINT1.MATRIX1=-0.786635049,0.617418254,0.000000000,0.000000000,-0.617418254,-0.786635049,-0.000000000,0.000000000,-0.000000000,0.000000000,1.000000000,0.000000000,-7.819061595,0.000978272,46.932074029,1.000000000
POINT1.MATRIX2=-0.786635049,0.617418254,0.000000000,0.000000000,-0.617418254,-0.786635049,-0.000000000,0.000000000,-0.000000000,0.000000000,1.000000000,0.000000000,-8.284162460,0.001044871,47.115606744,1.000000000
POINT1.MATRIX3=-0.786635049,0.617418254,0.000000000,0.000000000,-0.617418254,-0.786635049,-0.000000000,0.000000000,-0.000000000,0.000000000,1.000000000,0.000000000,-8.467653681,0.001057048,46.650503595,1.000000000
