OBJECTMODELPOINTER=33777c94-e4b9-4947-906f-f84480f3cb99.dev
BASEFAMILY=f952c0a5-84c8-4ec1-8b04-69fe7a5ce551.fam
BLHA=28.38706938,113.36490839,130.458199,249.667673
TRANSFORMMATRIX=-0.000001010,-1.000000000,0.000005057,0.000000000,1.000000000,-0.000001010,0.000001896,0.000000000,-0.000001896,0.000005056,1.000000000,0.000000000,-12.038923687,32.108768871,41.234113776,1.000000000
ENTITYNAME=Wire_Device
