ENTITYNAME=WIRE
BASEFAMILY=f95b111c-321e-456f-abdc-22892e24f8c6.fam
OBJECTMODELPOINTER=81b82497-164d-48c0-b1cb-18fa700dacdf.dev
KVALUE=0.000000
SPLIT=4
POINT0.BLHA=28.57663112,113.48588937,251.357,312.996987
POINT0.MATRIX0=-0.731389569,0.681959895,0.000000000,0.000000000,-0.681959895,-0.731389569,0.000000000,0.000000000,-0.000000000,0.000000000,1.000000000,0.000000000,0.225407831,-0.110029247,58.000000483,1.000000000
POINT0.MATRIX1=-0.731389569,0.681959895,0.000000000,0.000000000,-0.681959895,-0.731389569,0.000000000,0.000000000,-0.000000000,0.000000000,1.000000000,0.000000000,0.225407832,-0.110029247,58.449999339,1.000000000
POINT0.MATRIX2=-0.731389569,0.681959895,0.000000000,0.000000000,-0.681959895,-0.731389569,0.000000000,0.000000000,-0.000000000,0.000000000,1.000000000,0.000000000,-0.224743216,-0.110226058,58.449999338,1.000000000
POINT0.MATRIX3=-0.731389569,0.681959895,0.000000000,0.000000000,-0.681959895,-0.731389569,0.000000000,0.000000000,-0.000000000,0.000000000,1.000000000,0.000000000,-0.224743216,-0.110226057,58.000000482,1.000000000
POINT1.BLHA=28.57663112,113.48588937,251.357,312.996987
POINT1.MATRIX0=-0.731389569,0.681959895,0.000000000,0.000000000,-0.681959895,-0.731389569,0.000000000,0.000000000,-0.000000000,0.000000000,1.000000000,0.000000000,0.225295912,-0.000019987,58.000000483,1.000000000
POINT1.MATRIX1=-0.731389569,0.681959895,0.000000000,0.000000000,-0.681959895,-0.731389569,0.000000000,0.000000000,-0.000000000,0.000000000,1.000000000,0.000000000,0.225295912,-0.000019987,58.449999339,1.000000000
POINT1.MATRIX2=-0.731389569,0.681959895,0.000000000,0.000000000,-0.681959895,-0.731389569,0.000000000,0.000000000,-0.000000000,0.000000000,1.000000000,0.000000000,-0.224855135,-0.000216798,58.449999338,1.000000000
POINT1.MATRIX3=-0.731389569,0.681959895,0.000000000,0.000000000,-0.681959895,-0.731389569,0.000000000,0.000000000,-0.000000000,0.000000000,1.000000000,0.000000000,-0.224855135,-0.000216798,58.000000482,1.000000000
