OBJECTMODELPOINTER=33777c94-e4b9-4947-906f-f84480f3cb99.dev
BASEFAMILY=f95fd50a-5f87-411f-b8e5-75b81c484055.fam
BLHA=28.43802035,113.38456732,303.277751,242.026912
TRANSFORMMATRIX=-0.001536353,-0.999998816,0.000084140,0.000000000,0.999998820,-0.001536353,-0.000001249,0.000000000,0.000001379,0.000084138,0.999999996,0.000000000,9.942851716,534.925856325,15.126547599,1.000000000
ENTITYNAME=Wire_Device
