OBJECTMODELPOINTER=33777c94-e4b9-4947-906f-f84480f3cb99.dev
BASEFAMILY=f98955a9-1474-42ac-9b4c-ffe1f5272d67.fam
BLHA=28.37974338,113.36324559,104.024514,459.829193
TRANSFORMMATRIX=-0.107359965,0.994220215,0.000037470,0.000000000,-0.994220216,-0.107359965,-0.000001369,0.000000000,0.000002661,-0.000037401,0.999999999,0.000000000,17.193963041,-237.543759766,3.275686677,1.000000000
ENTITYNAME=Wire_Device
