OBJECTMODELPOINTER=33777c94-e4b9-4947-906f-f84480f3cb99.dev
BASEFAMILY=f989a7f5-2920-415c-993b-c7cca40be33c.fam
BLHA=28.72596649,113.45194319,126.516960,450.796525
TRANSFORMMATRIX=-0.233183515,0.972432747,0.000006857,0.000000000,-0.972432747,-0.233183515,0.000001131,0.000000000,0.000002700,-0.000006404,1.000000000,0.000000000,17.231872992,-40.671723983,27.929264598,1.000000000
ENTITYNAME=Wire_Device
