OBJECTMODELPOINTER=33777c94-e4b9-4947-906f-f84480f3cb99.dev
BASEFAMILY=f9956682-aa2a-474f-ad57-7e6086cc1523.fam
BLHA=28.31135450,113.43043530,49.303319,335.449580
TRANSFORMMATRIX=0.003278595,-0.999994625,0.000004342,0.000000000,0.999994625,0.003278595,0.000001188,0.000000000,-0.000001202,0.000004337,1.000000000,0.000000000,-7.694054254,27.677750524,35.719316814,1.000000000
ENTITYNAME=Wire_Device
