OBJECTMODELPOINTER=33777c94-e4b9-4947-906f-f84480f3cb99.dev
BASEFAMILY=f9b4ba6b-7b2d-4a45-aa5e-3f1f1df68b04.fam
BLHA=28.57663112,113.48588937,251.356728,312.996987
TRANSFORMMATRIX=0.000012346,-1.000000000,0.000026817,0.000000000,1.000000000,0.000012346,0.000002137,0.000000000,-0.000002137,0.000026817,1.000000000,0.000000000,-14.052553689,170.741550488,33.266568902,1.000000000
ENTITYNAME=Wire_Device
