OBJECTMODELPOINTER=33777c94-e4b9-4947-906f-f84480f3cb99.dev
BASEFAMILY=f9b79692-cc0b-4f51-8fcf-25e1261627dc.fam
BLHA=28.48504373,113.41833342,235.006355,407.385386
TRANSFORMMATRIX=-0.694853890,0.719150938,-0.000000304,0.000000000,-0.719150938,-0.694853890,0.000001279,0.000000000,0.000000709,0.000001107,1.000000000,0.000000000,4.533172696,7.058388607,35.889696220,1.000000000
ENTITYNAME=Wire_Device
