OBJECTMODELPOINTER=33777c94-e4b9-4947-906f-f84480f3cb99.dev
BASEFAMILY=f9b7c1e3-ff20-4a8b-bad7-312143718e46.fam
BLHA=28.56112925,113.50240150,222.763342,308.993779
TRANSFORMMATRIX=-0.078907406,-0.996881948,0.000058857,0.000000000,0.996881949,-0.078907406,-0.000001408,0.000000000,0.000006047,0.000058562,0.999999998,0.000000000,37.578916772,372.556950678,101.197531928,1.000000000
ENTITYNAME=Wire_Device
