OBJECTMODELPOINTER=33777c94-e4b9-4947-906f-f84480f3cb99.dev
BASEFAMILY=f9bdce3e-855e-4109-9ff6-9f24e8e4fb71.fam
BLHA=28.29509828,113.44289412,61.743516,287.794387
TRANSFORMMATRIX=0.000003309,-1.000000000,0.000027307,0.000000000,1.000000000,0.000003309,-0.000000929,0.000000000,0.000000929,0.000027308,1.000000000,0.000000000,5.663290319,173.472423978,38.726127698,1.000000000
ENTITYNAME=Wire_Device
