OBJECTMODELPOINTER=33777c94-e4b9-4947-906f-f84480f3cb99.dev
BASEFAMILY=f9e27c35-0896-4e3a-8a87-5cfa7dc5ed2d.fam
BLHA=28.31470596,113.39701913,83.588909,4.996372
TRANSFORMMATRIX=0.002709782,-0.999996328,0.000036284,0.000000000,0.999996329,0.002709782,0.000001481,0.000000000,-0.000001579,0.000036280,0.999999999,0.000000000,-9.922742297,231.562393159,27.339939403,1.000000000
ENTITYNAME=Wire_Device
