OBJECTMODELPOINTER=33777c94-e4b9-4947-906f-f84480f3cb99.dev
BASEFAMILY=f9e60c1e-e557-4588-b9a6-5f6df09efe3b.fam
BLHA=28.26885822,113.47846971,85.176990,355.334735
TRANSFORMMATRIX=0.000007102,-1.000000000,0.000017146,0.000000000,1.000000000,0.000007102,-0.000001486,0.000000000,0.000001485,0.000017146,1.000000000,0.000000000,9.388191595,109.436255863,46.810824359,1.000000000
ENTITYNAME=Wire_Device
