ENTITYNAME=WIRE
BASEFAMILY=f9e7aee5-4c79-46c8-85cf-ee9b099048ac.fam
OBJECTMODELPOINTER=81b82497-164d-48c0-b1cb-18fa700dacdf.dev
KVALUE=0.000000
SPLIT=4
POINT0.BLHA=28.55813742,113.50479443,276.608,304.990571
POINT0.MATRIX0=-0.819246424,0.573441624,0.000000000,0.000000000,-0.573441624,-0.819246424,0.000000000,0.000000000,0.000000000,0.000000000,1.000000000,0.000000000,13.545321919,-0.109020052,58.000000269,1.000000000
POINT0.MATRIX1=-0.819246424,0.573441624,0.000000000,0.000000000,-0.573441624,-0.819246424,0.000000000,0.000000000,0.000000000,0.000000000,1.000000000,0.000000000,13.545321919,-0.109020052,58.450001033,1.000000000
POINT0.MATRIX2=-0.819246424,0.573441624,0.000000000,0.000000000,-0.573441624,-0.819246424,0.000000000,0.000000000,0.000000000,0.000000000,1.000000000,0.000000000,13.095684451,-0.111071504,58.450001033,1.000000000
POINT0.MATRIX3=-0.819246424,0.573441624,0.000000000,0.000000000,-0.573441624,-0.819246424,0.000000000,0.000000000,0.000000000,0.000000000,1.000000000,0.000000000,13.095684451,-0.111071504,58.000000270,1.000000000
POINT1.BLHA=28.55813742,113.50479443,276.608,304.990571
POINT1.MATRIX0=-0.819246424,0.573441624,0.000000000,0.000000000,-0.573441624,-0.819246424,0.000000000,0.000000000,0.000000000,0.000000000,1.000000000,0.000000000,13.544872869,0.000979223,58.000000269,1.000000000
POINT1.MATRIX1=-0.819246424,0.573441624,0.000000000,0.000000000,-0.573441624,-0.819246424,0.000000000,0.000000000,0.000000000,0.000000000,1.000000000,0.000000000,13.544872869,0.000979223,58.450001033,1.000000000
POINT1.MATRIX2=-0.819246424,0.573441624,0.000000000,0.000000000,-0.573441624,-0.819246424,0.000000000,0.000000000,0.000000000,0.000000000,1.000000000,0.000000000,13.095235401,-0.001072229,58.450001032,1.000000000
POINT1.MATRIX3=-0.819246424,0.573441624,0.000000000,0.000000000,-0.573441624,-0.819246424,0.000000000,0.000000000,0.000000000,0.000000000,1.000000000,0.000000000,13.095235401,-0.001072229,58.000000269,1.000000000
