OBJECTMODELPOINTER=33777c94-e4b9-4947-906f-f84480f3cb99.dev
BASEFAMILY=f9ec642b-f344-4869-a655-db81b55883d6.fam
BLHA=28.38255325,113.36304670,117.224132,441.473487
TRANSFORMMATRIX=-0.204734755,0.978817491,0.000006959,0.000000000,-0.978817491,-0.204734755,-0.000001487,0.000000000,-0.000000031,-0.000007116,1.000000000,0.000000000,-0.233103456,-45.195494381,17.924881131,1.000000000
ENTITYNAME=Wire_Device
