OBJECTMODELPOINTER=33777c94-e4b9-4947-906f-f84480f3cb99.dev
BASEFAMILY=f9eff0a4-4cfb-4262-b75c-bf869316b22d.fam
BLHA=28.31534552,113.42043692,48.733934,348.172871
TRANSFORMMATRIX=0.211832120,-0.977306069,-0.000000355,0.000000000,0.977306069,0.211832120,0.000001909,0.000000000,-0.000001791,-0.000000752,1.000000000,0.000000000,-11.367117135,-4.783836776,42.489604111,1.000000000
ENTITYNAME=Wire_Device
