OBJECTMODELPOINTER=33777c94-e4b9-4947-906f-f84480f3cb99.dev
BASEFAMILY=f9f56a09-a0b4-436a-bb5a-01560c896545.fam
BLHA=28.49037109,113.42431436,249.696550,224.957371
TRANSFORMMATRIX=-0.000001021,-1.000000000,0.000005077,0.000000000,1.000000000,-0.000001021,0.000001902,0.000000000,-0.000001902,0.000005078,1.000000000,0.000000000,-12.024923982,32.294254332,37.020779747,1.000000000
ENTITYNAME=Wire_Device
