OBJECTMODELPOINTER=33777c94-e4b9-4947-906f-f84480f3cb99.dev
BASEFAMILY=fa0ce007-6026-4c2d-aeaa-8550ce4dad86.fam
BLHA=28.32474464,113.37442409,71.722945,330.514691
TRANSFORMMATRIX=-0.335741137,-0.941954292,0.000015941,0.000000000,0.941954292,-0.335741137,0.000001582,0.000000000,0.000003862,0.000015547,1.000000000,0.000000000,24.332023642,99.054451667,26.711920009,1.000000000
ENTITYNAME=Wire_Device
