OBJECTMODELPOINTER=33777c94-e4b9-4947-906f-f84480f3cb99.dev
BASEFAMILY=fa30796c-4239-479a-b9a1-f58e550e5471.fam
BLHA=28.30070252,113.44082959,73.741833,287.794387
TRANSFORMMATRIX=-0.001841927,-0.999998302,0.000049773,0.000000000,0.999998304,-0.001841927,-0.000001290,0.000000000,0.000001381,0.000049770,0.999999999,0.000000000,8.331512875,316.178353017,58.148855358,1.000000000
ENTITYNAME=Wire_Device
