OBJECTMODELPOINTER=33777c94-e4b9-4947-906f-f84480f3cb99.dev
BASEFAMILY=fa3540d8-549f-4b9b-97a3-f2488b736bb1.fam
BLHA=28.65774704,113.46158959,182.997853,277.610658
TRANSFORMMATRIX=0.000001110,-1.000000000,0.000005028,0.000000000,1.000000000,0.000001110,0.000001879,0.000000000,-0.000001879,0.000005027,1.000000000,0.000000000,-12.014137884,31.937890398,22.807489531,1.000000000
ENTITYNAME=Wire_Device
