OBJECTMODELPOINTER=33777c94-e4b9-4947-906f-f84480f3cb99.dev
BASEFAMILY=fa524490-786a-414a-8c19-a2674d6f739c.fam
BLHA=28.74846038,113.45710577,102.803547,427.264866
TRANSFORMMATRIX=-0.183471748,0.983024982,0.000051925,0.000000000,-0.983024983,-0.183471748,-0.000000969,0.000000000,0.000008575,-0.000051221,0.999999999,0.000000000,54.090098268,-325.419320972,-9.658062083,1.000000000
ENTITYNAME=Wire_Device
