OBJECTMODELPOINTER=33777c94-e4b9-4947-906f-f84480f3cb99.dev
BASEFAMILY=fa534414-4191-4d28-bae8-acee195cca7a.fam
BLHA=28.31566161,113.38686189,71.437616,329.270898
TRANSFORMMATRIX=-0.007538228,-0.999971586,0.000037493,0.000000000,0.999971587,-0.007538228,-0.000001345,0.000000000,0.000001627,0.000037482,0.999999999,0.000000000,9.800399313,238.897577224,31.846601544,1.000000000
ENTITYNAME=Wire_Device
