OBJECTMODELPOINTER=33777c94-e4b9-4947-906f-f84480f3cb99.dev
BASEFAMILY=fa5e6dab-bd2e-4d2c-9f86-6ab1f9fa3a8b.fam
BLHA=28.27407839,113.47004129,94.944746,312.669055
TRANSFORMMATRIX=-0.001714608,-0.999998529,0.000052948,0.000000000,0.999998530,-0.001714608,-0.000001039,0.000000000,0.000001130,0.000052946,0.999999999,0.000000000,6.317927732,336.986136144,14.150547873,1.000000000
ENTITYNAME=Wire_Device
