ENTITYNAME=WIRE
BASEFAMILY=fa6e397e-7641-45d5-aa0d-201bfda5de09.fam
OBJECTMODELPOINTER=31970f28-780e-4bf1-8adb-439f78c329a3.dev
KVALUE=0.000287
SPLIT=1
POINT0.BLHA=28.49573132,113.43033310,334.786,224.957371
POINT0.MATRIX0=-0.706580481,-0.707632690,-0.000000000,0.000000000,0.707632690,-0.706580481,-0.000000000,0.000000000,0.000000000,-0.000000000,1.000000000,0.000000000,-9.869831837,-0.000124383,45.558000725,1.000000000
POINT1.BLHA=28.49573132,113.43033310,334.786,224.957371
POINT1.MATRIX0=-0.706580481,-0.707632690,-0.000000000,0.000000000,0.707632690,-0.706580481,-0.000000000,0.000000000,0.000000000,-0.000000000,1.000000000,0.000000000,-9.871429810,-0.000059286,45.558000725,1.000000000
