OBJECTMODELPOINTER=33777c94-e4b9-4947-906f-f84480f3cb99.dev
BASEFAMILY=fa9d4457-7475-45c2-b930-b3a946f0fd12.fam
BLHA=28.77096466,113.47401910,153.559218,236.227775
TRANSFORMMATRIX=-0.000025609,-0.999999996,0.000082179,0.000000000,1.000000000,-0.000025609,0.000000564,0.000000000,-0.000000563,0.000082179,0.999999997,0.000000000,-2.334266216,522.696006426,18.003067207,1.000000000
ENTITYNAME=Wire_Device
