OBJECTMODELPOINTER=33777c94-e4b9-4947-906f-f84480f3cb99.dev
BASEFAMILY=faa2a0d1-aa19-48dd-bd74-693ce45eae2f.fam
BLHA=28.28149698,113.45977476,95.758412,340.232800
TRANSFORMMATRIX=-0.000470931,-0.999999888,0.000042053,0.000000000,0.999999889,-0.000470931,-0.000000972,0.000000000,0.000000991,0.000042052,0.999999999,0.000000000,5.857919244,268.252803567,43.187063020,1.000000000
ENTITYNAME=Wire_Device
