ENTITYNAME=WIRE
BASEFAMILY=faafd2c1-fc73-428c-884a-24b8b11e8b3a.fam
OBJECTMODELPOINTER=81b82497-164d-48c0-b1cb-18fa700dacdf.dev
KVALUE=0.000367
SPLIT=4
POINT0.BLHA=28.62257154,113.46619683,208.116,273.436520
POINT0.MATRIX0=-0.998201823,0.059942640,-0.000000000,0.000000000,-0.059942640,-0.998201823,0.000000000,0.000000000,0.000000000,-0.000000000,1.000000000,0.000000000,12.955150428,0.109892221,43.000001277,1.000000000
POINT0.MATRIX1=-0.998201823,0.059942640,-0.000000000,0.000000000,-0.059942640,-0.998201823,0.000000000,0.000000000,0.000000000,-0.000000000,1.000000000,0.000000000,12.955150428,0.109892221,43.450005856,1.000000000
POINT0.MATRIX2=-0.998201823,0.059942640,-0.000000000,0.000000000,-0.059942640,-0.998201823,0.000000000,0.000000000,0.000000000,-0.000000000,1.000000000,0.000000000,12.505100396,0.109524998,43.450005856,1.000000000
POINT0.MATRIX3=-0.998201823,0.059942640,-0.000000000,0.000000000,-0.059942640,-0.998201823,0.000000000,0.000000000,0.000000000,-0.000000000,1.000000000,0.000000000,12.505100396,0.109524998,43.000001278,1.000000000
POINT1.BLHA=28.61647630,113.46664258,210.970,273.436520
POINT1.MATRIX0=-0.998201823,0.059942640,0.000000000,0.000000000,-0.059942640,-0.998201823,0.000000000,0.000000000,0.000000000,0.000000000,1.000000000,0.000000000,12.954466098,-0.110617050,43.000001820,1.000000000
POINT1.MATRIX1=-0.998201823,0.059942640,0.000000000,0.000000000,-0.059942640,-0.998201823,0.000000000,0.000000000,0.000000000,0.000000000,1.000000000,0.000000000,12.954466097,-0.110617051,43.450002582,1.000000000
POINT1.MATRIX2=-0.998201823,0.059942640,0.000000000,0.000000000,-0.059942640,-0.998201823,0.000000000,0.000000000,0.000000000,0.000000000,1.000000000,0.000000000,12.504533141,-0.109034661,43.450002583,1.000000000
POINT1.MATRIX3=-0.998201823,0.059942640,0.000000000,0.000000000,-0.059942640,-0.998201823,0.000000000,0.000000000,0.000000000,0.000000000,1.000000000,0.000000000,12.504533142,-0.109034660,43.000001820,1.000000000
