OBJECTMODELPOINTER=33777c94-e4b9-4947-906f-f84480f3cb99.dev
BASEFAMILY=fab92176-6bd4-46a7-9819-42b28bc72764.fam
BLHA=28.52337409,113.48828309,330.016596,210.734491
TRANSFORMMATRIX=-0.005407031,-0.999985382,0.000000681,0.000000000,0.999985382,-0.005407031,-0.000001221,0.000000000,0.000001224,0.000000675,1.000000000,0.000000000,7.794750460,4.318265081,25.222025691,1.000000000
ENTITYNAME=Wire_Device
