OBJECTMODELPOINTER=33777c94-e4b9-4947-906f-f84480f3cb99.dev
BASEFAMILY=fabcdab6-8295-4a41-9300-d3900c288cd4.fam
BLHA=28.26827851,113.48694026,97.359750,314.005848
TRANSFORMMATRIX=-0.573797798,-0.818997000,0.000001361,0.000000000,0.818997000,-0.573797798,-0.000001214,0.000000000,0.000001776,0.000000418,1.000000000,0.000000000,11.296761837,2.629801669,54.318456636,1.000000000
ENTITYNAME=Wire_Device
