ENTITYNAME=WIRE
BASEFAMILY=fac2ee20-3683-455e-8560-16c4d132c760.fam
OBJECTMODELPOINTER=81b82497-164d-48c0-b1cb-18fa700dacdf.dev
KVALUE=0.000369
SPLIT=4
POINT0.BLHA=28.53971514,113.51008635,497.100,255.750198
POINT0.MATRIX0=-0.969231762,-0.246149938,-0.000000000,0.000000000,0.246149938,-0.969231762,-0.000000000,0.000000000,-0.000000000,-0.000000000,1.000000000,0.000000000,-12.505319262,0.111046100,40.000003051,1.000000000
POINT0.MATRIX1=-0.969231762,-0.246149938,-0.000000000,0.000000000,0.246149938,-0.969231762,-0.000000000,0.000000000,-0.000000000,-0.000000000,1.000000000,0.000000000,-12.505319262,0.111046099,40.450015258,1.000000000
POINT0.MATRIX2=-0.969231762,-0.246149938,-0.000000000,0.000000000,0.246149938,-0.969231762,-0.000000000,0.000000000,-0.000000000,-0.000000000,1.000000000,0.000000000,-12.955199078,0.109073191,40.450015258,1.000000000
POINT0.MATRIX3=-0.969231762,-0.246149938,-0.000000000,0.000000000,0.246149938,-0.969231762,-0.000000000,0.000000000,-0.000000000,-0.000000000,1.000000000,0.000000000,-12.955199078,0.109073191,40.000003051,1.000000000
POINT1.BLHA=28.53408910,113.50849608,458.182,233.242345
POINT1.MATRIX0=-0.801173862,-0.598431653,0.000000000,0.000000000,0.598431653,-0.801173862,0.000000000,0.000000000,-0.000000000,0.000000000,1.000000000,0.000000000,-5.073690307,-8.718648379,28.411409888,1.000000000
POINT1.MATRIX1=-0.801173862,-0.598431653,0.000000000,0.000000000,0.598431653,-0.801173862,0.000000000,0.000000000,-0.000000000,0.000000000,1.000000000,0.000000000,-4.763924972,-9.479315261,28.735476050,1.000000000
POINT1.MATRIX2=-0.801173862,-0.598431653,0.000000000,0.000000000,0.598431653,-0.801173862,0.000000000,0.000000000,-0.000000000,0.000000000,1.000000000,0.000000000,-5.227674127,-9.667860266,28.735445532,1.000000000
POINT1.MATRIX3=-0.801173862,-0.598431653,0.000000000,0.000000000,0.598431653,-0.801173862,0.000000000,0.000000000,-0.000000000,0.000000000,1.000000000,0.000000000,-5.537011738,-8.906950081,28.411394629,1.000000000
