OBJECTMODELPOINTER=33777c94-e4b9-4947-906f-f84480f3cb99.dev
BASEFAMILY=faeada37-d03d-497c-b260-361ccbfdd61f.fam
BLHA=28.44721846,113.39002654,265.559825,242.026912
TRANSFORMMATRIX=-0.000008132,-1.000000000,0.000029078,0.000000000,1.000000000,-0.000008132,0.000000214,0.000000000,-0.000000214,0.000029078,1.000000000,0.000000000,-0.963069768,184.858901402,26.666561006,1.000000000
ENTITYNAME=Wire_Device
