OBJECTMODELPOINTER=33777c94-e4b9-4947-906f-f84480f3cb99.dev
BASEFAMILY=faee73f0-6a20-4e2e-ab53-84883ef3fb3d.fam
BLHA=28.61307891,113.46689101,233.448700,464.034761
TRANSFORMMATRIX=-0.196540509,0.980495704,0.000048868,0.000000000,-0.980495705,-0.196540510,0.000001243,0.000000000,0.000010823,-0.000047670,0.999999999,0.000000000,69.435559414,-302.901191234,-0.364418841,1.000000000
ENTITYNAME=Wire_Device
