OBJECTMODELPOINTER=33777c94-e4b9-4947-906f-f84480f3cb99.dev
BASEFAMILY=fafad922-e21d-4a0c-93d7-d5220b6f8133.fam
BLHA=28.31925198,113.37995663,64.126344,500.343289
TRANSFORMMATRIX=-0.157015518,0.987596136,0.000017406,0.000000000,-0.987596136,-0.157015518,-0.000001135,0.000000000,0.000001613,-0.000017368,1.000000000,0.000000000,10.544123300,-110.657807985,55.323773712,1.000000000
ENTITYNAME=Wire_Device
