OBJECTMODELPOINTER=33777c94-e4b9-4947-906f-f84480f3cb99.dev
BASEFAMILY=fafbd3f3-e2b7-4fac-ba1c-c422e5b53b64.fam
BLHA=28.66842498,113.45991630,145.503245,277.610658
TRANSFORMMATRIX=0.000001961,-1.000000000,0.000030275,0.000000000,1.000000000,0.000001961,0.000000116,0.000000000,-0.000000115,0.000030275,1.000000000,0.000000000,-0.869593532,192.273699943,54.308952134,1.000000000
ENTITYNAME=Wire_Device
