OBJECTMODELPOINTER=33777c94-e4b9-4947-906f-f84480f3cb99.dev
BASEFAMILY=fb194b12-9a72-4123-9ada-77dc72ad0015.fam
BLHA=28.30070252,113.44082959,73.741833,287.794387
TRANSFORMMATRIX=0.001918092,-0.999998159,0.000049754,0.000000000,0.999998160,0.001918093,0.000001638,0.000000000,-0.000001733,0.000049751,0.999999999,0.000000000,-11.539985267,316.086307307,58.148851774,1.000000000
ENTITYNAME=Wire_Device
