OBJECTMODELPOINTER=33777c94-e4b9-4947-906f-f84480f3cb99.dev
BASEFAMILY=fb1bb8a9-f59f-482a-b53f-38d90f6d48bb.fam
BLHA=28.62257154,113.46619683,208.116407,273.436520
TRANSFORMMATRIX=0.000000659,-1.000000000,0.000019199,0.000000000,1.000000000,0.000000658,0.000000079,0.000000000,-0.000000079,0.000019199,1.000000000,0.000000000,-0.544237960,121.922254902,18.725842504,1.000000000
ENTITYNAME=Wire_Device
