OBJECTMODELPOINTER=33777c94-e4b9-4947-906f-f84480f3cb99.dev
BASEFAMILY=fb25ee18-4b6b-4a13-abb3-eee01f1c3147.fam
BLHA=28.37974338,113.36324559,104.024514,459.829193
TRANSFORMMATRIX=-0.110205277,0.993908847,0.000006635,0.000000000,-0.993908847,-0.110205277,0.000000229,0.000000000,0.000000959,-0.000006569,1.000000000,0.000000000,6.156076373,-41.728308812,21.100554723,1.000000000
ENTITYNAME=Wire_Device
