OBJECTMODELPOINTER=33777c94-e4b9-4947-906f-f84480f3cb99.dev
BASEFAMILY=fb41362c-b46c-4695-80dd-9447bf2a99b6.fam
BLHA=28.59525170,113.47626182,222.708449,294.633001
TRANSFORMMATRIX=0.009480442,-0.999955058,0.000058953,0.000000000,0.999955060,0.009480442,-0.000001858,0.000000000,0.000001298,0.000058969,0.999999998,0.000000000,7.543875273,374.787517035,7.758501547,1.000000000
ENTITYNAME=Wire_Device
