OBJECTMODELPOINTER=33777c94-e4b9-4947-906f-f84480f3cb99.dev
BASEFAMILY=fb473f6f-e5bf-4d9b-90ec-bdf809c424ca.fam
BLHA=28.51174980,113.46636581,279.463297,210.734491
TRANSFORMMATRIX=-0.007073586,-0.999974978,0.000091915,0.000000000,0.999974982,-0.007073586,-0.000000557,0.000000000,0.000001207,0.000091909,0.999999996,0.000000000,9.007830890,585.903988855,2.438871678,1.000000000
ENTITYNAME=Wire_Device
