OBJECTMODELPOINTER=33777c94-e4b9-4947-906f-f84480f3cb99.dev
BASEFAMILY=fb489f43-4066-421d-a7cf-62bed68e1faa.fam
BLHA=28.32292443,113.37625760,67.775568,311.415680
TRANSFORMMATRIX=0.002479512,-0.999996926,0.000015105,0.000000000,0.999996926,0.002479512,0.000001195,0.000000000,-0.000001233,0.000015102,1.000000000,0.000000000,-8.099849947,96.137135405,24.614456933,1.000000000
ENTITYNAME=Wire_Device
