OBJECTMODELPOINTER=33777c94-e4b9-4947-906f-f84480f3cb99.dev
BASEFAMILY=fb4de192-650f-44fa-90ef-28a365f09fab.fam
BLHA=28.52957493,113.49997928,454.520911,210.734491
TRANSFORMMATRIX=-0.000010140,-1.000000000,0.000025375,0.000000000,1.000000000,-0.000010140,0.000002031,0.000000000,-0.000002031,0.000025375,1.000000000,0.000000000,-12.544784973,161.731180987,11.506763363,1.000000000
ENTITYNAME=Wire_Device
