OBJECTMODELPOINTER=33777c94-e4b9-4947-906f-f84480f3cb99.dev
BASEFAMILY=fb4d4c10-5c80-4147-a25c-65ad01be8ebb.fam
BLHA=28.36788990,113.36378392,64.428624,219.706007
TRANSFORMMATRIX=0.002423945,-0.999997062,0.000035351,0.000000000,0.999997062,0.002423945,0.000000281,0.000000000,-0.000000367,0.000035351,0.999999999,0.000000000,-1.761171775,225.159679753,21.856032802,1.000000000
ENTITYNAME=Wire_Device
