OBJECTMODELPOINTER=33777c94-e4b9-4947-906f-f84480f3cb99.dev
BASEFAMILY=fb4f8e29-69f2-4bd2-b4b7-b52990379d0e.fam
BLHA=28.41010958,113.37337020,176.661664,254.006183
TRANSFORMMATRIX=0.008328291,-0.999965317,0.000059832,0.000000000,0.999965319,0.008328291,-0.000001697,0.000000000,0.000001198,0.000059845,0.999999998,0.000000000,8.173188617,380.176819743,14.832918641,1.000000000
ENTITYNAME=Wire_Device
