OBJECTMODELPOINTER=33777c94-e4b9-4947-906f-f84480f3cb99.dev
BASEFAMILY=fb596d28-c15d-480a-93f7-14027f9dbb89.fam
BLHA=28.51284150,113.46842369,376.044241,210.734491
TRANSFORMMATRIX=-0.022358501,-0.999750017,0.000007750,0.000000000,0.999750017,-0.022358501,0.000002054,0.000000000,-0.000001880,0.000007794,1.000000000,0.000000000,-11.842275352,49.655800224,11.510825455,1.000000000
ENTITYNAME=Wire_Device
