OBJECTMODELPOINTER=33777c94-e4b9-4947-906f-f84480f3cb99.dev
BASEFAMILY=fb5a05a7-edfc-4ad5-acb6-bfe651820a38.fam
BLHA=28.73433869,113.45386444,142.659000,258.301958
TRANSFORMMATRIX=0.007947529,-0.999968418,0.000007188,0.000000000,0.999968418,0.007947529,0.000001562,0.000000000,-0.000001619,0.000007175,1.000000000,0.000000000,-10.286109257,45.566307481,23.193191399,1.000000000
ENTITYNAME=Wire_Device
