OBJECTMODELPOINTER=33777c94-e4b9-4947-906f-f84480f3cb99.dev
BASEFAMILY=fb700b18-c4ae-405b-bb70-0d0416441516.fam
BLHA=28.54843684,113.51255198,454.586266,280.370385
TRANSFORMMATRIX=-0.414717152,-0.909950374,0.000018851,0.000000000,0.909950374,-0.414717152,-0.000000015,0.000000000,0.000007831,0.000017148,1.000000000,0.000000000,49.881128268,108.866705707,42.207649407,1.000000000
ENTITYNAME=Wire_Device
