ENTITYNAME=WIRE
BASEFAMILY=fb7a257e-3f3c-46a1-8625-a993f23cec78.fam
OBJECTMODELPOINTER=81b82497-164d-48c0-b1cb-18fa700dacdf.dev
KVALUE=0.000000
SPLIT=4
POINT0.BLHA=28.71973492,113.45364743,163.020,283.291091
POINT0.MATRIX0=-0.973214630,0.229898421,-0.000000000,0.000000000,-0.229898421,-0.973214630,-0.000000000,0.000000000,-0.000000000,-0.000000000,1.000000000,0.000000000,12.094665271,-0.601265607,37.000005552,1.000000000
POINT0.MATRIX1=-0.973214630,0.229898421,-0.000000000,0.000000000,-0.229898421,-0.973214630,-0.000000000,0.000000000,-0.000000000,-0.000000000,1.000000000,0.000000000,12.094665271,-0.601265607,37.450002515,1.000000000
POINT0.MATRIX2=-0.973214630,0.229898421,-0.000000000,0.000000000,-0.229898421,-0.973214630,-0.000000000,0.000000000,-0.000000000,-0.000000000,1.000000000,0.000000000,11.645059610,-0.599414904,37.450002515,1.000000000
POINT0.MATRIX3=-0.973214630,0.229898421,-0.000000000,0.000000000,-0.229898421,-0.973214630,-0.000000000,0.000000000,-0.000000000,-0.000000000,1.000000000,0.000000000,11.645059610,-0.599414904,37.000005552,1.000000000
POINT1.BLHA=28.71973492,113.45364743,163.020,283.291091
POINT1.MATRIX0=-0.973214630,0.229898421,-0.000000000,0.000000000,-0.229898421,-0.973214630,-0.000000000,0.000000000,-0.000000000,-0.000000000,1.000000000,0.000000000,12.094665284,-0.491265581,37.000005552,1.000000000
POINT1.MATRIX1=-0.973214630,0.229898421,-0.000000000,0.000000000,-0.229898421,-0.973214630,-0.000000000,0.000000000,-0.000000000,-0.000000000,1.000000000,0.000000000,12.094665284,-0.491265581,37.450002515,1.000000000
POINT1.MATRIX2=-0.973214630,0.229898421,-0.000000000,0.000000000,-0.229898421,-0.973214630,-0.000000000,0.000000000,-0.000000000,-0.000000000,1.000000000,0.000000000,11.645059633,-0.489414881,37.450002515,1.000000000
POINT1.MATRIX3=-0.973214630,0.229898421,-0.000000000,0.000000000,-0.229898421,-0.973214630,-0.000000000,0.000000000,-0.000000000,-0.000000000,1.000000000,0.000000000,11.645059633,-0.489414880,37.000005552,1.000000000
