OBJECTMODELPOINTER=33777c94-e4b9-4947-906f-f84480f3cb99.dev
BASEFAMILY=fb89bcba-28ce-4942-8c8c-1f054a10230d.fam
BLHA=28.33182616,113.36613124,59.967362,296.260490
TRANSFORMMATRIX=0.010643427,-0.999943356,0.000047527,0.000000000,0.999943357,0.010643427,-0.000001714,0.000000000,0.000001208,0.000047543,0.999999999,0.000000000,7.079391057,302.185164619,27.939131323,1.000000000
ENTITYNAME=Wire_Device
