OBJECTMODELPOINTER=33777c94-e4b9-4947-906f-f84480f3cb99.dev
BASEFAMILY=fb8d1507-cd49-4ad5-9b3a-ac087364f268.fam
BLHA=28.28708442,113.44692142,57.763329,308.127846
TRANSFORMMATRIX=-0.004711749,-0.999988899,0.000030057,0.000000000,0.999988900,-0.004711749,-0.000001026,0.000000000,0.000001168,0.000030052,1.000000000,0.000000000,6.952185903,191.184518058,56.583128047,1.000000000
ENTITYNAME=Wire_Device
