OBJECTMODELPOINTER=33777c94-e4b9-4947-906f-f84480f3cb99.dev
BASEFAMILY=fba5944d-107c-4666-ab80-d0194e13fad6.fam
BLHA=28.77401473,113.47631208,189.623101,236.227775
TRANSFORMMATRIX=0.002105876,-0.999997781,0.000057363,0.000000000,0.999997783,0.002105876,0.000002252,0.000000000,-0.000002372,0.000057358,0.999999998,0.000000000,-14.249633530,364.793662167,5.283052853,1.000000000
ENTITYNAME=Wire_Device
