OBJECTMODELPOINTER=33777c94-e4b9-4947-906f-f84480f3cb99.dev
BASEFAMILY=fbb59b2e-102d-45c2-8ddb-12075d8d0eba.fam
BLHA=28.28149698,113.45977476,95.758412,340.232800
TRANSFORMMATRIX=-0.000482762,-0.999999883,0.000018705,0.000000000,0.999999883,-0.000482762,-0.000001037,0.000000000,0.000001045,0.000018705,1.000000000,0.000000000,6.449957400,119.312925154,52.195248668,1.000000000
ENTITYNAME=Wire_Device
