OBJECTMODELPOINTER=33777c94-e4b9-4947-906f-f84480f3cb99.dev
BASEFAMILY=fbc063f8-fcf8-48c3-a722-5e1b929fa10f.fam
BLHA=28.50469488,113.45163258,174.515783,200.251669
TRANSFORMMATRIX=0.011283728,-0.999936335,0.000064799,0.000000000,0.999936337,0.011283728,0.000001590,0.000000000,-0.000002321,0.000064777,0.999999998,0.000000000,-14.053437009,413.205461758,32.120175497,1.000000000
ENTITYNAME=Wire_Device
