OBJECTMODELPOINTER=33777c94-e4b9-4947-906f-f84480f3cb99.dev
BASEFAMILY=fbc1231d-b2ca-471c-ab38-7da359e01b90.fam
BLHA=28.37974338,113.36324559,104.024514,459.829193
TRANSFORMMATRIX=-0.244302335,0.969699113,0.000000346,0.000000000,-0.969699113,-0.244302335,-0.000001747,0.000000000,-0.000001610,-0.000000763,1.000000000,0.000000000,-10.270555250,-4.830845346,15.959425755,1.000000000
ENTITYNAME=Wire_Device
