OBJECTMODELPOINTER=33777c94-e4b9-4947-906f-f84480f3cb99.dev
BASEFAMILY=fbec4c3e-13d0-4af0-85ac-58e7e9883378.fam
BLHA=28.81479133,113.52057006,101.431429,372.952022
TRANSFORMMATRIX=-0.231466333,0.972842914,0.000037680,0.000000000,-0.972842915,-0.231466333,0.000001304,0.000000000,0.000009990,-0.000036354,0.999999999,0.000000000,63.196916463,-231.929319935,48.431200402,1.000000000
ENTITYNAME=Wire_Device
