OBJECTMODELPOINTER=33777c94-e4b9-4947-906f-f84480f3cb99.dev
BASEFAMILY=fbf52172-d21f-4145-8984-c7f682dc3ebf.fam
BLHA=28.76435807,113.46905293,179.070265,236.227775
TRANSFORMMATRIX=-0.000004939,-1.000000000,0.000014526,0.000000000,1.000000000,-0.000004939,0.000001962,0.000000000,-0.000001962,0.000014526,1.000000000,0.000000000,-12.282656321,92.362004009,10.925698715,1.000000000
ENTITYNAME=Wire_Device
