OBJECTMODELPOINTER=33777c94-e4b9-4947-906f-f84480f3cb99.dev
BASEFAMILY=fc03d8c5-18d2-436b-bce0-2c0c8c3768b7.fam
BLHA=28.36557656,113.36066804,62.497212,414.735470
TRANSFORMMATRIX=0.555024584,0.831833945,0.000000363,0.000000000,-0.831833945,0.555024584,0.000001334,0.000000000,0.000000908,-0.000001043,1.000000000,0.000000000,5.768699226,-6.618741355,36.218618517,1.000000000
ENTITYNAME=Wire_Device
