OBJECTMODELPOINTER=33777c94-e4b9-4947-906f-f84480f3cb99.dev
BASEFAMILY=fc1a02b4-fc9f-4295-92a0-cdb0b3dae978.fam
BLHA=28.47144509,113.40546217,294.357908,229.813402
TRANSFORMMATRIX=-0.012561591,-0.999921098,0.000059426,0.000000000,0.999921100,-0.012561591,0.000002448,0.000000000,-0.000001701,0.000059453,0.999999998,0.000000000,-9.866483517,378.325055486,-13.936329290,1.000000000
ENTITYNAME=Wire_Device
