OBJECTMODELPOINTER=33777c94-e4b9-4947-906f-f84480f3cb99.dev
BASEFAMILY=fc1c617f-b974-4a92-85c8-221eb447ffe7.fam
BLHA=28.48698475,113.42051247,234.671308,224.957371
TRANSFORMMATRIX=0.004298460,-0.999990761,0.000029419,0.000000000,0.999990762,0.004298460,0.000000222,0.000000000,-0.000000349,0.000029418,1.000000000,0.000000000,-1.735445592,187.291172435,30.772484936,1.000000000
ENTITYNAME=Wire_Device
