OBJECTMODELPOINTER=33777c94-e4b9-4947-906f-f84480f3cb99.dev
BASEFAMILY=fc23e40e-9638-4c8b-9ef5-84e2dfe4beaa.fam
BLHA=28.67276970,113.45923535,192.994115,456.641966
TRANSFORMMATRIX=-0.014100694,0.999900579,0.000049552,0.000000000,-0.999900580,-0.014100694,0.000000404,0.000000000,0.000001103,-0.000049542,0.999999999,0.000000000,7.226368828,-314.631927589,0.094034679,1.000000000
ENTITYNAME=Wire_Device
