OBJECTMODELPOINTER=33777c94-e4b9-4947-906f-f84480f3cb99.dev
BASEFAMILY=fc25c4dc-afb0-47cd-ba9d-0e3eaa6ebd0f.fam
BLHA=28.53408910,113.50849608,458.182485,233.242345
TRANSFORMMATRIX=-0.377956964,-0.925823162,0.000078162,0.000000000,0.925823165,-0.377956965,0.000001797,0.000000000,0.000027878,0.000073044,0.999999997,0.000000000,178.787032678,465.164772070,-6.977765222,1.000000000
ENTITYNAME=Wire_Device
