OBJECTMODELPOINTER=33777c94-e4b9-4947-906f-f84480f3cb99.dev
BASEFAMILY=fc38b627-e68f-44ba-9f9d-659648020d5e.fam
BLHA=28.57663112,113.48588937,251.356728,312.996987
TRANSFORMMATRIX=0.000033778,-0.999999995,0.000090035,0.000000000,0.999999999,0.000033778,0.000000150,0.000000000,-0.000000153,0.000090035,0.999999996,0.000000000,-2.459723119,573.139073092,59.692766248,1.000000000
ENTITYNAME=Wire_Device
