OBJECTMODELPOINTER=33777c94-e4b9-4947-906f-f84480f3cb99.dev
BASEFAMILY=fc483046-d796-4fd3-ae94-00743dd94aa7.fam
BLHA=28.51918695,113.48038702,399.659330,210.734491
TRANSFORMMATRIX=-0.000029207,-0.999999998,0.000061097,0.000000000,1.000000000,-0.000029207,-0.000001460,0.000000000,0.000001461,0.000061096,0.999999998,0.000000000,10.184161457,389.497986769,-9.719893011,1.000000000
ENTITYNAME=Wire_Device
