OBJECTMODELPOINTER=33777c94-e4b9-4947-906f-f84480f3cb99.dev
BASEFAMILY=fc4c94a3-57fd-4fa8-b7b3-5731a23e5dce.fam
BLHA=28.53408910,113.50849608,458.182485,233.242345
TRANSFORMMATRIX=-0.381816191,-0.924238273,0.000101772,0.000000000,0.924238278,-0.381816193,0.000000534,0.000000000,0.000038365,0.000094265,0.999999995,0.000000000,245.940849137,600.348700486,18.755231376,1.000000000
ENTITYNAME=Wire_Device
