OBJECTMODELPOINTER=33777c94-e4b9-4947-906f-f84480f3cb99.dev
BASEFAMILY=fc5aee44-30a0-463b-bac8-d380a38a84e6.fam
BLHA=28.27407839,113.47004129,94.944746,312.669055
TRANSFORMMATRIX=-0.001233850,-0.999999239,0.000005909,0.000000000,0.999999239,-0.001233850,-0.000001004,0.000000000,0.000001012,0.000005907,1.000000000,0.000000000,6.343986714,37.583110381,54.966381769,1.000000000
ENTITYNAME=Wire_Device
