ENTITYNAME=WIRE
BASEFAMILY=fc7bb4b0-cbf3-4889-9c94-1f09ae183d76.fam
OBJECTMODELPOINTER=81b82497-164d-48c0-b1cb-18fa700dacdf.dev
KVALUE=0.000366
SPLIT=4
POINT0.BLHA=28.55813742,113.50479443,276.608,304.990571
POINT0.MATRIX0=-0.819246424,0.573441624,0.000000000,0.000000000,-0.573441624,-0.819246424,0.000000000,0.000000000,0.000000000,0.000000000,1.000000000,0.000000000,13.544432569,0.110990998,58.000000985,1.000000000
POINT0.MATRIX1=-0.819246424,0.573441624,0.000000000,0.000000000,-0.573441624,-0.819246424,0.000000000,0.000000000,0.000000000,0.000000000,1.000000000,0.000000000,13.544432570,0.110990998,58.449999841,1.000000000
POINT0.MATRIX2=-0.819246424,0.573441624,0.000000000,0.000000000,-0.573441624,-0.819246424,0.000000000,0.000000000,0.000000000,0.000000000,1.000000000,0.000000000,13.094795101,0.108939546,58.449999840,1.000000000
POINT0.MATRIX3=-0.819246424,0.573441624,0.000000000,0.000000000,-0.573441624,-0.819246424,0.000000000,0.000000000,0.000000000,0.000000000,1.000000000,0.000000000,13.094795101,0.108939546,58.000000984,1.000000000
POINT1.BLHA=28.55326393,113.50869198,332.868,304.990571
POINT1.MATRIX0=-0.819246424,0.573441624,0.000000000,0.000000000,-0.573441624,-0.819246424,0.000000000,0.000000000,0.000000000,0.000000000,1.000000000,0.000000000,14.174529641,-0.111468211,49.000001174,1.000000000
POINT1.MATRIX1=-0.819246424,0.573441624,0.000000000,0.000000000,-0.573441624,-0.819246424,0.000000000,0.000000000,0.000000000,0.000000000,1.000000000,0.000000000,14.174529641,-0.111468210,49.449998123,1.000000000
POINT1.MATRIX2=-0.819246424,0.573441624,0.000000000,0.000000000,-0.573441624,-0.819246424,0.000000000,0.000000000,0.000000000,0.000000000,1.000000000,0.000000000,13.724592043,-0.108839488,49.449998123,1.000000000
POINT1.MATRIX3=-0.819246424,0.573441624,0.000000000,0.000000000,-0.573441624,-0.819246424,0.000000000,0.000000000,0.000000000,0.000000000,1.000000000,0.000000000,13.724592043,-0.108839488,49.000001175,1.000000000
