OBJECTMODELPOINTER=33777c94-e4b9-4947-906f-f84480f3cb99.dev
BASEFAMILY=fc918a76-f184-47ab-a885-769482613a47.fam
BLHA=28.75811652,113.46436186,140.284510,236.227775
TRANSFORMMATRIX=-0.000024356,-0.999999997,0.000078170,0.000000000,1.000000000,-0.000024356,0.000000543,0.000000000,-0.000000541,0.000078170,0.999999997,0.000000000,-2.262025805,497.189441482,18.152830032,1.000000000
ENTITYNAME=Wire_Device
