OBJECTMODELPOINTER=33777c94-e4b9-4947-906f-f84480f3cb99.dev
BASEFAMILY=fc9723fa-254c-4959-9cb3-67af7b0684df.fam
BLHA=28.31294059,113.42646212,52.368358,335.449580
TRANSFORMMATRIX=0.000003986,-1.000000000,0.000005373,0.000000000,1.000000000,0.000003986,0.000001073,0.000000000,-0.000001073,0.000005373,1.000000000,0.000000000,-6.888368560,34.277144307,59.428548107,1.000000000
ENTITYNAME=Wire_Device
