OBJECTMODELPOINTER=33777c94-e4b9-4947-906f-f84480f3cb99.dev
BASEFAMILY=fca6686e-4ce2-4ff8-98d7-8589cb229c4f.fam
BLHA=28.50709200,113.45758686,253.896568,210.734491
TRANSFORMMATRIX=0.018499819,-0.999828864,0.000013282,0.000000000,0.999828864,0.018499819,-0.000001778,0.000000000,0.000001532,0.000013313,1.000000000,0.000000000,9.931920513,84.888293808,41.518055591,1.000000000
ENTITYNAME=Wire_Device
