OBJECTMODELPOINTER=33777c94-e4b9-4947-906f-f84480f3cb99.dev
BASEFAMILY=fcb2846a-62ab-4542-b07a-48d14e9f1318.fam
BLHA=28.79669223,113.49966037,193.055862,221.400685
TRANSFORMMATRIX=-0.000034405,-0.999999996,0.000084123,0.000000000,0.999999999,-0.000034405,-0.000001428,0.000000000,0.000001430,0.000084123,0.999999996,0.000000000,10.476177621,535.801960560,43.151096458,1.000000000
ENTITYNAME=Wire_Device
