ENTITYNAME=WIRE
BASEFAMILY=fcb3a55d-8f3b-4810-9874-9897fec98a9b.fam
OBJECTMODELPOINTER=81b82497-164d-48c0-b1cb-18fa700dacdf.dev
KVALUE=0.100167
SPLIT=4
POINT0.BLHA=28.70879307,113.45409149,169.217,451.156517
POINT0.MATRIX0=0.999796289,-0.020183663,0.000000000,0.000000000,0.020183663,0.999796289,0.000000000,0.000000000,-0.000000000,-0.000000000,1.000000000,0.000000000,7.274959599,3.999215348,38.789998971,1.000000000
POINT0.MATRIX1=0.999796289,-0.020183663,0.000000000,0.000000000,0.020183663,0.999796289,0.000000000,0.000000000,-0.000000000,-0.000000000,1.000000000,0.000000000,7.274959599,3.999215348,39.239999018,1.000000000
POINT0.MATRIX2=0.999796289,-0.020183663,0.000000000,0.000000000,0.020183663,0.999796289,0.000000000,0.000000000,-0.000000000,-0.000000000,1.000000000,0.000000000,7.724959583,3.999215256,39.239999017,1.000000000
POINT0.MATRIX3=0.999796289,-0.020183663,0.000000000,0.000000000,0.020183663,0.999796289,0.000000000,0.000000000,-0.000000000,-0.000000000,1.000000000,0.000000000,7.724959583,3.999215256,38.789998970,1.000000000
POINT1.BLHA=28.70879307,113.45409149,169.217,451.156517
POINT1.MATRIX0=0.999796289,-0.020183663,0.000000000,0.000000000,0.020183663,0.999796289,0.000000000,0.000000000,-0.000000000,-0.000000000,1.000000000,0.000000000,7.274995827,-3.999461987,38.789998970,1.000000000
POINT1.MATRIX1=0.999796289,-0.020183663,0.000000000,0.000000000,0.020183663,0.999796289,0.000000000,0.000000000,-0.000000000,-0.000000000,1.000000000,0.000000000,7.274995827,-3.999461986,39.239999018,1.000000000
POINT1.MATRIX2=0.999796289,-0.020183663,0.000000000,0.000000000,0.020183663,0.999796289,0.000000000,0.000000000,-0.000000000,-0.000000000,1.000000000,0.000000000,7.724995826,-3.999462079,39.239999018,1.000000000
POINT1.MATRIX3=0.999796289,-0.020183663,0.000000000,0.000000000,0.020183663,0.999796289,0.000000000,0.000000000,-0.000000000,-0.000000000,1.000000000,0.000000000,7.724995826,-3.999462080,38.789998970,1.000000000
