OBJECTMODELPOINTER=33777c94-e4b9-4947-906f-f84480f3cb99.dev
BASEFAMILY=fccb9ad9-8323-40bd-bd0a-094d55233be5.fam
BLHA=28.77401473,113.47631208,189.623101,236.227775
TRANSFORMMATRIX=0.002118542,-0.999997756,0.000015310,0.000000000,0.999997756,0.002118542,0.000001966,0.000000000,-0.000001998,0.000015305,1.000000000,0.000000000,-12.505259205,97.321498390,23.418789547,1.000000000
ENTITYNAME=Wire_Device
