OBJECTMODELPOINTER=33777c94-e4b9-4947-906f-f84480f3cb99.dev
BASEFAMILY=fcccf93f-46a7-4ad4-8446-a430835ea939.fam
BLHA=28.28149698,113.45977476,95.758412,340.232800
TRANSFORMMATRIX=0.004679728,-0.999989050,0.000005927,0.000000000,0.999989050,0.004679728,0.000001613,0.000000000,-0.000001641,0.000005919,1.000000000,0.000000000,-10.489022015,37.776026907,51.190584088,1.000000000
ENTITYNAME=Wire_Device
