OBJECTMODELPOINTER=33777c94-e4b9-4947-906f-f84480f3cb99.dev
BASEFAMILY=fcebf125-ae52-46b0-b0e6-14db7b829a2c.fam
BLHA=28.66021577,113.46120276,152.793290,277.610658
TRANSFORMMATRIX=-0.005252222,-0.999986207,0.000015641,0.000000000,0.999986207,-0.005252222,0.000002147,0.000000000,-0.000002064,0.000015653,1.000000000,0.000000000,-13.246274197,99.411414624,51.801564886,1.000000000
ENTITYNAME=Wire_Device
