OBJECTMODELPOINTER=33777c94-e4b9-4947-906f-f84480f3cb99.dev
BASEFAMILY=fd08d29f-677e-476c-bdea-2b4290bd9b65.fam
BLHA=28.28033977,113.46346380,83.899072,326.450928
TRANSFORMMATRIX=-0.282263898,-0.959336798,0.000000141,0.000000000,0.959336798,-0.282263898,0.000001870,0.000000000,-0.000001754,0.000000663,1.000000000,0.000000000,-11.167423626,4.254962736,42.484768855,1.000000000
ENTITYNAME=Wire_Device
