OBJECTMODELPOINTER=33777c94-e4b9-4947-906f-f84480f3cb99.dev
BASEFAMILY=fd08c53f-3aa4-4ae4-a713-e598d8e326d5.fam
BLHA=28.78468964,113.48433856,117.864116,408.814230
TRANSFORMMATRIX=-0.646381732,0.763014191,-0.000000343,0.000000000,-0.763014191,-0.646381732,0.000001300,0.000000000,0.000000770,0.000001102,1.000000000,0.000000000,4.925955126,7.025307132,36.129731748,1.000000000
ENTITYNAME=Wire_Device
