OBJECTMODELPOINTER=33777c94-e4b9-4947-906f-f84480f3cb99.dev
BASEFAMILY=fd2301c2-fbc9-4b87-992e-7fac5d2189c9.fam
BLHA=28.69702652,113.45589279,149.051008,277.425083
TRANSFORMMATRIX=0.000001732,-1.000000000,0.000004541,0.000000000,1.000000000,0.000001732,0.000001877,0.000000000,-0.000001877,0.000004541,1.000000000,0.000000000,-12.001701398,28.850666919,39.866762580,1.000000000
ENTITYNAME=Wire_Device
