OBJECTMODELPOINTER=33777c94-e4b9-4947-906f-f84480f3cb99.dev
BASEFAMILY=fd3d7bb7-37c4-4cbd-8200-eb3be8fd6ce1.fam
BLHA=28.62772353,113.46582002,199.212660,273.436520
TRANSFORMMATRIX=0.001507525,-0.999998860,0.000084676,0.000000000,0.999998864,0.001507526,0.000002209,0.000000000,-0.000002337,0.000084672,0.999999996,0.000000000,-15.080438064,537.712191215,44.191135763,1.000000000
ENTITYNAME=Wire_Device
