OBJECTMODELPOINTER=33777c94-e4b9-4947-906f-f84480f3cb99.dev
BASEFAMILY=fd432fd9-537d-48cf-b2c6-7f4962f766fd.fam
BLHA=28.31135450,113.43043530,49.303319,335.449580
TRANSFORMMATRIX=0.001575668,-0.999998756,0.000066342,0.000000000,0.999998759,0.001575668,0.000001239,0.000000000,-0.000001345,0.000066340,0.999999998,0.000000000,-9.373244582,423.090968134,57.503113936,1.000000000
ENTITYNAME=Wire_Device
