OBJECTMODELPOINTER=33777c94-e4b9-4947-906f-f84480f3cb99.dev
BASEFAMILY=fd5e7586-0338-40ee-8e1e-c1d1c87a6fab.fam
BLHA=28.30961923,113.43478171,54.752520,501.227736
TRANSFORMMATRIX=0.251528663,0.967849850,0.000024945,0.000000000,-0.967849850,0.251528663,0.000001773,0.000000000,-0.000004559,-0.000024589,1.000000000,0.000000000,-28.606790854,-156.561517798,48.204484683,1.000000000
ENTITYNAME=Wire_Device
