OBJECTMODELPOINTER=33777c94-e4b9-4947-906f-f84480f3cb99.dev
BASEFAMILY=fd6ac1e3-df77-480a-b0e5-aff8379271aa.fam
BLHA=28.34247838,113.36303113,107.750676,278.143009
TRANSFORMMATRIX=0.000003519,-1.000000000,0.000026408,0.000000000,1.000000000,0.000003519,0.000000123,0.000000000,-0.000000123,0.000026409,1.000000000,0.000000000,-0.910510025,167.709545825,11.023618690,1.000000000
ENTITYNAME=Wire_Device
