OBJECTMODELPOINTER=33777c94-e4b9-4947-906f-f84480f3cb99.dev
BASEFAMILY=fd8551fa-7a1c-4d83-883b-7b2799d78792.fam
BLHA=28.28368001,113.45281448,67.001736,340.232800
TRANSFORMMATRIX=0.000020298,-0.999999999,0.000038396,0.000000000,1.000000000,0.000020298,-0.000001025,0.000000000,0.000001024,0.000038396,0.999999999,0.000000000,6.101896241,244.927274667,33.739354341,1.000000000
ENTITYNAME=Wire_Device
