OBJECTMODELPOINTER=33777c94-e4b9-4947-906f-f84480f3cb99.dev
BASEFAMILY=fd858770-8f8a-41ac-87e7-02be5967de76.fam
BLHA=28.46846127,113.40263855,250.773411,415.920157
TRANSFORMMATRIX=-0.064616027,0.997910201,0.000000748,0.000000000,-0.997910201,-0.064616027,0.000001225,0.000000000,0.000001271,-0.000000668,1.000000000,0.000000000,8.087091667,-4.224524800,25.220860034,1.000000000
ENTITYNAME=Wire_Device
