OBJECTMODELPOINTER=33777c94-e4b9-4947-906f-f84480f3cb99.dev
BASEFAMILY=fd933d7d-abe0-4864-98d8-d1a66911a8a8.fam
BLHA=28.55813742,113.50479443,276.608256,304.990571
TRANSFORMMATRIX=0.000963719,-0.999999535,0.000029101,0.000000000,0.999999536,0.000963719,0.000002139,0.000000000,-0.000002167,0.000029099,1.000000000,0.000000000,-14.261297830,185.136515634,39.067291861,1.000000000
ENTITYNAME=Wire_Device
