OBJECTMODELPOINTER=33777c94-e4b9-4947-906f-f84480f3cb99.dev
BASEFAMILY=fd96f514-9178-4476-aa0f-62418dcc8b99.fam
BLHA=28.45391595,113.39400228,204.515406,242.026912
TRANSFORMMATRIX=0.008102163,-0.999967177,0.000006570,0.000000000,0.999967177,0.008102163,0.000001222,0.000000000,-0.000001275,0.000006560,1.000000000,0.000000000,-8.040349043,41.688516140,25.557826294,1.000000000
ENTITYNAME=Wire_Device
