OBJECTMODELPOINTER=33777c94-e4b9-4947-906f-f84480f3cb99.dev
BASEFAMILY=fd9d50a1-9a04-43ec-8d9b-13ea8c343058.fam
BLHA=28.71973492,113.45364743,163.020408,283.291091
TRANSFORMMATRIX=-0.009349589,-0.999956291,0.000041393,0.000000000,0.999956292,-0.009349588,0.000002004,0.000000000,-0.000001616,0.000041411,0.999999999,0.000000000,-10.621279029,263.052975045,23.086126213,1.000000000
ENTITYNAME=Wire_Device
