OBJECTMODELPOINTER=33777c94-e4b9-4947-906f-f84480f3cb99.dev
BASEFAMILY=fd9f24e9-7503-4502-9983-f9d35ae81298.fam
BLHA=28.50595381,113.45544189,275.037773,205.493080
TRANSFORMMATRIX=-0.091661569,-0.995790217,0.000017193,0.000000000,0.995790217,-0.091661569,-0.000001054,0.000000000,0.000002626,0.000017024,1.000000000,0.000000000,16.908411557,108.599235169,-8.965751651,1.000000000
ENTITYNAME=Wire_Device
