OBJECTMODELPOINTER=33777c94-e4b9-4947-906f-f84480f3cb99.dev
BASEFAMILY=fdaee754-67c8-4ad2-a074-57da2918f77b.fam
BLHA=28.42958283,113.37956045,205.551749,428.016547
TRANSFORMMATRIX=-0.100568310,0.994930155,0.000037460,0.000000000,-0.994930156,-0.100568310,0.000000439,0.000000000,0.000004204,-0.000037226,0.999999999,0.000000000,26.386514427,-236.515265592,18.815809932,1.000000000
ENTITYNAME=Wire_Device
