ENTITYNAME=WIRE
BASEFAMILY=fdb0a7ee-36ce-452d-9c71-36aa65bbb78f.fam
OBJECTMODELPOINTER=81b82497-164d-48c0-b1cb-18fa700dacdf.dev
KVALUE=0.000368
SPLIT=4
POINT0.BLHA=28.52337409,113.48828309,330.017,210.734491
POINT0.MATRIX0=-0.511060437,-0.859544780,-0.000000000,0.000000000,0.859544780,-0.511060437,-0.000000000,0.000000000,-0.000000000,0.000000000,1.000000000,0.000000000,-7.308026955,9.437963544,28.372259863,1.000000000
POINT0.MATRIX1=-0.511060437,-0.859544780,-0.000000000,0.000000000,0.859544780,-0.511060437,-0.000000000,0.000000000,-0.000000000,0.000000000,1.000000000,0.000000000,-7.313851779,10.260583163,28.692484625,1.000000000
POINT0.MATRIX2=-0.511060437,-0.859544780,-0.000000000,0.000000000,0.859544780,-0.511060437,-0.000000000,0.000000000,-0.000000000,0.000000000,1.000000000,0.000000000,-7.814080255,10.256927647,28.692503698,1.000000000
POINT0.MATRIX3=-0.511060437,-0.859544780,-0.000000000,0.000000000,0.859544780,-0.511060437,-0.000000000,0.000000000,-0.000000000,0.000000000,1.000000000,0.000000000,-7.808150506,9.434245644,28.372252233,1.000000000
POINT1.BLHA=28.52041531,113.48270330,362.655,210.734491
POINT1.MATRIX0=-0.511060437,-0.859544780,-0.000000000,0.000000000,0.859544780,-0.511060437,-0.000000000,0.000000000,0.000000000,-0.000000000,1.000000000,0.000000000,-11.645561222,-0.110833350,39.999998317,1.000000000
POINT1.MATRIX1=-0.511060437,-0.859544780,-0.000000000,0.000000000,0.859544780,-0.511060437,-0.000000000,0.000000000,0.000000000,-0.000000000,1.000000000,0.000000000,-11.645561222,-0.110833350,40.449995265,1.000000000
POINT1.MATRIX2=-0.511060437,-0.859544780,-0.000000000,0.000000000,0.859544780,-0.511060437,-0.000000000,0.000000000,0.000000000,-0.000000000,1.000000000,0.000000000,-12.095588000,-0.109117027,40.449995265,1.000000000
POINT1.MATRIX3=-0.511060437,-0.859544780,-0.000000000,0.000000000,0.859544780,-0.511060437,-0.000000000,0.000000000,0.000000000,-0.000000000,1.000000000,0.000000000,-12.095587999,-0.109117027,39.999998317,1.000000000
