OBJECTMODELPOINTER=33777c94-e4b9-4947-906f-f84480f3cb99.dev
BASEFAMILY=fdb27fba-7821-4a56-addb-911f2d42fa1b.fam
BLHA=28.59994740,113.47379389,183.494205,294.633001
TRANSFORMMATRIX=-0.001008931,-0.999999488,0.000084814,0.000000000,0.999999491,-0.001008931,0.000002292,0.000000000,-0.000002206,0.000084816,0.999999996,0.000000000,-15.135127427,539.123867240,71.062529514,1.000000000
ENTITYNAME=Wire_Device
