OBJECTMODELPOINTER=33777c94-e4b9-4947-906f-f84480f3cb99.dev
BASEFAMILY=fdc1a1a7-a05b-4191-96b1-693fed70c442.fam
BLHA=28.36075913,113.35996262,84.531423,278.143009
TRANSFORMMATRIX=0.000006494,-0.999999999,0.000050063,0.000000000,1.000000000,0.000006494,0.000000232,0.000000000,-0.000000232,0.000050064,0.999999999,0.000000000,-1.712499015,317.933300586,20.664675458,1.000000000
ENTITYNAME=Wire_Device
