OBJECTMODELPOINTER=33777c94-e4b9-4947-906f-f84480f3cb99.dev
BASEFAMILY=fdcafbb5-03f6-42ec-9d91-0f3a9fccaecf.fam
BLHA=28.58307238,113.48148471,281.708531,287.849619
TRANSFORMMATRIX=0.002541748,-0.999996769,0.000048043,0.000000000,0.999996770,0.002541748,0.000000138,0.000000000,-0.000000261,0.000048042,0.999999999,0.000000000,-2.120196271,305.238289880,13.713416636,1.000000000
ENTITYNAME=Wire_Device
