OBJECTMODELPOINTER=33777c94-e4b9-4947-906f-f84480f3cb99.dev
BASEFAMILY=fdd9a69c-fdea-4d12-b3ad-f0c6357ab2e5.fam
BLHA=28.51511181,113.47270360,348.782405,210.734491
TRANSFORMMATRIX=-0.000002567,-1.000000000,0.000004615,0.000000000,1.000000000,-0.000002567,0.000000031,0.000000000,-0.000000031,0.000004615,1.000000000,0.000000000,-0.129160589,29.421266104,53.633316028,1.000000000
ENTITYNAME=Wire_Device
