ENTITYNAME=WIRE
BASEFAMILY=fdee4763-9333-4584-a7d8-f292f0a3bc34.fam
OBJECTMODELPOINTER=81b82497-164d-48c0-b1cb-18fa700dacdf.dev
KVALUE=0.000371
SPLIT=4
POINT0.BLHA=28.72596649,113.45194319,126.517,450.796525
POINT0.MATRIX0=0.999903369,-0.013901533,0.000000000,0.000000000,0.013901533,0.999903369,0.000000000,0.000000000,-0.000000000,-0.000000000,1.000000000,0.000000000,-6.500172431,-9.428320552,29.218278601,1.000000000
POINT0.MATRIX1=0.999903369,-0.013901533,0.000000000,0.000000000,0.013901533,0.999903369,0.000000000,0.000000000,-0.000000000,-0.000000000,1.000000000,0.000000000,-6.340422102,-10.196240532,29.618394567,1.000000000
POINT0.MATRIX2=0.999903369,-0.013901533,0.000000000,0.000000000,0.013901533,0.999903369,0.000000000,0.000000000,-0.000000000,-0.000000000,1.000000000,0.000000000,-5.850328531,-10.095621986,29.618272497,1.000000000
POINT0.MATRIX3=0.999903369,-0.013901533,0.000000000,0.000000000,0.013901533,0.999903369,0.000000000,0.000000000,-0.000000000,-0.000000000,1.000000000,0.000000000,-6.010512790,-9.323789346,29.218278601,1.000000000
POINT1.BLHA=28.72353047,113.45260943,123.369,283.291091
POINT1.MATRIX0=-0.973214630,0.229898421,0.000000000,0.000000000,-0.229898421,-0.973214630,0.000000000,0.000000000,0.000000000,-0.000000000,1.000000000,0.000000000,12.095450987,-0.109845725,42.999996427,1.000000000
POINT1.MATRIX1=-0.973214630,0.229898421,0.000000000,0.000000000,-0.229898421,-0.973214630,0.000000000,0.000000000,0.000000000,-0.000000000,1.000000000,0.000000000,12.095450987,-0.109845725,43.450008635,1.000000000
POINT1.MATRIX2=-0.973214630,0.229898421,0.000000000,0.000000000,-0.229898421,-0.973214630,0.000000000,0.000000000,0.000000000,-0.000000000,1.000000000,0.000000000,11.645422487,-0.111908896,43.450008636,1.000000000
POINT1.MATRIX3=-0.973214630,0.229898421,0.000000000,0.000000000,-0.229898421,-0.973214630,0.000000000,0.000000000,0.000000000,-0.000000000,1.000000000,0.000000000,11.645422487,-0.111908896,42.999996428,1.000000000
