OBJECTMODELPOINTER=33777c94-e4b9-4947-906f-f84480f3cb99.dev
BASEFAMILY=fdfb1642-b2ec-4b83-adbf-4446141bfa40.fam
BLHA=28.34583559,113.36246769,78.593273,278.143009
TRANSFORMMATRIX=0.000000261,-1.000000000,0.000029615,0.000000000,1.000000000,0.000000261,0.000000138,0.000000000,-0.000000138,0.000029616,1.000000000,0.000000000,-1.019106368,188.070848766,44.303557850,1.000000000
ENTITYNAME=Wire_Device
