OBJECTMODELPOINTER=33777c94-e4b9-4947-906f-f84480f3cb99.dev
BASEFAMILY=fe0fb8ea-2e75-4980-a3a0-d718e0e68b85.fam
BLHA=28.36788990,113.36378392,64.428624,219.706007
TRANSFORMMATRIX=0.009742474,-0.999952540,0.000046672,0.000000000,0.999952541,0.009742474,-0.000001499,0.000000000,0.000001045,0.000046684,0.999999999,0.000000000,7.406182204,297.371198087,19.185775562,1.000000000
ENTITYNAME=Wire_Device
