OBJECTMODELPOINTER=33777c94-e4b9-4947-906f-f84480f3cb99.dev
BASEFAMILY=fe27f43c-754e-4e3a-a9ac-534e0e527e38.fam
BLHA=28.62257154,113.46619683,208.116407,273.436520
TRANSFORMMATRIX=0.000001563,-1.000000000,0.000029846,0.000000000,1.000000000,0.000001563,0.000002118,0.000000000,-0.000002117,0.000029846,1.000000000,0.000000000,-13.575858720,189.538966107,9.894442310,1.000000000
ENTITYNAME=Wire_Device
