OBJECTMODELPOINTER=33777c94-e4b9-4947-906f-f84480f3cb99.dev
BASEFAMILY=fe2f7669-e8e1-47a6-8112-d4d7b05775ab.fam
BLHA=28.28912608,113.44509395,57.000023,477.961117
TRANSFORMMATRIX=-0.174365150,0.984681062,0.000039246,0.000000000,-0.984681062,-0.174365150,0.000001772,0.000000000,0.000008588,-0.000038336,0.999999999,0.000000000,55.282470985,-243.827819284,53.024982696,1.000000000
ENTITYNAME=Wire_Device
