OBJECTMODELPOINTER=33777c94-e4b9-4947-906f-f84480f3cb99.dev
BASEFAMILY=fe566cc6-d6cf-4ae6-a17c-f756225a64b7.fam
BLHA=28.28033977,113.46346380,83.899072,326.450928
TRANSFORMMATRIX=-0.242366384,-0.970184793,0.000059337,0.000000000,0.970184795,-0.242366384,0.000001983,0.000000000,0.000012457,0.000058049,0.999999998,0.000000000,78.342969435,369.752023869,65.741312943,1.000000000
ENTITYNAME=Wire_Device
