OBJECTMODELPOINTER=33777c94-e4b9-4947-906f-f84480f3cb99.dev
BASEFAMILY=fe86408a-cf11-4536-95d7-bc140975ae6c.fam
BLHA=28.31502906,113.40300484,68.016258,0.896163
TRANSFORMMATRIX=0.001767286,-0.999998438,0.000034779,0.000000000,0.999998438,0.001767286,0.000001352,0.000000000,-0.000001414,0.000034777,0.999999999,0.000000000,-8.959865536,221.980582930,36.499748861,1.000000000
ENTITYNAME=Wire_Device
