OBJECTMODELPOINTER=33777c94-e4b9-4947-906f-f84480f3cb99.dev
BASEFAMILY=fe9b1a70-dfb1-4957-8c08-6832c3d64fef.fam
BLHA=28.49037109,113.42431436,249.696550,224.957371
TRANSFORMMATRIX=-0.000014910,-0.999999999,0.000041511,0.000000000,1.000000000,-0.000014910,0.000002172,0.000000000,-0.000002171,0.000041512,0.999999999,0.000000000,-13.136647680,264.255345898,9.070463527,1.000000000
ENTITYNAME=Wire_Device
