ENTITYNAME=WIRE
BASEFAMILY=febe5762-541d-4ac0-8cbf-53d26230a7ee.fam
OBJECTMODELPOINTER=81b82497-164d-48c0-b1cb-18fa700dacdf.dev
KVALUE=0.000370
SPLIT=4
POINT0.BLHA=28.66573943,113.46033717,166.409,277.610658
POINT0.MATRIX0=-0.991190922,0.132440763,-0.000000000,0.000000000,-0.132440763,-0.991190922,-0.000000000,0.000000000,0.000000000,0.000000000,1.000000000,0.000000000,12.095084336,0.110463314,43.000003040,1.000000000
POINT0.MATRIX1=-0.991190922,0.132440763,-0.000000000,0.000000000,-0.132440763,-0.991190922,-0.000000000,0.000000000,0.000000000,0.000000000,1.000000000,0.000000000,12.095084336,0.110463314,43.449999988,1.000000000
POINT0.MATRIX2=-0.991190922,0.132440763,-0.000000000,0.000000000,-0.132440763,-0.991190922,-0.000000000,0.000000000,0.000000000,0.000000000,1.000000000,0.000000000,11.644949785,0.109524331,43.449999988,1.000000000
POINT0.MATRIX3=-0.991190922,0.132440763,-0.000000000,0.000000000,-0.132440763,-0.991190922,-0.000000000,0.000000000,0.000000000,0.000000000,1.000000000,0.000000000,11.644949784,0.109524332,43.000003040,1.000000000
POINT1.BLHA=28.66021577,113.46120276,152.793,277.610658
POINT1.MATRIX0=-0.991190922,0.132440763,-0.000000000,0.000000000,-0.132440763,-0.991190922,-0.000000000,0.000000000,0.000000000,0.000000000,1.000000000,0.000000000,13.544881968,-0.109951175,58.000005789,1.000000000
POINT1.MATRIX1=-0.991190922,0.132440763,-0.000000000,0.000000000,-0.132440763,-0.991190922,-0.000000000,0.000000000,0.000000000,0.000000000,1.000000000,0.000000000,13.544881968,-0.109951175,58.450002737,1.000000000
POINT1.MATRIX2=-0.991190922,0.132440763,-0.000000000,0.000000000,-0.132440763,-0.991190922,-0.000000000,0.000000000,0.000000000,0.000000000,1.000000000,0.000000000,13.094989405,-0.110922493,58.450002738,1.000000000
POINT1.MATRIX3=-0.991190922,0.132440763,-0.000000000,0.000000000,-0.132440763,-0.991190922,-0.000000000,0.000000000,0.000000000,0.000000000,1.000000000,0.000000000,13.094989406,-0.110922493,58.000005789,1.000000000
