OBJECTMODELPOINTER=33777c94-e4b9-4947-906f-f84480f3cb99.dev
BASEFAMILY=feecdb1b-bf5e-49c6-86db-45655a554c9e.fam
BLHA=28.72353047,113.45260943,123.369332,283.291091
TRANSFORMMATRIX=0.000006030,-1.000000000,0.000028564,0.000000000,1.000000000,0.000006030,0.000001957,0.000000000,-0.000001957,0.000028565,1.000000000,0.000000000,-12.702640789,181.454549728,40.397970725,1.000000000
ENTITYNAME=Wire_Device
