OBJECTMODELPOINTER=33777c94-e4b9-4947-906f-f84480f3cb99.dev
BASEFAMILY=feef33af-afaf-47c4-823b-5e89ca2526d4.fam
BLHA=28.53971514,113.51008635,497.099735,255.750198
TRANSFORMMATRIX=-0.007007895,-0.999975443,0.000062078,0.000000000,0.999975444,-0.007007895,0.000002327,0.000000000,-0.000001892,0.000062092,0.999999998,0.000000000,-11.581380842,394.429959989,-26.506453263,1.000000000
ENTITYNAME=Wire_Device
