OBJECTMODELPOINTER=33777c94-e4b9-4947-906f-f84480f3cb99.dev
BASEFAMILY=ff02575c-dd2c-4780-9a53-6a80be2dfce6.fam
BLHA=28.28708442,113.44692142,57.763329,308.127846
TRANSFORMMATRIX=0.000942905,-0.999999555,0.000005535,0.000000000,0.999999555,0.000942905,0.000001604,0.000000000,-0.000001609,0.000005534,1.000000000,0.000000000,-10.338467128,35.235698687,53.706604068,1.000000000
ENTITYNAME=Wire_Device
