OBJECTMODELPOINTER=33777c94-e4b9-4947-906f-f84480f3cb99.dev
BASEFAMILY=ff03978c-fa62-41fd-93ad-47808f0c64d2.fam
BLHA=28.59525170,113.47626182,222.708449,294.633001
TRANSFORMMATRIX=-0.009241278,-0.999957298,0.000038190,0.000000000,0.999957298,-0.009241278,0.000002089,0.000000000,-0.000001736,0.000038208,0.999999999,0.000000000,-11.547050537,242.867584108,7.271709533,1.000000000
ENTITYNAME=Wire_Device
