OBJECTMODELPOINTER=33777c94-e4b9-4947-906f-f84480f3cb99.dev
BASEFAMILY=ff0b7129-5a6d-4cbf-afb2-5554948eca33.fam
BLHA=28.46688419,113.40170203,216.340862,242.026912
TRANSFORMMATRIX=0.001854767,-0.999998277,0.000073866,0.000000000,0.999998280,0.001854767,-0.000001662,0.000000000,0.000001525,0.000073869,0.999999997,0.000000000,10.734111132,469.642324153,41.255046544,1.000000000
ENTITYNAME=Wire_Device
