OBJECTMODELPOINTER=33777c94-e4b9-4947-906f-f84480f3cb99.dev
BASEFAMILY=ff12a70c-36b6-4a61-8d4a-acd89b1d8c4b.fam
BLHA=28.54843684,113.51255198,454.586266,280.370385
TRANSFORMMATRIX=-0.414715759,-0.909951009,0.000007077,0.000000000,0.909951009,-0.414715759,-0.000000077,0.000000000,0.000003004,0.000006408,1.000000000,0.000000000,19.141380956,40.685495905,37.708212709,1.000000000
ENTITYNAME=Wire_Device
