OBJECTMODELPOINTER=33777c94-e4b9-4947-906f-f84480f3cb99.dev
BASEFAMILY=ff1e8b18-8c9d-426e-98dd-246a4d478f24.fam
BLHA=28.35569166,113.36081333,82.535643,278.143009
TRANSFORMMATRIX=0.003435374,-0.999994099,0.000016081,0.000000000,0.999994099,0.003435373,-0.000002015,0.000000000,0.000001959,0.000016087,1.000000000,0.000000000,12.430773381,102.155334806,49.621573442,1.000000000
ENTITYNAME=Wire_Device
