OBJECTMODELPOINTER=33777c94-e4b9-4947-906f-f84480f3cb99.dev
BASEFAMILY=ff1ff8c4-a2ff-4e98-9f8c-91806ff6fb84.fam
BLHA=28.51918695,113.48038702,399.659330,210.734491
TRANSFORMMATRIX=-0.000002271,-1.000000000,0.000005924,0.000000000,1.000000000,-0.000002271,0.000001906,0.000000000,-0.000001906,0.000005924,1.000000000,0.000000000,-12.034012511,37.736536045,27.742240747,1.000000000
ENTITYNAME=Wire_Device
