ENTITYNAME=WIRE
BASEFAMILY=ff1f59a4-6c61-4bd9-9a92-86379ebb9fde.fam
OBJECTMODELPOINTER=31970f28-780e-4bf1-8adb-439f78c329a3.dev
KVALUE=0.000233
SPLIT=1
POINT0.BLHA=28.35569166,113.36081333,82.536,278.143009
POINT0.MATRIX0=-0.989917611,0.141644356,0.000000000,0.000000000,-0.141644356,-0.989917611,0.000000000,0.000000000,0.000000000,-0.000000000,1.000000000,0.000000000,11.320551908,0.628660879,63.558000595,1.000000000
POINT1.BLHA=28.35190910,113.36144828,128.122,278.143009
POINT1.MATRIX0=-0.989917611,0.141644356,0.000000000,0.000000000,-0.141644356,-0.989917611,0.000000000,0.000000000,-0.000000000,-0.000000000,1.000000000,0.000000000,9.869069921,-0.618881737,54.558005923,1.000000000
