OBJECTMODELPOINTER=33777c94-e4b9-4947-906f-f84480f3cb99.dev
BASEFAMILY=ff30fb36-2b0f-4a2c-ae56-4155cb625fbf.fam
BLHA=28.68956538,113.45703476,163.838478,277.425083
TRANSFORMMATRIX=0.000001653,-1.000000000,0.000029132,0.000000000,1.000000000,0.000001653,0.000000113,0.000000000,-0.000000113,0.000029132,1.000000000,0.000000000,-0.841525463,185.016969064,44.864913019,1.000000000
ENTITYNAME=Wire_Device
