OBJECTMODELPOINTER=33777c94-e4b9-4947-906f-f84480f3cb99.dev
BASEFAMILY=ff40d868-9b23-4f2d-9f37-2e76f577d57b.fam
BLHA=28.50209029,113.44375287,199.020645,200.251669
TRANSFORMMATRIX=-0.005081784,-0.999987087,0.000028821,0.000000000,0.999987088,-0.005081783,0.000002279,0.000000000,-0.000002133,0.000028832,1.000000000,0.000000000,-13.244057658,183.906460420,71.284409373,1.000000000
ENTITYNAME=Wire_Device
