OBJECTMODELPOINTER=33777c94-e4b9-4947-906f-f84480f3cb99.dev
BASEFAMILY=ff4ea4ef-7ab0-4b72-87e3-4527c8ac2863.fam
BLHA=28.49379582,113.42815973,297.068153,224.957371
TRANSFORMMATRIX=0.002709505,-0.999996329,0.000026912,0.000000000,0.999996329,0.002709505,-0.000001894,0.000000000,0.000001821,0.000026917,1.000000000,0.000000000,12.040229943,171.405012222,15.747876165,1.000000000
ENTITYNAME=Wire_Device
