OBJECTMODELPOINTER=33777c94-e4b9-4947-906f-f84480f3cb99.dev
BASEFAMILY=ff5e37ed-c09e-4b2a-98fe-bd1f5dc907ff.fam
BLHA=28.37974338,113.36324559,104.024514,459.829193
TRANSFORMMATRIX=-0.038842790,0.999245334,0.000000792,0.000000000,-0.999245334,-0.038842790,0.000001239,0.000000000,0.000001269,-0.000000743,1.000000000,0.000000000,8.100198256,-4.726057769,16.023743092,1.000000000
ENTITYNAME=Wire_Device
