OBJECTMODELPOINTER=33777c94-e4b9-4947-906f-f84480f3cb99.dev
BASEFAMILY=ff5e7d14-7207-4732-94ca-0cf071c4cc95.fam
BLHA=28.41010958,113.37337020,176.661664,254.006183
TRANSFORMMATRIX=0.008334490,-0.999965267,0.000015961,0.000000000,0.999965268,0.008334490,-0.000001984,0.000000000,0.000001850,0.000015978,1.000000000,0.000000000,11.946915637,101.512404458,31.729975683,1.000000000
ENTITYNAME=Wire_Device
