OBJECTMODELPOINTER=33777c94-e4b9-4947-906f-f84480f3cb99.dev
BASEFAMILY=ff623fc5-fe1f-4a41-a2af-ab276eddadca.fam
BLHA=28.31566161,113.38686189,71.437616,329.270898
TRANSFORMMATRIX=0.000562490,-0.999999841,0.000036793,0.000000000,0.999999842,0.000562490,0.000001160,0.000000000,-0.000001182,0.000036792,0.999999999,0.000000000,-8.045632236,234.547342153,44.653533867,1.000000000
ENTITYNAME=Wire_Device
