OBJECTMODELPOINTER=33777c94-e4b9-4947-906f-f84480f3cb99.dev
BASEFAMILY=ff66f549-c5bf-4f97-bc00-a0f47cc243cd.fam
BLHA=28.30399811,113.43961542,62.139238,477.400140
TRANSFORMMATRIX=0.000867967,0.999999623,0.000000058,0.000000000,-0.999999623,0.000867967,-0.000001725,0.000000000,-0.000001724,-0.000000056,1.000000000,0.000000000,-10.998312866,-0.337443276,31.886157756,1.000000000
ENTITYNAME=Wire_Device
