OBJECTMODELPOINTER=33777c94-e4b9-4947-906f-f84480f3cb99.dev
BASEFAMILY=ff697768-ddf4-412c-b477-b67567db177e.fam
BLHA=28.47949059,113.41307678,290.814083,229.813402
TRANSFORMMATRIX=-0.000961650,-0.999999533,0.000094026,0.000000000,0.999999538,-0.000961650,-0.000001296,0.000000000,0.000001386,0.000094024,0.999999995,0.000000000,10.362238471,598.404405951,100.924439751,1.000000000
ENTITYNAME=Wire_Device
