OBJECTMODELPOINTER=33777c94-e4b9-4947-906f-f84480f3cb99.dev
BASEFAMILY=ff99d01d-6835-4023-a866-b1dee0d351fa.fam
BLHA=28.30572385,113.43813150,65.831158,307.005893
TRANSFORMMATRIX=0.006629985,-0.999978021,0.000023314,0.000000000,0.999978021,0.006629985,0.000001222,0.000000000,-0.000001377,0.000023305,1.000000000,0.000000000,-9.144721197,148.286975852,28.897611227,1.000000000
ENTITYNAME=Wire_Device
