OBJECTMODELPOINTER=33777c94-e4b9-4947-906f-f84480f3cb99.dev
BASEFAMILY=ff9c47cd-91cb-47e7-aa23-a3b3c7509703.fam
BLHA=28.56585701,113.49736639,238.961591,312.996987
TRANSFORMMATRIX=0.000005449,-1.000000000,0.000014363,0.000000000,1.000000000,0.000005449,0.000000023,0.000000000,-0.000000023,0.000014364,1.000000000,0.000000000,-0.383631387,91.432977599,34.261548058,1.000000000
ENTITYNAME=Wire_Device
