OBJECTMODELPOINTER=33777c94-e4b9-4947-906f-f84480f3cb99.dev
BASEFAMILY=ffa2a367-c3bd-40cc-9d61-65bbeaafa69b.fam
BLHA=28.31498130,113.40038482,72.539572,2.946268
TRANSFORMMATRIX=0.155596589,-0.987820683,0.000000472,0.000000000,0.987820683,0.155596589,-0.000001475,0.000000000,0.000001383,0.000000696,1.000000000,0.000000000,8.785150948,4.445232747,54.493997162,1.000000000
ENTITYNAME=Wire_Device
