OBJECTMODELPOINTER=33777c94-e4b9-4947-906f-f84480f3cb99.dev
BASEFAMILY=ffcf5290-5b77-40cd-a43a-4b6ea9b8f4f7.fam
BLHA=28.31566161,113.38686189,71.437616,329.270898
TRANSFORMMATRIX=-0.007850554,-0.999969183,0.000037380,0.000000000,0.999969184,-0.007850553,-0.000001031,0.000000000,0.000001324,0.000037371,0.999999999,0.000000000,7.873476549,238.197288481,20.733470957,1.000000000
ENTITYNAME=Wire_Device
