OBJECTMODELPOINTER=33777c94-e4b9-4947-906f-f84480f3cb99.dev
BASEFAMILY=ffd11abc-7bf1-4331-8a2a-78875bba576c.fam
BLHA=28.30786495,113.43629033,62.969533,307.005893
TRANSFORMMATRIX=0.000010492,-1.000000000,0.000030000,0.000000000,1.000000000,0.000010492,-0.000001067,0.000000000,0.000001067,0.000030000,1.000000000,0.000000000,6.319562855,190.837833901,31.137230566,1.000000000
ENTITYNAME=Wire_Device
