ENTITYNAME=WIRE
BASEFAMILY=ffd35d6d-eae5-4801-aee7-02ea209551a5.fam
OBJECTMODELPOINTER=81b82497-164d-48c0-b1cb-18fa700dacdf.dev
KVALUE=0.000369
SPLIT=4
POINT0.BLHA=28.52807252,113.49714509,416.576,210.734491
POINT0.MATRIX0=-0.511060437,-0.859544780,0.000000000,0.000000000,0.859544780,-0.511060437,0.000000000,0.000000000,-0.000000000,-0.000000000,1.000000000,0.000000000,-11.644755880,0.109650089,37.000002010,1.000000000
POINT0.MATRIX1=-0.511060437,-0.859544780,0.000000000,0.000000000,0.859544780,-0.511060437,0.000000000,0.000000000,-0.000000000,-0.000000000,1.000000000,0.000000000,-11.644755880,0.109650089,37.450014217,1.000000000
POINT0.MATRIX2=-0.511060437,-0.859544780,0.000000000,0.000000000,0.859544780,-0.511060437,0.000000000,0.000000000,-0.000000000,-0.000000000,1.000000000,0.000000000,-12.094862041,0.110277472,37.450014217,1.000000000
POINT0.MATRIX3=-0.511060437,-0.859544780,0.000000000,0.000000000,0.859544780,-0.511060437,0.000000000,0.000000000,-0.000000000,-0.000000000,1.000000000,0.000000000,-12.094862041,0.110277472,37.000002010,1.000000000
POINT1.BLHA=28.52615363,113.49352553,361.373,210.734491
POINT1.MATRIX0=-0.511060437,-0.859544780,-0.000000000,0.000000000,0.859544780,-0.511060437,-0.000000000,0.000000000,-0.000000000,-0.000000000,1.000000000,0.000000000,-13.095283248,-0.110385976,58.000000082,1.000000000
POINT1.MATRIX1=-0.511060437,-0.859544780,-0.000000000,0.000000000,0.859544780,-0.511060437,-0.000000000,0.000000000,-0.000000000,-0.000000000,1.000000000,0.000000000,-13.095283248,-0.110385976,58.449997030,1.000000000
POINT1.MATRIX2=-0.511060437,-0.859544780,-0.000000000,0.000000000,0.859544780,-0.511060437,-0.000000000,0.000000000,-0.000000000,-0.000000000,1.000000000,0.000000000,-13.545179559,-0.109883363,58.449997030,1.000000000
POINT1.MATRIX3=-0.511060437,-0.859544780,-0.000000000,0.000000000,0.859544780,-0.511060437,-0.000000000,0.000000000,-0.000000000,-0.000000000,1.000000000,0.000000000,-13.545179559,-0.109883363,58.000000082,1.000000000
