OBJECTMODELPOINTER=33777c94-e4b9-4947-906f-f84480f3cb99.dev
BASEFAMILY=ffdd99d2-0bd0-478d-8bea-f13f5d8628e6.fam
BLHA=28.78468964,113.48433856,117.864116,408.814230
TRANSFORMMATRIX=-0.119990516,0.992775036,0.000059920,0.000000000,-0.992775038,-0.119990517,-0.000000782,0.000000000,0.000006413,-0.000059581,0.999999998,0.000000000,39.875935305,-379.107423370,64.211621217,1.000000000
ENTITYNAME=Wire_Device
