OBJECTMODELPOINTER=33777c94-e4b9-4947-906f-f84480f3cb99.dev
BASEFAMILY=ffe74ba7-1fa1-4147-9396-641f666c14d4.fam
BLHA=28.31402241,113.42375188,48.067305,335.449580
TRANSFORMMATRIX=-0.002294331,-0.999997368,0.000016452,0.000000000,0.999997368,-0.002294331,0.000001642,0.000000000,-0.000001605,0.000016455,1.000000000,0.000000000,-10.403814467,104.964086292,48.341209302,1.000000000
ENTITYNAME=Wire_Device
