OBJECTMODELPOINTER=33777c94-e4b9-4947-906f-f84480f3cb99.dev
BASEFAMILY=fffa5f8f-7f6b-410e-a414-58a7d5ccd8a6.fam
BLHA=28.65418328,113.46214797,157.582490,277.610658
TRANSFORMMATRIX=-0.000000822,-1.000000000,0.000005021,0.000000000,1.000000000,-0.000000822,-0.000001841,0.000000000,0.000001840,0.000005021,1.000000000,0.000000000,11.726622196,31.879701749,37.323634030,1.000000000
ENTITYNAME=Wire_Device
